#############TIME##################
2.710009e+01 
###################################
0.000000e+00 0.000000e+00 8.899312e+00 1.388173e+01 0.000000e+00 -1.453109e+00
0.000000e+00 5.500000e-02 8.899312e+00 1.388173e+01 0.000000e+00 -1.453109e+00
0.000000e+00 1.100000e-01 8.899312e+00 1.388173e+01 0.000000e+00 -1.453109e+00
0.000000e+00 1.650000e-01 8.899312e+00 1.388173e+01 0.000000e+00 -1.453109e+00
0.000000e+00 2.200000e-01 8.899071e+00 1.388124e+01 0.000000e+00 -1.453120e+00
0.000000e+00 2.750000e-01 6.937104e+00 9.884408e+00 0.000000e+00 -1.255537e+00
0.000000e+00 3.300000e-01 5.772894e+00 7.758793e+00 0.000000e+00 -1.073216e+00
0.000000e+00 3.850000e-01 4.977929e+00 6.370978e+00 0.000000e+00 -9.322444e-01
0.000000e+00 4.400000e-01 4.395436e+00 5.401143e+00 0.000000e+00 -8.165838e-01
0.000000e+00 4.950000e-01 3.954940e+00 4.693085e+00 0.000000e+00 -7.234641e-01
0.000000e+00 5.500000e-01 3.608821e+00 4.154405e+00 0.000000e+00 -6.460415e-01
0.000000e+00 6.050000e-01 3.331628e+00 3.735010e+00 0.000000e+00 -5.814306e-01
0.000000e+00 6.600000e-01 3.104626e+00 3.399735e+00 0.000000e+00 -5.264541e-01
0.000000e+00 7.150000e-01 2.916002e+00 3.127201e+00 0.000000e+00 -4.793948e-01
0.000000e+00 7.700000e-01 2.756812e+00 2.901598e+00 0.000000e+00 -4.385937e-01
0.000000e+00 8.250000e-01 2.620975e+00 2.712427e+00 0.000000e+00 -4.030074e-01
0.000000e+00 8.800000e-01 2.503735e+00 2.551714e+00 0.000000e+00 -3.716809e-01
0.000000e+00 9.350000e-01 2.401660e+00 2.413789e+00 0.000000e+00 -3.439499e-01
0.000000e+00 9.900000e-01 2.312028e+00 2.294259e+00 0.000000e+00 -3.192381e-01
0.000000e+00 1.045000e+00 2.232772e+00 2.189836e+00 0.000000e+00 -2.971159e-01
0.000000e+00 1.100000e+00 2.162231e+00 2.097925e+00 0.000000e+00 -2.772198e-01
0.000000e+00 1.155000e+00 2.099097e+00 2.016507e+00 0.000000e+00 -2.592639e-01
0.000000e+00 1.210000e+00 2.042300e+00 1.943961e+00 0.000000e+00 -2.430059e-01
0.000000e+00 1.265000e+00 1.990972e+00 1.878979e+00 0.000000e+00 -2.282446e-01
0.000000e+00 1.320000e+00 1.944382e+00 1.820482e+00 0.000000e+00 -2.148032e-01
0.000000e+00 1.375000e+00 1.901913e+00 1.767569e+00 0.000000e+00 -2.025256e-01
0.000000e+00 1.430000e+00 1.863036e+00 1.719479e+00 0.000000e+00 -1.912704e-01
0.000000e+00 1.485000e+00 1.827299e+00 1.675573e+00 0.000000e+00 -1.809116e-01
0.000000e+00 1.540000e+00 1.794320e+00 1.635314e+00 0.000000e+00 -1.713403e-01
0.000000e+00 1.595000e+00 1.763782e+00 1.598263e+00 0.000000e+00 -1.624666e-01
0.000000e+00 1.650000e+00 1.735427e+00 1.564063e+00 0.000000e+00 -1.542203e-01
0.000000e+00 1.705000e+00 1.709046e+00 1.532421e+00 0.000000e+00 -1.465481e-01
0.000000e+00 1.760000e+00 1.684460e+00 1.503089e+00 0.000000e+00 -1.394082e-01
0.000000e+00 1.815000e+00 1.661511e+00 1.475844e+00 0.000000e+00 -1.327625e-01
0.000000e+00 1.870000e+00 1.640046e+00 1.450479e+00 0.000000e+00 -1.265708e-01
0.000000e+00 1.925000e+00 1.619921e+00 1.426800e+00 0.000000e+00 -1.207890e-01
0.000000e+00 1.980000e+00 1.601003e+00 1.404631e+00 0.000000e+00 -1.153735e-01
0.000000e+00 2.035000e+00 1.583179e+00 1.383824e+00 0.000000e+00 -1.102871e-01
0.000000e+00 2.090000e+00 1.566355e+00 1.364256e+00 0.000000e+00 -1.055023e-01
0.000000e+00 2.145000e+00 1.550460e+00 1.345832e+00 0.000000e+00 -1.010002e-01
0.000000e+00 2.200000e+00 1.535431e+00 1.328470e+00 0.000000e+00 -9.676650e-02
0.000000e+00 2.255000e+00 1.521208e+00 1.312092e+00 0.000000e+00 -9.278561e-02
0.000000e+00 2.310000e+00 1.507732e+00 1.296620e+00 0.000000e+00 -8.903864e-02
0.000000e+00 2.365000e+00 1.494942e+00 1.281978e+00 0.000000e+00 -8.550420e-02
0.000000e+00 2.420000e+00 1.482780e+00 1.268094e+00 0.000000e+00 -8.216165e-02
0.000000e+00 2.475000e+00 1.471198e+00 1.254908e+00 0.000000e+00 -7.899405e-02
0.000000e+00 2.530000e+00 1.460155e+00 1.242367e+00 0.000000e+00 -7.598897e-02
0.000000e+00 2.585000e+00 1.449617e+00 1.230429e+00 0.000000e+00 -7.313715e-02
0.000000e+00 2.640000e+00 1.439553e+00 1.219054e+00 0.000000e+00 -7.043038e-02
0.000000e+00 2.695000e+00 1.429932e+00 1.208204e+00 0.000000e+00 -6.785994e-02
0.000000e+00 2.750000e+00 1.420724e+00 1.197844e+00 0.000000e+00 -6.541647e-02
0.000000e+00 2.805000e+00 1.411904e+00 1.187941e+00 0.000000e+00 -6.309072e-02
0.000000e+00 2.860000e+00 1.403447e+00 1.178465e+00 0.000000e+00 -6.087439e-02
0.000000e+00 2.915000e+00 1.395333e+00 1.169390e+00 0.000000e+00 -5.876056e-02
0.000000e+00 2.970000e+00 1.387540e+00 1.160692e+00 0.000000e+00 -5.674345e-02
0.000000e+00 3.025000e+00 1.380051e+00 1.152347e+00 0.000000e+00 -5.481800e-02
0.000000e+00 3.080000e+00 1.372847e+00 1.144335e+00 0.000000e+00 -5.297940e-02
0.000000e+00 3.135000e+00 1.365912e+00 1.136635e+00 0.000000e+00 -5.122278e-02
0.000000e+00 3.190000e+00 1.359233e+00 1.129231e+00 0.000000e+00 -4.954322e-02
0.000000e+00 3.245000e+00 1.352796e+00 1.122107e+00 0.000000e+00 -4.793589e-02
0.000000e+00 3.300000e+00 1.346588e+00 1.115247e+00 0.000000e+00 -4.639636e-02
0.000000e+00 3.355000e+00 1.340596e+00 1.108636e+00 0.000000e+00 -4.492075e-02
0.000000e+00 3.410000e+00 1.334809e+00 1.102260e+00 0.000000e+00 -4.350586e-02
0.000000e+00 3.465000e+00 1.329215e+00 1.096106e+00 0.000000e+00 -4.214896e-02
0.000000e+00 3.520000e+00 1.323805e+00 1.090162e+00 0.000000e+00 -4.084756e-02
0.000000e+00 3.575000e+00 1.318571e+00 1.084419e+00 0.000000e+00 -3.959918e-02
0.000000e+00 3.630000e+00 1.313505e+00 1.078868e+00 0.000000e+00 -3.840119e-02
0.000000e+00 3.685000e+00 1.308599e+00 1.073499e+00 0.000000e+00 -3.725085e-02
0.000000e+00 3.740000e+00 1.303844e+00 1.068302e+00 0.000000e+00 -3.614538e-02
0.000000e+00 3.795000e+00 1.299234e+00 1.063268e+00 0.000000e+00 -3.508225e-02
0.000000e+00 3.850000e+00 1.294760e+00 1.058390e+00 0.000000e+00 -3.405941e-02
0.000000e+00 3.905000e+00 1.290417e+00 1.053658e+00 0.000000e+00 -3.307534e-02
0.000000e+00 3.960000e+00 1.286198e+00 1.049068e+00 0.000000e+00 -3.212884e-02
0.000000e+00 4.015000e+00 1.282099e+00 1.044613e+00 0.000000e+00 -3.121865e-02
0.000000e+00 4.070000e+00 1.278114e+00 1.040287e+00 0.000000e+00 -3.034310e-02
0.000000e+00 4.125000e+00 1.274241e+00 1.036086e+00 0.000000e+00 -2.950031e-02
0.000000e+00 4.180000e+00 1.270472e+00 1.032002e+00 0.000000e+00 -2.868863e-02
0.000000e+00 4.235000e+00 1.266804e+00 1.028031e+00 0.000000e+00 -2.790706e-02
0.000000e+00 4.290000e+00 1.263228e+00 1.024164e+00 0.000000e+00 -2.715519e-02
0.000000e+00 4.345000e+00 1.259742e+00 1.020398e+00 0.000000e+00 -2.643245e-02
0.000000e+00 4.400000e+00 1.256342e+00 1.016727e+00 0.000000e+00 -2.573751e-02
0.000000e+00 4.455000e+00 1.253026e+00 1.013151e+00 0.000000e+00 -2.506836e-02
0.000000e+00 4.510000e+00 1.249792e+00 1.009666e+00 0.000000e+00 -2.442328e-02
0.000000e+00 4.565000e+00 1.246637e+00 1.006269e+00 0.000000e+00 -2.380173e-02
0.000000e+00 4.620000e+00 1.243555e+00 1.002954e+00 0.000000e+00 -2.320428e-02
0.000000e+00 4.675000e+00 1.240543e+00 9.997155e-01 0.000000e+00 -2.263129e-02
0.000000e+00 4.730000e+00 1.237597e+00 9.965514e-01 0.000000e+00 -2.208166e-02
0.000000e+00 4.785000e+00 1.234717e+00 9.934610e-01 0.000000e+00 -2.155303e-02
0.000000e+00 4.840000e+00 1.231903e+00 9.904431e-01 0.000000e+00 -2.104360e-02
0.000000e+00 4.895000e+00 1.229150e+00 9.874935e-01 0.000000e+00 -2.055380e-02
0.000000e+00 4.950000e+00 1.226453e+00 9.846055e-01 0.000000e+00 -2.008574e-02
0.000000e+00 5.005000e+00 1.223807e+00 9.817740e-01 0.000000e+00 -1.964036e-02
0.000000e+00 5.060000e+00 1.221212e+00 9.789992e-01 0.000000e+00 -1.921479e-02
0.000000e+00 5.115000e+00 1.218672e+00 9.762859e-01 0.000000e+00 -1.880304e-02
0.000000e+00 5.170000e+00 1.216192e+00 9.736378e-01 0.000000e+00 -1.840050e-02
0.000000e+00 5.225000e+00 1.213768e+00 9.710513e-01 0.000000e+00 -1.800867e-02
0.000000e+00 5.280000e+00 1.211389e+00 9.685144e-01 0.000000e+00 -1.763540e-02
0.000000e+00 5.335000e+00 1.209043e+00 9.660137e-01 0.000000e+00 -1.728924e-02
0.000000e+00 5.390000e+00 1.206723e+00 9.635437e-01 0.000000e+00 -1.697188e-02
0.000000e+00 5.445000e+00 1.204437e+00 9.611109e-01 0.000000e+00 -1.667549e-02
0.000000e+00 5.500000e+00 1.202197e+00 9.587278e-01 0.000000e+00 -1.638806e-02
0.000000e+00 5.555000e+00 1.200007e+00 9.564004e-01 0.000000e+00 -1.610340e-02
0.000000e+00 5.610000e+00 1.197861e+00 9.541205e-01 0.000000e+00 -1.582743e-02
0.000000e+00 5.665000e+00 1.195741e+00 9.518693e-01 0.000000e+00 -1.557477e-02
0.000000e+00 5.720000e+00 1.193631e+00 9.496308e-01 0.000000e+00 -1.535708e-02
0.000000e+00 5.775000e+00 1.191533e+00 9.474057e-01 0.000000e+00 -1.517197e-02
0.000000e+00 5.830000e+00 1.189465e+00 9.452138e-01 0.000000e+00 -1.500128e-02
0.000000e+00 5.885000e+00 1.187452e+00 9.430822e-01 0.000000e+00 -1.482098e-02
0.000000e+00 5.940000e+00 1.185512e+00 9.410280e-01 0.000000e+00 -1.461595e-02
0.000000e+00 5.995000e+00 1.183638e+00 9.390454e-01 0.000000e+00 -1.439020e-02
0.000000e+00 6.050000e+00 1.181805e+00 9.371066e-01 0.000000e+00 -1.416569e-02
0.000000e+00 6.105000e+00 1.179978e+00 9.351756e-01 0.000000e+00 -1.397073e-02
0.000000e+00 6.160000e+00 1.178133e+00 9.332265e-01 0.000000e+00 -1.382487e-02
0.000000e+00 6.215000e+00 1.176267e+00 9.312567e-01 0.000000e+00 -1.372912e-02
0.000000e+00 6.270000e+00 1.174401e+00 9.292865e-01 0.000000e+00 -1.366618e-02
0.000000e+00 6.325000e+00 1.172563e+00 9.273485e-01 0.000000e+00 -1.360942e-02
0.000000e+00 6.380000e+00 1.170783e+00 9.254721e-01 0.000000e+00 -1.353484e-02
0.000000e+00 6.435000e+00 1.169074e+00 9.236714e-01 0.000000e+00 -1.343016e-02
0.000000e+00 6.490000e+00 1.167432e+00 9.219418e-01 0.000000e+00 -1.329766e-02
0.000000e+00 6.545000e+00 1.165839e+00 9.202652e-01 0.000000e+00 -1.315038e-02
0.000000e+00 6.600000e+00 1.164276e+00 9.186202e-01 0.000000e+00 -1.300439e-02
0.000000e+00 6.655000e+00 1.162728e+00 9.169920e-01 0.000000e+00 -1.287118e-02
0.000000e+00 6.710000e+00 1.161191e+00 9.153766e-01 0.000000e+00 -1.275369e-02
0.000000e+00 6.765000e+00 1.159671e+00 9.137786e-01 0.000000e+00 -1.264756e-02
0.000000e+00 6.820000e+00 1.158172e+00 9.122048e-01 0.000000e+00 -1.254644e-02
0.000000e+00 6.875000e+00 1.156698e+00 9.106569e-01 0.000000e+00 -1.244798e-02
0.000000e+00 6.930000e+00 1.155242e+00 9.091286e-01 0.000000e+00 -1.235675e-02
0.000000e+00 6.985000e+00 1.153792e+00 9.076079e-01 0.000000e+00 -1.228220e-02
0.000000e+00 7.040000e+00 1.152339e+00 9.060840e-01 0.000000e+00 -1.223243e-02
0.000000e+00 7.095000e+00 1.150880e+00 9.045550e-01 0.000000e+00 -1.220791e-02
0.000000e+00 7.150000e+00 1.149425e+00 9.030306e-01 0.000000e+00 -1.219940e-02
0.000000e+00 7.205000e+00 1.147991e+00 9.015287e-01 0.000000e+00 -1.219177e-02
0.000000e+00 7.260000e+00 1.146594e+00 9.000662e-01 0.000000e+00 -1.217185e-02
0.000000e+00 7.315000e+00 1.145240e+00 8.986494e-01 0.000000e+00 -1.213577e-02
0.000000e+00 7.370000e+00 1.143922e+00 8.972699e-01 0.000000e+00 -1.209102e-02
0.000000e+00 7.425000e+00 1.142620e+00 8.959088e-01 0.000000e+00 -1.205169e-02
0.000000e+00 7.480000e+00 1.141319e+00 8.945490e-01 0.000000e+00 -1.202927e-02
0.000000e+00 7.535000e+00 1.140015e+00 8.931867e-01 0.000000e+00 -1.202464e-02
0.000000e+00 7.590000e+00 1.138721e+00 8.918355e-01 0.000000e+00 -1.202607e-02
0.000000e+00 7.645000e+00 1.137462e+00 8.905208e-01 0.000000e+00 -1.201466e-02
0.000000e+00 7.700000e+00 1.136260e+00 8.892659e-01 0.000000e+00 -1.197423e-02
0.000000e+00 7.755000e+00 1.135122e+00 8.880783e-01 0.000000e+00 -1.190030e-02
0.000000e+00 7.810000e+00 1.134035e+00 8.869448e-01 0.000000e+00 -1.180301e-02
0.000000e+00 7.865000e+00 1.132973e+00 8.858377e-01 0.000000e+00 -1.170234e-02
0.000000e+00 7.920000e+00 1.131910e+00 8.847294e-01 0.000000e+00 -1.161803e-02
0.000000e+00 7.975000e+00 1.130831e+00 8.836056e-01 0.000000e+00 -1.155980e-02
0.000000e+00 8.030000e+00 1.129743e+00 8.824717e-01 0.000000e+00 -1.152333e-02
0.000000e+00 8.085000e+00 1.128663e+00 8.813472e-01 0.000000e+00 -1.149365e-02
0.000000e+00 8.140000e+00 1.127612e+00 8.802538e-01 0.000000e+00 -1.145380e-02
0.000000e+00 8.195000e+00 1.126603e+00 8.792036e-01 0.000000e+00 -1.139374e-02
0.000000e+00 8.250000e+00 1.125632e+00 8.781936e-01 0.000000e+00 -1.131485e-02
0.000000e+00 8.305000e+00 1.124686e+00 8.772096e-01 0.000000e+00 -1.122778e-02
0.000000e+00 8.360000e+00 1.123749e+00 8.762350e-01 0.000000e+00 -1.114560e-02
0.000000e+00 8.415000e+00 1.122811e+00 8.752596e-01 0.000000e+00 -1.107657e-02
0.000000e+00 8.470000e+00 1.121870e+00 8.742823e-01 0.000000e+00 -1.102099e-02
0.000000e+00 8.525000e+00 1.120933e+00 8.733083e-01 0.000000e+00 -1.097330e-02
0.000000e+00 8.580000e+00 1.120003e+00 8.723428e-01 0.000000e+00 -1.092734e-02
0.000000e+00 8.635000e+00 1.119082e+00 8.713861e-01 0.000000e+00 -1.088092e-02
0.000000e+00 8.690000e+00 1.118165e+00 8.704339e-01 0.000000e+00 -1.083664e-02
0.000000e+00 8.745000e+00 1.117247e+00 8.694813e-01 0.000000e+00 -1.079883e-02
0.000000e+00 8.800000e+00 1.116326e+00 8.685265e-01 0.000000e+00 -1.076932e-02
0.000000e+00 8.855000e+00 1.115407e+00 8.675729e-01 0.000000e+00 -1.074537e-02
0.000000e+00 8.910000e+00 1.114495e+00 8.666274e-01 0.000000e+00 -1.072118e-02
0.000000e+00 8.965000e+00 1.113597e+00 8.656958e-01 0.000000e+00 -1.069175e-02
0.000000e+00 9.020000e+00 1.112714e+00 8.647814e-01 0.000000e+00 -1.065577e-02
0.000000e+00 9.075000e+00 1.111848e+00 8.638842e-01 0.000000e+00 -1.061521e-02
0.000000e+00 9.130000e+00 1.110998e+00 8.630041e-01 0.000000e+00 -1.057130e-02
0.000000e+00 9.185000e+00 1.110165e+00 8.621418e-01 0.000000e+00 -1.051997e-02
0.000000e+00 9.240000e+00 1.109351e+00 8.612991e-01 0.000000e+00 -1.045044e-02
0.000000e+00 9.295000e+00 1.108556e+00 8.604757e-01 0.000000e+00 -1.034952e-02
0.000000e+00 9.350000e+00 1.107778e+00 8.596681e-01 0.000000e+00 -1.021004e-02
0.000000e+00 9.405000e+00 1.107009e+00 8.588698e-01 0.000000e+00 -1.003958e-02
0.000000e+00 9.460000e+00 1.106241e+00 8.580759e-01 0.000000e+00 -9.862266e-03
0.000000e+00 9.515000e+00 1.105475e+00 8.572860e-01 0.000000e+00 -9.713183e-03
0.000000e+00 9.570000e+00 1.104715e+00 8.565072e-01 0.000000e+00 -9.622342e-03
0.000000e+00 9.625000e+00 1.103969e+00 8.557467e-01 0.000000e+00 -9.604566e-03
0.000000e+00 9.680000e+00 1.103249e+00 8.550124e-01 0.000000e+00 -9.648712e-03
0.000000e+00 9.735000e+00 1.102550e+00 8.542969e-01 0.000000e+00 -9.734127e-03
0.000000e+00 9.790000e+00 1.101869e+00 8.535958e-01 0.000000e+00 -9.826616e-03
0.000000e+00 9.845000e+00 1.101182e+00 8.528837e-01 0.000000e+00 -9.916542e-03
0.000000e+00 9.900000e+00 1.100500e+00 8.521733e-01 0.000000e+00 -9.976214e-03
0.000000e+00 9.955000e+00 1.099788e+00 8.514260e-01 0.000000e+00 -1.004482e-02
0.000000e+00 1.001000e+01 1.103350e+00 8.550910e-01 -0.000000e+00 -6.410000e-03
0.000000e+00 1.006500e+01 1.103350e+00 8.550910e-01 -0.000000e+00 -6.410000e-03
0.000000e+00 1.012000e+01 1.103350e+00 8.550910e-01 -0.000000e+00 -6.410000e-03
0.000000e+00 1.017500e+01 1.103350e+00 8.550910e-01 -0.000000e+00 -6.410000e-03
0.000000e+00 1.023000e+01 1.103350e+00 8.550910e-01 -0.000000e+00 -6.410000e-03
0.000000e+00 1.028500e+01 1.103350e+00 8.550910e-01 -0.000000e+00 -6.410000e-03
0.000000e+00 1.034000e+01 1.103350e+00 8.550910e-01 -0.000000e+00 -6.410000e-03
0.000000e+00 1.039500e+01 1.103350e+00 8.550910e-01 -0.000000e+00 -6.410000e-03
0.000000e+00 1.045000e+01 1.103350e+00 8.550910e-01 -0.000000e+00 -6.410000e-03
0.000000e+00 1.050500e+01 1.103350e+00 8.550910e-01 -0.000000e+00 -6.410000e-03
0.000000e+00 1.056000e+01 1.103350e+00 8.550910e-01 -0.000000e+00 -6.410000e-03
0.000000e+00 1.061500e+01 1.103350e+00 8.550910e-01 -0.000000e+00 -6.410000e-03
0.000000e+00 1.067000e+01 1.103350e+00 8.550910e-01 -0.000000e+00 -6.410000e-03
0.000000e+00 1.072500e+01 1.103350e+00 8.550910e-01 -0.000000e+00 -6.410000e-03
0.000000e+00 1.078000e+01 1.103350e+00 8.550910e-01 -0.000000e+00 -6.410000e-03
0.000000e+00 1.083500e+01 1.103350e+00 8.550910e-01 -0.000000e+00 -6.410000e-03
0.000000e+00 1.089000e+01 1.103350e+00 8.550910e-01 -0.000000e+00 -6.410000e-03
0.000000e+00 1.094500e+01 1.103350e+00 8.550910e-01 -0.000000e+00 -6.410000e-03
0.000000e+00 1.100000e+01 1.103350e+00 8.550910e-01 -0.000000e+00 -6.410000e-03
