#############TIME##################
3.207412e+00 
###################################
0.000000e+00 0.000000e+00 9.306207e+00 1.473103e+01 0.000000e+00 -1.448824e+00
0.000000e+00 5.500000e-02 9.306207e+00 1.473103e+01 0.000000e+00 -1.448824e+00
0.000000e+00 1.100000e-01 9.306207e+00 1.473103e+01 0.000000e+00 -1.448824e+00
0.000000e+00 1.650000e-01 9.306207e+00 1.473103e+01 0.000000e+00 -1.448824e+00
0.000000e+00 2.200000e-01 9.310050e+00 1.473904e+01 0.000000e+00 -1.448461e+00
0.000000e+00 2.750000e-01 7.250970e+00 1.048056e+01 0.000000e+00 -1.255714e+00
0.000000e+00 3.300000e-01 6.032899e+00 8.221586e+00 0.000000e+00 -1.076547e+00
0.000000e+00 3.850000e-01 5.202627e+00 6.750904e+00 0.000000e+00 -9.380419e-01
0.000000e+00 4.400000e-01 4.594053e+00 5.722581e+00 0.000000e+00 -8.245556e-01
0.000000e+00 4.950000e-01 4.132814e+00 4.970815e+00 0.000000e+00 -7.335968e-01
0.000000e+00 5.500000e-01 3.769590e+00 4.397720e+00 0.000000e+00 -6.583192e-01
0.000000e+00 6.050000e-01 3.477862e+00 3.950513e+00 0.000000e+00 -5.958980e-01
0.000000e+00 6.600000e-01 3.238073e+00 3.591857e+00 0.000000e+00 -5.431788e-01
0.000000e+00 7.150000e-01 3.037837e+00 3.299045e+00 0.000000e+00 -4.985281e-01
0.000000e+00 7.700000e-01 2.867736e+00 3.055218e+00 0.000000e+00 -4.603378e-01
0.000000e+00 8.250000e-01 2.721426e+00 2.849280e+00 0.000000e+00 -4.276100e-01
0.000000e+00 8.800000e-01 2.593997e+00 2.672869e+00 0.000000e+00 -3.993907e-01
0.000000e+00 9.350000e-01 2.481934e+00 2.520083e+00 0.000000e+00 -3.750120e-01
0.000000e+00 9.900000e-01 2.382399e+00 2.386278e+00 0.000000e+00 -3.539059e-01
0.000000e+00 1.045000e+00 2.293168e+00 2.267889e+00 0.000000e+00 -3.356842e-01
0.000000e+00 1.100000e+00 2.212415e+00 2.162058e+00 0.000000e+00 -3.200334e-01
0.000000e+00 1.155000e+00 2.138728e+00 2.066599e+00 0.000000e+00 -3.066975e-01
0.000000e+00 1.210000e+00 2.071014e+00 1.979835e+00 0.000000e+00 -2.954276e-01
0.000000e+00 1.265000e+00 2.008420e+00 1.900464e+00 0.000000e+00 -2.860001e-01
0.000000e+00 1.320000e+00 1.950207e+00 1.827383e+00 0.000000e+00 -2.782385e-01
0.000000e+00 1.375000e+00 1.895689e+00 1.759593e+00 0.000000e+00 -2.720375e-01
0.000000e+00 1.430000e+00 1.844220e+00 1.696186e+00 0.000000e+00 -2.673483e-01
0.000000e+00 1.485000e+00 1.795261e+00 1.636413e+00 0.000000e+00 -2.641326e-01
0.000000e+00 1.540000e+00 1.748447e+00 1.579762e+00 0.000000e+00 -2.623017e-01
0.000000e+00 1.595000e+00 1.703629e+00 1.525996e+00 0.000000e+00 -2.616789e-01
0.000000e+00 1.650000e+00 1.660816e+00 1.475073e+00 0.000000e+00 -2.620263e-01
0.000000e+00 1.705000e+00 1.620022e+00 1.426955e+00 0.000000e+00 -2.631204e-01
0.000000e+00 1.760000e+00 1.581218e+00 1.381557e+00 0.000000e+00 -2.647821e-01
0.000000e+00 1.815000e+00 1.544403e+00 1.338830e+00 0.000000e+00 -2.668339e-01
0.000000e+00 1.870000e+00 1.509650e+00 1.298810e+00 0.000000e+00 -2.690631e-01
0.000000e+00 1.925000e+00 1.477077e+00 1.261581e+00 0.000000e+00 -2.712364e-01
0.000000e+00 1.980000e+00 1.446775e+00 1.227196e+00 0.000000e+00 -2.731463e-01
0.000000e+00 2.035000e+00 1.418760e+00 1.195621e+00 0.000000e+00 -2.746499e-01
0.000000e+00 2.090000e+00 1.392966e+00 1.166732e+00 0.000000e+00 -2.756735e-01
0.000000e+00 2.145000e+00 1.369277e+00 1.140356e+00 0.000000e+00 -2.761916e-01
0.000000e+00 2.200000e+00 1.347557e+00 1.116307e+00 0.000000e+00 -2.762054e-01
0.000000e+00 2.255000e+00 1.327662e+00 1.094389e+00 0.000000e+00 -2.757348e-01
0.000000e+00 2.310000e+00 1.309438e+00 1.074408e+00 0.000000e+00 -2.748146e-01
0.000000e+00 2.365000e+00 1.292735e+00 1.056176e+00 0.000000e+00 -2.734883e-01
0.000000e+00 2.420000e+00 1.277412e+00 1.039519e+00 0.000000e+00 -2.718002e-01
0.000000e+00 2.475000e+00 1.263347e+00 1.024287e+00 0.000000e+00 -2.697891e-01
0.000000e+00 2.530000e+00 1.250431e+00 1.010350e+00 0.000000e+00 -2.674884e-01
0.000000e+00 2.585000e+00 1.238571e+00 9.975935e-01 0.000000e+00 -2.649274e-01
0.000000e+00 2.640000e+00 1.227679e+00 9.859145e-01 0.000000e+00 -2.621340e-01
0.000000e+00 2.695000e+00 1.217676e+00 9.752185e-01 0.000000e+00 -2.591350e-01
0.000000e+00 2.750000e+00 1.208488e+00 9.654196e-01 0.000000e+00 -2.559559e-01
0.000000e+00 2.805000e+00 1.200047e+00 9.564398e-01 0.000000e+00 -2.526206e-01
0.000000e+00 2.860000e+00 1.192293e+00 9.482086e-01 0.000000e+00 -2.491510e-01
0.000000e+00 2.915000e+00 1.185169e+00 9.406625e-01 0.000000e+00 -2.455673e-01
0.000000e+00 2.970000e+00 1.178624e+00 9.337434e-01 0.000000e+00 -2.418880e-01
0.000000e+00 3.025000e+00 1.172613e+00 9.273988e-01 0.000000e+00 -2.381302e-01
0.000000e+00 3.080000e+00 1.167090e+00 9.215804e-01 0.000000e+00 -2.343097e-01
0.000000e+00 3.135000e+00 1.162018e+00 9.162443e-01 0.000000e+00 -2.304413e-01
0.000000e+00 3.190000e+00 1.157360e+00 9.113502e-01 0.000000e+00 -2.265381e-01
0.000000e+00 3.245000e+00 1.153082e+00 9.068614e-01 0.000000e+00 -2.226125e-01
0.000000e+00 3.300000e+00 1.149153e+00 9.027440e-01 0.000000e+00 -2.186757e-01
0.000000e+00 3.355000e+00 1.145545e+00 8.989672e-01 0.000000e+00 -2.147378e-01
0.000000e+00 3.410000e+00 1.142232e+00 8.955027e-01 0.000000e+00 -2.108079e-01
0.000000e+00 3.465000e+00 1.139191e+00 8.923243e-01 0.000000e+00 -2.068945e-01
0.000000e+00 3.520000e+00 1.136397e+00 8.894084e-01 0.000000e+00 -2.030050e-01
0.000000e+00 3.575000e+00 1.133832e+00 8.867329e-01 0.000000e+00 -1.991461e-01
0.000000e+00 3.630000e+00 1.131477e+00 8.842777e-01 0.000000e+00 -1.953237e-01
0.000000e+00 3.685000e+00 1.129314e+00 8.820245e-01 0.000000e+00 -1.915431e-01
0.000000e+00 3.740000e+00 1.127327e+00 8.799563e-01 0.000000e+00 -1.878090e-01
0.000000e+00 3.795000e+00 1.125502e+00 8.780574e-01 0.000000e+00 -1.841253e-01
0.000000e+00 3.850000e+00 1.123826e+00 8.763138e-01 0.000000e+00 -1.804956e-01
0.000000e+00 3.905000e+00 1.122285e+00 8.747123e-01 0.000000e+00 -1.769227e-01
0.000000e+00 3.960000e+00 1.120869e+00 8.732410e-01 0.000000e+00 -1.734092e-01
0.000000e+00 4.015000e+00 1.119567e+00 8.718889e-01 0.000000e+00 -1.699571e-01
0.000000e+00 4.070000e+00 1.118369e+00 8.706459e-01 0.000000e+00 -1.665680e-01
0.000000e+00 4.125000e+00 1.117268e+00 8.695028e-01 0.000000e+00 -1.632433e-01
0.000000e+00 4.180000e+00 1.116254e+00 8.684513e-01 0.000000e+00 -1.599839e-01
0.000000e+00 4.235000e+00 1.115321e+00 8.674836e-01 0.000000e+00 -1.567904e-01
0.000000e+00 4.290000e+00 1.114462e+00 8.665927e-01 0.000000e+00 -1.536633e-01
0.000000e+00 4.345000e+00 1.113671e+00 8.657722e-01 0.000000e+00 -1.506026e-01
0.000000e+00 4.400000e+00 1.112941e+00 8.650161e-01 0.000000e+00 -1.476084e-01
0.000000e+00 4.455000e+00 1.112269e+00 8.643190e-01 0.000000e+00 -1.446803e-01
0.000000e+00 4.510000e+00 1.111648e+00 8.636761e-01 0.000000e+00 -1.418179e-01
0.000000e+00 4.565000e+00 1.111075e+00 8.630829e-01 0.000000e+00 -1.390207e-01
0.000000e+00 4.620000e+00 1.110546e+00 8.625351e-01 0.000000e+00 -1.362880e-01
0.000000e+00 4.675000e+00 1.110058e+00 8.620292e-01 0.000000e+00 -1.336189e-01
0.000000e+00 4.730000e+00 1.109606e+00 8.615616e-01 0.000000e+00 -1.310126e-01
0.000000e+00 4.785000e+00 1.109188e+00 8.611292e-01 0.000000e+00 -1.284680e-01
0.000000e+00 4.840000e+00 1.108802e+00 8.607291e-01 0.000000e+00 -1.259842e-01
0.000000e+00 4.895000e+00 1.108444e+00 8.603587e-01 0.000000e+00 -1.235600e-01
0.000000e+00 4.950000e+00 1.108112e+00 8.600157e-01 0.000000e+00 -1.211943e-01
0.000000e+00 5.005000e+00 1.107805e+00 8.596977e-01 0.000000e+00 -1.188858e-01
0.000000e+00 5.060000e+00 1.107520e+00 8.594029e-01 0.000000e+00 -1.166334e-01
0.000000e+00 5.115000e+00 1.107256e+00 8.591294e-01 0.000000e+00 -1.144359e-01
0.000000e+00 5.170000e+00 1.107010e+00 8.588754e-01 0.000000e+00 -1.122919e-01
0.000000e+00 5.225000e+00 1.106782e+00 8.586395e-01 0.000000e+00 -1.102003e-01
0.000000e+00 5.280000e+00 1.106570e+00 8.584202e-01 0.000000e+00 -1.081598e-01
0.000000e+00 5.335000e+00 1.106373e+00 8.582162e-01 0.000000e+00 -1.061692e-01
0.000000e+00 5.390000e+00 1.106190e+00 8.580265e-01 0.000000e+00 -1.042271e-01
0.000000e+00 5.445000e+00 1.106019e+00 8.578498e-01 0.000000e+00 -1.023325e-01
0.000000e+00 5.500000e+00 1.105860e+00 8.576852e-01 0.000000e+00 -1.004841e-01
0.000000e+00 5.555000e+00 1.105711e+00 8.575318e-01 0.000000e+00 -9.868056e-02
0.000000e+00 5.610000e+00 1.105573e+00 8.573886e-01 0.000000e+00 -9.692081e-02
0.000000e+00 5.665000e+00 1.105444e+00 8.572550e-01 0.000000e+00 -9.520362e-02
0.000000e+00 5.720000e+00 1.105323e+00 8.571302e-01 0.000000e+00 -9.352797e-02
0.000000e+00 5.775000e+00 1.105210e+00 8.570140e-01 0.000000e+00 -9.189297e-02
0.000000e+00 5.830000e+00 1.105106e+00 8.569057e-01 0.000000e+00 -9.029754e-02
0.000000e+00 5.885000e+00 1.105007e+00 8.568041e-01 0.000000e+00 -8.874002e-02
0.000000e+00 5.940000e+00 1.104914e+00 8.567076e-01 0.000000e+00 -8.721832e-02
0.000000e+00 5.995000e+00 1.104825e+00 8.566153e-01 0.000000e+00 -8.573113e-02
0.000000e+00 6.050000e+00 1.104742e+00 8.565296e-01 0.000000e+00 -8.427989e-02
0.000000e+00 6.105000e+00 1.104670e+00 8.564555e-01 0.000000e+00 -8.286859e-02
0.000000e+00 6.160000e+00 1.104613e+00 8.563960e-01 0.000000e+00 -8.149900e-02
0.000000e+00 6.215000e+00 1.104561e+00 8.563421e-01 0.000000e+00 -8.016254e-02
0.000000e+00 6.270000e+00 1.104491e+00 8.562703e-01 0.000000e+00 -7.883763e-02
0.000000e+00 6.325000e+00 1.104382e+00 8.561578e-01 0.000000e+00 -7.750364e-02
0.000000e+00 6.380000e+00 1.104246e+00 8.560169e-01 0.000000e+00 -7.617132e-02
0.000000e+00 6.435000e+00 1.104157e+00 8.559255e-01 0.000000e+00 -7.490975e-02
0.000000e+00 6.490000e+00 1.104255e+00 8.560266e-01 0.000000e+00 -7.384482e-02
0.000000e+00 6.545000e+00 1.104688e+00 8.564738e-01 0.000000e+00 -7.311093e-02
0.000000e+00 6.600000e+00 1.105490e+00 8.573033e-01 0.000000e+00 -7.273428e-02
0.000000e+00 6.655000e+00 1.106506e+00 8.583543e-01 0.000000e+00 -7.256859e-02
0.000000e+00 6.710000e+00 1.107465e+00 8.593461e-01 0.000000e+00 -7.236192e-02
0.000000e+00 6.765000e+00 1.108058e+00 8.599589e-01 0.000000e+00 -7.183484e-02
0.000000e+00 6.820000e+00 1.108076e+00 8.599785e-01 0.000000e+00 -7.080284e-02
0.000000e+00 6.875000e+00 1.107599e+00 8.594848e-01 0.000000e+00 -6.934604e-02
0.000000e+00 6.930000e+00 1.106877e+00 8.587377e-01 0.000000e+00 -6.769612e-02
0.000000e+00 6.985000e+00 1.106163e+00 8.579993e-01 0.000000e+00 -6.608151e-02
0.000000e+00 7.040000e+00 1.105626e+00 8.574436e-01 0.000000e+00 -6.464873e-02
0.000000e+00 7.095000e+00 1.105294e+00 8.571002e-01 0.000000e+00 -6.341466e-02
0.000000e+00 7.150000e+00 1.105077e+00 8.568764e-01 0.000000e+00 -6.229345e-02
0.000000e+00 7.205000e+00 1.104855e+00 8.566470e-01 0.000000e+00 -6.118109e-02
0.000000e+00 7.260000e+00 1.104548e+00 8.563291e-01 0.000000e+00 -6.001654e-02
0.000000e+00 7.315000e+00 1.104137e+00 8.559043e-01 0.000000e+00 -5.879423e-02
0.000000e+00 7.370000e+00 1.103653e+00 8.554045e-01 0.000000e+00 -5.754344e-02
0.000000e+00 7.425000e+00 1.103152e+00 8.548861e-01 0.000000e+00 -5.630445e-02
0.000000e+00 7.480000e+00 1.102685e+00 8.544036e-01 0.000000e+00 -5.511179e-02
0.000000e+00 7.535000e+00 1.102281e+00 8.539867e-01 0.000000e+00 -5.398170e-02
0.000000e+00 7.590000e+00 1.101935e+00 8.536295e-01 0.000000e+00 -5.290721e-02
0.000000e+00 7.645000e+00 1.101618e+00 8.533018e-01 0.000000e+00 -5.186647e-02
0.000000e+00 7.700000e+00 1.101301e+00 8.529748e-01 0.000000e+00 -5.083994e-02
0.000000e+00 7.755000e+00 1.100975e+00 8.526374e-01 0.000000e+00 -4.982176e-02
0.000000e+00 7.810000e+00 1.100642e+00 8.522941e-01 0.000000e+00 -4.881701e-02
0.000000e+00 7.865000e+00 1.100310e+00 8.519511e-01 0.000000e+00 -4.783095e-02
0.000000e+00 7.920000e+00 1.099977e+00 8.516071e-01 0.000000e+00 -4.686288e-02
0.000000e+00 7.975000e+00 1.099637e+00 8.512568e-01 0.000000e+00 -4.590861e-02
0.000000e+00 8.030000e+00 1.099289e+00 8.508973e-01 0.000000e+00 -4.496586e-02
0.000000e+00 8.085000e+00 1.098934e+00 8.505312e-01 0.000000e+00 -4.403582e-02
0.000000e+00 8.140000e+00 1.098578e+00 8.501637e-01 0.000000e+00 -4.312106e-02
0.000000e+00 8.195000e+00 1.098225e+00 8.497995e-01 0.000000e+00 -4.222331e-02
0.000000e+00 8.250000e+00 1.097878e+00 8.494415e-01 0.000000e+00 -4.134320e-02
0.000000e+00 8.305000e+00 1.097539e+00 8.490912e-01 0.000000e+00 -4.048078e-02
0.000000e+00 8.360000e+00 1.097207e+00 8.487489e-01 0.000000e+00 -3.963557e-02
0.000000e+00 8.415000e+00 1.096881e+00 8.484134e-01 0.000000e+00 -3.880655e-02
0.000000e+00 8.470000e+00 1.096561e+00 8.480833e-01 0.000000e+00 -3.799249e-02
0.000000e+00 8.525000e+00 1.096245e+00 8.477575e-01 0.000000e+00 -3.719259e-02
0.000000e+00 8.580000e+00 1.095934e+00 8.474360e-01 0.000000e+00 -3.640655e-02
0.000000e+00 8.635000e+00 1.095626e+00 8.471187e-01 0.000000e+00 -3.563416e-02
0.000000e+00 8.690000e+00 1.095322e+00 8.468054e-01 0.000000e+00 -3.487505e-02
0.000000e+00 8.745000e+00 1.095021e+00 8.464956e-01 0.000000e+00 -3.412865e-02
0.000000e+00 8.800000e+00 1.094724e+00 8.461889e-01 0.000000e+00 -3.339446e-02
0.000000e+00 8.855000e+00 1.094429e+00 8.458852e-01 0.000000e+00 -3.267214e-02
0.000000e+00 8.910000e+00 1.094137e+00 8.455845e-01 0.000000e+00 -3.196145e-02
0.000000e+00 8.965000e+00 1.093848e+00 8.452869e-01 0.000000e+00 -3.126208e-02
0.000000e+00 9.020000e+00 1.093562e+00 8.449923e-01 0.000000e+00 -3.057356e-02
0.000000e+00 9.075000e+00 1.093279e+00 8.447005e-01 0.000000e+00 -2.989536e-02
0.000000e+00 9.130000e+00 1.092998e+00 8.444113e-01 0.000000e+00 -2.922690e-02
0.000000e+00 9.185000e+00 1.092720e+00 8.441247e-01 0.000000e+00 -2.856763e-02
0.000000e+00 9.240000e+00 1.092444e+00 8.438406e-01 0.000000e+00 -2.791705e-02
0.000000e+00 9.295000e+00 1.092171e+00 8.435591e-01 0.000000e+00 -2.727467e-02
0.000000e+00 9.350000e+00 1.091900e+00 8.432800e-01 0.000000e+00 -2.663992e-02
0.000000e+00 9.405000e+00 1.091631e+00 8.430032e-01 0.000000e+00 -2.601173e-02
0.000000e+00 9.460000e+00 1.091364e+00 8.427285e-01 0.000000e+00 -2.538910e-02
0.000000e+00 9.515000e+00 1.091100e+00 8.424561e-01 0.000000e+00 -2.477114e-02
0.000000e+00 9.570000e+00 1.090836e+00 8.421852e-01 0.000000e+00 -2.415894e-02
0.000000e+00 9.625000e+00 1.090576e+00 8.419167e-01 0.000000e+00 -2.355197e-02
0.000000e+00 9.680000e+00 1.090316e+00 8.416486e-01 0.000000e+00 -2.294926e-02
0.000000e+00 9.735000e+00 1.090059e+00 8.413842e-01 0.000000e+00 -2.234062e-02
0.000000e+00 9.790000e+00 1.089799e+00 8.411172e-01 0.000000e+00 -2.172658e-02
0.000000e+00 9.845000e+00 1.089546e+00 8.408585e-01 0.000000e+00 -2.110748e-02
0.000000e+00 9.900000e+00 1.089281e+00 8.405882e-01 0.000000e+00 -2.053471e-02
0.000000e+00 9.955000e+00 1.089043e+00 8.403466e-01 0.000000e+00 -2.001399e-02
0.000000e+00 1.001000e+01 1.103350e+00 8.550910e-01 -0.000000e+00 -6.410000e-03
0.000000e+00 1.006500e+01 1.103350e+00 8.550910e-01 -0.000000e+00 -6.410000e-03
0.000000e+00 1.012000e+01 1.103350e+00 8.550910e-01 -0.000000e+00 -6.410000e-03
0.000000e+00 1.017500e+01 1.103350e+00 8.550910e-01 -0.000000e+00 -6.410000e-03
0.000000e+00 1.023000e+01 1.103350e+00 8.550910e-01 -0.000000e+00 -6.410000e-03
0.000000e+00 1.028500e+01 1.103350e+00 8.550910e-01 -0.000000e+00 -6.410000e-03
0.000000e+00 1.034000e+01 1.103350e+00 8.550910e-01 -0.000000e+00 -6.410000e-03
0.000000e+00 1.039500e+01 1.103350e+00 8.550910e-01 -0.000000e+00 -6.410000e-03
0.000000e+00 1.045000e+01 1.103350e+00 8.550910e-01 -0.000000e+00 -6.410000e-03
0.000000e+00 1.050500e+01 1.103350e+00 8.550910e-01 -0.000000e+00 -6.410000e-03
0.000000e+00 1.056000e+01 1.103350e+00 8.550910e-01 -0.000000e+00 -6.410000e-03
0.000000e+00 1.061500e+01 1.103350e+00 8.550910e-01 -0.000000e+00 -6.410000e-03
0.000000e+00 1.067000e+01 1.103350e+00 8.550910e-01 -0.000000e+00 -6.410000e-03
0.000000e+00 1.072500e+01 1.103350e+00 8.550910e-01 -0.000000e+00 -6.410000e-03
0.000000e+00 1.078000e+01 1.103350e+00 8.550910e-01 -0.000000e+00 -6.410000e-03
0.000000e+00 1.083500e+01 1.103350e+00 8.550910e-01 -0.000000e+00 -6.410000e-03
0.000000e+00 1.089000e+01 1.103350e+00 8.550910e-01 -0.000000e+00 -6.410000e-03
0.000000e+00 1.094500e+01 1.103350e+00 8.550910e-01 -0.000000e+00 -6.410000e-03
0.000000e+00 1.100000e+01 1.103350e+00 8.550910e-01 -0.000000e+00 -6.410000e-03
