#############TIME##################
1.490540e+01 
###################################
0.000000e+00 0.000000e+00 8.711774e+00 1.350087e+01 0.000000e+00 -1.462139e+00
0.000000e+00 5.500000e-02 8.711774e+00 1.350087e+01 0.000000e+00 -1.462139e+00
0.000000e+00 1.100000e-01 8.711774e+00 1.350087e+01 0.000000e+00 -1.462139e+00
0.000000e+00 1.650000e-01 8.711774e+00 1.350087e+01 0.000000e+00 -1.462139e+00
0.000000e+00 2.200000e-01 8.711475e+00 1.350024e+01 0.000000e+00 -1.462157e+00
0.000000e+00 2.750000e-01 6.794265e+00 9.621950e+00 0.000000e+00 -1.262279e+00
0.000000e+00 3.300000e-01 5.656788e+00 7.559301e+00 0.000000e+00 -1.078175e+00
0.000000e+00 3.850000e-01 4.877553e+00 6.207201e+00 0.000000e+00 -9.363792e-01
0.000000e+00 4.400000e-01 4.305790e+00 5.260863e+00 0.000000e+00 -8.202768e-01
0.000000e+00 4.950000e-01 3.873471e+00 4.569641e+00 0.000000e+00 -7.268563e-01
0.000000e+00 5.500000e-01 3.533715e+00 4.043704e+00 0.000000e+00 -6.491899e-01
0.000000e+00 6.050000e-01 3.261697e+00 3.634243e+00 0.000000e+00 -5.843751e-01
0.000000e+00 6.600000e-01 3.038949e+00 3.306919e+00 0.000000e+00 -5.292133e-01
0.000000e+00 7.150000e-01 2.853883e+00 3.040872e+00 0.000000e+00 -4.819847e-01
0.000000e+00 7.700000e-01 2.697710e+00 2.820658e+00 0.000000e+00 -4.410236e-01
0.000000e+00 8.250000e-01 2.564454e+00 2.636029e+00 0.000000e+00 -4.052861e-01
0.000000e+00 8.800000e-01 2.449444e+00 2.479197e+00 0.000000e+00 -3.738150e-01
0.000000e+00 9.350000e-01 2.349312e+00 2.344627e+00 0.000000e+00 -3.459460e-01
0.000000e+00 9.900000e-01 2.261381e+00 2.228024e+00 0.000000e+00 -3.211009e-01
0.000000e+00 1.045000e+00 2.183617e+00 2.126169e+00 0.000000e+00 -2.988475e-01
0.000000e+00 1.100000e+00 2.114380e+00 2.036513e+00 0.000000e+00 -2.788171e-01
0.000000e+00 1.155000e+00 2.052379e+00 1.957072e+00 0.000000e+00 -2.607180e-01
0.000000e+00 1.210000e+00 1.996557e+00 1.886246e+00 0.000000e+00 -2.443013e-01
0.000000e+00 1.265000e+00 1.946055e+00 1.822754e+00 0.000000e+00 -2.293618e-01
0.000000e+00 1.320000e+00 1.900166e+00 1.765546e+00 0.000000e+00 -2.157234e-01
0.000000e+00 1.375000e+00 1.858298e+00 1.713764e+00 0.000000e+00 -2.032373e-01
0.000000e+00 1.430000e+00 1.819957e+00 1.666693e+00 0.000000e+00 -1.917750e-01
0.000000e+00 1.485000e+00 1.784725e+00 1.623737e+00 0.000000e+00 -1.812257e-01
0.000000e+00 1.540000e+00 1.752243e+00 1.584394e+00 0.000000e+00 -1.714925e-01
0.000000e+00 1.595000e+00 1.722209e+00 1.548241e+00 0.000000e+00 -1.624896e-01
0.000000e+00 1.650000e+00 1.694361e+00 1.514919e+00 0.000000e+00 -1.541414e-01
0.000000e+00 1.705000e+00 1.668474e+00 1.484118e+00 0.000000e+00 -1.463825e-01
0.000000e+00 1.760000e+00 1.644355e+00 1.455574e+00 0.000000e+00 -1.391576e-01
0.000000e+00 1.815000e+00 1.621835e+00 1.429052e+00 0.000000e+00 -1.324194e-01
0.000000e+00 1.870000e+00 1.600763e+00 1.404352e+00 0.000000e+00 -1.261267e-01
0.000000e+00 1.925000e+00 1.581009e+00 1.381296e+00 0.000000e+00 -1.202419e-01
0.000000e+00 1.980000e+00 1.562454e+00 1.359728e+00 0.000000e+00 -1.147307e-01
0.000000e+00 2.035000e+00 1.544996e+00 1.339513e+00 0.000000e+00 -1.095620e-01
0.000000e+00 2.090000e+00 1.528542e+00 1.320529e+00 0.000000e+00 -1.047070e-01
0.000000e+00 2.145000e+00 1.513009e+00 1.302670e+00 0.000000e+00 -1.001401e-01
0.000000e+00 2.200000e+00 1.498323e+00 1.285843e+00 0.000000e+00 -9.583775e-02
0.000000e+00 2.255000e+00 1.484420e+00 1.269962e+00 0.000000e+00 -9.177907e-02
0.000000e+00 2.310000e+00 1.471239e+00 1.254951e+00 0.000000e+00 -8.794522e-02
0.000000e+00 2.365000e+00 1.458726e+00 1.240743e+00 0.000000e+00 -8.431926e-02
0.000000e+00 2.420000e+00 1.446834e+00 1.227277e+00 0.000000e+00 -8.088588e-02
0.000000e+00 2.475000e+00 1.435518e+00 1.214498e+00 0.000000e+00 -7.763111e-02
0.000000e+00 2.530000e+00 1.424739e+00 1.202357e+00 0.000000e+00 -7.454215e-02
0.000000e+00 2.585000e+00 1.414461e+00 1.190808e+00 0.000000e+00 -7.160725e-02
0.000000e+00 2.640000e+00 1.404651e+00 1.179810e+00 0.000000e+00 -6.881563e-02
0.000000e+00 2.695000e+00 1.395279e+00 1.169328e+00 0.000000e+00 -6.615744e-02
0.000000e+00 2.750000e+00 1.386316e+00 1.159325e+00 0.000000e+00 -6.362369e-02
0.000000e+00 2.805000e+00 1.377737e+00 1.149770e+00 0.000000e+00 -6.120609e-02
0.000000e+00 2.860000e+00 1.369518e+00 1.140635e+00 0.000000e+00 -5.889700e-02
0.000000e+00 2.915000e+00 1.361637e+00 1.131892e+00 0.000000e+00 -5.668934e-02
0.000000e+00 2.970000e+00 1.354074e+00 1.123519e+00 0.000000e+00 -5.457658e-02
0.000000e+00 3.025000e+00 1.346812e+00 1.115493e+00 0.000000e+00 -5.255275e-02
0.000000e+00 3.080000e+00 1.339834e+00 1.107794e+00 0.000000e+00 -5.061246e-02
0.000000e+00 3.135000e+00 1.333124e+00 1.100404e+00 0.000000e+00 -4.875081e-02
0.000000e+00 3.190000e+00 1.326669e+00 1.093306e+00 0.000000e+00 -4.696325e-02
0.000000e+00 3.245000e+00 1.320454e+00 1.086484e+00 0.000000e+00 -4.524548e-02
0.000000e+00 3.300000e+00 1.314469e+00 1.079922e+00 0.000000e+00 -4.359330e-02
0.000000e+00 3.355000e+00 1.308700e+00 1.073608e+00 0.000000e+00 -4.200265e-02
0.000000e+00 3.410000e+00 1.303137e+00 1.067528e+00 0.000000e+00 -4.046967e-02
0.000000e+00 3.465000e+00 1.297770e+00 1.061670e+00 0.000000e+00 -3.899083e-02
0.000000e+00 3.520000e+00 1.292589e+00 1.056023e+00 0.000000e+00 -3.756300e-02
0.000000e+00 3.575000e+00 1.287584e+00 1.050575e+00 0.000000e+00 -3.618348e-02
0.000000e+00 3.630000e+00 1.282749e+00 1.045318e+00 0.000000e+00 -3.484985e-02
0.000000e+00 3.685000e+00 1.278074e+00 1.040242e+00 0.000000e+00 -3.355983e-02
0.000000e+00 3.740000e+00 1.273553e+00 1.035339e+00 0.000000e+00 -3.231106e-02
0.000000e+00 3.795000e+00 1.269179e+00 1.030601e+00 0.000000e+00 -3.110103e-02
0.000000e+00 3.850000e+00 1.264947e+00 1.026021e+00 0.000000e+00 -2.992712e-02
0.000000e+00 3.905000e+00 1.260850e+00 1.021593e+00 0.000000e+00 -2.878679e-02
0.000000e+00 3.960000e+00 1.256883e+00 1.017311e+00 0.000000e+00 -2.767792e-02
0.000000e+00 4.015000e+00 1.253042e+00 1.013167e+00 0.000000e+00 -2.659898e-02
0.000000e+00 4.070000e+00 1.249321e+00 1.009158e+00 0.000000e+00 -2.554897e-02
0.000000e+00 4.125000e+00 1.245715e+00 1.005277e+00 0.000000e+00 -2.452712e-02
0.000000e+00 4.180000e+00 1.242220e+00 1.001517e+00 0.000000e+00 -2.353241e-02
0.000000e+00 4.235000e+00 1.238830e+00 9.978753e-01 0.000000e+00 -2.256341e-02
0.000000e+00 4.290000e+00 1.235542e+00 9.943455e-01 0.000000e+00 -2.161841e-02
0.000000e+00 4.345000e+00 1.232351e+00 9.909232e-01 0.000000e+00 -2.069574e-02
0.000000e+00 4.400000e+00 1.229254e+00 9.876040e-01 0.000000e+00 -1.979392e-02
0.000000e+00 4.455000e+00 1.226247e+00 9.843845e-01 0.000000e+00 -1.891143e-02
0.000000e+00 4.510000e+00 1.223329e+00 9.812628e-01 0.000000e+00 -1.804635e-02
0.000000e+00 4.565000e+00 1.220500e+00 9.782383e-01 0.000000e+00 -1.719640e-02
0.000000e+00 4.620000e+00 1.217759e+00 9.753099e-01 0.000000e+00 -1.635966e-02
0.000000e+00 4.675000e+00 1.215103e+00 9.724747e-01 0.000000e+00 -1.553568e-02
0.000000e+00 4.730000e+00 1.212527e+00 9.697270e-01 0.000000e+00 -1.472593e-02
0.000000e+00 4.785000e+00 1.210024e+00 9.670591e-01 0.000000e+00 -1.393299e-02
0.000000e+00 4.840000e+00 1.207588e+00 9.644645e-01 0.000000e+00 -1.315864e-02
0.000000e+00 4.895000e+00 1.205216e+00 9.619397e-01 0.000000e+00 -1.240215e-02
0.000000e+00 4.950000e+00 1.202910e+00 9.594856e-01 0.000000e+00 -1.166006e-02
0.000000e+00 5.005000e+00 1.200670e+00 9.571050e-01 0.000000e+00 -1.092758e-02
0.000000e+00 5.060000e+00 1.198501e+00 9.548002e-01 0.000000e+00 -1.020067e-02
0.000000e+00 5.115000e+00 1.196402e+00 9.525713e-01 0.000000e+00 -9.477321e-03
0.000000e+00 5.170000e+00 1.194372e+00 9.504164e-01 0.000000e+00 -8.757322e-03
0.000000e+00 5.225000e+00 1.192407e+00 9.483321e-01 0.000000e+00 -8.041362e-03
0.000000e+00 5.280000e+00 1.190504e+00 9.463151e-01 0.000000e+00 -7.330529e-03
0.000000e+00 5.335000e+00 1.188660e+00 9.443608e-01 0.000000e+00 -6.626699e-03
0.000000e+00 5.390000e+00 1.186868e+00 9.424636e-01 0.000000e+00 -5.933020e-03
0.000000e+00 5.445000e+00 1.185124e+00 9.406172e-01 0.000000e+00 -5.253316e-03
0.000000e+00 5.500000e+00 1.183422e+00 9.388171e-01 0.000000e+00 -4.590122e-03
0.000000e+00 5.555000e+00 1.181763e+00 9.370627e-01 0.000000e+00 -3.942542e-03
0.000000e+00 5.610000e+00 1.180151e+00 9.353581e-01 0.000000e+00 -3.305698e-03
0.000000e+00 5.665000e+00 1.178590e+00 9.337095e-01 0.000000e+00 -2.672672e-03
0.000000e+00 5.720000e+00 1.177086e+00 9.321211e-01 0.000000e+00 -2.038001e-03
0.000000e+00 5.775000e+00 1.175638e+00 9.305919e-01 0.000000e+00 -1.400642e-03
0.000000e+00 5.830000e+00 1.174238e+00 9.291155e-01 0.000000e+00 -7.646117e-04
0.000000e+00 5.885000e+00 1.172880e+00 9.276827e-01 0.000000e+00 -1.369647e-04
0.000000e+00 5.940000e+00 1.171555e+00 9.262856e-01 0.000000e+00 4.756270e-04
0.000000e+00 5.995000e+00 1.170260e+00 9.249203e-01 0.000000e+00 1.069858e-03
0.000000e+00 6.050000e+00 1.168994e+00 9.235870e-01 0.000000e+00 1.646941e-03
0.000000e+00 6.105000e+00 1.167761e+00 9.222885e-01 0.000000e+00 2.211563e-03
0.000000e+00 6.160000e+00 1.166564e+00 9.210279e-01 0.000000e+00 2.769266e-03
0.000000e+00 6.215000e+00 1.165404e+00 9.198070e-01 0.000000e+00 3.323444e-03
0.000000e+00 6.270000e+00 1.164282e+00 9.186263e-01 0.000000e+00 3.873307e-03
0.000000e+00 6.325000e+00 1.163197e+00 9.174852e-01 0.000000e+00 4.413791e-03
0.000000e+00 6.380000e+00 1.162148e+00 9.163820e-01 0.000000e+00 4.937553e-03
0.000000e+00 6.435000e+00 1.161130e+00 9.153122e-01 0.000000e+00 5.438155e-03
0.000000e+00 6.490000e+00 1.160136e+00 9.142673e-01 0.000000e+00 5.912920e-03
0.000000e+00 6.545000e+00 1.159154e+00 9.132359e-01 0.000000e+00 6.364040e-03
0.000000e+00 6.600000e+00 1.158176e+00 9.122081e-01 0.000000e+00 6.797341e-03
0.000000e+00 6.655000e+00 1.157199e+00 9.111829e-01 0.000000e+00 7.219189e-03
0.000000e+00 6.710000e+00 1.156237e+00 9.101732e-01 0.000000e+00 7.632860e-03
0.000000e+00 6.765000e+00 1.155314e+00 9.092040e-01 0.000000e+00 8.035966e-03
0.000000e+00 6.820000e+00 1.154454e+00 9.083021e-01 0.000000e+00 8.420190e-03
0.000000e+00 6.875000e+00 1.153672e+00 9.074815e-01 0.000000e+00 8.773646e-03
0.000000e+00 6.930000e+00 1.152959e+00 9.067336e-01 0.000000e+00 9.084968e-03
0.000000e+00 6.985000e+00 1.152286e+00 9.060283e-01 0.000000e+00 9.347655e-03
0.000000e+00 7.040000e+00 1.151616e+00 9.053260e-01 0.000000e+00 9.564028e-03
0.000000e+00 7.095000e+00 1.150916e+00 9.045928e-01 0.000000e+00 9.748437e-03
0.000000e+00 7.150000e+00 1.150171e+00 9.038116e-01 0.000000e+00 9.926868e-03
0.000000e+00 7.205000e+00 1.149384e+00 9.029873e-01 0.000000e+00 1.012845e-02
0.000000e+00 7.260000e+00 1.148584e+00 9.021494e-01 0.000000e+00 1.036845e-02
0.000000e+00 7.315000e+00 1.147819e+00 9.013480e-01 0.000000e+00 1.063232e-02
0.000000e+00 7.370000e+00 1.147139e+00 9.006368e-01 0.000000e+00 1.087694e-02
0.000000e+00 7.425000e+00 1.146573e+00 9.000436e-01 0.000000e+00 1.105565e-02
0.000000e+00 7.480000e+00 1.146098e+00 8.995463e-01 0.000000e+00 1.115266e-02
0.000000e+00 7.535000e+00 1.145650e+00 8.990781e-01 0.000000e+00 1.119819e-02
0.000000e+00 7.590000e+00 1.145161e+00 8.985663e-01 0.000000e+00 1.124967e-02
0.000000e+00 7.645000e+00 1.144598e+00 8.979771e-01 0.000000e+00 1.135319e-02
0.000000e+00 7.700000e+00 1.143979e+00 8.973302e-01 0.000000e+00 1.151640e-02
0.000000e+00 7.755000e+00 1.143352e+00 8.966745e-01 0.000000e+00 1.171168e-02
0.000000e+00 7.810000e+00 1.142755e+00 8.960502e-01 0.000000e+00 1.189992e-02
0.000000e+00 7.865000e+00 1.142200e+00 8.954702e-01 0.000000e+00 1.205299e-02
0.000000e+00 7.920000e+00 1.141681e+00 8.949274e-01 0.000000e+00 1.216211e-02
0.000000e+00 7.975000e+00 1.141187e+00 8.944114e-01 0.000000e+00 1.223479e-02
0.000000e+00 8.030000e+00 1.140714e+00 8.939166e-01 0.000000e+00 1.228806e-02
0.000000e+00 8.085000e+00 1.140258e+00 8.934403e-01 0.000000e+00 1.234165e-02
0.000000e+00 8.140000e+00 1.139815e+00 8.929780e-01 0.000000e+00 1.241115e-02
0.000000e+00 8.195000e+00 1.139380e+00 8.925238e-01 0.000000e+00 1.250236e-02
0.000000e+00 8.250000e+00 1.138948e+00 8.920721e-01 0.000000e+00 1.261043e-02
0.000000e+00 8.305000e+00 1.138514e+00 8.916185e-01 0.000000e+00 1.272425e-02
0.000000e+00 8.360000e+00 1.138074e+00 8.911596e-01 0.000000e+00 1.283294e-02
0.000000e+00 8.415000e+00 1.137628e+00 8.906938e-01 0.000000e+00 1.293023e-02
0.000000e+00 8.470000e+00 1.137176e+00 8.902223e-01 0.000000e+00 1.301555e-02
0.000000e+00 8.525000e+00 1.136724e+00 8.897501e-01 0.000000e+00 1.309287e-02
0.000000e+00 8.580000e+00 1.136278e+00 8.892846e-01 0.000000e+00 1.316837e-02
0.000000e+00 8.635000e+00 1.135843e+00 8.888315e-01 0.000000e+00 1.324772e-02
0.000000e+00 8.690000e+00 1.135422e+00 8.883915e-01 0.000000e+00 1.333358e-02
0.000000e+00 8.745000e+00 1.135006e+00 8.879581e-01 0.000000e+00 1.342426e-02
0.000000e+00 8.800000e+00 1.134586e+00 8.875200e-01 0.000000e+00 1.351469e-02
0.000000e+00 8.855000e+00 1.134151e+00 8.870666e-01 0.000000e+00 1.359947e-02
0.000000e+00 8.910000e+00 1.133699e+00 8.865948e-01 0.000000e+00 1.367650e-02
0.000000e+00 8.965000e+00 1.133236e+00 8.861125e-01 0.000000e+00 1.374924e-02
0.000000e+00 9.020000e+00 1.132781e+00 8.856375e-01 0.000000e+00 1.382582e-02
0.000000e+00 9.075000e+00 1.132352e+00 8.851905e-01 0.000000e+00 1.391538e-02
0.000000e+00 9.130000e+00 1.131964e+00 8.847864e-01 0.000000e+00 1.402379e-02
0.000000e+00 9.185000e+00 1.131620e+00 8.844277e-01 0.000000e+00 1.415115e-02
0.000000e+00 9.240000e+00 1.131307e+00 8.841020e-01 0.000000e+00 1.429315e-02
0.000000e+00 9.295000e+00 1.131004e+00 8.837866e-01 0.000000e+00 1.444452e-02
0.000000e+00 9.350000e+00 1.130689e+00 8.834577e-01 0.000000e+00 1.460289e-02
0.000000e+00 9.405000e+00 1.130344e+00 8.830986e-01 0.000000e+00 1.476844e-02
0.000000e+00 9.460000e+00 1.129969e+00 8.827076e-01 0.000000e+00 1.494341e-02
0.000000e+00 9.515000e+00 1.129575e+00 8.822954e-01 0.000000e+00 1.512732e-02
0.000000e+00 9.570000e+00 1.129180e+00 8.818839e-01 0.000000e+00 1.531852e-02
0.000000e+00 9.625000e+00 1.128800e+00 8.814893e-01 0.000000e+00 1.549920e-02
0.000000e+00 9.680000e+00 1.128447e+00 8.811274e-01 0.000000e+00 1.563485e-02
0.000000e+00 9.735000e+00 1.128106e+00 8.807865e-01 0.000000e+00 1.565153e-02
0.000000e+00 9.790000e+00 1.127780e+00 8.804684e-01 0.000000e+00 1.550646e-02
0.000000e+00 9.845000e+00 1.127434e+00 8.801273e-01 0.000000e+00 1.519578e-02
0.000000e+00 9.900000e+00 1.127109e+00 8.797952e-01 0.000000e+00 1.489816e-02
0.000000e+00 9.955000e+00 1.126735e+00 8.793859e-01 0.000000e+00 1.473158e-02
0.000000e+00 1.001000e+01 1.103350e+00 8.550910e-01 -0.000000e+00 -6.410000e-03
0.000000e+00 1.006500e+01 1.103350e+00 8.550910e-01 -0.000000e+00 -6.410000e-03
0.000000e+00 1.012000e+01 1.103350e+00 8.550910e-01 -0.000000e+00 -6.410000e-03
0.000000e+00 1.017500e+01 1.103350e+00 8.550910e-01 -0.000000e+00 -6.410000e-03
0.000000e+00 1.023000e+01 1.103350e+00 8.550910e-01 -0.000000e+00 -6.410000e-03
0.000000e+00 1.028500e+01 1.103350e+00 8.550910e-01 -0.000000e+00 -6.410000e-03
0.000000e+00 1.034000e+01 1.103350e+00 8.550910e-01 -0.000000e+00 -6.410000e-03
0.000000e+00 1.039500e+01 1.103350e+00 8.550910e-01 -0.000000e+00 -6.410000e-03
0.000000e+00 1.045000e+01 1.103350e+00 8.550910e-01 -0.000000e+00 -6.410000e-03
0.000000e+00 1.050500e+01 1.103350e+00 8.550910e-01 -0.000000e+00 -6.410000e-03
0.000000e+00 1.056000e+01 1.103350e+00 8.550910e-01 -0.000000e+00 -6.410000e-03
0.000000e+00 1.061500e+01 1.103350e+00 8.550910e-01 -0.000000e+00 -6.410000e-03
0.000000e+00 1.067000e+01 1.103350e+00 8.550910e-01 -0.000000e+00 -6.410000e-03
0.000000e+00 1.072500e+01 1.103350e+00 8.550910e-01 -0.000000e+00 -6.410000e-03
0.000000e+00 1.078000e+01 1.103350e+00 8.550910e-01 -0.000000e+00 -6.410000e-03
0.000000e+00 1.083500e+01 1.103350e+00 8.550910e-01 -0.000000e+00 -6.410000e-03
0.000000e+00 1.089000e+01 1.103350e+00 8.550910e-01 -0.000000e+00 -6.410000e-03
0.000000e+00 1.094500e+01 1.103350e+00 8.550910e-01 -0.000000e+00 -6.410000e-03
0.000000e+00 1.100000e+01 1.103350e+00 8.550910e-01 -0.000000e+00 -6.410000e-03
