#############TIME##################
2.720459e+01 
###################################
0.000000e+00 0.000000e+00 8.895894e+00 1.387474e+01 0.000000e+00 -1.453265e+00
0.000000e+00 5.500000e-02 8.895894e+00 1.387474e+01 0.000000e+00 -1.453265e+00
0.000000e+00 1.100000e-01 8.895894e+00 1.387474e+01 0.000000e+00 -1.453265e+00
0.000000e+00 1.650000e-01 8.895894e+00 1.387474e+01 0.000000e+00 -1.453265e+00
0.000000e+00 2.200000e-01 8.895647e+00 1.387424e+01 0.000000e+00 -1.453276e+00
0.000000e+00 2.750000e-01 6.934499e+00 9.879574e+00 0.000000e+00 -1.255652e+00
0.000000e+00 3.300000e-01 5.770775e+00 7.755112e+00 0.000000e+00 -1.073300e+00
0.000000e+00 3.850000e-01 4.976098e+00 6.367958e+00 0.000000e+00 -9.323129e-01
0.000000e+00 4.400000e-01 4.393802e+00 5.398561e+00 0.000000e+00 -8.166435e-01
0.000000e+00 4.950000e-01 3.953457e+00 4.690817e+00 0.000000e+00 -7.235177e-01
0.000000e+00 5.500000e-01 3.607454e+00 4.152374e+00 0.000000e+00 -6.460896e-01
0.000000e+00 6.050000e-01 3.330353e+00 3.733159e+00 0.000000e+00 -5.814732e-01
0.000000e+00 6.600000e-01 3.103423e+00 3.398024e+00 0.000000e+00 -5.264904e-01
0.000000e+00 7.150000e-01 2.914855e+00 3.125596e+00 0.000000e+00 -4.794238e-01
0.000000e+00 7.700000e-01 2.755708e+00 2.900077e+00 0.000000e+00 -4.386145e-01
0.000000e+00 8.250000e-01 2.619908e+00 2.710978e+00 0.000000e+00 -4.030206e-01
0.000000e+00 8.800000e-01 2.502708e+00 2.550336e+00 0.000000e+00 -3.716896e-01
0.000000e+00 9.350000e-01 2.400686e+00 2.412497e+00 0.000000e+00 -3.439618e-01
0.000000e+00 9.900000e-01 2.311128e+00 2.293078e+00 0.000000e+00 -3.192655e-01
0.000000e+00 1.045000e+00 2.231973e+00 2.188797e+00 0.000000e+00 -2.971746e-01
0.000000e+00 1.100000e+00 2.161557e+00 2.097058e+00 0.000000e+00 -2.773253e-01
0.000000e+00 1.155000e+00 2.098562e+00 2.015826e+00 0.000000e+00 -2.594263e-01
0.000000e+00 1.210000e+00 2.041899e+00 1.943453e+00 0.000000e+00 -2.432237e-01
0.000000e+00 1.265000e+00 1.990671e+00 1.878602e+00 0.000000e+00 -2.285016e-01
0.000000e+00 1.320000e+00 1.944129e+00 1.820166e+00 0.000000e+00 -2.150701e-01
0.000000e+00 1.375000e+00 1.901646e+00 1.767238e+00 0.000000e+00 -2.027672e-01
0.000000e+00 1.430000e+00 1.862702e+00 1.719069e+00 0.000000e+00 -1.914566e-01
0.000000e+00 1.485000e+00 1.826872e+00 1.675051e+00 0.000000e+00 -1.810279e-01
0.000000e+00 1.540000e+00 1.793806e+00 1.634689e+00 0.000000e+00 -1.713925e-01
0.000000e+00 1.595000e+00 1.763213e+00 1.597576e+00 0.000000e+00 -1.624773e-01
0.000000e+00 1.650000e+00 1.734847e+00 1.563365e+00 0.000000e+00 -1.542182e-01
0.000000e+00 1.705000e+00 1.708485e+00 1.531750e+00 0.000000e+00 -1.465551e-01
0.000000e+00 1.760000e+00 1.683927e+00 1.502453e+00 0.000000e+00 -1.394305e-01
0.000000e+00 1.815000e+00 1.660987e+00 1.475223e+00 0.000000e+00 -1.327901e-01
0.000000e+00 1.870000e+00 1.639503e+00 1.449838e+00 0.000000e+00 -1.265856e-01
0.000000e+00 1.925000e+00 1.619337e+00 1.426113e+00 0.000000e+00 -1.207772e-01
0.000000e+00 1.980000e+00 1.600377e+00 1.403898e+00 0.000000e+00 -1.153341e-01
0.000000e+00 2.035000e+00 1.582529e+00 1.383067e+00 0.000000e+00 -1.102323e-01
0.000000e+00 2.090000e+00 1.565714e+00 1.363511e+00 0.000000e+00 -1.054503e-01
0.000000e+00 2.145000e+00 1.549851e+00 1.345127e+00 0.000000e+00 -1.009650e-01
0.000000e+00 2.200000e+00 1.534861e+00 1.327813e+00 0.000000e+00 -9.675110e-02
0.000000e+00 2.255000e+00 1.520669e+00 1.311472e+00 0.000000e+00 -9.278265e-02
0.000000e+00 2.310000e+00 1.507207e+00 1.296018e+00 0.000000e+00 -8.903652e-02
0.000000e+00 2.365000e+00 1.494415e+00 1.281376e+00 0.000000e+00 -8.549430e-02
0.000000e+00 2.420000e+00 1.482247e+00 1.267487e+00 0.000000e+00 -8.214210e-02
0.000000e+00 2.475000e+00 1.470662e+00 1.254298e+00 0.000000e+00 -7.896849e-02
0.000000e+00 2.530000e+00 1.459621e+00 1.241761e+00 0.000000e+00 -7.596241e-02
0.000000e+00 2.585000e+00 1.449090e+00 1.229832e+00 0.000000e+00 -7.311230e-02
0.000000e+00 2.640000e+00 1.439033e+00 1.218467e+00 0.000000e+00 -7.040664e-02
0.000000e+00 2.695000e+00 1.429418e+00 1.207626e+00 0.000000e+00 -6.783502e-02
0.000000e+00 2.750000e+00 1.420216e+00 1.197273e+00 0.000000e+00 -6.538871e-02
0.000000e+00 2.805000e+00 1.411402e+00 1.187377e+00 0.000000e+00 -6.306024e-02
0.000000e+00 2.860000e+00 1.402951e+00 1.177909e+00 0.000000e+00 -6.084264e-02
0.000000e+00 2.915000e+00 1.394842e+00 1.168842e+00 0.000000e+00 -5.872896e-02
0.000000e+00 2.970000e+00 1.387057e+00 1.160152e+00 0.000000e+00 -5.671240e-02
0.000000e+00 3.025000e+00 1.379575e+00 1.151818e+00 0.000000e+00 -5.478684e-02
0.000000e+00 3.080000e+00 1.372381e+00 1.143817e+00 0.000000e+00 -5.294711e-02
0.000000e+00 3.135000e+00 1.365457e+00 1.136130e+00 0.000000e+00 -5.118872e-02
0.000000e+00 3.190000e+00 1.358787e+00 1.128737e+00 0.000000e+00 -4.950742e-02
0.000000e+00 3.245000e+00 1.352357e+00 1.121621e+00 0.000000e+00 -4.789875e-02
0.000000e+00 3.300000e+00 1.346154e+00 1.114768e+00 0.000000e+00 -4.635817e-02
0.000000e+00 3.355000e+00 1.340168e+00 1.108164e+00 0.000000e+00 -4.488150e-02
0.000000e+00 3.410000e+00 1.334388e+00 1.101797e+00 0.000000e+00 -4.346529e-02
0.000000e+00 3.465000e+00 1.328805e+00 1.095655e+00 0.000000e+00 -4.210681e-02
0.000000e+00 3.520000e+00 1.323406e+00 1.089724e+00 0.000000e+00 -4.080368e-02
0.000000e+00 3.575000e+00 1.318184e+00 1.083994e+00 0.000000e+00 -3.955334e-02
0.000000e+00 3.630000e+00 1.313127e+00 1.078454e+00 0.000000e+00 -3.835297e-02
0.000000e+00 3.685000e+00 1.308227e+00 1.073092e+00 0.000000e+00 -3.719960e-02
0.000000e+00 3.740000e+00 1.303478e+00 1.067901e+00 0.000000e+00 -3.609057e-02
0.000000e+00 3.795000e+00 1.298872e+00 1.062873e+00 0.000000e+00 -3.502376e-02
0.000000e+00 3.850000e+00 1.294404e+00 1.058002e+00 0.000000e+00 -3.399755e-02
0.000000e+00 3.905000e+00 1.290068e+00 1.053279e+00 0.000000e+00 -3.301055e-02
0.000000e+00 3.960000e+00 1.285859e+00 1.048700e+00 0.000000e+00 -3.206135e-02
0.000000e+00 4.015000e+00 1.281770e+00 1.044255e+00 0.000000e+00 -3.114835e-02
0.000000e+00 4.070000e+00 1.277794e+00 1.039940e+00 0.000000e+00 -3.026978e-02
0.000000e+00 4.125000e+00 1.273928e+00 1.035746e+00 0.000000e+00 -2.942370e-02
0.000000e+00 4.180000e+00 1.270166e+00 1.031670e+00 0.000000e+00 -2.860824e-02
0.000000e+00 4.235000e+00 1.266504e+00 1.027707e+00 0.000000e+00 -2.782185e-02
0.000000e+00 4.290000e+00 1.262939e+00 1.023851e+00 0.000000e+00 -2.706366e-02
0.000000e+00 4.345000e+00 1.259466e+00 1.020099e+00 0.000000e+00 -2.633343e-02
0.000000e+00 4.400000e+00 1.256080e+00 1.016444e+00 0.000000e+00 -2.563114e-02
0.000000e+00 4.455000e+00 1.252777e+00 1.012882e+00 0.000000e+00 -2.495626e-02
0.000000e+00 4.510000e+00 1.249553e+00 1.009409e+00 0.000000e+00 -2.430725e-02
0.000000e+00 4.565000e+00 1.246408e+00 1.006022e+00 0.000000e+00 -2.368201e-02
0.000000e+00 4.620000e+00 1.243337e+00 1.002719e+00 0.000000e+00 -2.307893e-02
0.000000e+00 4.675000e+00 1.240339e+00 9.994968e-01 0.000000e+00 -2.249779e-02
0.000000e+00 4.730000e+00 1.237409e+00 9.963496e-01 0.000000e+00 -2.193934e-02
0.000000e+00 4.785000e+00 1.234542e+00 9.932734e-01 0.000000e+00 -2.140389e-02
0.000000e+00 4.840000e+00 1.231738e+00 9.902660e-01 0.000000e+00 -2.089012e-02
0.000000e+00 4.895000e+00 1.228994e+00 9.873265e-01 0.000000e+00 -2.039549e-02
0.000000e+00 4.950000e+00 1.226311e+00 9.844535e-01 0.000000e+00 -1.991828e-02
0.000000e+00 5.005000e+00 1.223684e+00 9.816431e-01 0.000000e+00 -1.945923e-02
0.000000e+00 5.060000e+00 1.221109e+00 9.788895e-01 0.000000e+00 -1.902084e-02
0.000000e+00 5.115000e+00 1.218582e+00 9.761890e-01 0.000000e+00 -1.860425e-02
0.000000e+00 5.170000e+00 1.216103e+00 9.735427e-01 0.000000e+00 -1.820658e-02
0.000000e+00 5.225000e+00 1.213678e+00 9.709551e-01 0.000000e+00 -1.782172e-02
0.000000e+00 5.280000e+00 1.211309e+00 9.684285e-01 0.000000e+00 -1.744497e-02
0.000000e+00 5.335000e+00 1.208990e+00 9.659578e-01 0.000000e+00 -1.707775e-02
0.000000e+00 5.390000e+00 1.206711e+00 9.635305e-01 0.000000e+00 -1.672782e-02
0.000000e+00 5.445000e+00 1.204460e+00 9.611345e-01 0.000000e+00 -1.640370e-02
0.000000e+00 5.500000e+00 1.202234e+00 9.587667e-01 0.000000e+00 -1.610727e-02
0.000000e+00 5.555000e+00 1.200040e+00 9.564355e-01 0.000000e+00 -1.583112e-02
0.000000e+00 5.610000e+00 1.197892e+00 9.541533e-01 0.000000e+00 -1.556385e-02
0.000000e+00 5.665000e+00 1.195793e+00 9.519246e-01 0.000000e+00 -1.529960e-02
0.000000e+00 5.720000e+00 1.193734e+00 9.497393e-01 0.000000e+00 -1.504405e-02
0.000000e+00 5.775000e+00 1.191695e+00 9.475777e-01 0.000000e+00 -1.481100e-02
0.000000e+00 5.830000e+00 1.189664e+00 9.454251e-01 0.000000e+00 -1.461119e-02
0.000000e+00 5.885000e+00 1.187643e+00 9.432843e-01 0.000000e+00 -1.444178e-02
0.000000e+00 5.940000e+00 1.185652e+00 9.411765e-01 0.000000e+00 -1.428493e-02
0.000000e+00 5.995000e+00 1.183717e+00 9.391287e-01 0.000000e+00 -1.411743e-02
0.000000e+00 6.050000e+00 1.181852e+00 9.371562e-01 0.000000e+00 -1.392507e-02
0.000000e+00 6.105000e+00 1.180050e+00 9.352513e-01 0.000000e+00 -1.371254e-02
0.000000e+00 6.160000e+00 1.178284e+00 9.333856e-01 0.000000e+00 -1.350213e-02
0.000000e+00 6.215000e+00 1.176521e+00 9.315241e-01 0.000000e+00 -1.332207e-02
0.000000e+00 6.270000e+00 1.174739e+00 9.296433e-01 0.000000e+00 -1.319140e-02
0.000000e+00 6.325000e+00 1.172936e+00 9.277418e-01 0.000000e+00 -1.311026e-02
0.000000e+00 6.380000e+00 1.171132e+00 9.258399e-01 0.000000e+00 -1.306050e-02
0.000000e+00 6.435000e+00 1.169356e+00 9.239686e-01 0.000000e+00 -1.301516e-02
0.000000e+00 6.490000e+00 1.167635e+00 9.221555e-01 0.000000e+00 -1.295083e-02
0.000000e+00 6.545000e+00 1.165981e+00 9.204145e-01 0.000000e+00 -1.285648e-02
0.000000e+00 6.600000e+00 1.164392e+00 9.187422e-01 0.000000e+00 -1.273545e-02
0.000000e+00 6.655000e+00 1.162852e+00 9.171222e-01 0.000000e+00 -1.260079e-02
0.000000e+00 6.710000e+00 1.161342e+00 9.155346e-01 0.000000e+00 -1.246738e-02
0.000000e+00 6.765000e+00 1.159848e+00 9.139648e-01 0.000000e+00 -1.234517e-02
0.000000e+00 6.820000e+00 1.158366e+00 9.124079e-01 0.000000e+00 -1.223641e-02
0.000000e+00 6.875000e+00 1.156898e+00 9.108670e-01 0.000000e+00 -1.213742e-02
0.000000e+00 6.930000e+00 1.155451e+00 9.093478e-01 0.000000e+00 -1.204322e-02
0.000000e+00 6.985000e+00 1.154025e+00 9.078514e-01 0.000000e+00 -1.195238e-02
0.000000e+00 7.040000e+00 1.152614e+00 9.063718e-01 0.000000e+00 -1.186925e-02
0.000000e+00 7.095000e+00 1.151208e+00 9.048983e-01 0.000000e+00 -1.180235e-02
0.000000e+00 7.150000e+00 1.149799e+00 9.034219e-01 0.000000e+00 -1.175933e-02
0.000000e+00 7.205000e+00 1.148386e+00 9.019419e-01 0.000000e+00 -1.174136e-02
0.000000e+00 7.260000e+00 1.146978e+00 9.004683e-01 0.000000e+00 -1.174052e-02
0.000000e+00 7.315000e+00 1.145592e+00 8.990173e-01 0.000000e+00 -1.174232e-02
0.000000e+00 7.370000e+00 1.144241e+00 8.976038e-01 0.000000e+00 -1.173258e-02
0.000000e+00 7.425000e+00 1.142929e+00 8.962322e-01 0.000000e+00 -1.170511e-02
0.000000e+00 7.480000e+00 1.141649e+00 8.948941e-01 0.000000e+00 -1.166546e-02
0.000000e+00 7.535000e+00 1.140384e+00 8.935724e-01 0.000000e+00 -1.162782e-02
0.000000e+00 7.590000e+00 1.139120e+00 8.922518e-01 0.000000e+00 -1.160621e-02
0.000000e+00 7.645000e+00 1.137853e+00 8.909288e-01 0.000000e+00 -1.160518e-02
0.000000e+00 7.700000e+00 1.136595e+00 8.896158e-01 0.000000e+00 -1.161562e-02
0.000000e+00 7.755000e+00 1.135369e+00 8.883362e-01 0.000000e+00 -1.161868e-02
0.000000e+00 7.810000e+00 1.134195e+00 8.871122e-01 0.000000e+00 -1.159551e-02
0.000000e+00 7.865000e+00 1.133083e+00 8.859529e-01 0.000000e+00 -1.153757e-02
0.000000e+00 7.920000e+00 1.132024e+00 8.848481e-01 0.000000e+00 -1.145164e-02
0.000000e+00 7.975000e+00 1.130991e+00 8.837724e-01 0.000000e+00 -1.135648e-02
0.000000e+00 8.030000e+00 1.129960e+00 8.826977e-01 0.000000e+00 -1.127314e-02
0.000000e+00 8.085000e+00 1.128912e+00 8.816070e-01 0.000000e+00 -1.121441e-02
0.000000e+00 8.140000e+00 1.127851e+00 8.805021e-01 0.000000e+00 -1.117928e-02
0.000000e+00 8.195000e+00 1.126793e+00 8.794008e-01 0.000000e+00 -1.115489e-02
0.000000e+00 8.250000e+00 1.125760e+00 8.783263e-01 0.000000e+00 -1.112430e-02
0.000000e+00 8.305000e+00 1.124768e+00 8.772941e-01 0.000000e+00 -1.107547e-02
0.000000e+00 8.360000e+00 1.123816e+00 8.763047e-01 0.000000e+00 -1.100662e-02
0.000000e+00 8.415000e+00 1.122892e+00 8.753444e-01 0.000000e+00 -1.092566e-02
0.000000e+00 8.470000e+00 1.121978e+00 8.743946e-01 0.000000e+00 -1.084457e-02
0.000000e+00 8.525000e+00 1.121061e+00 8.734419e-01 0.000000e+00 -1.077266e-02
0.000000e+00 8.580000e+00 1.120139e+00 8.724836e-01 0.000000e+00 -1.071265e-02
0.000000e+00 8.635000e+00 1.119217e+00 8.715262e-01 0.000000e+00 -1.066137e-02
0.000000e+00 8.690000e+00 1.118304e+00 8.705781e-01 0.000000e+00 -1.061373e-02
0.000000e+00 8.745000e+00 1.117403e+00 8.696435e-01 0.000000e+00 -1.056692e-02
0.000000e+00 8.800000e+00 1.116512e+00 8.687194e-01 0.000000e+00 -1.052189e-02
0.000000e+00 8.855000e+00 1.115626e+00 8.677998e-01 0.000000e+00 -1.048160e-02
0.000000e+00 8.910000e+00 1.114739e+00 8.668806e-01 0.000000e+00 -1.044786e-02
0.000000e+00 8.965000e+00 1.113854e+00 8.659627e-01 0.000000e+00 -1.041952e-02
0.000000e+00 9.020000e+00 1.112975e+00 8.650518e-01 0.000000e+00 -1.039310e-02
0.000000e+00 9.075000e+00 1.112108e+00 8.641534e-01 0.000000e+00 -1.036474e-02
0.000000e+00 9.130000e+00 1.111254e+00 8.632696e-01 0.000000e+00 -1.033094e-02
0.000000e+00 9.185000e+00 1.110413e+00 8.623987e-01 0.000000e+00 -1.028692e-02
0.000000e+00 9.240000e+00 1.109582e+00 8.615381e-01 0.000000e+00 -1.022447e-02
0.000000e+00 9.295000e+00 1.108761e+00 8.606877e-01 0.000000e+00 -1.013279e-02
0.000000e+00 9.350000e+00 1.107955e+00 8.598512e-01 0.000000e+00 -1.000423e-02
0.000000e+00 9.405000e+00 1.107167e+00 8.590335e-01 0.000000e+00 -9.843497e-03
0.000000e+00 9.460000e+00 1.106397e+00 8.582373e-01 0.000000e+00 -9.672544e-03
0.000000e+00 9.515000e+00 1.105642e+00 8.574596e-01 0.000000e+00 -9.527756e-03
0.000000e+00 9.570000e+00 1.104897e+00 8.566956e-01 0.000000e+00 -9.443721e-03
0.000000e+00 9.625000e+00 1.104155e+00 8.559387e-01 0.000000e+00 -9.439239e-03
0.000000e+00 9.680000e+00 1.103422e+00 8.551906e-01 0.000000e+00 -9.502699e-03
0.000000e+00 9.735000e+00 1.102698e+00 8.544502e-01 0.000000e+00 -9.606464e-03
0.000000e+00 9.790000e+00 1.101999e+00 8.537305e-01 0.000000e+00 -9.705605e-03
0.000000e+00 9.845000e+00 1.101311e+00 8.530173e-01 0.000000e+00 -9.787435e-03
0.000000e+00 9.900000e+00 1.100656e+00 8.523338e-01 0.000000e+00 -9.819942e-03
0.000000e+00 9.955000e+00 1.099967e+00 8.516111e-01 0.000000e+00 -9.871885e-03
0.000000e+00 1.001000e+01 1.103350e+00 8.550910e-01 -0.000000e+00 -6.410000e-03
0.000000e+00 1.006500e+01 1.103350e+00 8.550910e-01 -0.000000e+00 -6.410000e-03
0.000000e+00 1.012000e+01 1.103350e+00 8.550910e-01 -0.000000e+00 -6.410000e-03
0.000000e+00 1.017500e+01 1.103350e+00 8.550910e-01 -0.000000e+00 -6.410000e-03
0.000000e+00 1.023000e+01 1.103350e+00 8.550910e-01 -0.000000e+00 -6.410000e-03
0.000000e+00 1.028500e+01 1.103350e+00 8.550910e-01 -0.000000e+00 -6.410000e-03
0.000000e+00 1.034000e+01 1.103350e+00 8.550910e-01 -0.000000e+00 -6.410000e-03
0.000000e+00 1.039500e+01 1.103350e+00 8.550910e-01 -0.000000e+00 -6.410000e-03
0.000000e+00 1.045000e+01 1.103350e+00 8.550910e-01 -0.000000e+00 -6.410000e-03
0.000000e+00 1.050500e+01 1.103350e+00 8.550910e-01 -0.000000e+00 -6.410000e-03
0.000000e+00 1.056000e+01 1.103350e+00 8.550910e-01 -0.000000e+00 -6.410000e-03
0.000000e+00 1.061500e+01 1.103350e+00 8.550910e-01 -0.000000e+00 -6.410000e-03
0.000000e+00 1.067000e+01 1.103350e+00 8.550910e-01 -0.000000e+00 -6.410000e-03
0.000000e+00 1.072500e+01 1.103350e+00 8.550910e-01 -0.000000e+00 -6.410000e-03
0.000000e+00 1.078000e+01 1.103350e+00 8.550910e-01 -0.000000e+00 -6.410000e-03
0.000000e+00 1.083500e+01 1.103350e+00 8.550910e-01 -0.000000e+00 -6.410000e-03
0.000000e+00 1.089000e+01 1.103350e+00 8.550910e-01 -0.000000e+00 -6.410000e-03
0.000000e+00 1.094500e+01 1.103350e+00 8.550910e-01 -0.000000e+00 -6.410000e-03
0.000000e+00 1.100000e+01 1.103350e+00 8.550910e-01 -0.000000e+00 -6.410000e-03
