#############TIME##################
8.205056e+00 
###################################
0.000000e+00 0.000000e+00 9.533721e+00 1.520938e+01 0.000000e+00 -1.419530e+00
0.000000e+00 5.500000e-02 9.533721e+00 1.520938e+01 0.000000e+00 -1.419530e+00
0.000000e+00 1.100000e-01 9.533721e+00 1.520938e+01 0.000000e+00 -1.419530e+00
0.000000e+00 1.650000e-01 9.533721e+00 1.520938e+01 0.000000e+00 -1.419530e+00
0.000000e+00 2.200000e-01 9.532365e+00 1.520655e+01 0.000000e+00 -1.419505e+00
0.000000e+00 2.750000e-01 7.410028e+00 1.079477e+01 0.000000e+00 -1.228994e+00
0.000000e+00 3.300000e-01 6.152119e+00 8.448700e+00 0.000000e+00 -1.052531e+00
0.000000e+00 3.850000e-01 5.303855e+00 6.936110e+00 0.000000e+00 -9.144327e-01
0.000000e+00 4.400000e-01 4.686956e+00 5.886873e+00 0.000000e+00 -8.010316e-01
0.000000e+00 4.950000e-01 4.222915e+00 5.124695e+00 0.000000e+00 -7.099891e-01
0.000000e+00 5.500000e-01 3.860936e+00 4.548665e+00 0.000000e+00 -6.350052e-01
0.000000e+00 6.050000e-01 3.573246e+00 4.103261e+00 0.000000e+00 -5.731417e-01
0.000000e+00 6.600000e-01 3.339598e+00 3.749810e+00 0.000000e+00 -5.212039e-01
0.000000e+00 7.150000e-01 3.146476e+00 3.463677e+00 0.000000e+00 -4.771330e-01
0.000000e+00 7.700000e-01 2.983441e+00 3.226467e+00 0.000000e+00 -4.389134e-01
0.000000e+00 8.250000e-01 2.843176e+00 3.025696e+00 0.000000e+00 -4.051252e-01
0.000000e+00 8.800000e-01 2.720292e+00 2.852401e+00 0.000000e+00 -3.746395e-01
0.000000e+00 9.350000e-01 2.611287e+00 2.700779e+00 0.000000e+00 -3.468187e-01
0.000000e+00 9.900000e-01 2.513834e+00 2.566943e+00 0.000000e+00 -3.213055e-01
0.000000e+00 1.045000e+00 2.426463e+00 2.448375e+00 0.000000e+00 -2.979726e-01
0.000000e+00 1.100000e+00 2.348128e+00 2.343238e+00 0.000000e+00 -2.767663e-01
0.000000e+00 1.155000e+00 2.277989e+00 2.250062e+00 0.000000e+00 -2.576461e-01
0.000000e+00 1.210000e+00 2.215218e+00 2.167467e+00 0.000000e+00 -2.405116e-01
0.000000e+00 1.265000e+00 2.158927e+00 2.094052e+00 0.000000e+00 -2.251789e-01
0.000000e+00 1.320000e+00 2.108149e+00 2.028379e+00 0.000000e+00 -2.113809e-01
0.000000e+00 1.375000e+00 2.061932e+00 1.969075e+00 0.000000e+00 -1.988164e-01
0.000000e+00 1.430000e+00 2.019452e+00 1.914978e+00 0.000000e+00 -1.872156e-01
0.000000e+00 1.485000e+00 1.980108e+00 1.865235e+00 0.000000e+00 -1.763937e-01
0.000000e+00 1.540000e+00 1.943526e+00 1.819304e+00 0.000000e+00 -1.662630e-01
0.000000e+00 1.595000e+00 1.909497e+00 1.776859e+00 0.000000e+00 -1.568043e-01
0.000000e+00 1.650000e+00 1.877880e+00 1.737668e+00 0.000000e+00 -1.480202e-01
0.000000e+00 1.705000e+00 1.848520e+00 1.701490e+00 0.000000e+00 -1.398934e-01
0.000000e+00 1.760000e+00 1.821216e+00 1.668031e+00 0.000000e+00 -1.323700e-01
0.000000e+00 1.815000e+00 1.795733e+00 1.636966e+00 0.000000e+00 -1.253710e-01
0.000000e+00 1.870000e+00 1.771847e+00 1.607988e+00 0.000000e+00 -1.188180e-01
0.000000e+00 1.925000e+00 1.749383e+00 1.580861e+00 0.000000e+00 -1.126552e-01
0.000000e+00 1.980000e+00 1.728223e+00 1.555418e+00 0.000000e+00 -1.068539e-01
0.000000e+00 2.035000e+00 1.708284e+00 1.531539e+00 0.000000e+00 -1.014015e-01
0.000000e+00 2.090000e+00 1.689492e+00 1.509120e+00 0.000000e+00 -9.628577e-02
0.000000e+00 2.145000e+00 1.671763e+00 1.488046e+00 0.000000e+00 -9.148506e-02
0.000000e+00 2.200000e+00 1.655005e+00 1.468193e+00 0.000000e+00 -8.696898e-02
0.000000e+00 2.255000e+00 1.639125e+00 1.449442e+00 0.000000e+00 -8.270630e-02
0.000000e+00 2.310000e+00 1.624045e+00 1.431692e+00 0.000000e+00 -7.867204e-02
0.000000e+00 2.365000e+00 1.609704e+00 1.414863e+00 0.000000e+00 -7.484911e-02
0.000000e+00 2.420000e+00 1.596053e+00 1.398889e+00 0.000000e+00 -7.122488e-02
0.000000e+00 2.475000e+00 1.583045e+00 1.383710e+00 0.000000e+00 -6.778728e-02
0.000000e+00 2.530000e+00 1.570639e+00 1.369272e+00 0.000000e+00 -6.452358e-02
0.000000e+00 2.585000e+00 1.558794e+00 1.355523e+00 0.000000e+00 -6.142153e-02
0.000000e+00 2.640000e+00 1.547475e+00 1.342417e+00 0.000000e+00 -5.847061e-02
0.000000e+00 2.695000e+00 1.536652e+00 1.329914e+00 0.000000e+00 -5.566187e-02
0.000000e+00 2.750000e+00 1.526294e+00 1.317976e+00 0.000000e+00 -5.298703e-02
0.000000e+00 2.805000e+00 1.516373e+00 1.306567e+00 0.000000e+00 -5.043779e-02
0.000000e+00 2.860000e+00 1.506862e+00 1.295653e+00 0.000000e+00 -4.800590e-02
0.000000e+00 2.915000e+00 1.497734e+00 1.285200e+00 0.000000e+00 -4.568363e-02
0.000000e+00 2.970000e+00 1.488966e+00 1.275178e+00 0.000000e+00 -4.346417e-02
0.000000e+00 3.025000e+00 1.480535e+00 1.265561e+00 0.000000e+00 -4.134153e-02
0.000000e+00 3.080000e+00 1.472420e+00 1.256322e+00 0.000000e+00 -3.931019e-02
0.000000e+00 3.135000e+00 1.464605e+00 1.247439e+00 0.000000e+00 -3.736501e-02
0.000000e+00 3.190000e+00 1.457070e+00 1.238890e+00 0.000000e+00 -3.550121e-02
0.000000e+00 3.245000e+00 1.449800e+00 1.230656e+00 0.000000e+00 -3.371449e-02
0.000000e+00 3.300000e+00 1.442782e+00 1.222719e+00 0.000000e+00 -3.200094e-02
0.000000e+00 3.355000e+00 1.436001e+00 1.215064e+00 0.000000e+00 -3.035690e-02
0.000000e+00 3.410000e+00 1.429445e+00 1.207673e+00 0.000000e+00 -2.877887e-02
0.000000e+00 3.465000e+00 1.423102e+00 1.200534e+00 0.000000e+00 -2.726359e-02
0.000000e+00 3.520000e+00 1.416962e+00 1.193633e+00 0.000000e+00 -2.580806e-02
0.000000e+00 3.575000e+00 1.411014e+00 1.186957e+00 0.000000e+00 -2.440955e-02
0.000000e+00 3.630000e+00 1.405250e+00 1.180496e+00 0.000000e+00 -2.306549e-02
0.000000e+00 3.685000e+00 1.399660e+00 1.174239e+00 0.000000e+00 -2.177338e-02
0.000000e+00 3.740000e+00 1.394236e+00 1.168176e+00 0.000000e+00 -2.053081e-02
0.000000e+00 3.795000e+00 1.388971e+00 1.162298e+00 0.000000e+00 -1.933560e-02
0.000000e+00 3.850000e+00 1.383856e+00 1.156596e+00 0.000000e+00 -1.818584e-02
0.000000e+00 3.905000e+00 1.378886e+00 1.151061e+00 0.000000e+00 -1.707986e-02
0.000000e+00 3.960000e+00 1.374054e+00 1.145685e+00 0.000000e+00 -1.601614e-02
0.000000e+00 4.015000e+00 1.369352e+00 1.140461e+00 0.000000e+00 -1.499322e-02
0.000000e+00 4.070000e+00 1.364775e+00 1.135382e+00 0.000000e+00 -1.400967e-02
0.000000e+00 4.125000e+00 1.360317e+00 1.130440e+00 0.000000e+00 -1.306420e-02
0.000000e+00 4.180000e+00 1.355972e+00 1.125628e+00 0.000000e+00 -1.215564e-02
0.000000e+00 4.235000e+00 1.351735e+00 1.120940e+00 0.000000e+00 -1.128295e-02
0.000000e+00 4.290000e+00 1.347600e+00 1.116371e+00 0.000000e+00 -1.044515e-02
0.000000e+00 4.345000e+00 1.343562e+00 1.111914e+00 0.000000e+00 -9.641372e-03
0.000000e+00 4.400000e+00 1.339618e+00 1.107564e+00 0.000000e+00 -8.870825e-03
0.000000e+00 4.455000e+00 1.335763e+00 1.103316e+00 0.000000e+00 -8.132869e-03
0.000000e+00 4.510000e+00 1.331991e+00 1.099164e+00 0.000000e+00 -7.427045e-03
0.000000e+00 4.565000e+00 1.328300e+00 1.095104e+00 0.000000e+00 -6.753108e-03
0.000000e+00 4.620000e+00 1.324683e+00 1.091130e+00 0.000000e+00 -6.111024e-03
0.000000e+00 4.675000e+00 1.321136e+00 1.087237e+00 0.000000e+00 -5.500907e-03
0.000000e+00 4.730000e+00 1.317655e+00 1.083420e+00 0.000000e+00 -4.922907e-03
0.000000e+00 4.785000e+00 1.314236e+00 1.079673e+00 0.000000e+00 -4.377095e-03
0.000000e+00 4.840000e+00 1.310874e+00 1.075992e+00 0.000000e+00 -3.863453e-03
0.000000e+00 4.895000e+00 1.307567e+00 1.072375e+00 0.000000e+00 -3.381988e-03
0.000000e+00 4.950000e+00 1.304311e+00 1.068815e+00 0.000000e+00 -2.932922e-03
0.000000e+00 5.005000e+00 1.301101e+00 1.065309e+00 0.000000e+00 -2.516823e-03
0.000000e+00 5.060000e+00 1.297933e+00 1.061852e+00 0.000000e+00 -2.134625e-03
0.000000e+00 5.115000e+00 1.294802e+00 1.058439e+00 0.000000e+00 -1.787606e-03
0.000000e+00 5.170000e+00 1.291704e+00 1.055064e+00 0.000000e+00 -1.477390e-03
0.000000e+00 5.225000e+00 1.288634e+00 1.051721e+00 0.000000e+00 -1.205952e-03
0.000000e+00 5.280000e+00 1.285585e+00 1.048404e+00 0.000000e+00 -9.754712e-04
0.000000e+00 5.335000e+00 1.282553e+00 1.045109e+00 0.000000e+00 -7.879559e-04
0.000000e+00 5.390000e+00 1.279533e+00 1.041829e+00 0.000000e+00 -6.448526e-04
0.000000e+00 5.445000e+00 1.276521e+00 1.038561e+00 0.000000e+00 -5.472090e-04
0.000000e+00 5.500000e+00 1.273514e+00 1.035300e+00 0.000000e+00 -4.968824e-04
0.000000e+00 5.555000e+00 1.270503e+00 1.032037e+00 0.000000e+00 -4.985989e-04
0.000000e+00 5.610000e+00 1.267474e+00 1.028758e+00 0.000000e+00 -5.616377e-04
0.000000e+00 5.665000e+00 1.264408e+00 1.025442e+00 0.000000e+00 -6.996504e-04
0.000000e+00 5.720000e+00 1.261285e+00 1.022066e+00 0.000000e+00 -9.285475e-04
0.000000e+00 5.775000e+00 1.258083e+00 1.018608e+00 0.000000e+00 -1.264517e-03
0.000000e+00 5.830000e+00 1.254779e+00 1.015042e+00 0.000000e+00 -1.724482e-03
0.000000e+00 5.885000e+00 1.251346e+00 1.011342e+00 0.000000e+00 -2.328878e-03
0.000000e+00 5.940000e+00 1.247752e+00 1.007470e+00 0.000000e+00 -3.104383e-03
0.000000e+00 5.995000e+00 1.243954e+00 1.003384e+00 0.000000e+00 -4.084296e-03
0.000000e+00 6.050000e+00 1.239908e+00 9.990349e-01 0.000000e+00 -5.305150e-03
0.000000e+00 6.105000e+00 1.235572e+00 9.943796e-01 0.000000e+00 -6.801244e-03
0.000000e+00 6.160000e+00 1.230901e+00 9.893700e-01 0.000000e+00 -8.610494e-03
0.000000e+00 6.215000e+00 1.225795e+00 9.839020e-01 0.000000e+00 -1.081567e-02
0.000000e+00 6.270000e+00 1.220023e+00 9.777298e-01 0.000000e+00 -1.361286e-02
0.000000e+00 6.325000e+00 1.213218e+00 9.704655e-01 0.000000e+00 -1.731551e-02
0.000000e+00 6.380000e+00 1.205080e+00 9.617964e-01 0.000000e+00 -2.218315e-02
0.000000e+00 6.435000e+00 1.195687e+00 9.518146e-01 0.000000e+00 -2.815948e-02
0.000000e+00 6.490000e+00 1.185582e+00 9.411041e-01 0.000000e+00 -3.479075e-02
0.000000e+00 6.545000e+00 1.175549e+00 9.305001e-01 0.000000e+00 -4.140342e-02
0.000000e+00 6.600000e+00 1.166288e+00 9.207387e-01 0.000000e+00 -4.738433e-02
0.000000e+00 6.655000e+00 1.158170e+00 9.122033e-01 0.000000e+00 -5.239900e-02
0.000000e+00 6.710000e+00 1.151194e+00 9.048840e-01 0.000000e+00 -5.643942e-02
0.000000e+00 6.765000e+00 1.145136e+00 8.985403e-01 0.000000e+00 -5.969578e-02
0.000000e+00 6.820000e+00 1.139752e+00 8.929118e-01 0.000000e+00 -6.238072e-02
0.000000e+00 6.875000e+00 1.134877e+00 8.878227e-01 0.000000e+00 -6.463907e-02
0.000000e+00 6.930000e+00 1.130418e+00 8.831752e-01 0.000000e+00 -6.655106e-02
0.000000e+00 6.985000e+00 1.126320e+00 8.789087e-01 0.000000e+00 -6.816630e-02
0.000000e+00 7.040000e+00 1.122536e+00 8.749740e-01 0.000000e+00 -6.952519e-02
0.000000e+00 7.095000e+00 1.119026e+00 8.713279e-01 0.000000e+00 -7.066335e-02
0.000000e+00 7.150000e+00 1.115757e+00 8.679349e-01 0.000000e+00 -7.161024e-02
0.000000e+00 7.205000e+00 1.112701e+00 8.647672e-01 0.000000e+00 -7.238908e-02
0.000000e+00 7.260000e+00 1.109839e+00 8.618024e-01 0.000000e+00 -7.301846e-02
0.000000e+00 7.315000e+00 1.107152e+00 8.590218e-01 0.000000e+00 -7.351412e-02
0.000000e+00 7.370000e+00 1.104626e+00 8.564096e-01 0.000000e+00 -7.388972e-02
0.000000e+00 7.425000e+00 1.102248e+00 8.539521e-01 0.000000e+00 -7.415719e-02
0.000000e+00 7.480000e+00 1.100006e+00 8.516377e-01 0.000000e+00 -7.432684e-02
0.000000e+00 7.535000e+00 1.097892e+00 8.494561e-01 0.000000e+00 -7.440760e-02
0.000000e+00 7.590000e+00 1.095897e+00 8.473986e-01 0.000000e+00 -7.440726e-02
0.000000e+00 7.645000e+00 1.094013e+00 8.454567e-01 0.000000e+00 -7.433270e-02
0.000000e+00 7.700000e+00 1.092233e+00 8.436229e-01 0.000000e+00 -7.419009e-02
0.000000e+00 7.755000e+00 1.090550e+00 8.418901e-01 0.000000e+00 -7.398507e-02
0.000000e+00 7.810000e+00 1.088958e+00 8.402516e-01 0.000000e+00 -7.372286e-02
0.000000e+00 7.865000e+00 1.087450e+00 8.387011e-01 0.000000e+00 -7.340836e-02
0.000000e+00 7.920000e+00 1.086022e+00 8.372326e-01 0.000000e+00 -7.304616e-02
0.000000e+00 7.975000e+00 1.084667e+00 8.358400e-01 0.000000e+00 -7.264054e-02
0.000000e+00 8.030000e+00 1.083380e+00 8.345176e-01 0.000000e+00 -7.219547e-02
0.000000e+00 8.085000e+00 1.082155e+00 8.332596e-01 0.000000e+00 -7.171466e-02
0.000000e+00 8.140000e+00 1.080987e+00 8.320607e-01 0.000000e+00 -7.120159e-02
0.000000e+00 8.195000e+00 1.079871e+00 8.309157e-01 0.000000e+00 -7.065958e-02
0.000000e+00 8.250000e+00 1.078803e+00 8.298202e-01 0.000000e+00 -7.009177e-02
0.000000e+00 8.305000e+00 1.077779e+00 8.287701e-01 0.000000e+00 -6.950104e-02
0.000000e+00 8.360000e+00 1.076795e+00 8.277621e-01 0.000000e+00 -6.888992e-02
0.000000e+00 8.415000e+00 1.075850e+00 8.267932e-01 0.000000e+00 -6.826059e-02
0.000000e+00 8.470000e+00 1.074940e+00 8.258610e-01 0.000000e+00 -6.761479e-02
0.000000e+00 8.525000e+00 1.074064e+00 8.249640e-01 0.000000e+00 -6.695397e-02
0.000000e+00 8.580000e+00 1.073222e+00 8.241012e-01 0.000000e+00 -6.627929e-02
0.000000e+00 8.635000e+00 1.072412e+00 8.232725e-01 0.000000e+00 -6.559172e-02
0.000000e+00 8.690000e+00 1.071636e+00 8.224779e-01 0.000000e+00 -6.489204e-02
0.000000e+00 8.745000e+00 1.070893e+00 8.217183e-01 0.000000e+00 -6.418082e-02
0.000000e+00 8.800000e+00 1.070185e+00 8.209940e-01 0.000000e+00 -6.345845e-02
0.000000e+00 8.855000e+00 1.069512e+00 8.203052e-01 0.000000e+00 -6.272518e-02
0.000000e+00 8.910000e+00 1.068873e+00 8.196515e-01 0.000000e+00 -6.198116e-02
0.000000e+00 8.965000e+00 1.068267e+00 8.190319e-01 0.000000e+00 -6.122637e-02
0.000000e+00 9.020000e+00 1.067692e+00 8.184443e-01 0.000000e+00 -6.046063e-02
0.000000e+00 9.075000e+00 1.067146e+00 8.178864e-01 0.000000e+00 -5.968343e-02
0.000000e+00 9.130000e+00 1.066626e+00 8.173550e-01 0.000000e+00 -5.889452e-02
0.000000e+00 9.185000e+00 1.066128e+00 8.168469e-01 0.000000e+00 -5.809394e-02
0.000000e+00 9.240000e+00 1.065650e+00 8.163584e-01 0.000000e+00 -5.728305e-02
0.000000e+00 9.295000e+00 1.065188e+00 8.158863e-01 0.000000e+00 -5.646284e-02
0.000000e+00 9.350000e+00 1.064738e+00 8.154264e-01 0.000000e+00 -5.563435e-02
0.000000e+00 9.405000e+00 1.064298e+00 8.149772e-01 0.000000e+00 -5.479339e-02
0.000000e+00 9.460000e+00 1.063864e+00 8.145336e-01 0.000000e+00 -5.393599e-02
0.000000e+00 9.515000e+00 1.063438e+00 8.140983e-01 0.000000e+00 -5.305083e-02
0.000000e+00 9.570000e+00 1.063011e+00 8.136627e-01 0.000000e+00 -5.214303e-02
0.000000e+00 9.625000e+00 1.062597e+00 8.132399e-01 0.000000e+00 -5.121053e-02
0.000000e+00 9.680000e+00 1.062171e+00 8.128075e-01 0.000000e+00 -5.030132e-02
0.000000e+00 9.735000e+00 1.061774e+00 8.124070e-01 0.000000e+00 -4.941710e-02
0.000000e+00 9.790000e+00 1.061338e+00 8.119710e-01 0.000000e+00 -4.866702e-02
0.000000e+00 9.845000e+00 1.060983e+00 8.116235e-01 0.000000e+00 -4.797229e-02
0.000000e+00 9.900000e+00 1.060498e+00 8.111451e-01 0.000000e+00 -4.752695e-02
0.000000e+00 9.955000e+00 1.060343e+00 8.110088e-01 0.000000e+00 -4.692327e-02
0.000000e+00 1.001000e+01 1.103350e+00 8.550910e-01 -0.000000e+00 -6.410000e-03
0.000000e+00 1.006500e+01 1.103350e+00 8.550910e-01 -0.000000e+00 -6.410000e-03
0.000000e+00 1.012000e+01 1.103350e+00 8.550910e-01 -0.000000e+00 -6.410000e-03
0.000000e+00 1.017500e+01 1.103350e+00 8.550910e-01 -0.000000e+00 -6.410000e-03
0.000000e+00 1.023000e+01 1.103350e+00 8.550910e-01 -0.000000e+00 -6.410000e-03
0.000000e+00 1.028500e+01 1.103350e+00 8.550910e-01 -0.000000e+00 -6.410000e-03
0.000000e+00 1.034000e+01 1.103350e+00 8.550910e-01 -0.000000e+00 -6.410000e-03
0.000000e+00 1.039500e+01 1.103350e+00 8.550910e-01 -0.000000e+00 -6.410000e-03
0.000000e+00 1.045000e+01 1.103350e+00 8.550910e-01 -0.000000e+00 -6.410000e-03
0.000000e+00 1.050500e+01 1.103350e+00 8.550910e-01 -0.000000e+00 -6.410000e-03
0.000000e+00 1.056000e+01 1.103350e+00 8.550910e-01 -0.000000e+00 -6.410000e-03
0.000000e+00 1.061500e+01 1.103350e+00 8.550910e-01 -0.000000e+00 -6.410000e-03
0.000000e+00 1.067000e+01 1.103350e+00 8.550910e-01 -0.000000e+00 -6.410000e-03
0.000000e+00 1.072500e+01 1.103350e+00 8.550910e-01 -0.000000e+00 -6.410000e-03
0.000000e+00 1.078000e+01 1.103350e+00 8.550910e-01 -0.000000e+00 -6.410000e-03
0.000000e+00 1.083500e+01 1.103350e+00 8.550910e-01 -0.000000e+00 -6.410000e-03
0.000000e+00 1.089000e+01 1.103350e+00 8.550910e-01 -0.000000e+00 -6.410000e-03
0.000000e+00 1.094500e+01 1.103350e+00 8.550910e-01 -0.000000e+00 -6.410000e-03
0.000000e+00 1.100000e+01 1.103350e+00 8.550910e-01 -0.000000e+00 -6.410000e-03
