#############TIME##################
7.005880e+00 
###################################
0.000000e+00 0.000000e+00 9.560854e+00 1.526167e+01 0.000000e+00 -1.419214e+00
0.000000e+00 5.500000e-02 9.560854e+00 1.526167e+01 0.000000e+00 -1.419214e+00
0.000000e+00 1.100000e-01 9.560854e+00 1.526167e+01 0.000000e+00 -1.419214e+00
0.000000e+00 1.650000e-01 9.560854e+00 1.526167e+01 0.000000e+00 -1.419214e+00
0.000000e+00 2.200000e-01 9.560712e+00 1.526139e+01 0.000000e+00 -1.419221e+00
0.000000e+00 2.750000e-01 7.433675e+00 1.083450e+01 0.000000e+00 -1.229142e+00
0.000000e+00 3.300000e-01 6.172871e+00 8.479725e+00 0.000000e+00 -1.053014e+00
0.000000e+00 3.850000e-01 5.321995e+00 6.961065e+00 0.000000e+00 -9.149260e-01
0.000000e+00 4.400000e-01 4.702153e+00 5.905952e+00 0.000000e+00 -8.011768e-01
0.000000e+00 4.950000e-01 4.234066e+00 5.136961e+00 0.000000e+00 -7.093337e-01
0.000000e+00 5.500000e-01 3.866865e+00 4.552729e+00 0.000000e+00 -6.330217e-01
0.000000e+00 6.050000e-01 3.572788e+00 4.097858e+00 0.000000e+00 -5.693079e-01
0.000000e+00 6.600000e-01 3.332077e+00 3.734374e+00 0.000000e+00 -5.151488e-01
0.000000e+00 7.150000e-01 3.132054e+00 3.438846e+00 0.000000e+00 -4.688011e-01
0.000000e+00 7.700000e-01 2.963277e+00 3.194229e+00 0.000000e+00 -4.286561e-01
0.000000e+00 8.250000e-01 2.819256e+00 2.989071e+00 0.000000e+00 -3.936623e-01
0.000000e+00 8.800000e-01 2.694974e+00 2.814772e+00 0.000000e+00 -3.628863e-01
0.000000e+00 9.350000e-01 2.586780e+00 2.665164e+00 0.000000e+00 -3.356634e-01
0.000000e+00 9.900000e-01 2.491798e+00 2.535500e+00 0.000000e+00 -3.114274e-01
0.000000e+00 1.045000e+00 2.407826e+00 2.422199e+00 0.000000e+00 -2.897488e-01
0.000000e+00 1.100000e+00 2.333099e+00 2.322444e+00 0.000000e+00 -2.702658e-01
0.000000e+00 1.155000e+00 2.266219e+00 2.234029e+00 0.000000e+00 -2.526895e-01
0.000000e+00 1.210000e+00 2.206042e+00 2.155184e+00 0.000000e+00 -2.367742e-01
0.000000e+00 1.265000e+00 2.151638e+00 2.084486e+00 0.000000e+00 -2.223156e-01
0.000000e+00 1.320000e+00 2.102232e+00 2.020767e+00 0.000000e+00 -2.091376e-01
0.000000e+00 1.375000e+00 2.057176e+00 1.963071e+00 0.000000e+00 -1.970896e-01
0.000000e+00 1.430000e+00 2.015923e+00 1.910599e+00 0.000000e+00 -1.860416e-01
0.000000e+00 1.485000e+00 1.978014e+00 1.862691e+00 0.000000e+00 -1.758834e-01
0.000000e+00 1.540000e+00 1.943064e+00 1.818799e+00 0.000000e+00 -1.665236e-01
0.000000e+00 1.595000e+00 1.910753e+00 1.778469e+00 0.000000e+00 -1.578865e-01
0.000000e+00 1.650000e+00 1.880809e+00 1.741318e+00 0.000000e+00 -1.499071e-01
0.000000e+00 1.705000e+00 1.852991e+00 1.707002e+00 0.000000e+00 -1.425217e-01
0.000000e+00 1.760000e+00 1.827065e+00 1.675193e+00 0.000000e+00 -1.356598e-01
0.000000e+00 1.815000e+00 1.802796e+00 1.645570e+00 0.000000e+00 -1.292415e-01
0.000000e+00 1.870000e+00 1.779964e+00 1.617831e+00 0.000000e+00 -1.231872e-01
0.000000e+00 1.925000e+00 1.758399e+00 1.591746e+00 0.000000e+00 -1.174429e-01
0.000000e+00 1.980000e+00 1.738038e+00 1.567219e+00 0.000000e+00 -1.120128e-01
0.000000e+00 2.035000e+00 1.718958e+00 1.544322e+00 0.000000e+00 -1.069851e-01
0.000000e+00 2.090000e+00 1.701367e+00 1.523287e+00 0.000000e+00 -1.025289e-01
0.000000e+00 2.145000e+00 1.685523e+00 1.504405e+00 0.000000e+00 -9.884276e-02
0.000000e+00 2.200000e+00 1.671552e+00 1.487805e+00 0.000000e+00 -9.603682e-02
0.000000e+00 2.255000e+00 1.659215e+00 1.473184e+00 0.000000e+00 -9.398071e-02
0.000000e+00 2.310000e+00 1.647860e+00 1.459759e+00 0.000000e+00 -9.227565e-02
0.000000e+00 2.365000e+00 1.636689e+00 1.446581e+00 0.000000e+00 -9.041467e-02
0.000000e+00 2.420000e+00 1.625039e+00 1.432870e+00 0.000000e+00 -8.798521e-02
0.000000e+00 2.475000e+00 1.612680e+00 1.418361e+00 0.000000e+00 -8.485056e-02
0.000000e+00 2.530000e+00 1.599851e+00 1.403337e+00 0.000000e+00 -8.118714e-02
0.000000e+00 2.585000e+00 1.587031e+00 1.388365e+00 0.000000e+00 -7.733458e-02
0.000000e+00 2.640000e+00 1.574682e+00 1.373981e+00 0.000000e+00 -7.362066e-02
0.000000e+00 2.695000e+00 1.563086e+00 1.360507e+00 0.000000e+00 -7.024957e-02
0.000000e+00 2.750000e+00 1.552288e+00 1.347991e+00 0.000000e+00 -6.726574e-02
0.000000e+00 2.805000e+00 1.542143e+00 1.336259e+00 0.000000e+00 -6.458134e-02
0.000000e+00 2.860000e+00 1.532429e+00 1.325049e+00 0.000000e+00 -6.205242e-02
0.000000e+00 2.915000e+00 1.522974e+00 1.314159e+00 0.000000e+00 -5.956847e-02
0.000000e+00 2.970000e+00 1.513722e+00 1.303527e+00 0.000000e+00 -5.710129e-02
0.000000e+00 3.025000e+00 1.504714e+00 1.293195e+00 0.000000e+00 -5.468885e-02
0.000000e+00 3.080000e+00 1.496014e+00 1.283235e+00 0.000000e+00 -5.238442e-02
0.000000e+00 3.135000e+00 1.487649e+00 1.273678e+00 0.000000e+00 -5.021641e-02
0.000000e+00 3.190000e+00 1.479602e+00 1.264501e+00 0.000000e+00 -4.817832e-02
0.000000e+00 3.245000e+00 1.471834e+00 1.255657e+00 0.000000e+00 -4.624452e-02
0.000000e+00 3.300000e+00 1.464312e+00 1.247109e+00 0.000000e+00 -4.439507e-02
0.000000e+00 3.355000e+00 1.457033e+00 1.238850e+00 0.000000e+00 -4.262935e-02
0.000000e+00 3.410000e+00 1.450006e+00 1.230891e+00 0.000000e+00 -4.095937e-02
0.000000e+00 3.465000e+00 1.443231e+00 1.223230e+00 0.000000e+00 -3.939287e-02
0.000000e+00 3.520000e+00 1.436685e+00 1.215837e+00 0.000000e+00 -3.792401e-02
0.000000e+00 3.575000e+00 1.430326e+00 1.208668e+00 0.000000e+00 -3.653752e-02
0.000000e+00 3.630000e+00 1.424117e+00 1.201678e+00 0.000000e+00 -3.521805e-02
0.000000e+00 3.685000e+00 1.418028e+00 1.194832e+00 0.000000e+00 -3.395598e-02
0.000000e+00 3.740000e+00 1.412041e+00 1.188110e+00 0.000000e+00 -3.274801e-02
0.000000e+00 3.795000e+00 1.406148e+00 1.181503e+00 0.000000e+00 -3.159510e-02
0.000000e+00 3.850000e+00 1.400344e+00 1.175006e+00 0.000000e+00 -3.050031e-02
0.000000e+00 3.905000e+00 1.394631e+00 1.168618e+00 0.000000e+00 -2.946769e-02
0.000000e+00 3.960000e+00 1.389008e+00 1.162341e+00 0.000000e+00 -2.850211e-02
0.000000e+00 4.015000e+00 1.383480e+00 1.156177e+00 0.000000e+00 -2.760870e-02
0.000000e+00 4.070000e+00 1.378047e+00 1.150128e+00 0.000000e+00 -2.679173e-02
0.000000e+00 4.125000e+00 1.372711e+00 1.144193e+00 0.000000e+00 -2.605392e-02
0.000000e+00 4.180000e+00 1.367471e+00 1.138373e+00 0.000000e+00 -2.539654e-02
0.000000e+00 4.235000e+00 1.362324e+00 1.132664e+00 0.000000e+00 -2.482073e-02
0.000000e+00 4.290000e+00 1.357265e+00 1.127059e+00 0.000000e+00 -2.432945e-02
0.000000e+00 4.345000e+00 1.352278e+00 1.121542e+00 0.000000e+00 -2.392965e-02
0.000000e+00 4.400000e+00 1.347341e+00 1.116085e+00 0.000000e+00 -2.363310e-02
0.000000e+00 4.455000e+00 1.342421e+00 1.110655e+00 0.000000e+00 -2.345528e-02
0.000000e+00 4.510000e+00 1.337486e+00 1.105214e+00 0.000000e+00 -2.341242e-02
0.000000e+00 4.565000e+00 1.332504e+00 1.099729e+00 0.000000e+00 -2.351951e-02
0.000000e+00 4.620000e+00 1.327444e+00 1.094165e+00 0.000000e+00 -2.379158e-02
0.000000e+00 4.675000e+00 1.322271e+00 1.088483e+00 0.000000e+00 -2.424852e-02
0.000000e+00 4.730000e+00 1.316940e+00 1.082636e+00 0.000000e+00 -2.491828e-02
0.000000e+00 4.785000e+00 1.311400e+00 1.076568e+00 0.000000e+00 -2.583378e-02
0.000000e+00 4.840000e+00 1.305607e+00 1.070232e+00 0.000000e+00 -2.702605e-02
0.000000e+00 4.895000e+00 1.299518e+00 1.063582e+00 0.000000e+00 -2.852483e-02
0.000000e+00 4.950000e+00 1.293072e+00 1.056553e+00 0.000000e+00 -3.037544e-02
0.000000e+00 5.005000e+00 1.286153e+00 1.049023e+00 0.000000e+00 -3.266855e-02
0.000000e+00 5.060000e+00 1.278567e+00 1.040781e+00 0.000000e+00 -3.556227e-02
0.000000e+00 5.115000e+00 1.270064e+00 1.031563e+00 0.000000e+00 -3.926063e-02
0.000000e+00 5.170000e+00 1.260458e+00 1.021174e+00 0.000000e+00 -4.392012e-02
0.000000e+00 5.225000e+00 1.249787e+00 1.009663e+00 0.000000e+00 -4.951872e-02
0.000000e+00 5.280000e+00 1.238388e+00 9.974039e-01 0.000000e+00 -5.578610e-02
0.000000e+00 5.335000e+00 1.226825e+00 9.850059e-01 0.000000e+00 -6.225995e-02
0.000000e+00 5.390000e+00 1.215694e+00 9.731078e-01 0.000000e+00 -6.843919e-02
0.000000e+00 5.445000e+00 1.205433e+00 9.621709e-01 0.000000e+00 -7.394798e-02
0.000000e+00 5.500000e+00 1.196218e+00 9.523769e-01 0.000000e+00 -7.862553e-02
0.000000e+00 5.555000e+00 1.188005e+00 9.436674e-01 0.000000e+00 -8.250397e-02
0.000000e+00 5.610000e+00 1.180635e+00 9.358700e-01 0.000000e+00 -8.571143e-02
0.000000e+00 5.665000e+00 1.173950e+00 9.288115e-01 0.000000e+00 -8.838065e-02
0.000000e+00 5.720000e+00 1.167834e+00 9.223645e-01 0.000000e+00 -9.061025e-02
0.000000e+00 5.775000e+00 1.162204e+00 9.164411e-01 0.000000e+00 -9.246804e-02
0.000000e+00 5.830000e+00 1.157001e+00 9.109749e-01 0.000000e+00 -9.400528e-02
0.000000e+00 5.885000e+00 1.152174e+00 9.059107e-01 0.000000e+00 -9.526476e-02
0.000000e+00 5.940000e+00 1.147680e+00 9.012024e-01 0.000000e+00 -9.628239e-02
0.000000e+00 5.995000e+00 1.143484e+00 8.968120e-01 0.000000e+00 -9.708746e-02
0.000000e+00 6.050000e+00 1.139558e+00 8.927087e-01 0.000000e+00 -9.770378e-02
0.000000e+00 6.105000e+00 1.135877e+00 8.888664e-01 0.000000e+00 -9.815134e-02
0.000000e+00 6.160000e+00 1.132421e+00 8.852623e-01 0.000000e+00 -9.844756e-02
0.000000e+00 6.215000e+00 1.129172e+00 8.818767e-01 0.000000e+00 -9.860784e-02
0.000000e+00 6.270000e+00 1.126112e+00 8.786918e-01 0.000000e+00 -9.864571e-02
0.000000e+00 6.325000e+00 1.123228e+00 8.756923e-01 0.000000e+00 -9.857309e-02
0.000000e+00 6.380000e+00 1.120506e+00 8.728643e-01 0.000000e+00 -9.840040e-02
0.000000e+00 6.435000e+00 1.117935e+00 8.701952e-01 0.000000e+00 -9.813690e-02
0.000000e+00 6.490000e+00 1.115505e+00 8.676738e-01 0.000000e+00 -9.779090e-02
0.000000e+00 6.545000e+00 1.113205e+00 8.652898e-01 0.000000e+00 -9.736994e-02
0.000000e+00 6.600000e+00 1.111028e+00 8.630339e-01 0.000000e+00 -9.688093e-02
0.000000e+00 6.655000e+00 1.108965e+00 8.608976e-01 0.000000e+00 -9.633018e-02
0.000000e+00 6.710000e+00 1.107008e+00 8.588731e-01 0.000000e+00 -9.572348e-02
0.000000e+00 6.765000e+00 1.105152e+00 8.569532e-01 0.000000e+00 -9.506613e-02
0.000000e+00 6.820000e+00 1.103389e+00 8.551313e-01 0.000000e+00 -9.436292e-02
0.000000e+00 6.875000e+00 1.101714e+00 8.534010e-01 0.000000e+00 -9.361827e-02
0.000000e+00 6.930000e+00 1.100122e+00 8.517566e-01 0.000000e+00 -9.283622e-02
0.000000e+00 6.985000e+00 1.098606e+00 8.501927e-01 0.000000e+00 -9.202050e-02
0.000000e+00 7.040000e+00 1.097163e+00 8.487042e-01 0.000000e+00 -9.117457e-02
0.000000e+00 7.095000e+00 1.095789e+00 8.472866e-01 0.000000e+00 -9.030168e-02
0.000000e+00 7.150000e+00 1.094478e+00 8.459356e-01 0.000000e+00 -8.940487e-02
0.000000e+00 7.205000e+00 1.093228e+00 8.446473e-01 0.000000e+00 -8.848696e-02
0.000000e+00 7.260000e+00 1.092034e+00 8.434181e-01 0.000000e+00 -8.755056e-02
0.000000e+00 7.315000e+00 1.090894e+00 8.422445e-01 0.000000e+00 -8.659804e-02
0.000000e+00 7.370000e+00 1.089805e+00 8.411232e-01 0.000000e+00 -8.563155e-02
0.000000e+00 7.425000e+00 1.088763e+00 8.400513e-01 0.000000e+00 -8.465303e-02
0.000000e+00 7.480000e+00 1.087766e+00 8.390258e-01 0.000000e+00 -8.366431e-02
0.000000e+00 7.535000e+00 1.086811e+00 8.380440e-01 0.000000e+00 -8.266707e-02
0.000000e+00 7.590000e+00 1.085897e+00 8.371037e-01 0.000000e+00 -8.166293e-02
0.000000e+00 7.645000e+00 1.085020e+00 8.362024e-01 0.000000e+00 -8.065337e-02
0.000000e+00 7.700000e+00 1.084179e+00 8.353382e-01 0.000000e+00 -7.963977e-02
0.000000e+00 7.755000e+00 1.083371e+00 8.345090e-01 0.000000e+00 -7.862335e-02
0.000000e+00 7.810000e+00 1.082596e+00 8.337129e-01 0.000000e+00 -7.760524e-02
0.000000e+00 7.865000e+00 1.081851e+00 8.329482e-01 0.000000e+00 -7.658646e-02
0.000000e+00 7.920000e+00 1.081135e+00 8.322130e-01 0.000000e+00 -7.556796e-02
0.000000e+00 7.975000e+00 1.080446e+00 8.315059e-01 0.000000e+00 -7.455065e-02
0.000000e+00 8.030000e+00 1.079782e+00 8.308251e-01 0.000000e+00 -7.353536e-02
0.000000e+00 8.085000e+00 1.079143e+00 8.301692e-01 0.000000e+00 -7.252284e-02
0.000000e+00 8.140000e+00 1.078526e+00 8.295367e-01 0.000000e+00 -7.151375e-02
0.000000e+00 8.195000e+00 1.077931e+00 8.289261e-01 0.000000e+00 -7.050867e-02
0.000000e+00 8.250000e+00 1.077355e+00 8.283360e-01 0.000000e+00 -6.950817e-02
0.000000e+00 8.305000e+00 1.076798e+00 8.277652e-01 0.000000e+00 -6.851277e-02
0.000000e+00 8.360000e+00 1.076259e+00 8.272124e-01 0.000000e+00 -6.752300e-02
0.000000e+00 8.415000e+00 1.075736e+00 8.266766e-01 0.000000e+00 -6.653938e-02
0.000000e+00 8.470000e+00 1.075229e+00 8.261571e-01 0.000000e+00 -6.556234e-02
0.000000e+00 8.525000e+00 1.074737e+00 8.256529e-01 0.000000e+00 -6.459223e-02
0.000000e+00 8.580000e+00 1.074259e+00 8.251632e-01 0.000000e+00 -6.362931e-02
0.000000e+00 8.635000e+00 1.073794e+00 8.246875e-01 0.000000e+00 -6.267368e-02
0.000000e+00 8.690000e+00 1.073343e+00 8.242252e-01 0.000000e+00 -6.172535e-02
0.000000e+00 8.745000e+00 1.072904e+00 8.237760e-01 0.000000e+00 -6.078418e-02
0.000000e+00 8.800000e+00 1.072478e+00 8.233398e-01 0.000000e+00 -5.984992e-02
0.000000e+00 8.855000e+00 1.072064e+00 8.229166e-01 0.000000e+00 -5.892222e-02
0.000000e+00 8.910000e+00 1.071664e+00 8.225066e-01 0.000000e+00 -5.800065e-02
0.000000e+00 8.965000e+00 1.071277e+00 8.221105e-01 0.000000e+00 -5.708478e-02
0.000000e+00 9.020000e+00 1.070903e+00 8.217286e-01 0.000000e+00 -5.617412e-02
0.000000e+00 9.075000e+00 1.070545e+00 8.213615e-01 0.000000e+00 -5.526792e-02
0.000000e+00 9.130000e+00 1.070201e+00 8.210095e-01 0.000000e+00 -5.436508e-02
0.000000e+00 9.185000e+00 1.069871e+00 8.206726e-01 0.000000e+00 -5.346386e-02
0.000000e+00 9.240000e+00 1.069556e+00 8.203503e-01 0.000000e+00 -5.256275e-02
0.000000e+00 9.295000e+00 1.069255e+00 8.200422e-01 0.000000e+00 -5.166034e-02
0.000000e+00 9.350000e+00 1.068965e+00 8.197464e-01 0.000000e+00 -5.075703e-02
0.000000e+00 9.405000e+00 1.068688e+00 8.194629e-01 0.000000e+00 -4.985169e-02
0.000000e+00 9.460000e+00 1.068420e+00 8.191883e-01 0.000000e+00 -4.894415e-02
0.000000e+00 9.515000e+00 1.068162e+00 8.189243e-01 0.000000e+00 -4.802610e-02
0.000000e+00 9.570000e+00 1.067907e+00 8.186637e-01 0.000000e+00 -4.709554e-02
0.000000e+00 9.625000e+00 1.067664e+00 8.184148e-01 0.000000e+00 -4.613973e-02
0.000000e+00 9.680000e+00 1.067413e+00 8.181588e-01 0.000000e+00 -4.518287e-02
0.000000e+00 9.735000e+00 1.067182e+00 8.179242e-01 0.000000e+00 -4.422359e-02
0.000000e+00 9.790000e+00 1.066917e+00 8.176583e-01 0.000000e+00 -4.335349e-02
0.000000e+00 9.845000e+00 1.066707e+00 8.174523e-01 0.000000e+00 -4.253369e-02
0.000000e+00 9.900000e+00 1.066391e+00 8.171421e-01 0.000000e+00 -4.193697e-02
0.000000e+00 9.955000e+00 1.066305e+00 8.170740e-01 0.000000e+00 -4.128241e-02
0.000000e+00 1.001000e+01 1.103350e+00 8.550910e-01 -0.000000e+00 -6.410000e-03
0.000000e+00 1.006500e+01 1.103350e+00 8.550910e-01 -0.000000e+00 -6.410000e-03
0.000000e+00 1.012000e+01 1.103350e+00 8.550910e-01 -0.000000e+00 -6.410000e-03
0.000000e+00 1.017500e+01 1.103350e+00 8.550910e-01 -0.000000e+00 -6.410000e-03
0.000000e+00 1.023000e+01 1.103350e+00 8.550910e-01 -0.000000e+00 -6.410000e-03
0.000000e+00 1.028500e+01 1.103350e+00 8.550910e-01 -0.000000e+00 -6.410000e-03
0.000000e+00 1.034000e+01 1.103350e+00 8.550910e-01 -0.000000e+00 -6.410000e-03
0.000000e+00 1.039500e+01 1.103350e+00 8.550910e-01 -0.000000e+00 -6.410000e-03
0.000000e+00 1.045000e+01 1.103350e+00 8.550910e-01 -0.000000e+00 -6.410000e-03
0.000000e+00 1.050500e+01 1.103350e+00 8.550910e-01 -0.000000e+00 -6.410000e-03
0.000000e+00 1.056000e+01 1.103350e+00 8.550910e-01 -0.000000e+00 -6.410000e-03
0.000000e+00 1.061500e+01 1.103350e+00 8.550910e-01 -0.000000e+00 -6.410000e-03
0.000000e+00 1.067000e+01 1.103350e+00 8.550910e-01 -0.000000e+00 -6.410000e-03
0.000000e+00 1.072500e+01 1.103350e+00 8.550910e-01 -0.000000e+00 -6.410000e-03
0.000000e+00 1.078000e+01 1.103350e+00 8.550910e-01 -0.000000e+00 -6.410000e-03
0.000000e+00 1.083500e+01 1.103350e+00 8.550910e-01 -0.000000e+00 -6.410000e-03
0.000000e+00 1.089000e+01 1.103350e+00 8.550910e-01 -0.000000e+00 -6.410000e-03
0.000000e+00 1.094500e+01 1.103350e+00 8.550910e-01 -0.000000e+00 -6.410000e-03
0.000000e+00 1.100000e+01 1.103350e+00 8.550910e-01 -0.000000e+00 -6.410000e-03
