#############TIME##################
2.603455e+00 
###################################
0.000000e+00 0.000000e+00 8.816050e+00 1.371092e+01 0.000000e+00 -1.493053e+00
0.000000e+00 5.500000e-02 8.816050e+00 1.371092e+01 0.000000e+00 -1.493053e+00
0.000000e+00 1.100000e-01 8.816050e+00 1.371092e+01 0.000000e+00 -1.493053e+00
0.000000e+00 1.650000e-01 8.816050e+00 1.371092e+01 0.000000e+00 -1.493053e+00
0.000000e+00 2.200000e-01 8.824642e+00 1.372879e+01 0.000000e+00 -1.492314e+00
0.000000e+00 2.750000e-01 6.896727e+00 9.806426e+00 0.000000e+00 -1.292770e+00
0.000000e+00 3.300000e-01 5.760680e+00 7.730741e+00 0.000000e+00 -1.107882e+00
0.000000e+00 3.850000e-01 4.966901e+00 6.346677e+00 0.000000e+00 -9.685064e-01
0.000000e+00 4.400000e-01 4.377824e+00 5.366720e+00 0.000000e+00 -8.566442e-01
0.000000e+00 4.950000e-01 3.928022e+00 4.645198e+00 0.000000e+00 -7.680245e-01
0.000000e+00 5.500000e-01 3.571467e+00 4.092439e+00 0.000000e+00 -6.956877e-01
0.000000e+00 6.050000e-01 3.283112e+00 3.658387e+00 0.000000e+00 -6.366543e-01
0.000000e+00 6.600000e-01 3.044044e+00 3.307824e+00 0.000000e+00 -5.878266e-01
0.000000e+00 7.150000e-01 2.842675e+00 3.019537e+00 0.000000e+00 -5.474347e-01
0.000000e+00 7.700000e-01 2.670369e+00 2.778119e+00 0.000000e+00 -5.137111e-01
0.000000e+00 8.250000e-01 2.521236e+00 2.573294e+00 0.000000e+00 -4.855130e-01
0.000000e+00 8.800000e-01 2.390530e+00 2.397037e+00 0.000000e+00 -4.618800e-01
0.000000e+00 9.350000e-01 2.274627e+00 2.243391e+00 0.000000e+00 -4.422284e-01
0.000000e+00 9.900000e-01 2.170623e+00 2.107710e+00 0.000000e+00 -4.260788e-01
0.000000e+00 1.045000e+00 2.076439e+00 1.986687e+00 0.000000e+00 -4.130187e-01
0.000000e+00 1.100000e+00 1.990639e+00 1.878011e+00 0.000000e+00 -4.025734e-01
0.000000e+00 1.155000e+00 1.912251e+00 1.780073e+00 0.000000e+00 -3.942631e-01
0.000000e+00 1.210000e+00 1.840480e+00 1.691565e+00 0.000000e+00 -3.876641e-01
0.000000e+00 1.265000e+00 1.774603e+00 1.611327e+00 0.000000e+00 -3.824560e-01
0.000000e+00 1.320000e+00 1.714006e+00 1.538388e+00 0.000000e+00 -3.783631e-01
0.000000e+00 1.375000e+00 1.658278e+00 1.472060e+00 0.000000e+00 -3.750861e-01
0.000000e+00 1.430000e+00 1.607177e+00 1.411885e+00 0.000000e+00 -3.722938e-01
0.000000e+00 1.485000e+00 1.560512e+00 1.357485e+00 0.000000e+00 -3.696810e-01
0.000000e+00 1.540000e+00 1.518053e+00 1.308456e+00 0.000000e+00 -3.670164e-01
0.000000e+00 1.595000e+00 1.479526e+00 1.264363e+00 0.000000e+00 -3.641479e-01
0.000000e+00 1.650000e+00 1.444635e+00 1.224762e+00 0.000000e+00 -3.609833e-01
0.000000e+00 1.705000e+00 1.413072e+00 1.189217e+00 0.000000e+00 -3.574773e-01
0.000000e+00 1.760000e+00 1.384529e+00 1.157302e+00 0.000000e+00 -3.536246e-01
0.000000e+00 1.815000e+00 1.358699e+00 1.128610e+00 0.000000e+00 -3.494476e-01
0.000000e+00 1.870000e+00 1.335298e+00 1.102775e+00 0.000000e+00 -3.449809e-01
0.000000e+00 1.925000e+00 1.314078e+00 1.079476e+00 0.000000e+00 -3.402576e-01
0.000000e+00 1.980000e+00 1.294823e+00 1.058442e+00 0.000000e+00 -3.353056e-01
0.000000e+00 2.035000e+00 1.277347e+00 1.039441e+00 0.000000e+00 -3.301488e-01
0.000000e+00 2.090000e+00 1.261484e+00 1.022268e+00 0.000000e+00 -3.248107e-01
0.000000e+00 2.145000e+00 1.247082e+00 1.006739e+00 0.000000e+00 -3.193156e-01
0.000000e+00 2.200000e+00 1.234005e+00 9.926898e-01 0.000000e+00 -3.136885e-01
0.000000e+00 2.255000e+00 1.222130e+00 9.799735e-01 0.000000e+00 -3.079538e-01
0.000000e+00 2.310000e+00 1.211343e+00 9.684593e-01 0.000000e+00 -3.021344e-01
0.000000e+00 2.365000e+00 1.201546e+00 9.580306e-01 0.000000e+00 -2.962518e-01
0.000000e+00 2.420000e+00 1.192648e+00 9.485834e-01 0.000000e+00 -2.903259e-01
0.000000e+00 2.475000e+00 1.184567e+00 9.400240e-01 0.000000e+00 -2.843753e-01
0.000000e+00 2.530000e+00 1.177229e+00 9.322681e-01 0.000000e+00 -2.784174e-01
0.000000e+00 2.585000e+00 1.170565e+00 9.252396e-01 0.000000e+00 -2.724683e-01
0.000000e+00 2.640000e+00 1.164516e+00 9.188698e-01 0.000000e+00 -2.665428e-01
0.000000e+00 2.695000e+00 1.159024e+00 9.130966e-01 0.000000e+00 -2.606544e-01
0.000000e+00 2.750000e+00 1.154038e+00 9.078639e-01 0.000000e+00 -2.548153e-01
0.000000e+00 2.805000e+00 1.149513e+00 9.031206e-01 0.000000e+00 -2.490366e-01
0.000000e+00 2.860000e+00 1.145406e+00 8.988209e-01 0.000000e+00 -2.433279e-01
0.000000e+00 2.915000e+00 1.141678e+00 8.949229e-01 0.000000e+00 -2.376980e-01
0.000000e+00 2.970000e+00 1.138295e+00 8.913887e-01 0.000000e+00 -2.321542e-01
0.000000e+00 3.025000e+00 1.135224e+00 8.881841e-01 0.000000e+00 -2.267033e-01
0.000000e+00 3.080000e+00 1.132437e+00 8.852779e-01 0.000000e+00 -2.213506e-01
0.000000e+00 3.135000e+00 1.129907e+00 8.826417e-01 0.000000e+00 -2.161010e-01
0.000000e+00 3.190000e+00 1.127610e+00 8.802500e-01 0.000000e+00 -2.109581e-01
0.000000e+00 3.245000e+00 1.125524e+00 8.780797e-01 0.000000e+00 -2.059251e-01
0.000000e+00 3.300000e+00 1.123629e+00 8.761095e-01 0.000000e+00 -2.010043e-01
0.000000e+00 3.355000e+00 1.121908e+00 8.743206e-01 0.000000e+00 -1.961973e-01
0.000000e+00 3.410000e+00 1.120344e+00 8.726956e-01 0.000000e+00 -1.915052e-01
0.000000e+00 3.465000e+00 1.118922e+00 8.712189e-01 0.000000e+00 -1.869285e-01
0.000000e+00 3.520000e+00 1.117628e+00 8.698765e-01 0.000000e+00 -1.824673e-01
0.000000e+00 3.575000e+00 1.116451e+00 8.686555e-01 0.000000e+00 -1.781212e-01
0.000000e+00 3.630000e+00 1.115380e+00 8.675444e-01 0.000000e+00 -1.738894e-01
0.000000e+00 3.685000e+00 1.114405e+00 8.665328e-01 0.000000e+00 -1.697709e-01
0.000000e+00 3.740000e+00 1.113516e+00 8.656113e-01 0.000000e+00 -1.657641e-01
0.000000e+00 3.795000e+00 1.112705e+00 8.647713e-01 0.000000e+00 -1.618676e-01
0.000000e+00 3.850000e+00 1.111966e+00 8.640052e-01 0.000000e+00 -1.580795e-01
0.000000e+00 3.905000e+00 1.111291e+00 8.633061e-01 0.000000e+00 -1.543978e-01
0.000000e+00 3.960000e+00 1.110674e+00 8.626677e-01 0.000000e+00 -1.508203e-01
0.000000e+00 4.015000e+00 1.110111e+00 8.620843e-01 0.000000e+00 -1.473447e-01
0.000000e+00 4.070000e+00 1.109596e+00 8.615509e-01 0.000000e+00 -1.439687e-01
0.000000e+00 4.125000e+00 1.109124e+00 8.610628e-01 0.000000e+00 -1.406899e-01
0.000000e+00 4.180000e+00 1.108692e+00 8.606158e-01 0.000000e+00 -1.375058e-01
0.000000e+00 4.235000e+00 1.108297e+00 8.602062e-01 0.000000e+00 -1.344139e-01
0.000000e+00 4.290000e+00 1.107934e+00 8.598307e-01 0.000000e+00 -1.314116e-01
0.000000e+00 4.345000e+00 1.107601e+00 8.594861e-01 0.000000e+00 -1.284965e-01
0.000000e+00 4.400000e+00 1.107295e+00 8.591696e-01 0.000000e+00 -1.256660e-01
0.000000e+00 4.455000e+00 1.107014e+00 8.588787e-01 0.000000e+00 -1.229176e-01
0.000000e+00 4.510000e+00 1.106755e+00 8.586113e-01 0.000000e+00 -1.202489e-01
0.000000e+00 4.565000e+00 1.106517e+00 8.583651e-01 0.000000e+00 -1.176575e-01
0.000000e+00 4.620000e+00 1.106298e+00 8.581384e-01 0.000000e+00 -1.151409e-01
0.000000e+00 4.675000e+00 1.106096e+00 8.579294e-01 0.000000e+00 -1.126968e-01
0.000000e+00 4.730000e+00 1.105909e+00 8.577366e-01 0.000000e+00 -1.103229e-01
0.000000e+00 4.785000e+00 1.105737e+00 8.575587e-01 0.000000e+00 -1.080171e-01
0.000000e+00 4.840000e+00 1.105578e+00 8.573944e-01 0.000000e+00 -1.057770e-01
0.000000e+00 4.895000e+00 1.105431e+00 8.572425e-01 0.000000e+00 -1.036006e-01
0.000000e+00 4.950000e+00 1.105296e+00 8.571020e-01 0.000000e+00 -1.014859e-01
0.000000e+00 5.005000e+00 1.105170e+00 8.569719e-01 0.000000e+00 -9.943071e-02
0.000000e+00 5.060000e+00 1.105053e+00 8.568514e-01 0.000000e+00 -9.743319e-02
0.000000e+00 5.115000e+00 1.104945e+00 8.567397e-01 0.000000e+00 -9.549143e-02
0.000000e+00 5.170000e+00 1.104845e+00 8.566361e-01 0.000000e+00 -9.360361e-02
0.000000e+00 5.225000e+00 1.104752e+00 8.565399e-01 0.000000e+00 -9.176794e-02
0.000000e+00 5.280000e+00 1.104665e+00 8.564505e-01 0.000000e+00 -8.998272e-02
0.000000e+00 5.335000e+00 1.104585e+00 8.563675e-01 0.000000e+00 -8.824627e-02
0.000000e+00 5.390000e+00 1.104510e+00 8.562902e-01 0.000000e+00 -8.655701e-02
0.000000e+00 5.445000e+00 1.104441e+00 8.562183e-01 0.000000e+00 -8.491338e-02
0.000000e+00 5.500000e+00 1.104376e+00 8.561514e-01 0.000000e+00 -8.331389e-02
0.000000e+00 5.555000e+00 1.104316e+00 8.560889e-01 0.000000e+00 -8.175709e-02
0.000000e+00 5.610000e+00 1.104259e+00 8.560307e-01 0.000000e+00 -8.024159e-02
0.000000e+00 5.665000e+00 1.104207e+00 8.559764e-01 0.000000e+00 -7.876605e-02
0.000000e+00 5.720000e+00 1.104158e+00 8.559257e-01 0.000000e+00 -7.732916e-02
0.000000e+00 5.775000e+00 1.104112e+00 8.558784e-01 0.000000e+00 -7.592968e-02
0.000000e+00 5.830000e+00 1.104069e+00 8.558341e-01 0.000000e+00 -7.456640e-02
0.000000e+00 5.885000e+00 1.104029e+00 8.557926e-01 0.000000e+00 -7.323816e-02
0.000000e+00 5.940000e+00 1.103991e+00 8.557539e-01 0.000000e+00 -7.194384e-02
0.000000e+00 5.995000e+00 1.103956e+00 8.557176e-01 0.000000e+00 -7.068235e-02
0.000000e+00 6.050000e+00 1.103923e+00 8.556835e-01 0.000000e+00 -6.945265e-02
0.000000e+00 6.105000e+00 1.103893e+00 8.556516e-01 0.000000e+00 -6.825375e-02
0.000000e+00 6.160000e+00 1.103864e+00 8.556217e-01 0.000000e+00 -6.708467e-02
0.000000e+00 6.215000e+00 1.103836e+00 8.555936e-01 0.000000e+00 -6.594448e-02
0.000000e+00 6.270000e+00 1.103811e+00 8.555673e-01 0.000000e+00 -6.483225e-02
0.000000e+00 6.325000e+00 1.103787e+00 8.555424e-01 0.000000e+00 -6.374709e-02
0.000000e+00 6.380000e+00 1.103764e+00 8.555191e-01 0.000000e+00 -6.268820e-02
0.000000e+00 6.435000e+00 1.103743e+00 8.554972e-01 0.000000e+00 -6.165492e-02
0.000000e+00 6.490000e+00 1.103724e+00 8.554770e-01 0.000000e+00 -6.064660e-02
0.000000e+00 6.545000e+00 1.103705e+00 8.554580e-01 0.000000e+00 -5.966223e-02
0.000000e+00 6.600000e+00 1.103687e+00 8.554392e-01 0.000000e+00 -5.870030e-02
0.000000e+00 6.655000e+00 1.103668e+00 8.554199e-01 0.000000e+00 -5.775948e-02
0.000000e+00 6.710000e+00 1.103650e+00 8.554015e-01 0.000000e+00 -5.684041e-02
0.000000e+00 6.765000e+00 1.103638e+00 8.553883e-01 0.000000e+00 -5.594643e-02
0.000000e+00 6.820000e+00 1.103634e+00 8.553841e-01 0.000000e+00 -5.508029e-02
0.000000e+00 6.875000e+00 1.103633e+00 8.553837e-01 0.000000e+00 -5.423656e-02
0.000000e+00 6.930000e+00 1.103617e+00 8.553673e-01 0.000000e+00 -5.339712e-02
0.000000e+00 6.985000e+00 1.103565e+00 8.553131e-01 0.000000e+00 -5.254224e-02
0.000000e+00 7.040000e+00 1.103485e+00 8.552305e-01 0.000000e+00 -5.168029e-02
0.000000e+00 7.095000e+00 1.103450e+00 8.551940e-01 0.000000e+00 -5.087732e-02
0.000000e+00 7.150000e+00 1.103595e+00 8.553440e-01 0.000000e+00 -5.025736e-02
0.000000e+00 7.205000e+00 1.104064e+00 8.558285e-01 0.000000e+00 -4.994999e-02
0.000000e+00 7.260000e+00 1.104875e+00 8.566671e-01 0.000000e+00 -4.996790e-02
0.000000e+00 7.315000e+00 1.105860e+00 8.576856e-01 0.000000e+00 -5.015358e-02
0.000000e+00 7.370000e+00 1.106744e+00 8.585996e-01 0.000000e+00 -5.025179e-02
0.000000e+00 7.425000e+00 1.107231e+00 8.591034e-01 0.000000e+00 -4.999471e-02
0.000000e+00 7.480000e+00 1.107180e+00 8.590509e-01 0.000000e+00 -4.925536e-02
0.000000e+00 7.535000e+00 1.106735e+00 8.585907e-01 0.000000e+00 -4.817092e-02
0.000000e+00 7.590000e+00 1.106148e+00 8.579831e-01 0.000000e+00 -4.697242e-02
0.000000e+00 7.645000e+00 1.105616e+00 8.574333e-01 0.000000e+00 -4.584511e-02
0.000000e+00 7.700000e+00 1.105206e+00 8.570093e-01 0.000000e+00 -4.485253e-02
0.000000e+00 7.755000e+00 1.104856e+00 8.566475e-01 0.000000e+00 -4.393972e-02
0.000000e+00 7.810000e+00 1.104481e+00 8.562599e-01 0.000000e+00 -4.302624e-02
0.000000e+00 7.865000e+00 1.104066e+00 8.558309e-01 0.000000e+00 -4.209006e-02
0.000000e+00 7.920000e+00 1.103665e+00 8.554169e-01 0.000000e+00 -4.116936e-02
0.000000e+00 7.975000e+00 1.103336e+00 8.550761e-01 0.000000e+00 -4.030659e-02
0.000000e+00 8.030000e+00 1.103082e+00 8.548136e-01 0.000000e+00 -3.950504e-02
0.000000e+00 8.085000e+00 1.102858e+00 8.545822e-01 0.000000e+00 -3.873200e-02
0.000000e+00 8.140000e+00 1.102607e+00 8.543234e-01 0.000000e+00 -3.795077e-02
0.000000e+00 8.195000e+00 1.102297e+00 8.540033e-01 0.000000e+00 -3.714471e-02
0.000000e+00 8.250000e+00 1.101929e+00 8.536232e-01 0.000000e+00 -3.631919e-02
0.000000e+00 8.305000e+00 1.101528e+00 8.532083e-01 0.000000e+00 -3.549116e-02
0.000000e+00 8.360000e+00 1.101125e+00 8.527922e-01 0.000000e+00 -3.467899e-02
0.000000e+00 8.415000e+00 1.100746e+00 8.524012e-01 0.000000e+00 -3.389533e-02
0.000000e+00 8.470000e+00 1.100401e+00 8.520451e-01 0.000000e+00 -3.314320e-02
0.000000e+00 8.525000e+00 1.100083e+00 8.517168e-01 0.000000e+00 -3.241667e-02
0.000000e+00 8.580000e+00 1.099777e+00 8.514009e-01 0.000000e+00 -3.170620e-02
0.000000e+00 8.635000e+00 1.099470e+00 8.510840e-01 0.000000e+00 -3.100447e-02
0.000000e+00 8.690000e+00 1.099156e+00 8.507601e-01 0.000000e+00 -3.030904e-02
0.000000e+00 8.745000e+00 1.098836e+00 8.504303e-01 0.000000e+00 -2.962128e-02
0.000000e+00 8.800000e+00 1.098516e+00 8.500995e-01 0.000000e+00 -2.894386e-02
0.000000e+00 8.855000e+00 1.098199e+00 8.497725e-01 0.000000e+00 -2.827869e-02
0.000000e+00 8.910000e+00 1.097888e+00 8.494515e-01 0.000000e+00 -2.762611e-02
0.000000e+00 8.965000e+00 1.097583e+00 8.491368e-01 0.000000e+00 -2.698528e-02
0.000000e+00 9.020000e+00 1.097283e+00 8.488276e-01 0.000000e+00 -2.635518e-02
0.000000e+00 9.075000e+00 1.096988e+00 8.485233e-01 0.000000e+00 -2.573513e-02
0.000000e+00 9.130000e+00 1.096697e+00 8.482237e-01 0.000000e+00 -2.512465e-02
0.000000e+00 9.185000e+00 1.096411e+00 8.479279e-01 0.000000e+00 -2.452308e-02
0.000000e+00 9.240000e+00 1.096127e+00 8.476351e-01 0.000000e+00 -2.392964e-02
0.000000e+00 9.295000e+00 1.095845e+00 8.473448e-01 0.000000e+00 -2.334364e-02
0.000000e+00 9.350000e+00 1.095565e+00 8.470566e-01 0.000000e+00 -2.276468e-02
0.000000e+00 9.405000e+00 1.095288e+00 8.467703e-01 0.000000e+00 -2.219224e-02
0.000000e+00 9.460000e+00 1.095012e+00 8.464858e-01 0.000000e+00 -2.162549e-02
0.000000e+00 9.515000e+00 1.094737e+00 8.462030e-01 0.000000e+00 -2.106336e-02
0.000000e+00 9.570000e+00 1.094464e+00 8.459216e-01 0.000000e+00 -2.050588e-02
0.000000e+00 9.625000e+00 1.094193e+00 8.456419e-01 0.000000e+00 -1.995350e-02
0.000000e+00 9.680000e+00 1.093923e+00 8.453630e-01 0.000000e+00 -1.940648e-02
0.000000e+00 9.735000e+00 1.093655e+00 8.450862e-01 0.000000e+00 -1.885901e-02
0.000000e+00 9.790000e+00 1.093385e+00 8.448092e-01 0.000000e+00 -1.830627e-02
0.000000e+00 9.845000e+00 1.093118e+00 8.445363e-01 0.000000e+00 -1.774632e-02
0.000000e+00 9.900000e+00 1.092847e+00 8.442589e-01 0.000000e+00 -1.721041e-02
0.000000e+00 9.955000e+00 1.092588e+00 8.439935e-01 0.000000e+00 -1.672144e-02
0.000000e+00 1.001000e+01 1.103350e+00 8.550910e-01 -0.000000e+00 -6.410000e-03
0.000000e+00 1.006500e+01 1.103350e+00 8.550910e-01 -0.000000e+00 -6.410000e-03
0.000000e+00 1.012000e+01 1.103350e+00 8.550910e-01 -0.000000e+00 -6.410000e-03
0.000000e+00 1.017500e+01 1.103350e+00 8.550910e-01 -0.000000e+00 -6.410000e-03
0.000000e+00 1.023000e+01 1.103350e+00 8.550910e-01 -0.000000e+00 -6.410000e-03
0.000000e+00 1.028500e+01 1.103350e+00 8.550910e-01 -0.000000e+00 -6.410000e-03
0.000000e+00 1.034000e+01 1.103350e+00 8.550910e-01 -0.000000e+00 -6.410000e-03
0.000000e+00 1.039500e+01 1.103350e+00 8.550910e-01 -0.000000e+00 -6.410000e-03
0.000000e+00 1.045000e+01 1.103350e+00 8.550910e-01 -0.000000e+00 -6.410000e-03
0.000000e+00 1.050500e+01 1.103350e+00 8.550910e-01 -0.000000e+00 -6.410000e-03
0.000000e+00 1.056000e+01 1.103350e+00 8.550910e-01 -0.000000e+00 -6.410000e-03
0.000000e+00 1.061500e+01 1.103350e+00 8.550910e-01 -0.000000e+00 -6.410000e-03
0.000000e+00 1.067000e+01 1.103350e+00 8.550910e-01 -0.000000e+00 -6.410000e-03
0.000000e+00 1.072500e+01 1.103350e+00 8.550910e-01 -0.000000e+00 -6.410000e-03
0.000000e+00 1.078000e+01 1.103350e+00 8.550910e-01 -0.000000e+00 -6.410000e-03
0.000000e+00 1.083500e+01 1.103350e+00 8.550910e-01 -0.000000e+00 -6.410000e-03
0.000000e+00 1.089000e+01 1.103350e+00 8.550910e-01 -0.000000e+00 -6.410000e-03
0.000000e+00 1.094500e+01 1.103350e+00 8.550910e-01 -0.000000e+00 -6.410000e-03
0.000000e+00 1.100000e+01 1.103350e+00 8.550910e-01 -0.000000e+00 -6.410000e-03
