#############TIME##################
2.280133e+01 
###################################
0.000000e+00 0.000000e+00 8.936995e+00 1.395963e+01 0.000000e+00 -1.453807e+00
0.000000e+00 5.500000e-02 8.936995e+00 1.395963e+01 0.000000e+00 -1.453807e+00
0.000000e+00 1.100000e-01 8.936995e+00 1.395963e+01 0.000000e+00 -1.453807e+00
0.000000e+00 1.650000e-01 8.936995e+00 1.395963e+01 0.000000e+00 -1.453807e+00
0.000000e+00 2.200000e-01 8.937449e+00 1.396057e+01 0.000000e+00 -1.453767e+00
0.000000e+00 2.750000e-01 6.967058e+00 9.940536e+00 0.000000e+00 -1.256624e+00
0.000000e+00 3.300000e-01 5.798400e+00 7.803386e+00 0.000000e+00 -1.074575e+00
0.000000e+00 3.850000e-01 5.000233e+00 6.407935e+00 0.000000e+00 -9.338893e-01
0.000000e+00 4.400000e-01 4.415241e+00 5.432473e+00 0.000000e+00 -8.185194e-01
0.000000e+00 4.950000e-01 3.972684e+00 4.720091e+00 0.000000e+00 -7.257148e-01
0.000000e+00 5.500000e-01 3.624835e+00 4.177971e+00 0.000000e+00 -6.486089e-01
0.000000e+00 6.050000e-01 3.346218e+00 3.755867e+00 0.000000e+00 -5.843061e-01
0.000000e+00 6.600000e-01 3.118013e+00 3.418394e+00 0.000000e+00 -5.296228e-01
0.000000e+00 7.150000e-01 2.928305e+00 3.143971e+00 0.000000e+00 -4.828661e-01
0.000000e+00 7.700000e-01 2.768078e+00 2.916652e+00 0.000000e+00 -4.423919e-01
0.000000e+00 8.250000e-01 2.631278e+00 2.725953e+00 0.000000e+00 -4.071448e-01
0.000000e+00 8.800000e-01 2.513218e+00 2.563973e+00 0.000000e+00 -3.761339e-01
0.000000e+00 9.350000e-01 2.410478e+00 2.425043e+00 0.000000e+00 -3.486787e-01
0.000000e+00 9.900000e-01 2.320249e+00 2.304635e+00 0.000000e+00 -3.242298e-01
0.000000e+00 1.045000e+00 2.240339e+00 2.199292e+00 0.000000e+00 -3.024064e-01
0.000000e+00 1.100000e+00 2.169038e+00 2.106350e+00 0.000000e+00 -2.828628e-01
0.000000e+00 1.155000e+00 2.105096e+00 2.023868e+00 0.000000e+00 -2.652749e-01
0.000000e+00 1.210000e+00 2.047541e+00 1.950342e+00 0.000000e+00 -2.493390e-01
0.000000e+00 1.265000e+00 1.995525e+00 1.884488e+00 0.000000e+00 -2.348300e-01
0.000000e+00 1.320000e+00 1.948238e+00 1.825121e+00 0.000000e+00 -2.216115e-01
0.000000e+00 1.375000e+00 1.904967e+00 1.771219e+00 0.000000e+00 -2.095946e-01
0.000000e+00 1.430000e+00 1.865180e+00 1.722019e+00 0.000000e+00 -1.986669e-01
0.000000e+00 1.485000e+00 1.828551e+00 1.677034e+00 0.000000e+00 -1.886629e-01
0.000000e+00 1.540000e+00 1.794864e+00 1.635929e+00 0.000000e+00 -1.793997e-01
0.000000e+00 1.595000e+00 1.763880e+00 1.598353e+00 0.000000e+00 -1.707469e-01
0.000000e+00 1.650000e+00 1.735262e+00 1.563846e+00 0.000000e+00 -1.626668e-01
0.000000e+00 1.705000e+00 1.708616e+00 1.531895e+00 0.000000e+00 -1.551906e-01
0.000000e+00 1.760000e+00 1.683603e+00 1.502060e+00 0.000000e+00 -1.483478e-01
0.000000e+00 1.815000e+00 1.660029e+00 1.474083e+00 0.000000e+00 -1.421048e-01
0.000000e+00 1.870000e+00 1.637851e+00 1.447888e+00 0.000000e+00 -1.363547e-01
0.000000e+00 1.925000e+00 1.617094e+00 1.423478e+00 0.000000e+00 -1.309625e-01
0.000000e+00 1.980000e+00 1.597737e+00 1.400809e+00 0.000000e+00 -1.258314e-01
0.000000e+00 2.035000e+00 1.579653e+00 1.379714e+00 0.000000e+00 -1.209412e-01
0.000000e+00 2.090000e+00 1.562627e+00 1.359928e+00 0.000000e+00 -1.163376e-01
0.000000e+00 2.145000e+00 1.546432e+00 1.341173e+00 0.000000e+00 -1.120841e-01
0.000000e+00 2.200000e+00 1.530910e+00 1.323259e+00 0.000000e+00 -1.082084e-01
0.000000e+00 2.255000e+00 1.516016e+00 1.306126e+00 0.000000e+00 -1.046760e-01
0.000000e+00 2.310000e+00 1.501796e+00 1.289821e+00 0.000000e+00 -1.014031e-01
0.000000e+00 2.365000e+00 1.488321e+00 1.274416e+00 0.000000e+00 -9.829729e-02
0.000000e+00 2.420000e+00 1.475622e+00 1.259941e+00 0.000000e+00 -9.529585e-02
0.000000e+00 2.475000e+00 1.463665e+00 1.246349e+00 0.000000e+00 -9.238078e-02
0.000000e+00 2.530000e+00 1.452366e+00 1.233539e+00 0.000000e+00 -8.956640e-02
0.000000e+00 2.585000e+00 1.441629e+00 1.221398e+00 0.000000e+00 -8.687525e-02
0.000000e+00 2.640000e+00 1.431378e+00 1.209833e+00 0.000000e+00 -8.431969e-02
0.000000e+00 2.695000e+00 1.421559e+00 1.198783e+00 0.000000e+00 -8.189797e-02
0.000000e+00 2.750000e+00 1.412142e+00 1.188207e+00 0.000000e+00 -7.960084e-02
0.000000e+00 2.805000e+00 1.403100e+00 1.178076e+00 0.000000e+00 -7.741944e-02
0.000000e+00 2.860000e+00 1.394414e+00 1.168363e+00 0.000000e+00 -7.534758e-02
0.000000e+00 2.915000e+00 1.386068e+00 1.159050e+00 0.000000e+00 -7.337909e-02
0.000000e+00 2.970000e+00 1.378053e+00 1.150124e+00 0.000000e+00 -7.150533e-02
0.000000e+00 3.025000e+00 1.370360e+00 1.141571e+00 0.000000e+00 -6.971669e-02
0.000000e+00 3.080000e+00 1.362967e+00 1.133368e+00 0.000000e+00 -6.800712e-02
0.000000e+00 3.135000e+00 1.355843e+00 1.125478e+00 0.000000e+00 -6.637746e-02
0.000000e+00 3.190000e+00 1.348949e+00 1.117854e+00 0.000000e+00 -6.483394e-02
0.000000e+00 3.245000e+00 1.342249e+00 1.110458e+00 0.000000e+00 -6.338214e-02
0.000000e+00 3.300000e+00 1.335729e+00 1.103273e+00 0.000000e+00 -6.201981e-02
0.000000e+00 3.355000e+00 1.329397e+00 1.096306e+00 0.000000e+00 -6.073334e-02
0.000000e+00 3.410000e+00 1.323281e+00 1.089586e+00 0.000000e+00 -5.950018e-02
0.000000e+00 3.465000e+00 1.317410e+00 1.083146e+00 0.000000e+00 -5.829630e-02
0.000000e+00 3.520000e+00 1.311801e+00 1.077002e+00 0.000000e+00 -5.710422e-02
0.000000e+00 3.575000e+00 1.306451e+00 1.071150e+00 0.000000e+00 -5.591807e-02
0.000000e+00 3.630000e+00 1.301336e+00 1.065562e+00 0.000000e+00 -5.474354e-02
0.000000e+00 3.685000e+00 1.296418e+00 1.060196e+00 0.000000e+00 -5.359387e-02
0.000000e+00 3.740000e+00 1.291658e+00 1.055009e+00 0.000000e+00 -5.248387e-02
0.000000e+00 3.795000e+00 1.287025e+00 1.049967e+00 0.000000e+00 -5.142459e-02
0.000000e+00 3.850000e+00 1.282502e+00 1.045051e+00 0.000000e+00 -5.042028e-02
0.000000e+00 3.905000e+00 1.278083e+00 1.040253e+00 0.000000e+00 -4.946828e-02
0.000000e+00 3.960000e+00 1.273772e+00 1.035577e+00 0.000000e+00 -4.856131e-02
0.000000e+00 4.015000e+00 1.269574e+00 1.031029e+00 0.000000e+00 -4.769088e-02
0.000000e+00 4.070000e+00 1.265491e+00 1.026610e+00 0.000000e+00 -4.685024e-02
0.000000e+00 4.125000e+00 1.261522e+00 1.022319e+00 0.000000e+00 -4.603569e-02
0.000000e+00 4.180000e+00 1.257661e+00 1.018151e+00 0.000000e+00 -4.524615e-02
0.000000e+00 4.235000e+00 1.253905e+00 1.014098e+00 0.000000e+00 -4.448144e-02
0.000000e+00 4.290000e+00 1.250250e+00 1.010159e+00 0.000000e+00 -4.374062e-02
0.000000e+00 4.345000e+00 1.246696e+00 1.006332e+00 0.000000e+00 -4.302117e-02
0.000000e+00 4.400000e+00 1.243245e+00 1.002620e+00 0.000000e+00 -4.231941e-02
0.000000e+00 4.455000e+00 1.239898e+00 9.990226e-01 0.000000e+00 -4.163182e-02
0.000000e+00 4.510000e+00 1.236652e+00 9.955369e-01 0.000000e+00 -4.095624e-02
0.000000e+00 4.565000e+00 1.233501e+00 9.921562e-01 0.000000e+00 -4.029258e-02
0.000000e+00 4.620000e+00 1.230436e+00 9.888714e-01 0.000000e+00 -3.964243e-02
0.000000e+00 4.675000e+00 1.227450e+00 9.856727e-01 0.000000e+00 -3.900810e-02
0.000000e+00 4.730000e+00 1.224534e+00 9.825521e-01 0.000000e+00 -3.839152e-02
0.000000e+00 4.785000e+00 1.221684e+00 9.795042e-01 0.000000e+00 -3.779347e-02
0.000000e+00 4.840000e+00 1.218898e+00 9.765263e-01 0.000000e+00 -3.721342e-02
0.000000e+00 4.895000e+00 1.216173e+00 9.736173e-01 0.000000e+00 -3.664996e-02
0.000000e+00 4.950000e+00 1.213511e+00 9.707766e-01 0.000000e+00 -3.610140e-02
0.000000e+00 5.005000e+00 1.210909e+00 9.680027e-01 0.000000e+00 -3.556641e-02
0.000000e+00 5.060000e+00 1.208366e+00 9.652931e-01 0.000000e+00 -3.504436e-02
0.000000e+00 5.115000e+00 1.205878e+00 9.626440e-01 0.000000e+00 -3.453533e-02
0.000000e+00 5.170000e+00 1.203441e+00 9.600507e-01 0.000000e+00 -3.403999e-02
0.000000e+00 5.225000e+00 1.201050e+00 9.575080e-01 0.000000e+00 -3.355922e-02
0.000000e+00 5.280000e+00 1.198700e+00 9.550110e-01 0.000000e+00 -3.309381e-02
0.000000e+00 5.335000e+00 1.196388e+00 9.525559e-01 0.000000e+00 -3.264426e-02
0.000000e+00 5.390000e+00 1.194111e+00 9.501399e-01 0.000000e+00 -3.221055e-02
0.000000e+00 5.445000e+00 1.191869e+00 9.477619e-01 0.000000e+00 -3.179215e-02
0.000000e+00 5.500000e+00 1.189661e+00 9.454219e-01 0.000000e+00 -3.138802e-02
0.000000e+00 5.555000e+00 1.187489e+00 9.431209e-01 0.000000e+00 -3.099681e-02
0.000000e+00 5.610000e+00 1.185354e+00 9.408605e-01 0.000000e+00 -3.061691e-02
0.000000e+00 5.665000e+00 1.183258e+00 9.386428e-01 0.000000e+00 -3.024651e-02
0.000000e+00 5.720000e+00 1.181203e+00 9.364698e-01 0.000000e+00 -2.988344e-02
0.000000e+00 5.775000e+00 1.179190e+00 9.343433e-01 0.000000e+00 -2.952520e-02
0.000000e+00 5.830000e+00 1.177222e+00 9.322648e-01 0.000000e+00 -2.916944e-02
0.000000e+00 5.885000e+00 1.175300e+00 9.302359e-01 0.000000e+00 -2.881520e-02
0.000000e+00 5.940000e+00 1.173427e+00 9.282596e-01 0.000000e+00 -2.846451e-02
0.000000e+00 5.995000e+00 1.171606e+00 9.263394e-01 0.000000e+00 -2.812289e-02
0.000000e+00 6.050000e+00 1.169840e+00 9.244780e-01 0.000000e+00 -2.779760e-02
0.000000e+00 6.105000e+00 1.168126e+00 9.226721e-01 0.000000e+00 -2.749343e-02
0.000000e+00 6.160000e+00 1.166452e+00 9.209095e-01 0.000000e+00 -2.720863e-02
0.000000e+00 6.215000e+00 1.164799e+00 9.191707e-01 0.000000e+00 -2.693408e-02
0.000000e+00 6.270000e+00 1.163150e+00 9.174360e-01 0.000000e+00 -2.665777e-02
0.000000e+00 6.325000e+00 1.161496e+00 9.156965e-01 0.000000e+00 -2.637179e-02
0.000000e+00 6.380000e+00 1.159843e+00 9.139595e-01 0.000000e+00 -2.607688e-02
0.000000e+00 6.435000e+00 1.158212e+00 9.122459e-01 0.000000e+00 -2.578052e-02
0.000000e+00 6.490000e+00 1.156624e+00 9.105791e-01 0.000000e+00 -2.549017e-02
0.000000e+00 6.545000e+00 1.155095e+00 9.089744e-01 0.000000e+00 -2.520699e-02
0.000000e+00 6.600000e+00 1.153627e+00 9.074341e-01 0.000000e+00 -2.492518e-02
0.000000e+00 6.655000e+00 1.152212e+00 9.059511e-01 0.000000e+00 -2.463725e-02
0.000000e+00 6.710000e+00 1.150842e+00 9.045145e-01 0.000000e+00 -2.434028e-02
0.000000e+00 6.765000e+00 1.149505e+00 9.031136e-01 0.000000e+00 -2.403821e-02
0.000000e+00 6.820000e+00 1.148191e+00 9.017378e-01 0.000000e+00 -2.373898e-02
0.000000e+00 6.875000e+00 1.146890e+00 9.003758e-01 0.000000e+00 -2.345002e-02
0.000000e+00 6.930000e+00 1.145592e+00 8.990173e-01 0.000000e+00 -2.317563e-02
0.000000e+00 6.985000e+00 1.144291e+00 8.976566e-01 0.000000e+00 -2.291702e-02
0.000000e+00 7.040000e+00 1.142989e+00 8.962951e-01 0.000000e+00 -2.267312e-02
0.000000e+00 7.095000e+00 1.141693e+00 8.949399e-01 0.000000e+00 -2.244096e-02
0.000000e+00 7.150000e+00 1.140412e+00 8.936011e-01 0.000000e+00 -2.221583e-02
0.000000e+00 7.205000e+00 1.139155e+00 8.922881e-01 0.000000e+00 -2.199236e-02
0.000000e+00 7.260000e+00 1.137928e+00 8.910075e-01 0.000000e+00 -2.176626e-02
0.000000e+00 7.315000e+00 1.136735e+00 8.897620e-01 0.000000e+00 -2.153570e-02
0.000000e+00 7.370000e+00 1.135574e+00 8.885502e-01 0.000000e+00 -2.130137e-02
0.000000e+00 7.425000e+00 1.134440e+00 8.873673e-01 0.000000e+00 -2.106553e-02
0.000000e+00 7.480000e+00 1.133328e+00 8.862074e-01 0.000000e+00 -2.083084e-02
0.000000e+00 7.535000e+00 1.132233e+00 8.850659e-01 0.000000e+00 -2.059949e-02
0.000000e+00 7.590000e+00 1.131152e+00 8.839402e-01 0.000000e+00 -2.037266e-02
0.000000e+00 7.645000e+00 1.130087e+00 8.828304e-01 0.000000e+00 -2.015026e-02
0.000000e+00 7.700000e+00 1.129037e+00 8.817371e-01 0.000000e+00 -1.993119e-02
0.000000e+00 7.755000e+00 1.128004e+00 8.806610e-01 0.000000e+00 -1.971402e-02
0.000000e+00 7.810000e+00 1.126986e+00 8.796021e-01 0.000000e+00 -1.949785e-02
0.000000e+00 7.865000e+00 1.125985e+00 8.785599e-01 0.000000e+00 -1.928281e-02
0.000000e+00 7.920000e+00 1.124998e+00 8.775342e-01 0.000000e+00 -1.906986e-02
0.000000e+00 7.975000e+00 1.124028e+00 8.765250e-01 0.000000e+00 -1.886000e-02
0.000000e+00 8.030000e+00 1.123074e+00 8.755332e-01 0.000000e+00 -1.865350e-02
0.000000e+00 8.085000e+00 1.122138e+00 8.745601e-01 0.000000e+00 -1.844949e-02
0.000000e+00 8.140000e+00 1.121220e+00 8.736068e-01 0.000000e+00 -1.824631e-02
0.000000e+00 8.195000e+00 1.120323e+00 8.726743e-01 0.000000e+00 -1.804233e-02
0.000000e+00 8.250000e+00 1.119444e+00 8.717625e-01 0.000000e+00 -1.783684e-02
0.000000e+00 8.305000e+00 1.118585e+00 8.708699e-01 0.000000e+00 -1.763053e-02
0.000000e+00 8.360000e+00 1.117740e+00 8.699936e-01 0.000000e+00 -1.742526e-02
0.000000e+00 8.415000e+00 1.116907e+00 8.691293e-01 0.000000e+00 -1.722335e-02
0.000000e+00 8.470000e+00 1.116081e+00 8.682721e-01 0.000000e+00 -1.702667e-02
0.000000e+00 8.525000e+00 1.115258e+00 8.674179e-01 0.000000e+00 -1.683616e-02
0.000000e+00 8.580000e+00 1.114434e+00 8.665641e-01 0.000000e+00 -1.665172e-02
0.000000e+00 8.635000e+00 1.113611e+00 8.657112e-01 0.000000e+00 -1.647249e-02
0.000000e+00 8.690000e+00 1.112793e+00 8.648630e-01 0.000000e+00 -1.629719e-02
0.000000e+00 8.745000e+00 1.111985e+00 8.640256e-01 0.000000e+00 -1.612426e-02
0.000000e+00 8.800000e+00 1.111194e+00 8.632065e-01 0.000000e+00 -1.595182e-02
0.000000e+00 8.855000e+00 1.110427e+00 8.624126e-01 0.000000e+00 -1.577751e-02
0.000000e+00 8.910000e+00 1.109690e+00 8.616488e-01 0.000000e+00 -1.559856e-02
0.000000e+00 8.965000e+00 1.108982e+00 8.609160e-01 0.000000e+00 -1.541225e-02
0.000000e+00 9.020000e+00 1.108301e+00 8.602116e-01 0.000000e+00 -1.521693e-02
0.000000e+00 9.075000e+00 1.107642e+00 8.595290e-01 0.000000e+00 -1.501335e-02
0.000000e+00 9.130000e+00 1.106994e+00 8.588590e-01 0.000000e+00 -1.480526e-02
0.000000e+00 9.185000e+00 1.106348e+00 8.581911e-01 0.000000e+00 -1.459855e-02
0.000000e+00 9.240000e+00 1.105694e+00 8.575152e-01 0.000000e+00 -1.439779e-02
0.000000e+00 9.295000e+00 1.105024e+00 8.568232e-01 0.000000e+00 -1.420183e-02
0.000000e+00 9.350000e+00 1.104335e+00 8.561104e-01 0.000000e+00 -1.400118e-02
0.000000e+00 9.405000e+00 1.103627e+00 8.553770e-01 0.000000e+00 -1.378133e-02
0.000000e+00 9.460000e+00 1.102906e+00 8.546285e-01 0.000000e+00 -1.353267e-02
0.000000e+00 9.515000e+00 1.102179e+00 8.538760e-01 0.000000e+00 -1.326205e-02
0.000000e+00 9.570000e+00 1.101458e+00 8.531341e-01 0.000000e+00 -1.299676e-02
0.000000e+00 9.625000e+00 1.100758e+00 8.524185e-01 0.000000e+00 -1.277414e-02
0.000000e+00 9.680000e+00 1.100093e+00 8.517433e-01 0.000000e+00 -1.261910e-02
0.000000e+00 9.735000e+00 1.099474e+00 8.511155e-01 0.000000e+00 -1.252822e-02
0.000000e+00 9.790000e+00 1.098908e+00 8.505382e-01 0.000000e+00 -1.246763e-02
0.000000e+00 9.845000e+00 1.098382e+00 8.499963e-01 0.000000e+00 -1.240402e-02
0.000000e+00 9.900000e+00 1.097893e+00 8.494845e-01 0.000000e+00 -1.230275e-02
0.000000e+00 9.955000e+00 1.097396e+00 8.489574e-01 0.000000e+00 -1.220015e-02
0.000000e+00 1.001000e+01 1.103350e+00 8.550910e-01 -0.000000e+00 -6.410000e-03
0.000000e+00 1.006500e+01 1.103350e+00 8.550910e-01 -0.000000e+00 -6.410000e-03
0.000000e+00 1.012000e+01 1.103350e+00 8.550910e-01 -0.000000e+00 -6.410000e-03
0.000000e+00 1.017500e+01 1.103350e+00 8.550910e-01 -0.000000e+00 -6.410000e-03
0.000000e+00 1.023000e+01 1.103350e+00 8.550910e-01 -0.000000e+00 -6.410000e-03
0.000000e+00 1.028500e+01 1.103350e+00 8.550910e-01 -0.000000e+00 -6.410000e-03
0.000000e+00 1.034000e+01 1.103350e+00 8.550910e-01 -0.000000e+00 -6.410000e-03
0.000000e+00 1.039500e+01 1.103350e+00 8.550910e-01 -0.000000e+00 -6.410000e-03
0.000000e+00 1.045000e+01 1.103350e+00 8.550910e-01 -0.000000e+00 -6.410000e-03
0.000000e+00 1.050500e+01 1.103350e+00 8.550910e-01 -0.000000e+00 -6.410000e-03
0.000000e+00 1.056000e+01 1.103350e+00 8.550910e-01 -0.000000e+00 -6.410000e-03
0.000000e+00 1.061500e+01 1.103350e+00 8.550910e-01 -0.000000e+00 -6.410000e-03
0.000000e+00 1.067000e+01 1.103350e+00 8.550910e-01 -0.000000e+00 -6.410000e-03
0.000000e+00 1.072500e+01 1.103350e+00 8.550910e-01 -0.000000e+00 -6.410000e-03
0.000000e+00 1.078000e+01 1.103350e+00 8.550910e-01 -0.000000e+00 -6.410000e-03
0.000000e+00 1.083500e+01 1.103350e+00 8.550910e-01 -0.000000e+00 -6.410000e-03
0.000000e+00 1.089000e+01 1.103350e+00 8.550910e-01 -0.000000e+00 -6.410000e-03
0.000000e+00 1.094500e+01 1.103350e+00 8.550910e-01 -0.000000e+00 -6.410000e-03
0.000000e+00 1.100000e+01 1.103350e+00 8.550910e-01 -0.000000e+00 -6.410000e-03
