#############TIME##################
1.048420e-01 
###################################
0.000000e+00 0.000000e+00 1.214083e+00 9.753183e-01 0.000000e+00 -1.232746e+00
0.000000e+00 5.500000e-02 1.214083e+00 9.753183e-01 0.000000e+00 -1.232746e+00
0.000000e+00 1.100000e-01 1.214083e+00 9.753183e-01 0.000000e+00 -1.232746e+00
0.000000e+00 1.650000e-01 1.214083e+00 9.753183e-01 0.000000e+00 -1.232746e+00
0.000000e+00 2.200000e-01 1.236454e+00 9.969433e-01 0.000000e+00 -1.298070e+00
0.000000e+00 2.750000e-01 1.169278e+00 9.229707e-01 0.000000e+00 -9.991039e-01
0.000000e+00 3.300000e-01 1.130857e+00 8.834284e-01 0.000000e+00 -7.722678e-01
0.000000e+00 3.850000e-01 1.116763e+00 8.688738e-01 0.000000e+00 -6.058709e-01
0.000000e+00 4.400000e-01 1.110553e+00 8.624955e-01 0.000000e+00 -4.838421e-01
0.000000e+00 4.950000e-01 1.107340e+00 8.591960e-01 0.000000e+00 -3.933076e-01
0.000000e+00 5.500000e-01 1.105648e+00 8.574577e-01 0.000000e+00 -3.248896e-01
0.000000e+00 6.050000e-01 1.104733e+00 8.565167e-01 0.000000e+00 -2.722549e-01
0.000000e+00 6.600000e-01 1.104221e+00 8.559893e-01 0.000000e+00 -2.310998e-01
0.000000e+00 7.150000e-01 1.103916e+00 8.556750e-01 0.000000e+00 -1.984198e-01
0.000000e+00 7.700000e-01 1.103727e+00 8.554796e-01 0.000000e+00 -1.720966e-01
0.000000e+00 8.250000e-01 1.103604e+00 8.553527e-01 0.000000e+00 -1.506130e-01
0.000000e+00 8.800000e-01 1.103521e+00 8.552673e-01 0.000000e+00 -1.328667e-01
0.000000e+00 9.350000e-01 1.103465e+00 8.552096e-01 0.000000e+00 -1.180445e-01
0.000000e+00 9.900000e-01 1.103428e+00 8.551715e-01 0.000000e+00 -1.055412e-01
0.000000e+00 1.045000e+00 1.103404e+00 8.551468e-01 0.000000e+00 -9.490141e-02
0.000000e+00 1.100000e+00 1.103388e+00 8.551306e-01 0.000000e+00 -8.577719e-02
0.000000e+00 1.155000e+00 1.103378e+00 8.551199e-01 0.000000e+00 -7.789763e-02
0.000000e+00 1.210000e+00 1.103371e+00 8.551125e-01 0.000000e+00 -7.104883e-02
0.000000e+00 1.265000e+00 1.103366e+00 8.551072e-01 0.000000e+00 -6.506018e-02
0.000000e+00 1.320000e+00 1.103362e+00 8.551034e-01 0.000000e+00 -5.979448e-02
0.000000e+00 1.375000e+00 1.103359e+00 8.551007e-01 0.000000e+00 -5.514056e-02
0.000000e+00 1.430000e+00 1.103357e+00 8.550986e-01 0.000000e+00 -5.100766e-02
0.000000e+00 1.485000e+00 1.103356e+00 8.550970e-01 0.000000e+00 -4.732114e-02
0.000000e+00 1.540000e+00 1.103355e+00 8.550958e-01 0.000000e+00 -4.401919e-02
0.000000e+00 1.595000e+00 1.103354e+00 8.550949e-01 0.000000e+00 -4.105029e-02
0.000000e+00 1.650000e+00 1.103353e+00 8.550941e-01 0.000000e+00 -3.837125e-02
0.000000e+00 1.705000e+00 1.103352e+00 8.550936e-01 0.000000e+00 -3.594562e-02
0.000000e+00 1.760000e+00 1.103352e+00 8.550931e-01 0.000000e+00 -3.374249e-02
0.000000e+00 1.815000e+00 1.103352e+00 8.550928e-01 0.000000e+00 -3.173552e-02
0.000000e+00 1.870000e+00 1.103351e+00 8.550925e-01 0.000000e+00 -2.990214e-02
0.000000e+00 1.925000e+00 1.103351e+00 8.550922e-01 0.000000e+00 -2.822292e-02
0.000000e+00 1.980000e+00 1.103351e+00 8.550920e-01 0.000000e+00 -2.668109e-02
0.000000e+00 2.035000e+00 1.103351e+00 8.550919e-01 0.000000e+00 -2.526208e-02
0.000000e+00 2.090000e+00 1.103351e+00 8.550917e-01 0.000000e+00 -2.395320e-02
0.000000e+00 2.145000e+00 1.103351e+00 8.550916e-01 0.000000e+00 -2.274336e-02
0.000000e+00 2.200000e+00 1.103351e+00 8.550915e-01 0.000000e+00 -2.162282e-02
0.000000e+00 2.255000e+00 1.103350e+00 8.550915e-01 0.000000e+00 -2.058302e-02
0.000000e+00 2.310000e+00 1.103350e+00 8.550914e-01 0.000000e+00 -1.961639e-02
0.000000e+00 2.365000e+00 1.103350e+00 8.550913e-01 0.000000e+00 -1.871623e-02
0.000000e+00 2.420000e+00 1.103350e+00 8.550913e-01 0.000000e+00 -1.787659e-02
0.000000e+00 2.475000e+00 1.103350e+00 8.550913e-01 0.000000e+00 -1.709216e-02
0.000000e+00 2.530000e+00 1.103350e+00 8.550912e-01 0.000000e+00 -1.635822e-02
0.000000e+00 2.585000e+00 1.103350e+00 8.550912e-01 0.000000e+00 -1.567053e-02
0.000000e+00 2.640000e+00 1.103350e+00 8.550912e-01 0.000000e+00 -1.502527e-02
0.000000e+00 2.695000e+00 1.103350e+00 8.550912e-01 0.000000e+00 -1.441905e-02
0.000000e+00 2.750000e+00 1.103350e+00 8.550911e-01 0.000000e+00 -1.384876e-02
0.000000e+00 2.805000e+00 1.103350e+00 8.550911e-01 0.000000e+00 -1.331163e-02
0.000000e+00 2.860000e+00 1.103350e+00 8.550911e-01 0.000000e+00 -1.280514e-02
0.000000e+00 2.915000e+00 1.103350e+00 8.550911e-01 0.000000e+00 -1.232700e-02
0.000000e+00 2.970000e+00 1.103350e+00 8.550911e-01 0.000000e+00 -1.187514e-02
0.000000e+00 3.025000e+00 1.103350e+00 8.550911e-01 0.000000e+00 -1.144766e-02
0.000000e+00 3.080000e+00 1.103350e+00 8.550911e-01 0.000000e+00 -1.104285e-02
0.000000e+00 3.135000e+00 1.103350e+00 8.550911e-01 0.000000e+00 -1.065913e-02
0.000000e+00 3.190000e+00 1.103350e+00 8.550911e-01 0.000000e+00 -1.029505e-02
0.000000e+00 3.245000e+00 1.103350e+00 8.550910e-01 0.000000e+00 -9.949314e-03
0.000000e+00 3.300000e+00 1.103350e+00 8.550910e-01 0.000000e+00 -9.620696e-03
0.000000e+00 3.355000e+00 1.103350e+00 8.550910e-01 0.000000e+00 -9.308089e-03
0.000000e+00 3.410000e+00 1.103350e+00 8.550910e-01 0.000000e+00 -9.010470e-03
0.000000e+00 3.465000e+00 1.103350e+00 8.550910e-01 0.000000e+00 -8.726895e-03
0.000000e+00 3.520000e+00 1.103350e+00 8.550910e-01 0.000000e+00 -8.456495e-03
0.000000e+00 3.575000e+00 1.103350e+00 8.550910e-01 0.000000e+00 -8.198467e-03
0.000000e+00 3.630000e+00 1.103350e+00 8.550910e-01 0.000000e+00 -7.952068e-03
0.000000e+00 3.685000e+00 1.103350e+00 8.550910e-01 0.000000e+00 -7.716609e-03
0.000000e+00 3.740000e+00 1.103350e+00 8.550910e-01 0.000000e+00 -7.491452e-03
0.000000e+00 3.795000e+00 1.103350e+00 8.550910e-01 0.000000e+00 -7.276005e-03
0.000000e+00 3.850000e+00 1.103350e+00 8.550910e-01 0.000000e+00 -7.069719e-03
0.000000e+00 3.905000e+00 1.103350e+00 8.550910e-01 0.000000e+00 -6.872080e-03
0.000000e+00 3.960000e+00 1.103350e+00 8.550910e-01 0.000000e+00 -6.682613e-03
0.000000e+00 4.015000e+00 1.103350e+00 8.550910e-01 0.000000e+00 -6.500873e-03
0.000000e+00 4.070000e+00 1.103350e+00 8.550910e-01 0.000000e+00 -6.326445e-03
0.000000e+00 4.125000e+00 1.103350e+00 8.550910e-01 0.000000e+00 -6.158944e-03
0.000000e+00 4.180000e+00 1.103350e+00 8.550910e-01 0.000000e+00 -5.998006e-03
0.000000e+00 4.235000e+00 1.103350e+00 8.550910e-01 0.000000e+00 -5.843294e-03
0.000000e+00 4.290000e+00 1.103350e+00 8.550910e-01 0.000000e+00 -5.694490e-03
0.000000e+00 4.345000e+00 1.103350e+00 8.550910e-01 0.000000e+00 -5.551298e-03
0.000000e+00 4.400000e+00 1.103350e+00 8.550910e-01 0.000000e+00 -5.413439e-03
0.000000e+00 4.455000e+00 1.103350e+00 8.550910e-01 0.000000e+00 -5.280651e-03
0.000000e+00 4.510000e+00 1.103350e+00 8.550910e-01 0.000000e+00 -5.152689e-03
0.000000e+00 4.565000e+00 1.103350e+00 8.550910e-01 0.000000e+00 -5.029322e-03
0.000000e+00 4.620000e+00 1.103350e+00 8.550910e-01 0.000000e+00 -4.910332e-03
0.000000e+00 4.675000e+00 1.103350e+00 8.550910e-01 0.000000e+00 -4.795515e-03
0.000000e+00 4.730000e+00 1.103350e+00 8.550910e-01 0.000000e+00 -4.684677e-03
0.000000e+00 4.785000e+00 1.103350e+00 8.550910e-01 0.000000e+00 -4.577638e-03
0.000000e+00 4.840000e+00 1.103350e+00 8.550910e-01 0.000000e+00 -4.474226e-03
0.000000e+00 4.895000e+00 1.103350e+00 8.550910e-01 0.000000e+00 -4.374278e-03
0.000000e+00 4.950000e+00 1.103350e+00 8.550910e-01 0.000000e+00 -4.277642e-03
0.000000e+00 5.005000e+00 1.103350e+00 8.550910e-01 0.000000e+00 -4.184172e-03
0.000000e+00 5.060000e+00 1.103350e+00 8.550910e-01 0.000000e+00 -4.093733e-03
0.000000e+00 5.115000e+00 1.103350e+00 8.550910e-01 0.000000e+00 -4.006194e-03
0.000000e+00 5.170000e+00 1.103350e+00 8.550910e-01 0.000000e+00 -3.921433e-03
0.000000e+00 5.225000e+00 1.103350e+00 8.550910e-01 0.000000e+00 -3.839333e-03
0.000000e+00 5.280000e+00 1.103350e+00 8.550910e-01 0.000000e+00 -3.759785e-03
0.000000e+00 5.335000e+00 1.103350e+00 8.550910e-01 0.000000e+00 -3.682683e-03
0.000000e+00 5.390000e+00 1.103350e+00 8.550910e-01 0.000000e+00 -3.607929e-03
0.000000e+00 5.445000e+00 1.103350e+00 8.550910e-01 0.000000e+00 -3.535427e-03
0.000000e+00 5.500000e+00 1.103350e+00 8.550910e-01 0.000000e+00 -3.465090e-03
0.000000e+00 5.555000e+00 1.103350e+00 8.550910e-01 0.000000e+00 -3.396830e-03
0.000000e+00 5.610000e+00 1.103350e+00 8.550910e-01 0.000000e+00 -3.330567e-03
0.000000e+00 5.665000e+00 1.103350e+00 8.550910e-01 0.000000e+00 -3.266224e-03
0.000000e+00 5.720000e+00 1.103350e+00 8.550910e-01 0.000000e+00 -3.203728e-03
0.000000e+00 5.775000e+00 1.103350e+00 8.550910e-01 0.000000e+00 -3.143009e-03
0.000000e+00 5.830000e+00 1.103350e+00 8.550910e-01 0.000000e+00 -3.083999e-03
0.000000e+00 5.885000e+00 1.103350e+00 8.550910e-01 0.000000e+00 -3.026635e-03
0.000000e+00 5.940000e+00 1.103350e+00 8.550910e-01 0.000000e+00 -2.970857e-03
0.000000e+00 5.995000e+00 1.103350e+00 8.550910e-01 0.000000e+00 -2.916607e-03
0.000000e+00 6.050000e+00 1.103350e+00 8.550910e-01 0.000000e+00 -2.863829e-03
0.000000e+00 6.105000e+00 1.103350e+00 8.550910e-01 0.000000e+00 -2.812471e-03
0.000000e+00 6.160000e+00 1.103350e+00 8.550910e-01 0.000000e+00 -2.762482e-03
0.000000e+00 6.215000e+00 1.103350e+00 8.550910e-01 0.000000e+00 -2.713814e-03
0.000000e+00 6.270000e+00 1.103350e+00 8.550910e-01 0.000000e+00 -2.666420e-03
0.000000e+00 6.325000e+00 1.103350e+00 8.550910e-01 0.000000e+00 -2.620257e-03
0.000000e+00 6.380000e+00 1.103350e+00 8.550910e-01 0.000000e+00 -2.575283e-03
0.000000e+00 6.435000e+00 1.103350e+00 8.550910e-01 0.000000e+00 -2.531457e-03
0.000000e+00 6.490000e+00 1.103350e+00 8.550910e-01 0.000000e+00 -2.488740e-03
0.000000e+00 6.545000e+00 1.103350e+00 8.550910e-01 0.000000e+00 -2.447095e-03
0.000000e+00 6.600000e+00 1.103350e+00 8.550910e-01 0.000000e+00 -2.406486e-03
0.000000e+00 6.655000e+00 1.103350e+00 8.550910e-01 0.000000e+00 -2.366880e-03
0.000000e+00 6.710000e+00 1.103350e+00 8.550910e-01 0.000000e+00 -2.328244e-03
0.000000e+00 6.765000e+00 1.103350e+00 8.550910e-01 0.000000e+00 -2.290546e-03
0.000000e+00 6.820000e+00 1.103350e+00 8.550910e-01 0.000000e+00 -2.253756e-03
0.000000e+00 6.875000e+00 1.103350e+00 8.550910e-01 0.000000e+00 -2.217845e-03
0.000000e+00 6.930000e+00 1.103350e+00 8.550910e-01 0.000000e+00 -2.182786e-03
0.000000e+00 6.985000e+00 1.103350e+00 8.550910e-01 0.000000e+00 -2.148552e-03
0.000000e+00 7.040000e+00 1.103350e+00 8.550910e-01 0.000000e+00 -2.115117e-03
0.000000e+00 7.095000e+00 1.103350e+00 8.550910e-01 0.000000e+00 -2.082456e-03
0.000000e+00 7.150000e+00 1.103350e+00 8.550910e-01 0.000000e+00 -2.050545e-03
0.000000e+00 7.205000e+00 1.103350e+00 8.550910e-01 0.000000e+00 -2.019363e-03
0.000000e+00 7.260000e+00 1.103350e+00 8.550910e-01 0.000000e+00 -1.988886e-03
0.000000e+00 7.315000e+00 1.103350e+00 8.550910e-01 0.000000e+00 -1.959094e-03
0.000000e+00 7.370000e+00 1.103350e+00 8.550910e-01 0.000000e+00 -1.929967e-03
0.000000e+00 7.425000e+00 1.103350e+00 8.550910e-01 0.000000e+00 -1.901484e-03
0.000000e+00 7.480000e+00 1.103350e+00 8.550910e-01 0.000000e+00 -1.873628e-03
0.000000e+00 7.535000e+00 1.103350e+00 8.550910e-01 0.000000e+00 -1.846378e-03
0.000000e+00 7.590000e+00 1.103350e+00 8.550910e-01 0.000000e+00 -1.819719e-03
0.000000e+00 7.645000e+00 1.103350e+00 8.550910e-01 0.000000e+00 -1.793634e-03
0.000000e+00 7.700000e+00 1.103350e+00 8.550910e-01 0.000000e+00 -1.768105e-03
0.000000e+00 7.755000e+00 1.103350e+00 8.550910e-01 0.000000e+00 -1.743117e-03
0.000000e+00 7.810000e+00 1.103350e+00 8.550910e-01 0.000000e+00 -1.718655e-03
0.000000e+00 7.865000e+00 1.103350e+00 8.550910e-01 0.000000e+00 -1.694705e-03
0.000000e+00 7.920000e+00 1.103350e+00 8.550910e-01 0.000000e+00 -1.671251e-03
0.000000e+00 7.975000e+00 1.103350e+00 8.550910e-01 0.000000e+00 -1.648281e-03
0.000000e+00 8.030000e+00 1.103350e+00 8.550910e-01 0.000000e+00 -1.625782e-03
0.000000e+00 8.085000e+00 1.103350e+00 8.550910e-01 0.000000e+00 -1.603740e-03
0.000000e+00 8.140000e+00 1.103350e+00 8.550910e-01 0.000000e+00 -1.582143e-03
0.000000e+00 8.195000e+00 1.103350e+00 8.550910e-01 0.000000e+00 -1.560980e-03
0.000000e+00 8.250000e+00 1.103350e+00 8.550910e-01 0.000000e+00 -1.540238e-03
0.000000e+00 8.305000e+00 1.103350e+00 8.550910e-01 0.000000e+00 -1.519907e-03
0.000000e+00 8.360000e+00 1.103350e+00 8.550910e-01 0.000000e+00 -1.499976e-03
0.000000e+00 8.415000e+00 1.103350e+00 8.550910e-01 0.000000e+00 -1.480434e-03
0.000000e+00 8.470000e+00 1.103350e+00 8.550910e-01 0.000000e+00 -1.461272e-03
0.000000e+00 8.525000e+00 1.103350e+00 8.550910e-01 0.000000e+00 -1.442479e-03
0.000000e+00 8.580000e+00 1.103350e+00 8.550910e-01 0.000000e+00 -1.424047e-03
0.000000e+00 8.635000e+00 1.103350e+00 8.550910e-01 0.000000e+00 -1.405966e-03
0.000000e+00 8.690000e+00 1.103350e+00 8.550910e-01 0.000000e+00 -1.388227e-03
0.000000e+00 8.745000e+00 1.103350e+00 8.550910e-01 0.000000e+00 -1.370821e-03
0.000000e+00 8.800000e+00 1.103350e+00 8.550910e-01 0.000000e+00 -1.353741e-03
0.000000e+00 8.855000e+00 1.103350e+00 8.550910e-01 0.000000e+00 -1.336978e-03
0.000000e+00 8.910000e+00 1.103350e+00 8.550910e-01 0.000000e+00 -1.320524e-03
0.000000e+00 8.965000e+00 1.103350e+00 8.550910e-01 0.000000e+00 -1.304372e-03
0.000000e+00 9.020000e+00 1.103350e+00 8.550910e-01 0.000000e+00 -1.288515e-03
0.000000e+00 9.075000e+00 1.103350e+00 8.550910e-01 0.000000e+00 -1.272945e-03
0.000000e+00 9.130000e+00 1.103350e+00 8.550910e-01 0.000000e+00 -1.257656e-03
0.000000e+00 9.185000e+00 1.103350e+00 8.550910e-01 0.000000e+00 -1.242641e-03
0.000000e+00 9.240000e+00 1.103350e+00 8.550910e-01 0.000000e+00 -1.227892e-03
0.000000e+00 9.295000e+00 1.103350e+00 8.550910e-01 0.000000e+00 -1.213402e-03
0.000000e+00 9.350000e+00 1.103350e+00 8.550910e-01 0.000000e+00 -1.199179e-03
0.000000e+00 9.405000e+00 1.103350e+00 8.550910e-01 0.000000e+00 -1.185229e-03
0.000000e+00 9.460000e+00 1.103350e+00 8.550909e-01 0.000000e+00 -1.171351e-03
0.000000e+00 9.515000e+00 1.103350e+00 8.550906e-01 0.000000e+00 -1.157574e-03
0.000000e+00 9.570000e+00 1.103351e+00 8.550924e-01 0.000000e+00 -1.145950e-03
0.000000e+00 9.625000e+00 1.103355e+00 8.550958e-01 0.000000e+00 -1.135813e-03
0.000000e+00 9.680000e+00 1.103342e+00 8.550821e-01 0.000000e+00 -1.111316e-03
0.000000e+00 9.735000e+00 1.103322e+00 8.550619e-01 0.000000e+00 -1.078887e-03
0.000000e+00 9.790000e+00 1.103463e+00 8.552078e-01 0.000000e+00 -1.207191e-03
0.000000e+00 9.845000e+00 1.104206e+00 8.559761e-01 0.000000e+00 -1.822629e-03
0.000000e+00 9.900000e+00 1.105343e+00 8.571507e-01 0.000000e+00 -3.082634e-03
0.000000e+00 9.955000e+00 1.106769e+00 8.586224e-01 0.000000e+00 -3.734227e-03
0.000000e+00 1.001000e+01 1.103350e+00 8.550910e-01 -0.000000e+00 -6.410000e-03
0.000000e+00 1.006500e+01 1.103350e+00 8.550910e-01 -0.000000e+00 -6.410000e-03
0.000000e+00 1.012000e+01 1.103350e+00 8.550910e-01 -0.000000e+00 -6.410000e-03
0.000000e+00 1.017500e+01 1.103350e+00 8.550910e-01 -0.000000e+00 -6.410000e-03
0.000000e+00 1.023000e+01 1.103350e+00 8.550910e-01 -0.000000e+00 -6.410000e-03
0.000000e+00 1.028500e+01 1.103350e+00 8.550910e-01 -0.000000e+00 -6.410000e-03
0.000000e+00 1.034000e+01 1.103350e+00 8.550910e-01 -0.000000e+00 -6.410000e-03
0.000000e+00 1.039500e+01 1.103350e+00 8.550910e-01 -0.000000e+00 -6.410000e-03
0.000000e+00 1.045000e+01 1.103350e+00 8.550910e-01 -0.000000e+00 -6.410000e-03
0.000000e+00 1.050500e+01 1.103350e+00 8.550910e-01 -0.000000e+00 -6.410000e-03
0.000000e+00 1.056000e+01 1.103350e+00 8.550910e-01 -0.000000e+00 -6.410000e-03
0.000000e+00 1.061500e+01 1.103350e+00 8.550910e-01 -0.000000e+00 -6.410000e-03
0.000000e+00 1.067000e+01 1.103350e+00 8.550910e-01 -0.000000e+00 -6.410000e-03
0.000000e+00 1.072500e+01 1.103350e+00 8.550910e-01 -0.000000e+00 -6.410000e-03
0.000000e+00 1.078000e+01 1.103350e+00 8.550910e-01 -0.000000e+00 -6.410000e-03
0.000000e+00 1.083500e+01 1.103350e+00 8.550910e-01 -0.000000e+00 -6.410000e-03
0.000000e+00 1.089000e+01 1.103350e+00 8.550910e-01 -0.000000e+00 -6.410000e-03
0.000000e+00 1.094500e+01 1.103350e+00 8.550910e-01 -0.000000e+00 -6.410000e-03
0.000000e+00 1.100000e+01 1.103350e+00 8.550910e-01 -0.000000e+00 -6.410000e-03
