#############TIME##################
3.505447e+00 
###################################
0.000000e+00 0.000000e+00 9.431700e+00 1.499275e+01 0.000000e+00 -1.436749e+00
0.000000e+00 5.500000e-02 9.431700e+00 1.499275e+01 0.000000e+00 -1.436749e+00
0.000000e+00 1.100000e-01 9.431700e+00 1.499275e+01 0.000000e+00 -1.436749e+00
0.000000e+00 1.650000e-01 9.431700e+00 1.499275e+01 0.000000e+00 -1.436749e+00
0.000000e+00 2.200000e-01 9.434187e+00 1.499794e+01 0.000000e+00 -1.436503e+00
0.000000e+00 2.750000e-01 7.342230e+00 1.065596e+01 0.000000e+00 -1.245183e+00
0.000000e+00 3.300000e-01 6.103604e+00 8.350238e+00 0.000000e+00 -1.067489e+00
0.000000e+00 3.850000e-01 5.263138e+00 6.855629e+00 0.000000e+00 -9.292981e-01
0.000000e+00 4.400000e-01 4.648632e+00 5.813326e+00 0.000000e+00 -8.157817e-01
0.000000e+00 4.950000e-01 4.183471e+00 5.052173e+00 0.000000e+00 -7.245543e-01
0.000000e+00 5.500000e-01 3.817584e+00 4.472507e+00 0.000000e+00 -6.489556e-01
0.000000e+00 6.050000e-01 3.523951e+00 4.020456e+00 0.000000e+00 -5.861255e-01
0.000000e+00 6.600000e-01 3.282968e+00 3.658412e+00 0.000000e+00 -5.329249e-01
0.000000e+00 7.150000e-01 3.082209e+00 3.363454e+00 0.000000e+00 -4.876471e-01
0.000000e+00 7.700000e-01 2.912291e+00 3.118679e+00 0.000000e+00 -4.486480e-01
0.000000e+00 8.250000e-01 2.766811e+00 2.912821e+00 0.000000e+00 -4.148969e-01
0.000000e+00 8.800000e-01 2.640740e+00 2.737291e+00 0.000000e+00 -3.854641e-01
0.000000e+00 9.350000e-01 2.530395e+00 2.585915e+00 0.000000e+00 -3.597235e-01
0.000000e+00 9.900000e-01 2.432824e+00 2.453870e+00 0.000000e+00 -3.371463e-01
0.000000e+00 1.045000e+00 2.345775e+00 2.337535e+00 0.000000e+00 -3.173454e-01
0.000000e+00 1.100000e+00 2.267464e+00 2.234094e+00 0.000000e+00 -2.999792e-01
0.000000e+00 1.155000e+00 2.196514e+00 2.141394e+00 0.000000e+00 -2.847637e-01
0.000000e+00 1.210000e+00 2.131803e+00 2.057708e+00 0.000000e+00 -2.714561e-01
0.000000e+00 1.265000e+00 2.072385e+00 1.981604e+00 0.000000e+00 -2.598734e-01
0.000000e+00 1.320000e+00 2.017432e+00 1.911861e+00 0.000000e+00 -2.498823e-01
0.000000e+00 1.375000e+00 1.966244e+00 1.847462e+00 0.000000e+00 -2.413782e-01
0.000000e+00 1.430000e+00 1.918263e+00 1.787599e+00 0.000000e+00 -2.342575e-01
0.000000e+00 1.485000e+00 1.873053e+00 1.731646e+00 0.000000e+00 -2.284095e-01
0.000000e+00 1.540000e+00 1.830256e+00 1.679091e+00 0.000000e+00 -2.237336e-01
0.000000e+00 1.595000e+00 1.789525e+00 1.629449e+00 0.000000e+00 -2.201690e-01
0.000000e+00 1.650000e+00 1.750498e+00 1.582234e+00 0.000000e+00 -2.177026e-01
0.000000e+00 1.705000e+00 1.712815e+00 1.536977e+00 0.000000e+00 -2.163558e-01
0.000000e+00 1.760000e+00 1.676175e+00 1.493288e+00 0.000000e+00 -2.161454e-01
0.000000e+00 1.815000e+00 1.640441e+00 1.450986e+00 0.000000e+00 -2.170083e-01
0.000000e+00 1.870000e+00 1.605659e+00 1.410104e+00 0.000000e+00 -2.187834e-01
0.000000e+00 1.925000e+00 1.571941e+00 1.370758e+00 0.000000e+00 -2.212721e-01
0.000000e+00 1.980000e+00 1.539389e+00 1.333039e+00 0.000000e+00 -2.242925e-01
0.000000e+00 2.035000e+00 1.508086e+00 1.297022e+00 0.000000e+00 -2.276798e-01
0.000000e+00 2.090000e+00 1.478151e+00 1.262811e+00 0.000000e+00 -2.312535e-01
0.000000e+00 2.145000e+00 1.449747e+00 1.230566e+00 0.000000e+00 -2.348013e-01
0.000000e+00 2.200000e+00 1.423048e+00 1.200448e+00 0.000000e+00 -2.381072e-01
0.000000e+00 2.255000e+00 1.398166e+00 1.172549e+00 0.000000e+00 -2.410003e-01
0.000000e+00 2.310000e+00 1.375121e+00 1.146856e+00 0.000000e+00 -2.433818e-01
0.000000e+00 2.365000e+00 1.353856e+00 1.123274e+00 0.000000e+00 -2.452157e-01
0.000000e+00 2.420000e+00 1.334277e+00 1.101669e+00 0.000000e+00 -2.465033e-01
0.000000e+00 2.475000e+00 1.316272e+00 1.081894e+00 0.000000e+00 -2.472647e-01
0.000000e+00 2.530000e+00 1.299725e+00 1.063800e+00 0.000000e+00 -2.475328e-01
0.000000e+00 2.585000e+00 1.284514e+00 1.047233e+00 0.000000e+00 -2.473501e-01
0.000000e+00 2.640000e+00 1.270519e+00 1.032049e+00 0.000000e+00 -2.467634e-01
0.000000e+00 2.695000e+00 1.257632e+00 1.018116e+00 0.000000e+00 -2.458167e-01
0.000000e+00 2.750000e+00 1.245757e+00 1.005319e+00 0.000000e+00 -2.445485e-01
0.000000e+00 2.805000e+00 1.234812e+00 9.935601e-01 0.000000e+00 -2.429912e-01
0.000000e+00 2.860000e+00 1.224723e+00 9.827508e-01 0.000000e+00 -2.411741e-01
0.000000e+00 2.915000e+00 1.215421e+00 9.728116e-01 0.000000e+00 -2.391243e-01
0.000000e+00 2.970000e+00 1.206844e+00 9.636694e-01 0.000000e+00 -2.368676e-01
0.000000e+00 3.025000e+00 1.198934e+00 9.552577e-01 0.000000e+00 -2.344281e-01
0.000000e+00 3.080000e+00 1.191639e+00 9.475157e-01 0.000000e+00 -2.318283e-01
0.000000e+00 3.135000e+00 1.184909e+00 9.403886e-01 0.000000e+00 -2.290887e-01
0.000000e+00 3.190000e+00 1.178702e+00 9.338262e-01 0.000000e+00 -2.262279e-01
0.000000e+00 3.245000e+00 1.172977e+00 9.277831e-01 0.000000e+00 -2.232632e-01
0.000000e+00 3.300000e+00 1.167695e+00 9.222176e-01 0.000000e+00 -2.202105e-01
0.000000e+00 3.355000e+00 1.162824e+00 9.170915e-01 0.000000e+00 -2.170844e-01
0.000000e+00 3.410000e+00 1.158331e+00 9.123698e-01 0.000000e+00 -2.138984e-01
0.000000e+00 3.465000e+00 1.154187e+00 9.080202e-01 0.000000e+00 -2.106648e-01
0.000000e+00 3.520000e+00 1.150364e+00 9.040133e-01 0.000000e+00 -2.073950e-01
0.000000e+00 3.575000e+00 1.146839e+00 9.003217e-01 0.000000e+00 -2.040994e-01
0.000000e+00 3.630000e+00 1.143589e+00 8.969206e-01 0.000000e+00 -2.007874e-01
0.000000e+00 3.685000e+00 1.140590e+00 8.937868e-01 0.000000e+00 -1.974676e-01
0.000000e+00 3.740000e+00 1.137826e+00 8.908993e-01 0.000000e+00 -1.941479e-01
0.000000e+00 3.795000e+00 1.135276e+00 8.882383e-01 0.000000e+00 -1.908353e-01
0.000000e+00 3.850000e+00 1.132924e+00 8.857860e-01 0.000000e+00 -1.875363e-01
0.000000e+00 3.905000e+00 1.130755e+00 8.835256e-01 0.000000e+00 -1.842565e-01
0.000000e+00 3.960000e+00 1.128754e+00 8.814420e-01 0.000000e+00 -1.810011e-01
0.000000e+00 4.015000e+00 1.126909e+00 8.795210e-01 0.000000e+00 -1.777748e-01
0.000000e+00 4.070000e+00 1.125206e+00 8.777495e-01 0.000000e+00 -1.745815e-01
0.000000e+00 4.125000e+00 1.123635e+00 8.761158e-01 0.000000e+00 -1.714248e-01
0.000000e+00 4.180000e+00 1.122185e+00 8.746086e-01 0.000000e+00 -1.683079e-01
0.000000e+00 4.235000e+00 1.120846e+00 8.732179e-01 0.000000e+00 -1.652334e-01
0.000000e+00 4.290000e+00 1.119611e+00 8.719344e-01 0.000000e+00 -1.622036e-01
0.000000e+00 4.345000e+00 1.118469e+00 8.707494e-01 0.000000e+00 -1.592204e-01
0.000000e+00 4.400000e+00 1.117415e+00 8.696551e-01 0.000000e+00 -1.562856e-01
0.000000e+00 4.455000e+00 1.116440e+00 8.686441e-01 0.000000e+00 -1.534003e-01
0.000000e+00 4.510000e+00 1.115540e+00 8.677099e-01 0.000000e+00 -1.505657e-01
0.000000e+00 4.565000e+00 1.114707e+00 8.668462e-01 0.000000e+00 -1.477826e-01
0.000000e+00 4.620000e+00 1.113936e+00 8.660476e-01 0.000000e+00 -1.450515e-01
0.000000e+00 4.675000e+00 1.113223e+00 8.653086e-01 0.000000e+00 -1.423727e-01
0.000000e+00 4.730000e+00 1.112564e+00 8.646247e-01 0.000000e+00 -1.397466e-01
0.000000e+00 4.785000e+00 1.111952e+00 8.639914e-01 0.000000e+00 -1.371731e-01
0.000000e+00 4.840000e+00 1.111386e+00 8.634048e-01 0.000000e+00 -1.346521e-01
0.000000e+00 4.895000e+00 1.110861e+00 8.628611e-01 0.000000e+00 -1.321833e-01
0.000000e+00 4.950000e+00 1.110374e+00 8.623570e-01 0.000000e+00 -1.297665e-01
0.000000e+00 5.005000e+00 1.109923e+00 8.618893e-01 0.000000e+00 -1.274011e-01
0.000000e+00 5.060000e+00 1.109503e+00 8.614553e-01 0.000000e+00 -1.250866e-01
0.000000e+00 5.115000e+00 1.109114e+00 8.610523e-01 0.000000e+00 -1.228224e-01
0.000000e+00 5.170000e+00 1.108752e+00 8.606779e-01 0.000000e+00 -1.206079e-01
0.000000e+00 5.225000e+00 1.108416e+00 8.603299e-01 0.000000e+00 -1.184421e-01
0.000000e+00 5.280000e+00 1.108103e+00 8.600062e-01 0.000000e+00 -1.163244e-01
0.000000e+00 5.335000e+00 1.107812e+00 8.597049e-01 0.000000e+00 -1.142540e-01
0.000000e+00 5.390000e+00 1.107541e+00 8.594246e-01 0.000000e+00 -1.122300e-01
0.000000e+00 5.445000e+00 1.107289e+00 8.591639e-01 0.000000e+00 -1.102520e-01
0.000000e+00 5.500000e+00 1.107055e+00 8.589213e-01 0.000000e+00 -1.083189e-01
0.000000e+00 5.555000e+00 1.106836e+00 8.586945e-01 0.000000e+00 -1.064289e-01
0.000000e+00 5.610000e+00 1.106629e+00 8.584812e-01 0.000000e+00 -1.045802e-01
0.000000e+00 5.665000e+00 1.106435e+00 8.582801e-01 0.000000e+00 -1.027717e-01
0.000000e+00 5.720000e+00 1.106255e+00 8.580938e-01 0.000000e+00 -1.010058e-01
0.000000e+00 5.775000e+00 1.106094e+00 8.579273e-01 0.000000e+00 -9.928684e-02
0.000000e+00 5.830000e+00 1.105953e+00 8.577822e-01 0.000000e+00 -9.761590e-02
0.000000e+00 5.885000e+00 1.105823e+00 8.576472e-01 0.000000e+00 -9.598258e-02
0.000000e+00 5.940000e+00 1.105677e+00 8.574961e-01 0.000000e+00 -9.436360e-02
0.000000e+00 5.995000e+00 1.105493e+00 8.573059e-01 0.000000e+00 -9.273841e-02
0.000000e+00 6.050000e+00 1.105285e+00 8.570909e-01 0.000000e+00 -9.112007e-02
0.000000e+00 6.105000e+00 1.105132e+00 8.569326e-01 0.000000e+00 -8.958093e-02
0.000000e+00 6.160000e+00 1.105175e+00 8.569778e-01 0.000000e+00 -8.824994e-02
0.000000e+00 6.215000e+00 1.105569e+00 8.573844e-01 0.000000e+00 -8.726491e-02
0.000000e+00 6.270000e+00 1.106350e+00 8.581922e-01 0.000000e+00 -8.665516e-02
0.000000e+00 6.325000e+00 1.107360e+00 8.592375e-01 0.000000e+00 -8.627211e-02
0.000000e+00 6.380000e+00 1.108318e+00 8.602281e-01 0.000000e+00 -8.585597e-02
0.000000e+00 6.435000e+00 1.108899e+00 8.608303e-01 0.000000e+00 -8.511671e-02
0.000000e+00 6.490000e+00 1.108889e+00 8.608194e-01 0.000000e+00 -8.385901e-02
0.000000e+00 6.545000e+00 1.108367e+00 8.602785e-01 0.000000e+00 -8.216393e-02
0.000000e+00 6.600000e+00 1.107601e+00 8.594869e-01 0.000000e+00 -8.027565e-02
0.000000e+00 6.655000e+00 1.106868e+00 8.587280e-01 0.000000e+00 -7.843983e-02
0.000000e+00 6.710000e+00 1.106340e+00 8.581821e-01 0.000000e+00 -7.681234e-02
0.000000e+00 6.765000e+00 1.106021e+00 8.578522e-01 0.000000e+00 -7.539449e-02
0.000000e+00 6.820000e+00 1.105775e+00 8.575977e-01 0.000000e+00 -7.406710e-02
0.000000e+00 6.875000e+00 1.105453e+00 8.572653e-01 0.000000e+00 -7.270314e-02
0.000000e+00 6.930000e+00 1.105000e+00 8.567967e-01 0.000000e+00 -7.125533e-02
0.000000e+00 6.985000e+00 1.104465e+00 8.562436e-01 0.000000e+00 -6.976525e-02
0.000000e+00 7.040000e+00 1.103940e+00 8.557008e-01 0.000000e+00 -6.830557e-02
0.000000e+00 7.095000e+00 1.103490e+00 8.552354e-01 0.000000e+00 -6.692424e-02
0.000000e+00 7.150000e+00 1.103121e+00 8.548541e-01 0.000000e+00 -6.562301e-02
0.000000e+00 7.205000e+00 1.102794e+00 8.545167e-01 0.000000e+00 -6.437138e-02
0.000000e+00 7.260000e+00 1.102462e+00 8.541734e-01 0.000000e+00 -6.313528e-02
0.000000e+00 7.315000e+00 1.102095e+00 8.537948e-01 0.000000e+00 -6.189709e-02
0.000000e+00 7.370000e+00 1.101694e+00 8.533804e-01 0.000000e+00 -6.065897e-02
0.000000e+00 7.425000e+00 1.101275e+00 8.529479e-01 0.000000e+00 -5.943383e-02
0.000000e+00 7.480000e+00 1.100858e+00 8.525166e-01 0.000000e+00 -5.823386e-02
0.000000e+00 7.535000e+00 1.100451e+00 8.520964e-01 0.000000e+00 -5.706370e-02
0.000000e+00 7.590000e+00 1.100055e+00 8.516878e-01 0.000000e+00 -5.592105e-02
0.000000e+00 7.645000e+00 1.099667e+00 8.512876e-01 0.000000e+00 -5.480176e-02
0.000000e+00 7.700000e+00 1.099286e+00 8.508944e-01 0.000000e+00 -5.370390e-02
0.000000e+00 7.755000e+00 1.098913e+00 8.505091e-01 0.000000e+00 -5.262792e-02
0.000000e+00 7.810000e+00 1.098548e+00 8.501323e-01 0.000000e+00 -5.157437e-02
0.000000e+00 7.865000e+00 1.098190e+00 8.497627e-01 0.000000e+00 -5.054241e-02
0.000000e+00 7.920000e+00 1.097836e+00 8.493984e-01 0.000000e+00 -4.953036e-02
0.000000e+00 7.975000e+00 1.097487e+00 8.490379e-01 0.000000e+00 -4.853693e-02
0.000000e+00 8.030000e+00 1.097141e+00 8.486812e-01 0.000000e+00 -4.756168e-02
0.000000e+00 8.085000e+00 1.096799e+00 8.483288e-01 0.000000e+00 -4.660454e-02
0.000000e+00 8.140000e+00 1.096463e+00 8.479815e-01 0.000000e+00 -4.566534e-02
0.000000e+00 8.195000e+00 1.096131e+00 8.476393e-01 0.000000e+00 -4.474366e-02
0.000000e+00 8.250000e+00 1.095804e+00 8.473023e-01 0.000000e+00 -4.383892e-02
0.000000e+00 8.305000e+00 1.095482e+00 8.469701e-01 0.000000e+00 -4.295050e-02
0.000000e+00 8.360000e+00 1.095164e+00 8.466423e-01 0.000000e+00 -4.207777e-02
0.000000e+00 8.415000e+00 1.094850e+00 8.463186e-01 0.000000e+00 -4.122020e-02
0.000000e+00 8.470000e+00 1.094540e+00 8.459992e-01 0.000000e+00 -4.037741e-02
0.000000e+00 8.525000e+00 1.094234e+00 8.456839e-01 0.000000e+00 -3.954913e-02
0.000000e+00 8.580000e+00 1.093932e+00 8.453729e-01 0.000000e+00 -3.873502e-02
0.000000e+00 8.635000e+00 1.093634e+00 8.450658e-01 0.000000e+00 -3.793469e-02
0.000000e+00 8.690000e+00 1.093339e+00 8.447624e-01 0.000000e+00 -3.714768e-02
0.000000e+00 8.745000e+00 1.093048e+00 8.444624e-01 0.000000e+00 -3.637357e-02
0.000000e+00 8.800000e+00 1.092760e+00 8.441657e-01 0.000000e+00 -3.561199e-02
0.000000e+00 8.855000e+00 1.092475e+00 8.438719e-01 0.000000e+00 -3.486259e-02
0.000000e+00 8.910000e+00 1.092192e+00 8.435811e-01 0.000000e+00 -3.412501e-02
0.000000e+00 8.965000e+00 1.091913e+00 8.432930e-01 0.000000e+00 -3.339884e-02
0.000000e+00 9.020000e+00 1.091636e+00 8.430076e-01 0.000000e+00 -3.268364e-02
0.000000e+00 9.075000e+00 1.091361e+00 8.427247e-01 0.000000e+00 -3.197892e-02
0.000000e+00 9.130000e+00 1.091088e+00 8.424442e-01 0.000000e+00 -3.128417e-02
0.000000e+00 9.185000e+00 1.090818e+00 8.421660e-01 0.000000e+00 -3.059880e-02
0.000000e+00 9.240000e+00 1.090550e+00 8.418902e-01 0.000000e+00 -2.992229e-02
0.000000e+00 9.295000e+00 1.090284e+00 8.416165e-01 0.000000e+00 -2.925403e-02
0.000000e+00 9.350000e+00 1.090020e+00 8.413450e-01 0.000000e+00 -2.859330e-02
0.000000e+00 9.405000e+00 1.089759e+00 8.410755e-01 0.000000e+00 -2.793881e-02
0.000000e+00 9.460000e+00 1.089498e+00 8.408078e-01 0.000000e+00 -2.728970e-02
0.000000e+00 9.515000e+00 1.089240e+00 8.405423e-01 0.000000e+00 -2.664529e-02
0.000000e+00 9.570000e+00 1.088983e+00 8.402782e-01 0.000000e+00 -2.600712e-02
0.000000e+00 9.625000e+00 1.088730e+00 8.400168e-01 0.000000e+00 -2.537368e-02
0.000000e+00 9.680000e+00 1.088476e+00 8.397553e-01 0.000000e+00 -2.474329e-02
0.000000e+00 9.735000e+00 1.088227e+00 8.394985e-01 0.000000e+00 -2.410394e-02
0.000000e+00 9.790000e+00 1.087972e+00 8.392377e-01 0.000000e+00 -2.346027e-02
0.000000e+00 9.845000e+00 1.087727e+00 8.389877e-01 0.000000e+00 -2.281378e-02
0.000000e+00 9.900000e+00 1.087466e+00 8.387220e-01 0.000000e+00 -2.222592e-02
0.000000e+00 9.955000e+00 1.087242e+00 8.384952e-01 0.000000e+00 -2.168963e-02
0.000000e+00 1.001000e+01 1.103350e+00 8.550910e-01 -0.000000e+00 -6.410000e-03
0.000000e+00 1.006500e+01 1.103350e+00 8.550910e-01 -0.000000e+00 -6.410000e-03
0.000000e+00 1.012000e+01 1.103350e+00 8.550910e-01 -0.000000e+00 -6.410000e-03
0.000000e+00 1.017500e+01 1.103350e+00 8.550910e-01 -0.000000e+00 -6.410000e-03
0.000000e+00 1.023000e+01 1.103350e+00 8.550910e-01 -0.000000e+00 -6.410000e-03
0.000000e+00 1.028500e+01 1.103350e+00 8.550910e-01 -0.000000e+00 -6.410000e-03
0.000000e+00 1.034000e+01 1.103350e+00 8.550910e-01 -0.000000e+00 -6.410000e-03
0.000000e+00 1.039500e+01 1.103350e+00 8.550910e-01 -0.000000e+00 -6.410000e-03
0.000000e+00 1.045000e+01 1.103350e+00 8.550910e-01 -0.000000e+00 -6.410000e-03
0.000000e+00 1.050500e+01 1.103350e+00 8.550910e-01 -0.000000e+00 -6.410000e-03
0.000000e+00 1.056000e+01 1.103350e+00 8.550910e-01 -0.000000e+00 -6.410000e-03
0.000000e+00 1.061500e+01 1.103350e+00 8.550910e-01 -0.000000e+00 -6.410000e-03
0.000000e+00 1.067000e+01 1.103350e+00 8.550910e-01 -0.000000e+00 -6.410000e-03
0.000000e+00 1.072500e+01 1.103350e+00 8.550910e-01 -0.000000e+00 -6.410000e-03
0.000000e+00 1.078000e+01 1.103350e+00 8.550910e-01 -0.000000e+00 -6.410000e-03
0.000000e+00 1.083500e+01 1.103350e+00 8.550910e-01 -0.000000e+00 -6.410000e-03
0.000000e+00 1.089000e+01 1.103350e+00 8.550910e-01 -0.000000e+00 -6.410000e-03
0.000000e+00 1.094500e+01 1.103350e+00 8.550910e-01 -0.000000e+00 -6.410000e-03
0.000000e+00 1.100000e+01 1.103350e+00 8.550910e-01 -0.000000e+00 -6.410000e-03
