#############TIME##################
2.170408e+01 
###################################
0.000000e+00 0.000000e+00 8.810268e+00 1.369791e+01 0.000000e+00 -1.463299e+00
0.000000e+00 5.500000e-02 8.810268e+00 1.369791e+01 0.000000e+00 -1.463299e+00
0.000000e+00 1.100000e-01 8.810268e+00 1.369791e+01 0.000000e+00 -1.463299e+00
0.000000e+00 1.650000e-01 8.810268e+00 1.369791e+01 0.000000e+00 -1.463299e+00
0.000000e+00 2.200000e-01 8.811609e+00 1.370068e+01 0.000000e+00 -1.463212e+00
0.000000e+00 2.750000e-01 6.874063e+00 9.764861e+00 0.000000e+00 -1.264473e+00
0.000000e+00 3.300000e-01 5.725442e+00 7.673114e+00 0.000000e+00 -1.081079e+00
0.000000e+00 3.850000e-01 4.937575e+00 6.301557e+00 0.000000e+00 -9.400137e-01
0.000000e+00 4.400000e-01 4.358906e+00 5.340671e+00 0.000000e+00 -8.246634e-01
0.000000e+00 4.950000e-01 3.921054e+00 4.638822e+00 0.000000e+00 -7.319654e-01
0.000000e+00 5.500000e-01 3.577298e+00 4.105406e+00 0.000000e+00 -6.548617e-01
0.000000e+00 6.050000e-01 3.302340e+00 3.690633e+00 0.000000e+00 -5.904685e-01
0.000000e+00 6.600000e-01 3.077029e+00 3.358871e+00 0.000000e+00 -5.357225e-01
0.000000e+00 7.150000e-01 2.889340e+00 3.088537e+00 0.000000e+00 -4.890370e-01
0.000000e+00 7.700000e-01 2.730468e+00 2.864121e+00 0.000000e+00 -4.487504e-01
0.000000e+00 8.250000e-01 2.594710e+00 2.675718e+00 0.000000e+00 -4.137251e-01
0.000000e+00 8.800000e-01 2.477640e+00 2.515832e+00 0.000000e+00 -3.829029e-01
0.000000e+00 9.350000e-01 2.375949e+00 2.378961e+00 0.000000e+00 -3.555826e-01
0.000000e+00 9.900000e-01 2.286854e+00 2.260626e+00 0.000000e+00 -3.312112e-01
0.000000e+00 1.045000e+00 2.208149e+00 2.157357e+00 0.000000e+00 -3.094047e-01
0.000000e+00 1.100000e+00 2.138037e+00 2.066389e+00 0.000000e+00 -2.898336e-01
0.000000e+00 1.155000e+00 2.075119e+00 1.985597e+00 0.000000e+00 -2.722252e-01
0.000000e+00 1.210000e+00 2.018302e+00 1.913341e+00 0.000000e+00 -2.563281e-01
0.000000e+00 1.265000e+00 1.966763e+00 1.848386e+00 0.000000e+00 -2.419185e-01
0.000000e+00 1.320000e+00 1.919873e+00 1.789786e+00 0.000000e+00 -2.287927e-01
0.000000e+00 1.375000e+00 1.877136e+00 1.736796e+00 0.000000e+00 -2.167720e-01
0.000000e+00 1.430000e+00 1.838128e+00 1.688785e+00 0.000000e+00 -2.057045e-01
0.000000e+00 1.485000e+00 1.802454e+00 1.645181e+00 0.000000e+00 -1.954702e-01
0.000000e+00 1.540000e+00 1.769733e+00 1.605446e+00 0.000000e+00 -1.859829e-01
0.000000e+00 1.595000e+00 1.739602e+00 1.569078e+00 0.000000e+00 -1.771827e-01
0.000000e+00 1.650000e+00 1.711737e+00 1.535637e+00 0.000000e+00 -1.690224e-01
0.000000e+00 1.705000e+00 1.685871e+00 1.504762e+00 0.000000e+00 -1.614534e-01
0.000000e+00 1.760000e+00 1.661792e+00 1.476167e+00 0.000000e+00 -1.544215e-01
0.000000e+00 1.815000e+00 1.639324e+00 1.449613e+00 0.000000e+00 -1.478725e-01
0.000000e+00 1.870000e+00 1.618301e+00 1.424879e+00 0.000000e+00 -1.417616e-01
0.000000e+00 1.925000e+00 1.598558e+00 1.401752e+00 0.000000e+00 -1.360582e-01
0.000000e+00 1.980000e+00 1.579937e+00 1.380031e+00 0.000000e+00 -1.307434e-01
0.000000e+00 2.035000e+00 1.562303e+00 1.359541e+00 0.000000e+00 -1.258019e-01
0.000000e+00 2.090000e+00 1.545552e+00 1.340148e+00 0.000000e+00 -1.212138e-01
0.000000e+00 2.145000e+00 1.529621e+00 1.321769e+00 0.000000e+00 -1.169493e-01
0.000000e+00 2.200000e+00 1.514479e+00 1.304358e+00 0.000000e+00 -1.129697e-01
0.000000e+00 2.255000e+00 1.500113e+00 1.287891e+00 0.000000e+00 -1.092335e-01
0.000000e+00 2.310000e+00 1.486508e+00 1.272344e+00 0.000000e+00 -1.057031e-01
0.000000e+00 2.365000e+00 1.473637e+00 1.257680e+00 0.000000e+00 -1.023498e-01
0.000000e+00 2.420000e+00 1.461459e+00 1.243843e+00 0.000000e+00 -9.915512e-02
0.000000e+00 2.475000e+00 1.449919e+00 1.230768e+00 0.000000e+00 -9.610861e-02
0.000000e+00 2.530000e+00 1.438960e+00 1.218382e+00 0.000000e+00 -9.320520e-02
0.000000e+00 2.585000e+00 1.428525e+00 1.206618e+00 0.000000e+00 -9.044211e-02
0.000000e+00 2.640000e+00 1.418563e+00 1.195414e+00 0.000000e+00 -8.781648e-02
0.000000e+00 2.695000e+00 1.409031e+00 1.184718e+00 0.000000e+00 -8.532412e-02
0.000000e+00 2.750000e+00 1.399896e+00 1.174489e+00 0.000000e+00 -8.295914e-02
0.000000e+00 2.805000e+00 1.391130e+00 1.164695e+00 0.000000e+00 -8.071429e-02
0.000000e+00 2.860000e+00 1.382710e+00 1.155306e+00 0.000000e+00 -7.858164e-02
0.000000e+00 2.915000e+00 1.374617e+00 1.146301e+00 0.000000e+00 -7.655320e-02
0.000000e+00 2.970000e+00 1.366835e+00 1.137657e+00 0.000000e+00 -7.462138e-02
0.000000e+00 3.025000e+00 1.359347e+00 1.129356e+00 0.000000e+00 -7.277917e-02
0.000000e+00 3.080000e+00 1.352138e+00 1.121379e+00 0.000000e+00 -7.102016e-02
0.000000e+00 3.135000e+00 1.345196e+00 1.113709e+00 0.000000e+00 -6.933852e-02
0.000000e+00 3.190000e+00 1.338508e+00 1.106333e+00 0.000000e+00 -6.772905e-02
0.000000e+00 3.245000e+00 1.332062e+00 1.099236e+00 0.000000e+00 -6.618715e-02
0.000000e+00 3.300000e+00 1.325847e+00 1.092403e+00 0.000000e+00 -6.470885e-02
0.000000e+00 3.355000e+00 1.319851e+00 1.085822e+00 0.000000e+00 -6.329059e-02
0.000000e+00 3.410000e+00 1.314065e+00 1.079480e+00 0.000000e+00 -6.192898e-02
0.000000e+00 3.465000e+00 1.308478e+00 1.073366e+00 0.000000e+00 -6.062064e-02
0.000000e+00 3.520000e+00 1.303082e+00 1.067468e+00 0.000000e+00 -5.936212e-02
0.000000e+00 3.575000e+00 1.297868e+00 1.061777e+00 0.000000e+00 -5.815011e-02
0.000000e+00 3.630000e+00 1.292828e+00 1.056284e+00 0.000000e+00 -5.698165e-02
0.000000e+00 3.685000e+00 1.287954e+00 1.050977e+00 0.000000e+00 -5.585429e-02
0.000000e+00 3.740000e+00 1.283236e+00 1.045848e+00 0.000000e+00 -5.476602e-02
0.000000e+00 3.795000e+00 1.278668e+00 1.040887e+00 0.000000e+00 -5.371511e-02
0.000000e+00 3.850000e+00 1.274242e+00 1.036086e+00 0.000000e+00 -5.269981e-02
0.000000e+00 3.905000e+00 1.269951e+00 1.031437e+00 0.000000e+00 -5.171824e-02
0.000000e+00 3.960000e+00 1.265790e+00 1.026934e+00 0.000000e+00 -5.076847e-02
0.000000e+00 4.015000e+00 1.261755e+00 1.022571e+00 0.000000e+00 -4.984871e-02
0.000000e+00 4.070000e+00 1.257840e+00 1.018343e+00 0.000000e+00 -4.895749e-02
0.000000e+00 4.125000e+00 1.254039e+00 1.014242e+00 0.000000e+00 -4.809372e-02
0.000000e+00 4.180000e+00 1.250347e+00 1.010263e+00 0.000000e+00 -4.725650e-02
0.000000e+00 4.235000e+00 1.246758e+00 1.006399e+00 0.000000e+00 -4.644496e-02
0.000000e+00 4.290000e+00 1.243266e+00 1.002643e+00 0.000000e+00 -4.565814e-02
0.000000e+00 4.345000e+00 1.239866e+00 9.989883e-01 0.000000e+00 -4.489504e-02
0.000000e+00 4.400000e+00 1.236553e+00 9.954304e-01 0.000000e+00 -4.415482e-02
0.000000e+00 4.455000e+00 1.233321e+00 9.919634e-01 0.000000e+00 -4.343690e-02
0.000000e+00 4.510000e+00 1.230167e+00 9.885824e-01 0.000000e+00 -4.274098e-02
0.000000e+00 4.565000e+00 1.227086e+00 9.852831e-01 0.000000e+00 -4.206677e-02
0.000000e+00 4.620000e+00 1.224077e+00 9.820623e-01 0.000000e+00 -4.141376e-02
0.000000e+00 4.675000e+00 1.221136e+00 9.789176e-01 0.000000e+00 -4.078097e-02
0.000000e+00 4.730000e+00 1.218263e+00 9.758480e-01 0.000000e+00 -4.016696e-02
0.000000e+00 4.785000e+00 1.215457e+00 9.728529e-01 0.000000e+00 -3.957006e-02
0.000000e+00 4.840000e+00 1.212719e+00 9.699321e-01 0.000000e+00 -3.898857e-02
0.000000e+00 4.895000e+00 1.210049e+00 9.670858e-01 0.000000e+00 -3.842104e-02
0.000000e+00 4.950000e+00 1.207447e+00 9.643136e-01 0.000000e+00 -3.786634e-02
0.000000e+00 5.005000e+00 1.204912e+00 9.616151e-01 0.000000e+00 -3.732355e-02
0.000000e+00 5.060000e+00 1.202443e+00 9.589890e-01 0.000000e+00 -3.679193e-02
0.000000e+00 5.115000e+00 1.200039e+00 9.564334e-01 0.000000e+00 -3.627081e-02
0.000000e+00 5.170000e+00 1.197697e+00 9.539455e-01 0.000000e+00 -3.575962e-02
0.000000e+00 5.225000e+00 1.195414e+00 9.515220e-01 0.000000e+00 -3.525799e-02
0.000000e+00 5.280000e+00 1.193187e+00 9.491592e-01 0.000000e+00 -3.476585e-02
0.000000e+00 5.335000e+00 1.191012e+00 9.468535e-01 0.000000e+00 -3.428345e-02
0.000000e+00 5.390000e+00 1.188887e+00 9.446016e-01 0.000000e+00 -3.381126e-02
0.000000e+00 5.445000e+00 1.186809e+00 9.424006e-01 0.000000e+00 -3.334969e-02
0.000000e+00 5.500000e+00 1.184775e+00 9.402479e-01 0.000000e+00 -3.289884e-02
0.000000e+00 5.555000e+00 1.182784e+00 9.381419e-01 0.000000e+00 -3.245831e-02
0.000000e+00 5.610000e+00 1.180835e+00 9.360811e-01 0.000000e+00 -3.202721e-02
0.000000e+00 5.665000e+00 1.178926e+00 9.340642e-01 0.000000e+00 -3.160439e-02
0.000000e+00 5.720000e+00 1.177057e+00 9.320903e-01 0.000000e+00 -3.118881e-02
0.000000e+00 5.775000e+00 1.175227e+00 9.301585e-01 0.000000e+00 -3.077983e-02
0.000000e+00 5.830000e+00 1.173435e+00 9.282678e-01 0.000000e+00 -3.037728e-02
0.000000e+00 5.885000e+00 1.171680e+00 9.264172e-01 0.000000e+00 -2.998129e-02
0.000000e+00 5.940000e+00 1.169961e+00 9.246058e-01 0.000000e+00 -2.959208e-02
0.000000e+00 5.995000e+00 1.168278e+00 9.228323e-01 0.000000e+00 -2.920972e-02
0.000000e+00 6.050000e+00 1.166628e+00 9.210954e-01 0.000000e+00 -2.883412e-02
0.000000e+00 6.105000e+00 1.165011e+00 9.193934e-01 0.000000e+00 -2.846511e-02
0.000000e+00 6.160000e+00 1.163424e+00 9.177242e-01 0.000000e+00 -2.810265e-02
0.000000e+00 6.215000e+00 1.161866e+00 9.160853e-01 0.000000e+00 -2.774687e-02
0.000000e+00 6.270000e+00 1.160333e+00 9.144743e-01 0.000000e+00 -2.739802e-02
0.000000e+00 6.325000e+00 1.158824e+00 9.128885e-01 0.000000e+00 -2.705631e-02
0.000000e+00 6.380000e+00 1.157335e+00 9.113257e-01 0.000000e+00 -2.672179e-02
0.000000e+00 6.435000e+00 1.155866e+00 9.097838e-01 0.000000e+00 -2.639441e-02
0.000000e+00 6.490000e+00 1.154415e+00 9.082613e-01 0.000000e+00 -2.607408e-02
0.000000e+00 6.545000e+00 1.152981e+00 9.067570e-01 0.000000e+00 -2.576078e-02
0.000000e+00 6.600000e+00 1.151563e+00 9.052703e-01 0.000000e+00 -2.545458e-02
0.000000e+00 6.655000e+00 1.150161e+00 9.038006e-01 0.000000e+00 -2.515551e-02
0.000000e+00 6.710000e+00 1.148774e+00 9.023485e-01 0.000000e+00 -2.486337e-02
0.000000e+00 6.765000e+00 1.147405e+00 9.009149e-01 0.000000e+00 -2.457764e-02
0.000000e+00 6.820000e+00 1.146055e+00 8.995017e-01 0.000000e+00 -2.429743e-02
0.000000e+00 6.875000e+00 1.144726e+00 8.981114e-01 0.000000e+00 -2.402142e-02
0.000000e+00 6.930000e+00 1.143421e+00 8.967468e-01 0.000000e+00 -2.374787e-02
0.000000e+00 6.985000e+00 1.142143e+00 8.954105e-01 0.000000e+00 -2.347476e-02
0.000000e+00 7.040000e+00 1.140895e+00 8.941055e-01 0.000000e+00 -2.320068e-02
0.000000e+00 7.095000e+00 1.139680e+00 8.928368e-01 0.000000e+00 -2.292624e-02
0.000000e+00 7.150000e+00 1.138508e+00 8.916122e-01 0.000000e+00 -2.265524e-02
0.000000e+00 7.205000e+00 1.137386e+00 8.904407e-01 0.000000e+00 -2.239352e-02
0.000000e+00 7.260000e+00 1.136319e+00 8.893271e-01 0.000000e+00 -2.214492e-02
0.000000e+00 7.315000e+00 1.135302e+00 8.882662e-01 0.000000e+00 -2.190637e-02
0.000000e+00 7.370000e+00 1.134318e+00 8.872404e-01 0.000000e+00 -2.166659e-02
0.000000e+00 7.425000e+00 1.133346e+00 8.862270e-01 0.000000e+00 -2.141175e-02
0.000000e+00 7.480000e+00 1.132370e+00 8.852089e-01 0.000000e+00 -2.113526e-02
0.000000e+00 7.535000e+00 1.131386e+00 8.841833e-01 0.000000e+00 -2.084384e-02
0.000000e+00 7.590000e+00 1.130402e+00 8.831582e-01 0.000000e+00 -2.055398e-02
0.000000e+00 7.645000e+00 1.129425e+00 8.821413e-01 0.000000e+00 -2.028113e-02
0.000000e+00 7.700000e+00 1.128454e+00 8.811303e-01 0.000000e+00 -2.003039e-02
0.000000e+00 7.755000e+00 1.127478e+00 8.801140e-01 0.000000e+00 -1.979643e-02
0.000000e+00 7.810000e+00 1.126486e+00 8.790818e-01 0.000000e+00 -1.957130e-02
0.000000e+00 7.865000e+00 1.125478e+00 8.780332e-01 0.000000e+00 -1.935190e-02
0.000000e+00 7.920000e+00 1.124464e+00 8.769783e-01 0.000000e+00 -1.914024e-02
0.000000e+00 7.975000e+00 1.123457e+00 8.759310e-01 0.000000e+00 -1.893832e-02
0.000000e+00 8.030000e+00 1.122468e+00 8.749036e-01 0.000000e+00 -1.874407e-02
0.000000e+00 8.085000e+00 1.121507e+00 8.739051e-01 0.000000e+00 -1.855199e-02
0.000000e+00 8.140000e+00 1.120581e+00 8.729428e-01 0.000000e+00 -1.835649e-02
0.000000e+00 8.195000e+00 1.119694e+00 8.720221e-01 0.000000e+00 -1.815394e-02
0.000000e+00 8.250000e+00 1.118850e+00 8.711451e-01 0.000000e+00 -1.794245e-02
0.000000e+00 8.305000e+00 1.118044e+00 8.703086e-01 0.000000e+00 -1.772123e-02
0.000000e+00 8.360000e+00 1.117270e+00 8.695058e-01 0.000000e+00 -1.749094e-02
0.000000e+00 8.415000e+00 1.116520e+00 8.687274e-01 0.000000e+00 -1.725422e-02
0.000000e+00 8.470000e+00 1.115784e+00 8.679643e-01 0.000000e+00 -1.701547e-02
0.000000e+00 8.525000e+00 1.115055e+00 8.672074e-01 0.000000e+00 -1.677960e-02
0.000000e+00 8.580000e+00 1.114323e+00 8.664490e-01 0.000000e+00 -1.655068e-02
0.000000e+00 8.635000e+00 1.113585e+00 8.656834e-01 0.000000e+00 -1.633123e-02
0.000000e+00 8.690000e+00 1.112837e+00 8.649089e-01 0.000000e+00 -1.612192e-02
0.000000e+00 8.745000e+00 1.112084e+00 8.641279e-01 0.000000e+00 -1.592166e-02
0.000000e+00 8.800000e+00 1.111330e+00 8.633470e-01 0.000000e+00 -1.572788e-02
0.000000e+00 8.855000e+00 1.110584e+00 8.625749e-01 0.000000e+00 -1.553694e-02
0.000000e+00 8.910000e+00 1.109856e+00 8.618205e-01 0.000000e+00 -1.534473e-02
0.000000e+00 8.965000e+00 1.109150e+00 8.610899e-01 0.000000e+00 -1.514737e-02
0.000000e+00 9.020000e+00 1.108469e+00 8.603849e-01 0.000000e+00 -1.494206e-02
0.000000e+00 9.075000e+00 1.107809e+00 8.597024e-01 0.000000e+00 -1.472801e-02
0.000000e+00 9.130000e+00 1.107164e+00 8.590350e-01 0.000000e+00 -1.450707e-02
0.000000e+00 9.185000e+00 1.106524e+00 8.583726e-01 0.000000e+00 -1.428347e-02
0.000000e+00 9.240000e+00 1.105878e+00 8.577053e-01 0.000000e+00 -1.406169e-02
0.000000e+00 9.295000e+00 1.105219e+00 8.570249e-01 0.000000e+00 -1.384274e-02
0.000000e+00 9.350000e+00 1.104545e+00 8.563273e-01 0.000000e+00 -1.362038e-02
0.000000e+00 9.405000e+00 1.103855e+00 8.556133e-01 0.000000e+00 -1.338152e-02
0.000000e+00 9.460000e+00 1.103157e+00 8.548888e-01 0.000000e+00 -1.311322e-02
0.000000e+00 9.515000e+00 1.102458e+00 8.541644e-01 0.000000e+00 -1.281564e-02
0.000000e+00 9.570000e+00 1.101770e+00 8.534543e-01 0.000000e+00 -1.251108e-02
0.000000e+00 9.625000e+00 1.101104e+00 8.527731e-01 0.000000e+00 -1.224124e-02
0.000000e+00 9.680000e+00 1.100476e+00 8.521355e-01 0.000000e+00 -1.204393e-02
0.000000e+00 9.735000e+00 1.099895e+00 8.515474e-01 0.000000e+00 -1.193132e-02
0.000000e+00 9.790000e+00 1.099370e+00 8.510147e-01 0.000000e+00 -1.187076e-02
0.000000e+00 9.845000e+00 1.098890e+00 8.505212e-01 0.000000e+00 -1.181814e-02
0.000000e+00 9.900000e+00 1.098455e+00 8.500663e-01 0.000000e+00 -1.171928e-02
0.000000e+00 9.955000e+00 1.098020e+00 8.496017e-01 0.000000e+00 -1.160756e-02
0.000000e+00 1.001000e+01 1.103350e+00 8.550910e-01 -0.000000e+00 -6.410000e-03
0.000000e+00 1.006500e+01 1.103350e+00 8.550910e-01 -0.000000e+00 -6.410000e-03
0.000000e+00 1.012000e+01 1.103350e+00 8.550910e-01 -0.000000e+00 -6.410000e-03
0.000000e+00 1.017500e+01 1.103350e+00 8.550910e-01 -0.000000e+00 -6.410000e-03
0.000000e+00 1.023000e+01 1.103350e+00 8.550910e-01 -0.000000e+00 -6.410000e-03
0.000000e+00 1.028500e+01 1.103350e+00 8.550910e-01 -0.000000e+00 -6.410000e-03
0.000000e+00 1.034000e+01 1.103350e+00 8.550910e-01 -0.000000e+00 -6.410000e-03
0.000000e+00 1.039500e+01 1.103350e+00 8.550910e-01 -0.000000e+00 -6.410000e-03
0.000000e+00 1.045000e+01 1.103350e+00 8.550910e-01 -0.000000e+00 -6.410000e-03
0.000000e+00 1.050500e+01 1.103350e+00 8.550910e-01 -0.000000e+00 -6.410000e-03
0.000000e+00 1.056000e+01 1.103350e+00 8.550910e-01 -0.000000e+00 -6.410000e-03
0.000000e+00 1.061500e+01 1.103350e+00 8.550910e-01 -0.000000e+00 -6.410000e-03
0.000000e+00 1.067000e+01 1.103350e+00 8.550910e-01 -0.000000e+00 -6.410000e-03
0.000000e+00 1.072500e+01 1.103350e+00 8.550910e-01 -0.000000e+00 -6.410000e-03
0.000000e+00 1.078000e+01 1.103350e+00 8.550910e-01 -0.000000e+00 -6.410000e-03
0.000000e+00 1.083500e+01 1.103350e+00 8.550910e-01 -0.000000e+00 -6.410000e-03
0.000000e+00 1.089000e+01 1.103350e+00 8.550910e-01 -0.000000e+00 -6.410000e-03
0.000000e+00 1.094500e+01 1.103350e+00 8.550910e-01 -0.000000e+00 -6.410000e-03
0.000000e+00 1.100000e+01 1.103350e+00 8.550910e-01 -0.000000e+00 -6.410000e-03
