#############TIME##################
4.704570e+00 
###################################
0.000000e+00 0.000000e+00 9.593678e+00 1.532973e+01 0.000000e+00 -1.418967e+00
0.000000e+00 5.500000e-02 9.593678e+00 1.532973e+01 0.000000e+00 -1.418967e+00
0.000000e+00 1.100000e-01 9.593678e+00 1.532973e+01 0.000000e+00 -1.418967e+00
0.000000e+00 1.650000e-01 9.593678e+00 1.532973e+01 0.000000e+00 -1.418967e+00
0.000000e+00 2.200000e-01 9.593824e+00 1.533002e+01 0.000000e+00 -1.418939e+00
0.000000e+00 2.750000e-01 7.459139e+00 1.088160e+01 0.000000e+00 -1.229293e+00
0.000000e+00 3.300000e-01 6.194224e+00 8.515807e+00 0.000000e+00 -1.053464e+00
0.000000e+00 3.850000e-01 5.340492e+00 6.990219e+00 0.000000e+00 -9.156168e-01
0.000000e+00 4.400000e-01 4.718558e+00 5.930257e+00 0.000000e+00 -8.020673e-01
0.000000e+00 4.950000e-01 4.248712e+00 5.157604e+00 0.000000e+00 -7.104075e-01
0.000000e+00 5.500000e-01 3.880030e+00 4.570462e+00 0.000000e+00 -6.342727e-01
0.000000e+00 6.050000e-01 3.584642e+00 4.113196e+00 0.000000e+00 -5.707370e-01
0.000000e+00 6.600000e-01 3.342751e+00 3.747674e+00 0.000000e+00 -5.167620e-01
0.000000e+00 7.150000e-01 3.141638e+00 3.450366e+00 0.000000e+00 -4.706085e-01
0.000000e+00 7.700000e-01 2.971837e+00 3.204155e+00 0.000000e+00 -4.306703e-01
0.000000e+00 8.250000e-01 2.826838e+00 2.997546e+00 0.000000e+00 -3.958982e-01
0.000000e+00 8.800000e-01 2.701611e+00 2.821900e+00 0.000000e+00 -3.653597e-01
0.000000e+00 9.350000e-01 2.592492e+00 2.671026e+00 0.000000e+00 -3.383907e-01
0.000000e+00 9.900000e-01 2.496590e+00 2.540150e+00 0.000000e+00 -3.144249e-01
0.000000e+00 1.045000e+00 2.411693e+00 2.425675e+00 0.000000e+00 -2.930330e-01
0.000000e+00 1.100000e+00 2.336023e+00 2.324764e+00 0.000000e+00 -2.738537e-01
0.000000e+00 1.155000e+00 2.268173e+00 2.235198e+00 0.000000e+00 -2.565985e-01
0.000000e+00 1.210000e+00 2.206994e+00 2.155197e+00 0.000000e+00 -2.410224e-01
0.000000e+00 1.265000e+00 2.151552e+00 2.083332e+00 0.000000e+00 -2.269226e-01
0.000000e+00 1.320000e+00 2.101074e+00 2.018433e+00 0.000000e+00 -2.141255e-01
0.000000e+00 1.375000e+00 2.054920e+00 1.959540e+00 0.000000e+00 -2.024849e-01
0.000000e+00 1.430000e+00 2.012549e+00 1.905856e+00 0.000000e+00 -1.918757e-01
0.000000e+00 1.485000e+00 1.973504e+00 1.856710e+00 0.000000e+00 -1.821920e-01
0.000000e+00 1.540000e+00 1.937391e+00 1.811535e+00 0.000000e+00 -1.733430e-01
0.000000e+00 1.595000e+00 1.903876e+00 1.769852e+00 0.000000e+00 -1.652502e-01
0.000000e+00 1.650000e+00 1.872668e+00 1.731252e+00 0.000000e+00 -1.578448e-01
0.000000e+00 1.705000e+00 1.843515e+00 1.695384e+00 0.000000e+00 -1.510661e-01
0.000000e+00 1.760000e+00 1.816199e+00 1.661946e+00 0.000000e+00 -1.448608e-01
0.000000e+00 1.815000e+00 1.790528e+00 1.630680e+00 0.000000e+00 -1.391819e-01
0.000000e+00 1.870000e+00 1.766336e+00 1.601358e+00 0.000000e+00 -1.339888e-01
0.000000e+00 1.925000e+00 1.743479e+00 1.573780e+00 0.000000e+00 -1.292465e-01
0.000000e+00 1.980000e+00 1.721821e+00 1.547764e+00 0.000000e+00 -1.249283e-01
0.000000e+00 2.035000e+00 1.701228e+00 1.523131e+00 0.000000e+00 -1.210187e-01
0.000000e+00 2.090000e+00 1.681567e+00 1.499704e+00 0.000000e+00 -1.175141e-01
0.000000e+00 2.145000e+00 1.662703e+00 1.477316e+00 0.000000e+00 -1.144188e-01
0.000000e+00 2.200000e+00 1.644520e+00 1.455815e+00 0.000000e+00 -1.117370e-01
0.000000e+00 2.255000e+00 1.626920e+00 1.435079e+00 0.000000e+00 -1.094671e-01
0.000000e+00 2.310000e+00 1.609820e+00 1.415004e+00 0.000000e+00 -1.076043e-01
0.000000e+00 2.365000e+00 1.593141e+00 1.395492e+00 0.000000e+00 -1.061489e-01
0.000000e+00 2.420000e+00 1.576794e+00 1.376432e+00 0.000000e+00 -1.051127e-01
0.000000e+00 2.475000e+00 1.560681e+00 1.357711e+00 0.000000e+00 -1.045174e-01
0.000000e+00 2.530000e+00 1.544713e+00 1.339222e+00 0.000000e+00 -1.043848e-01
0.000000e+00 2.585000e+00 1.528821e+00 1.320884e+00 0.000000e+00 -1.047283e-01
0.000000e+00 2.640000e+00 1.512947e+00 1.302631e+00 0.000000e+00 -1.055548e-01
0.000000e+00 2.695000e+00 1.497023e+00 1.284383e+00 0.000000e+00 -1.068848e-01
0.000000e+00 2.750000e+00 1.480928e+00 1.266005e+00 0.000000e+00 -1.087792e-01
0.000000e+00 2.805000e+00 1.464488e+00 1.247302e+00 0.000000e+00 -1.113398e-01
0.000000e+00 2.860000e+00 1.447546e+00 1.228101e+00 0.000000e+00 -1.146642e-01
0.000000e+00 2.915000e+00 1.430045e+00 1.208345e+00 0.000000e+00 -1.187796e-01
0.000000e+00 2.970000e+00 1.412069e+00 1.188137e+00 0.000000e+00 -1.236141e-01
0.000000e+00 3.025000e+00 1.393806e+00 1.167693e+00 0.000000e+00 -1.290192e-01
0.000000e+00 3.080000e+00 1.375496e+00 1.147286e+00 0.000000e+00 -1.348023e-01
0.000000e+00 3.135000e+00 1.357416e+00 1.127225e+00 0.000000e+00 -1.407399e-01
0.000000e+00 3.190000e+00 1.339872e+00 1.107842e+00 0.000000e+00 -1.465829e-01
0.000000e+00 3.245000e+00 1.323151e+00 1.089448e+00 0.000000e+00 -1.520868e-01
0.000000e+00 3.300000e+00 1.307471e+00 1.072267e+00 0.000000e+00 -1.570614e-01
0.000000e+00 3.355000e+00 1.292926e+00 1.056393e+00 0.000000e+00 -1.614069e-01
0.000000e+00 3.410000e+00 1.279509e+00 1.041802e+00 0.000000e+00 -1.651088e-01
0.000000e+00 3.465000e+00 1.267149e+00 1.028406e+00 0.000000e+00 -1.682035e-01
0.000000e+00 3.520000e+00 1.255760e+00 1.016099e+00 0.000000e+00 -1.707439e-01
0.000000e+00 3.575000e+00 1.245255e+00 1.004782e+00 0.000000e+00 -1.727834e-01
0.000000e+00 3.630000e+00 1.235556e+00 9.943613e-01 0.000000e+00 -1.743733e-01
0.000000e+00 3.685000e+00 1.226587e+00 9.847488e-01 0.000000e+00 -1.755631e-01
0.000000e+00 3.740000e+00 1.218279e+00 9.758654e-01 0.000000e+00 -1.763983e-01
0.000000e+00 3.795000e+00 1.210572e+00 9.676425e-01 0.000000e+00 -1.769184e-01
0.000000e+00 3.850000e+00 1.203414e+00 9.600215e-01 0.000000e+00 -1.771564e-01
0.000000e+00 3.905000e+00 1.196762e+00 9.529523e-01 0.000000e+00 -1.771410e-01
0.000000e+00 3.960000e+00 1.190576e+00 9.463907e-01 0.000000e+00 -1.768975e-01
0.000000e+00 4.015000e+00 1.184822e+00 9.402967e-01 0.000000e+00 -1.764489e-01
0.000000e+00 4.070000e+00 1.179466e+00 9.346334e-01 0.000000e+00 -1.758158e-01
0.000000e+00 4.125000e+00 1.174477e+00 9.293662e-01 0.000000e+00 -1.750159e-01
0.000000e+00 4.180000e+00 1.169827e+00 9.244632e-01 0.000000e+00 -1.740649e-01
0.000000e+00 4.235000e+00 1.165490e+00 9.198971e-01 0.000000e+00 -1.729783e-01
0.000000e+00 4.290000e+00 1.161449e+00 9.156467e-01 0.000000e+00 -1.717734e-01
0.000000e+00 4.345000e+00 1.157689e+00 9.116966e-01 0.000000e+00 -1.704692e-01
0.000000e+00 4.400000e+00 1.154197e+00 9.080312e-01 0.000000e+00 -1.690820e-01
0.000000e+00 4.455000e+00 1.150948e+00 9.046250e-01 0.000000e+00 -1.676172e-01
0.000000e+00 4.510000e+00 1.147904e+00 9.014364e-01 0.000000e+00 -1.660648e-01
0.000000e+00 4.565000e+00 1.145019e+00 8.984172e-01 0.000000e+00 -1.644067e-01
0.000000e+00 4.620000e+00 1.142266e+00 8.955386e-01 0.000000e+00 -1.626399e-01
0.000000e+00 4.675000e+00 1.139669e+00 8.928248e-01 0.000000e+00 -1.608051e-01
0.000000e+00 4.730000e+00 1.137319e+00 8.903710e-01 0.000000e+00 -1.590022e-01
0.000000e+00 4.785000e+00 1.135363e+00 8.883290e-01 0.000000e+00 -1.573778e-01
0.000000e+00 4.840000e+00 1.133940e+00 8.868450e-01 0.000000e+00 -1.560722e-01
0.000000e+00 4.895000e+00 1.133069e+00 8.859365e-01 0.000000e+00 -1.551128e-01
0.000000e+00 4.950000e+00 1.132564e+00 8.854104e-01 0.000000e+00 -1.543415e-01
0.000000e+00 5.005000e+00 1.132124e+00 8.849520e-01 0.000000e+00 -1.534991e-01
0.000000e+00 5.060000e+00 1.131419e+00 8.842181e-01 0.000000e+00 -1.523044e-01
0.000000e+00 5.115000e+00 1.130219e+00 8.829672e-01 0.000000e+00 -1.505587e-01
0.000000e+00 5.170000e+00 1.128556e+00 8.812356e-01 0.000000e+00 -1.483085e-01
0.000000e+00 5.225000e+00 1.126658e+00 8.792607e-01 0.000000e+00 -1.457694e-01
0.000000e+00 5.280000e+00 1.124781e+00 8.773074e-01 0.000000e+00 -1.431795e-01
0.000000e+00 5.335000e+00 1.123103e+00 8.755628e-01 0.000000e+00 -1.407098e-01
0.000000e+00 5.390000e+00 1.121673e+00 8.740769e-01 0.000000e+00 -1.384128e-01
0.000000e+00 5.445000e+00 1.120408e+00 8.727626e-01 0.000000e+00 -1.362231e-01
0.000000e+00 5.500000e+00 1.119171e+00 8.714777e-01 0.000000e+00 -1.340284e-01
0.000000e+00 5.555000e+00 1.117870e+00 8.701279e-01 0.000000e+00 -1.317568e-01
0.000000e+00 5.610000e+00 1.116508e+00 8.687141e-01 0.000000e+00 -1.294144e-01
0.000000e+00 5.665000e+00 1.115150e+00 8.673056e-01 0.000000e+00 -1.270601e-01
0.000000e+00 5.720000e+00 1.113875e+00 8.659842e-01 0.000000e+00 -1.247585e-01
0.000000e+00 5.775000e+00 1.112734e+00 8.648012e-01 0.000000e+00 -1.225469e-01
0.000000e+00 5.830000e+00 1.111732e+00 8.637636e-01 0.000000e+00 -1.204278e-01
0.000000e+00 5.885000e+00 1.110843e+00 8.628427e-01 0.000000e+00 -1.183803e-01
0.000000e+00 5.940000e+00 1.110022e+00 8.619927e-01 0.000000e+00 -1.163758e-01
0.000000e+00 5.995000e+00 1.109225e+00 8.611676e-01 0.000000e+00 -1.143893e-01
0.000000e+00 6.050000e+00 1.108420e+00 8.603341e-01 0.000000e+00 -1.124053e-01
0.000000e+00 6.105000e+00 1.107594e+00 8.594789e-01 0.000000e+00 -1.104200e-01
0.000000e+00 6.160000e+00 1.106753e+00 8.586090e-01 0.000000e+00 -1.084409e-01
0.000000e+00 6.215000e+00 1.105917e+00 8.577448e-01 0.000000e+00 -1.064815e-01
0.000000e+00 6.270000e+00 1.105109e+00 8.569093e-01 0.000000e+00 -1.045546e-01
0.000000e+00 6.325000e+00 1.104346e+00 8.561198e-01 0.000000e+00 -1.026684e-01
0.000000e+00 6.380000e+00 1.103635e+00 8.553854e-01 0.000000e+00 -1.008261e-01
0.000000e+00 6.435000e+00 1.102978e+00 8.547064e-01 0.000000e+00 -9.902735e-02
0.000000e+00 6.490000e+00 1.102368e+00 8.540761e-01 0.000000e+00 -9.726914e-02
0.000000e+00 6.545000e+00 1.101792e+00 8.534815e-01 0.000000e+00 -9.554618e-02
0.000000e+00 6.600000e+00 1.101236e+00 8.529069e-01 0.000000e+00 -9.385174e-02
0.000000e+00 6.655000e+00 1.100685e+00 8.523380e-01 0.000000e+00 -9.217970e-02
0.000000e+00 6.710000e+00 1.100130e+00 8.517656e-01 0.000000e+00 -9.052656e-02
0.000000e+00 6.765000e+00 1.099570e+00 8.511873e-01 0.000000e+00 -8.889205e-02
0.000000e+00 6.820000e+00 1.099006e+00 8.506056e-01 0.000000e+00 -8.727805e-02
0.000000e+00 6.875000e+00 1.098444e+00 8.500257e-01 0.000000e+00 -8.568719e-02
0.000000e+00 6.930000e+00 1.097890e+00 8.494533e-01 0.000000e+00 -8.412184e-02
0.000000e+00 6.985000e+00 1.097347e+00 8.488938e-01 0.000000e+00 -8.258387e-02
0.000000e+00 7.040000e+00 1.096821e+00 8.483514e-01 0.000000e+00 -8.107450e-02
0.000000e+00 7.095000e+00 1.096314e+00 8.478284e-01 0.000000e+00 -7.959419e-02
0.000000e+00 7.150000e+00 1.095826e+00 8.473256e-01 0.000000e+00 -7.814261e-02
0.000000e+00 7.205000e+00 1.095358e+00 8.468422e-01 0.000000e+00 -7.671890e-02
0.000000e+00 7.260000e+00 1.094906e+00 8.463765e-01 0.000000e+00 -7.532197e-02
0.000000e+00 7.315000e+00 1.094469e+00 8.459266e-01 0.000000e+00 -7.395072e-02
0.000000e+00 7.370000e+00 1.094046e+00 8.454906e-01 0.000000e+00 -7.260417e-02
0.000000e+00 7.425000e+00 1.093635e+00 8.450668e-01 0.000000e+00 -7.128141e-02
0.000000e+00 7.480000e+00 1.093234e+00 8.446535e-01 0.000000e+00 -6.998169e-02
0.000000e+00 7.535000e+00 1.092842e+00 8.442497e-01 0.000000e+00 -6.870435e-02
0.000000e+00 7.590000e+00 1.092458e+00 8.438543e-01 0.000000e+00 -6.744887e-02
0.000000e+00 7.645000e+00 1.092081e+00 8.434666e-01 0.000000e+00 -6.621481e-02
0.000000e+00 7.700000e+00 1.091712e+00 8.430862e-01 0.000000e+00 -6.500174e-02
0.000000e+00 7.755000e+00 1.091349e+00 8.427124e-01 0.000000e+00 -6.380924e-02
0.000000e+00 7.810000e+00 1.090992e+00 8.423449e-01 0.000000e+00 -6.263690e-02
0.000000e+00 7.865000e+00 1.090641e+00 8.419833e-01 0.000000e+00 -6.148433e-02
0.000000e+00 7.920000e+00 1.090295e+00 8.416273e-01 0.000000e+00 -6.035113e-02
0.000000e+00 7.975000e+00 1.089954e+00 8.412766e-01 0.000000e+00 -5.923694e-02
0.000000e+00 8.030000e+00 1.089618e+00 8.409308e-01 0.000000e+00 -5.814134e-02
0.000000e+00 8.085000e+00 1.089287e+00 8.405898e-01 0.000000e+00 -5.706391e-02
0.000000e+00 8.140000e+00 1.088959e+00 8.402533e-01 0.000000e+00 -5.600424e-02
0.000000e+00 8.195000e+00 1.088636e+00 8.399210e-01 0.000000e+00 -5.496200e-02
0.000000e+00 8.250000e+00 1.088318e+00 8.395930e-01 0.000000e+00 -5.393688e-02
0.000000e+00 8.305000e+00 1.088003e+00 8.392693e-01 0.000000e+00 -5.292861e-02
0.000000e+00 8.360000e+00 1.087692e+00 8.389497e-01 0.000000e+00 -5.193688e-02
0.000000e+00 8.415000e+00 1.087385e+00 8.386341e-01 0.000000e+00 -5.096130e-02
0.000000e+00 8.470000e+00 1.087082e+00 8.383223e-01 0.000000e+00 -5.000141e-02
0.000000e+00 8.525000e+00 1.086782e+00 8.380140e-01 0.000000e+00 -4.905677e-02
0.000000e+00 8.580000e+00 1.086486e+00 8.377091e-01 0.000000e+00 -4.812704e-02
0.000000e+00 8.635000e+00 1.086192e+00 8.374075e-01 0.000000e+00 -4.721194e-02
0.000000e+00 8.690000e+00 1.085902e+00 8.371093e-01 0.000000e+00 -4.631126e-02
0.000000e+00 8.745000e+00 1.085615e+00 8.368144e-01 0.000000e+00 -4.542475e-02
0.000000e+00 8.800000e+00 1.085331e+00 8.365227e-01 0.000000e+00 -4.455202e-02
0.000000e+00 8.855000e+00 1.085051e+00 8.362341e-01 0.000000e+00 -4.369260e-02
0.000000e+00 8.910000e+00 1.084772e+00 8.359483e-01 0.000000e+00 -4.284598e-02
0.000000e+00 8.965000e+00 1.084497e+00 8.356651e-01 0.000000e+00 -4.201161e-02
0.000000e+00 9.020000e+00 1.084223e+00 8.353844e-01 0.000000e+00 -4.118895e-02
0.000000e+00 9.075000e+00 1.083953e+00 8.351063e-01 0.000000e+00 -4.037744e-02
0.000000e+00 9.130000e+00 1.083684e+00 8.348307e-01 0.000000e+00 -3.957656e-02
0.000000e+00 9.185000e+00 1.083419e+00 8.345579e-01 0.000000e+00 -3.878571e-02
0.000000e+00 9.240000e+00 1.083156e+00 8.342877e-01 0.000000e+00 -3.800421e-02
0.000000e+00 9.295000e+00 1.082895e+00 8.340201e-01 0.000000e+00 -3.723080e-02
0.000000e+00 9.350000e+00 1.082637e+00 8.337551e-01 0.000000e+00 -3.646420e-02
0.000000e+00 9.405000e+00 1.082382e+00 8.334928e-01 0.000000e+00 -3.570283e-02
0.000000e+00 9.460000e+00 1.082128e+00 8.332326e-01 0.000000e+00 -3.494714e-02
0.000000e+00 9.515000e+00 1.081878e+00 8.329756e-01 0.000000e+00 -3.419666e-02
0.000000e+00 9.570000e+00 1.081629e+00 8.327196e-01 0.000000e+00 -3.345268e-02
0.000000e+00 9.625000e+00 1.081384e+00 8.324684e-01 0.000000e+00 -3.270720e-02
0.000000e+00 9.680000e+00 1.081138e+00 8.322153e-01 0.000000e+00 -3.195814e-02
0.000000e+00 9.735000e+00 1.080900e+00 8.319716e-01 0.000000e+00 -3.119071e-02
0.000000e+00 9.790000e+00 1.080651e+00 8.317172e-01 0.000000e+00 -3.043369e-02
0.000000e+00 9.845000e+00 1.080424e+00 8.314868e-01 0.000000e+00 -2.968791e-02
0.000000e+00 9.900000e+00 1.080159e+00 8.312195e-01 0.000000e+00 -2.905661e-02
0.000000e+00 9.955000e+00 1.079979e+00 8.310437e-01 0.000000e+00 -2.846438e-02
0.000000e+00 1.001000e+01 1.103350e+00 8.550910e-01 -0.000000e+00 -6.410000e-03
0.000000e+00 1.006500e+01 1.103350e+00 8.550910e-01 -0.000000e+00 -6.410000e-03
0.000000e+00 1.012000e+01 1.103350e+00 8.550910e-01 -0.000000e+00 -6.410000e-03
0.000000e+00 1.017500e+01 1.103350e+00 8.550910e-01 -0.000000e+00 -6.410000e-03
0.000000e+00 1.023000e+01 1.103350e+00 8.550910e-01 -0.000000e+00 -6.410000e-03
0.000000e+00 1.028500e+01 1.103350e+00 8.550910e-01 -0.000000e+00 -6.410000e-03
0.000000e+00 1.034000e+01 1.103350e+00 8.550910e-01 -0.000000e+00 -6.410000e-03
0.000000e+00 1.039500e+01 1.103350e+00 8.550910e-01 -0.000000e+00 -6.410000e-03
0.000000e+00 1.045000e+01 1.103350e+00 8.550910e-01 -0.000000e+00 -6.410000e-03
0.000000e+00 1.050500e+01 1.103350e+00 8.550910e-01 -0.000000e+00 -6.410000e-03
0.000000e+00 1.056000e+01 1.103350e+00 8.550910e-01 -0.000000e+00 -6.410000e-03
0.000000e+00 1.061500e+01 1.103350e+00 8.550910e-01 -0.000000e+00 -6.410000e-03
0.000000e+00 1.067000e+01 1.103350e+00 8.550910e-01 -0.000000e+00 -6.410000e-03
0.000000e+00 1.072500e+01 1.103350e+00 8.550910e-01 -0.000000e+00 -6.410000e-03
0.000000e+00 1.078000e+01 1.103350e+00 8.550910e-01 -0.000000e+00 -6.410000e-03
0.000000e+00 1.083500e+01 1.103350e+00 8.550910e-01 -0.000000e+00 -6.410000e-03
0.000000e+00 1.089000e+01 1.103350e+00 8.550910e-01 -0.000000e+00 -6.410000e-03
0.000000e+00 1.094500e+01 1.103350e+00 8.550910e-01 -0.000000e+00 -6.410000e-03
0.000000e+00 1.100000e+01 1.103350e+00 8.550910e-01 -0.000000e+00 -6.410000e-03
