#############TIME##################
1.810297e+01 
###################################
0.000000e+00 0.000000e+00 8.602504e+00 1.327023e+01 0.000000e+00 -1.468730e+00
0.000000e+00 5.500000e-02 8.602504e+00 1.327023e+01 0.000000e+00 -1.468730e+00
0.000000e+00 1.100000e-01 8.602504e+00 1.327023e+01 0.000000e+00 -1.468730e+00
0.000000e+00 1.650000e-01 8.602504e+00 1.327023e+01 0.000000e+00 -1.468730e+00
0.000000e+00 2.200000e-01 8.602316e+00 1.326984e+01 0.000000e+00 -1.468742e+00
0.000000e+00 2.750000e-01 6.714127e+00 9.464533e+00 0.000000e+00 -1.267552e+00
0.000000e+00 3.300000e-01 5.593890e+00 7.440577e+00 0.000000e+00 -1.082409e+00
0.000000e+00 3.850000e-01 4.823541e+00 6.109772e+00 0.000000e+00 -9.401784e-01
0.000000e+00 4.400000e-01 4.257672e+00 5.177396e+00 0.000000e+00 -8.238470e-01
0.000000e+00 4.950000e-01 3.829424e+00 4.496114e+00 0.000000e+00 -7.302314e-01
0.000000e+00 5.500000e-01 3.492788e+00 3.977719e+00 0.000000e+00 -6.523967e-01
0.000000e+00 6.050000e-01 3.223193e+00 3.574127e+00 0.000000e+00 -5.874271e-01
0.000000e+00 6.600000e-01 3.002397e+00 3.251511e+00 0.000000e+00 -5.321295e-01
0.000000e+00 7.150000e-01 2.818930e+00 2.989304e+00 0.000000e+00 -4.847817e-01
0.000000e+00 7.700000e-01 2.664098e+00 2.772284e+00 0.000000e+00 -4.437181e-01
0.000000e+00 8.250000e-01 2.531986e+00 2.590347e+00 0.000000e+00 -4.078937e-01
0.000000e+00 8.800000e-01 2.417970e+00 2.435815e+00 0.000000e+00 -3.763506e-01
0.000000e+00 9.350000e-01 2.318713e+00 2.303228e+00 0.000000e+00 -3.484228e-01
0.000000e+00 9.900000e-01 2.231564e+00 2.188353e+00 0.000000e+00 -3.235304e-01
0.000000e+00 1.045000e+00 2.154506e+00 2.088015e+00 0.000000e+00 -3.012398e-01
0.000000e+00 1.100000e+00 2.085915e+00 1.999705e+00 0.000000e+00 -2.811814e-01
0.000000e+00 1.155000e+00 2.024507e+00 1.921463e+00 0.000000e+00 -2.630621e-01
0.000000e+00 1.210000e+00 1.969232e+00 1.851715e+00 0.000000e+00 -2.466324e-01
0.000000e+00 1.265000e+00 1.919238e+00 1.789197e+00 0.000000e+00 -2.316861e-01
0.000000e+00 1.320000e+00 1.873819e+00 1.732874e+00 0.000000e+00 -2.180466e-01
0.000000e+00 1.375000e+00 1.832389e+00 1.681898e+00 0.000000e+00 -2.055647e-01
0.000000e+00 1.430000e+00 1.794455e+00 1.635565e+00 0.000000e+00 -1.941116e-01
0.000000e+00 1.485000e+00 1.759602e+00 1.593287e+00 0.000000e+00 -1.835763e-01
0.000000e+00 1.540000e+00 1.727477e+00 1.554571e+00 0.000000e+00 -1.738614e-01
0.000000e+00 1.595000e+00 1.697778e+00 1.519000e+00 0.000000e+00 -1.648808e-01
0.000000e+00 1.650000e+00 1.670247e+00 1.486221e+00 0.000000e+00 -1.565589e-01
0.000000e+00 1.705000e+00 1.644662e+00 1.455930e+00 0.000000e+00 -1.488304e-01
0.000000e+00 1.760000e+00 1.620830e+00 1.427863e+00 0.000000e+00 -1.416399e-01
0.000000e+00 1.815000e+00 1.598583e+00 1.401792e+00 0.000000e+00 -1.349401e-01
0.000000e+00 1.870000e+00 1.577771e+00 1.377515e+00 0.000000e+00 -1.286893e-01
0.000000e+00 1.925000e+00 1.558264e+00 1.354858e+00 0.000000e+00 -1.228497e-01
0.000000e+00 1.980000e+00 1.539946e+00 1.333668e+00 0.000000e+00 -1.173873e-01
0.000000e+00 2.035000e+00 1.522714e+00 1.313812e+00 0.000000e+00 -1.122708e-01
0.000000e+00 2.090000e+00 1.506477e+00 1.295171e+00 0.000000e+00 -1.074720e-01
0.000000e+00 2.145000e+00 1.491156e+00 1.277641e+00 0.000000e+00 -1.029653e-01
0.000000e+00 2.200000e+00 1.476677e+00 1.261130e+00 0.000000e+00 -9.872712e-02
0.000000e+00 2.255000e+00 1.462974e+00 1.245555e+00 0.000000e+00 -9.473639e-02
0.000000e+00 2.310000e+00 1.449989e+00 1.230839e+00 0.000000e+00 -9.097431e-02
0.000000e+00 2.365000e+00 1.437668e+00 1.216917e+00 0.000000e+00 -8.742446e-02
0.000000e+00 2.420000e+00 1.425965e+00 1.203729e+00 0.000000e+00 -8.407228e-02
0.000000e+00 2.475000e+00 1.414836e+00 1.191223e+00 0.000000e+00 -8.090436e-02
0.000000e+00 2.530000e+00 1.404243e+00 1.179348e+00 0.000000e+00 -7.790751e-02
0.000000e+00 2.585000e+00 1.394148e+00 1.168059e+00 0.000000e+00 -7.506845e-02
0.000000e+00 2.640000e+00 1.384516e+00 1.157314e+00 0.000000e+00 -7.237471e-02
0.000000e+00 2.695000e+00 1.375317e+00 1.147074e+00 0.000000e+00 -6.981655e-02
0.000000e+00 2.750000e+00 1.366526e+00 1.137310e+00 0.000000e+00 -6.738857e-02
0.000000e+00 2.805000e+00 1.358127e+00 1.128000e+00 0.000000e+00 -6.508876e-02
0.000000e+00 2.860000e+00 1.350101e+00 1.119122e+00 0.000000e+00 -6.291388e-02
0.000000e+00 2.915000e+00 1.342422e+00 1.110644e+00 0.000000e+00 -6.085299e-02
0.000000e+00 2.970000e+00 1.335050e+00 1.102521e+00 0.000000e+00 -5.888458e-02
0.000000e+00 3.025000e+00 1.327943e+00 1.094703e+00 0.000000e+00 -5.698305e-02
0.000000e+00 3.080000e+00 1.321073e+00 1.087160e+00 0.000000e+00 -5.513460e-02
0.000000e+00 3.135000e+00 1.314452e+00 1.079902e+00 0.000000e+00 -5.335324e-02
0.000000e+00 3.190000e+00 1.308130e+00 1.072983e+00 0.000000e+00 -5.168359e-02
0.000000e+00 3.245000e+00 1.302172e+00 1.066472e+00 0.000000e+00 -5.018094e-02
0.000000e+00 3.300000e+00 1.296600e+00 1.060393e+00 0.000000e+00 -4.887073e-02
0.000000e+00 3.355000e+00 1.291346e+00 1.054667e+00 0.000000e+00 -4.770769e-02
0.000000e+00 3.410000e+00 1.286247e+00 1.049119e+00 0.000000e+00 -4.657527e-02
0.000000e+00 3.465000e+00 1.281134e+00 1.043562e+00 0.000000e+00 -4.534627e-02
0.000000e+00 3.520000e+00 1.275938e+00 1.037923e+00 0.000000e+00 -4.396977e-02
0.000000e+00 3.575000e+00 1.270750e+00 1.032301e+00 0.000000e+00 -4.251534e-02
0.000000e+00 3.630000e+00 1.265775e+00 1.026916e+00 0.000000e+00 -4.114082e-02
0.000000e+00 3.685000e+00 1.261224e+00 1.021996e+00 0.000000e+00 -4.001202e-02
0.000000e+00 3.740000e+00 1.257188e+00 1.017639e+00 0.000000e+00 -3.920630e-02
0.000000e+00 3.795000e+00 1.253555e+00 1.013719e+00 0.000000e+00 -3.864532e-02
0.000000e+00 3.850000e+00 1.250066e+00 1.009960e+00 0.000000e+00 -3.813680e-02
0.000000e+00 3.905000e+00 1.246490e+00 1.006109e+00 0.000000e+00 -3.750448e-02
0.000000e+00 3.960000e+00 1.242766e+00 1.002104e+00 0.000000e+00 -3.670249e-02
0.000000e+00 4.015000e+00 1.239021e+00 9.980801e-01 0.000000e+00 -3.582661e-02
0.000000e+00 4.070000e+00 1.235447e+00 9.942431e-01 0.000000e+00 -3.502295e-02
0.000000e+00 4.125000e+00 1.232158e+00 9.907157e-01 0.000000e+00 -3.438062e-02
0.000000e+00 4.180000e+00 1.229117e+00 9.874566e-01 0.000000e+00 -3.387402e-02
0.000000e+00 4.235000e+00 1.226178e+00 9.843103e-01 0.000000e+00 -3.339591e-02
0.000000e+00 4.290000e+00 1.223215e+00 9.811397e-01 0.000000e+00 -3.285199e-02
0.000000e+00 4.345000e+00 1.220209e+00 9.779264e-01 0.000000e+00 -3.223093e-02
0.000000e+00 4.400000e+00 1.217243e+00 9.747591e-01 0.000000e+00 -3.159629e-02
0.000000e+00 4.455000e+00 1.214420e+00 9.717452e-01 0.000000e+00 -3.102353e-02
0.000000e+00 4.510000e+00 1.211778e+00 9.689278e-01 0.000000e+00 -3.054225e-02
0.000000e+00 4.565000e+00 1.209279e+00 9.662647e-01 0.000000e+00 -3.012317e-02
0.000000e+00 4.620000e+00 1.206847e+00 9.636749e-01 0.000000e+00 -2.971191e-02
0.000000e+00 4.675000e+00 1.204428e+00 9.611006e-01 0.000000e+00 -2.927352e-02
0.000000e+00 4.730000e+00 1.202016e+00 9.585353e-01 0.000000e+00 -2.880987e-02
0.000000e+00 4.785000e+00 1.199635e+00 9.560046e-01 0.000000e+00 -2.834427e-02
0.000000e+00 4.840000e+00 1.197308e+00 9.535326e-01 0.000000e+00 -2.789569e-02
0.000000e+00 4.895000e+00 1.195038e+00 9.511231e-01 0.000000e+00 -2.746613e-02
0.000000e+00 4.950000e+00 1.192817e+00 9.487664e-01 0.000000e+00 -2.704630e-02
0.000000e+00 5.005000e+00 1.190638e+00 9.464566e-01 0.000000e+00 -2.662916e-02
0.000000e+00 5.060000e+00 1.188509e+00 9.442010e-01 0.000000e+00 -2.621729e-02
0.000000e+00 5.115000e+00 1.186445e+00 9.420154e-01 0.000000e+00 -2.581984e-02
0.000000e+00 5.170000e+00 1.184458e+00 9.399121e-01 0.000000e+00 -2.544454e-02
0.000000e+00 5.225000e+00 1.182548e+00 9.378923e-01 0.000000e+00 -2.509254e-02
0.000000e+00 5.280000e+00 1.180708e+00 9.359466e-01 0.000000e+00 -2.475892e-02
0.000000e+00 5.335000e+00 1.178923e+00 9.340605e-01 0.000000e+00 -2.443665e-02
0.000000e+00 5.390000e+00 1.177181e+00 9.322213e-01 0.000000e+00 -2.412011e-02
0.000000e+00 5.445000e+00 1.175475e+00 9.304199e-01 0.000000e+00 -2.380627e-02
0.000000e+00 5.500000e+00 1.173799e+00 9.286515e-01 0.000000e+00 -2.349398e-02
0.000000e+00 5.555000e+00 1.172151e+00 9.269139e-01 0.000000e+00 -2.318298e-02
0.000000e+00 5.610000e+00 1.170532e+00 9.252070e-01 0.000000e+00 -2.287348e-02
0.000000e+00 5.665000e+00 1.168943e+00 9.235325e-01 0.000000e+00 -2.256622e-02
0.000000e+00 5.720000e+00 1.167386e+00 9.218930e-01 0.000000e+00 -2.226247e-02
0.000000e+00 5.775000e+00 1.165864e+00 9.202911e-01 0.000000e+00 -2.196352e-02
0.000000e+00 5.830000e+00 1.164379e+00 9.187284e-01 0.000000e+00 -2.167016e-02
0.000000e+00 5.885000e+00 1.162930e+00 9.172047e-01 0.000000e+00 -2.138229e-02
0.000000e+00 5.940000e+00 1.161517e+00 9.157184e-01 0.000000e+00 -2.109913e-02
0.000000e+00 5.995000e+00 1.160136e+00 9.142676e-01 0.000000e+00 -2.081967e-02
0.000000e+00 6.050000e+00 1.158787e+00 9.128506e-01 0.000000e+00 -2.054317e-02
0.000000e+00 6.105000e+00 1.157469e+00 9.114662e-01 0.000000e+00 -2.026923e-02
0.000000e+00 6.160000e+00 1.156181e+00 9.101138e-01 0.000000e+00 -1.999779e-02
0.000000e+00 6.215000e+00 1.154922e+00 9.087923e-01 0.000000e+00 -1.972879e-02
0.000000e+00 6.270000e+00 1.153690e+00 9.075004e-01 0.000000e+00 -1.946210e-02
0.000000e+00 6.325000e+00 1.152485e+00 9.062367e-01 0.000000e+00 -1.919743e-02
0.000000e+00 6.380000e+00 1.151305e+00 9.049994e-01 0.000000e+00 -1.893441e-02
0.000000e+00 6.435000e+00 1.150148e+00 9.037874e-01 0.000000e+00 -1.867274e-02
0.000000e+00 6.490000e+00 1.149014e+00 9.025998e-01 0.000000e+00 -1.841220e-02
0.000000e+00 6.545000e+00 1.147903e+00 9.014359e-01 0.000000e+00 -1.815268e-02
0.000000e+00 6.600000e+00 1.146813e+00 9.002952e-01 0.000000e+00 -1.789410e-02
0.000000e+00 6.655000e+00 1.145745e+00 8.991770e-01 0.000000e+00 -1.763639e-02
0.000000e+00 6.710000e+00 1.144697e+00 8.980806e-01 0.000000e+00 -1.737944e-02
0.000000e+00 6.765000e+00 1.143669e+00 8.970052e-01 0.000000e+00 -1.712319e-02
0.000000e+00 6.820000e+00 1.142659e+00 8.959500e-01 0.000000e+00 -1.686759e-02
0.000000e+00 6.875000e+00 1.141669e+00 8.949143e-01 0.000000e+00 -1.661256e-02
0.000000e+00 6.930000e+00 1.140696e+00 8.938975e-01 0.000000e+00 -1.635795e-02
0.000000e+00 6.985000e+00 1.139740e+00 8.928992e-01 0.000000e+00 -1.610347e-02
0.000000e+00 7.040000e+00 1.138801e+00 8.919189e-01 0.000000e+00 -1.584874e-02
0.000000e+00 7.095000e+00 1.137880e+00 8.909565e-01 0.000000e+00 -1.559345e-02
0.000000e+00 7.150000e+00 1.136975e+00 8.900121e-01 0.000000e+00 -1.533732e-02
0.000000e+00 7.205000e+00 1.136087e+00 8.890855e-01 0.000000e+00 -1.508022e-02
0.000000e+00 7.260000e+00 1.135216e+00 8.881765e-01 0.000000e+00 -1.482210e-02
0.000000e+00 7.315000e+00 1.134361e+00 8.872846e-01 0.000000e+00 -1.456300e-02
0.000000e+00 7.370000e+00 1.133521e+00 8.864095e-01 0.000000e+00 -1.430304e-02
0.000000e+00 7.425000e+00 1.132698e+00 8.855513e-01 0.000000e+00 -1.404248e-02
0.000000e+00 7.480000e+00 1.131891e+00 8.847103e-01 0.000000e+00 -1.378167e-02
0.000000e+00 7.535000e+00 1.131101e+00 8.838869e-01 0.000000e+00 -1.352097e-02
0.000000e+00 7.590000e+00 1.130328e+00 8.830812e-01 0.000000e+00 -1.326055e-02
0.000000e+00 7.645000e+00 1.129571e+00 8.822930e-01 0.000000e+00 -1.300011e-02
0.000000e+00 7.700000e+00 1.128831e+00 8.815220e-01 0.000000e+00 -1.273880e-02
0.000000e+00 7.755000e+00 1.128107e+00 8.807683e-01 0.000000e+00 -1.247531e-02
0.000000e+00 7.810000e+00 1.127400e+00 8.800327e-01 0.000000e+00 -1.220839e-02
0.000000e+00 7.865000e+00 1.126711e+00 8.793156e-01 0.000000e+00 -1.193744e-02
0.000000e+00 7.920000e+00 1.126040e+00 8.786171e-01 0.000000e+00 -1.166297e-02
0.000000e+00 7.975000e+00 1.125384e+00 8.779354e-01 0.000000e+00 -1.138645e-02
0.000000e+00 8.030000e+00 1.124743e+00 8.772680e-01 0.000000e+00 -1.110959e-02
0.000000e+00 8.085000e+00 1.124112e+00 8.766120e-01 0.000000e+00 -1.083336e-02
0.000000e+00 8.140000e+00 1.123490e+00 8.759658e-01 0.000000e+00 -1.055741e-02
0.000000e+00 8.195000e+00 1.122878e+00 8.753296e-01 0.000000e+00 -1.028020e-02
0.000000e+00 8.250000e+00 1.122277e+00 8.747054e-01 0.000000e+00 -9.999812e-03
0.000000e+00 8.305000e+00 1.121691e+00 8.740961e-01 0.000000e+00 -9.714885e-03
0.000000e+00 8.360000e+00 1.121122e+00 8.735045e-01 0.000000e+00 -9.425075e-03
0.000000e+00 8.415000e+00 1.120571e+00 8.729325e-01 0.000000e+00 -9.130835e-03
0.000000e+00 8.470000e+00 1.120039e+00 8.723803e-01 0.000000e+00 -8.832855e-03
0.000000e+00 8.525000e+00 1.119526e+00 8.718468e-01 0.000000e+00 -8.531664e-03
0.000000e+00 8.580000e+00 1.119027e+00 8.713286e-01 0.000000e+00 -8.227690e-03
0.000000e+00 8.635000e+00 1.118538e+00 8.708218e-01 0.000000e+00 -7.921588e-03
0.000000e+00 8.690000e+00 1.118057e+00 8.703222e-01 0.000000e+00 -7.614367e-03
0.000000e+00 8.745000e+00 1.117580e+00 8.698274e-01 0.000000e+00 -7.307004e-03
0.000000e+00 8.800000e+00 1.117108e+00 8.693378e-01 0.000000e+00 -6.999697e-03
0.000000e+00 8.855000e+00 1.116645e+00 8.688572e-01 0.000000e+00 -6.691259e-03
0.000000e+00 8.910000e+00 1.116196e+00 8.683908e-01 0.000000e+00 -6.379204e-03
0.000000e+00 8.965000e+00 1.115764e+00 8.679437e-01 0.000000e+00 -6.060642e-03
0.000000e+00 9.020000e+00 1.115354e+00 8.675182e-01 0.000000e+00 -5.733557e-03
0.000000e+00 9.075000e+00 1.114964e+00 8.671134e-01 0.000000e+00 -5.397706e-03
0.000000e+00 9.130000e+00 1.114589e+00 8.667253e-01 0.000000e+00 -5.054534e-03
0.000000e+00 9.185000e+00 1.114227e+00 8.663492e-01 0.000000e+00 -4.706150e-03
0.000000e+00 9.240000e+00 1.113872e+00 8.659814e-01 0.000000e+00 -4.353947e-03
0.000000e+00 9.295000e+00 1.113523e+00 8.656205e-01 0.000000e+00 -3.997526e-03
0.000000e+00 9.350000e+00 1.113183e+00 8.652678e-01 0.000000e+00 -3.633661e-03
0.000000e+00 9.405000e+00 1.112854e+00 8.649266e-01 0.000000e+00 -3.255286e-03
0.000000e+00 9.460000e+00 1.112540e+00 8.646006e-01 0.000000e+00 -2.851481e-03
0.000000e+00 9.515000e+00 1.112244e+00 8.642923e-01 0.000000e+00 -2.412324e-03
0.000000e+00 9.570000e+00 1.111966e+00 8.640020e-01 0.000000e+00 -1.940687e-03
0.000000e+00 9.625000e+00 1.111700e+00 8.637264e-01 0.000000e+00 -1.467080e-03
0.000000e+00 9.680000e+00 1.111437e+00 8.634603e-01 0.000000e+00 -1.052838e-03
0.000000e+00 9.735000e+00 1.111170e+00 8.631977e-01 0.000000e+00 -7.671552e-04
0.000000e+00 9.790000e+00 1.110898e+00 8.629348e-01 0.000000e+00 -6.385244e-04
0.000000e+00 9.845000e+00 1.110628e+00 8.626696e-01 0.000000e+00 -6.177199e-04
0.000000e+00 9.900000e+00 1.110375e+00 8.624057e-01 0.000000e+00 -5.857718e-04
0.000000e+00 9.955000e+00 1.110156e+00 8.621526e-01 0.000000e+00 -4.322778e-04
0.000000e+00 1.001000e+01 1.103350e+00 8.550910e-01 -0.000000e+00 -6.410000e-03
0.000000e+00 1.006500e+01 1.103350e+00 8.550910e-01 -0.000000e+00 -6.410000e-03
0.000000e+00 1.012000e+01 1.103350e+00 8.550910e-01 -0.000000e+00 -6.410000e-03
0.000000e+00 1.017500e+01 1.103350e+00 8.550910e-01 -0.000000e+00 -6.410000e-03
0.000000e+00 1.023000e+01 1.103350e+00 8.550910e-01 -0.000000e+00 -6.410000e-03
0.000000e+00 1.028500e+01 1.103350e+00 8.550910e-01 -0.000000e+00 -6.410000e-03
0.000000e+00 1.034000e+01 1.103350e+00 8.550910e-01 -0.000000e+00 -6.410000e-03
0.000000e+00 1.039500e+01 1.103350e+00 8.550910e-01 -0.000000e+00 -6.410000e-03
0.000000e+00 1.045000e+01 1.103350e+00 8.550910e-01 -0.000000e+00 -6.410000e-03
0.000000e+00 1.050500e+01 1.103350e+00 8.550910e-01 -0.000000e+00 -6.410000e-03
0.000000e+00 1.056000e+01 1.103350e+00 8.550910e-01 -0.000000e+00 -6.410000e-03
0.000000e+00 1.061500e+01 1.103350e+00 8.550910e-01 -0.000000e+00 -6.410000e-03
0.000000e+00 1.067000e+01 1.103350e+00 8.550910e-01 -0.000000e+00 -6.410000e-03
0.000000e+00 1.072500e+01 1.103350e+00 8.550910e-01 -0.000000e+00 -6.410000e-03
0.000000e+00 1.078000e+01 1.103350e+00 8.550910e-01 -0.000000e+00 -6.410000e-03
0.000000e+00 1.083500e+01 1.103350e+00 8.550910e-01 -0.000000e+00 -6.410000e-03
0.000000e+00 1.089000e+01 1.103350e+00 8.550910e-01 -0.000000e+00 -6.410000e-03
0.000000e+00 1.094500e+01 1.103350e+00 8.550910e-01 -0.000000e+00 -6.410000e-03
0.000000e+00 1.100000e+01 1.103350e+00 8.550910e-01 -0.000000e+00 -6.410000e-03
