#############TIME##################
1.001328e+00 
###################################
0.000000e+00 0.000000e+00 4.844601e+00 6.154758e+00 0.000000e+00 -1.797544e+00
0.000000e+00 5.500000e-02 4.844601e+00 6.154758e+00 0.000000e+00 -1.797544e+00
0.000000e+00 1.100000e-01 4.844601e+00 6.154758e+00 0.000000e+00 -1.797544e+00
0.000000e+00 1.650000e-01 4.844601e+00 6.154758e+00 0.000000e+00 -1.797544e+00
0.000000e+00 2.200000e-01 4.873198e+00 6.203352e+00 0.000000e+00 -1.795490e+00
0.000000e+00 2.750000e-01 3.835783e+00 4.486911e+00 0.000000e+00 -1.577920e+00
0.000000e+00 3.300000e-01 3.148695e+00 3.458320e+00 0.000000e+00 -1.402573e+00
0.000000e+00 3.850000e-01 2.677009e+00 2.784367e+00 0.000000e+00 -1.272360e+00
0.000000e+00 4.400000e-01 2.335477e+00 2.322297e+00 0.000000e+00 -1.162672e+00
0.000000e+00 4.950000e-01 2.084383e+00 1.995877e+00 0.000000e+00 -1.073789e+00
0.000000e+00 5.500000e-01 1.893334e+00 1.755865e+00 0.000000e+00 -9.958496e-01
0.000000e+00 6.050000e-01 1.745152e+00 1.575350e+00 0.000000e+00 -9.290725e-01
0.000000e+00 6.600000e-01 1.628126e+00 1.436117e+00 0.000000e+00 -8.692834e-01
0.000000e+00 7.150000e-01 1.534678e+00 1.327401e+00 0.000000e+00 -8.158582e-01
0.000000e+00 7.700000e-01 1.459246e+00 1.241157e+00 0.000000e+00 -7.670833e-01
0.000000e+00 8.250000e-01 1.397921e+00 1.172151e+00 0.000000e+00 -7.224012e-01
0.000000e+00 8.800000e-01 1.347743e+00 1.116411e+00 0.000000e+00 -6.810357e-01
0.000000e+00 9.350000e-01 1.306514e+00 1.071127e+00 0.000000e+00 -6.425938e-01
0.000000e+00 9.900000e-01 1.272513e+00 1.034134e+00 0.000000e+00 -6.066853e-01
0.000000e+00 1.045000e+00 1.244414e+00 1.003810e+00 0.000000e+00 -5.730536e-01
0.000000e+00 1.100000e+00 1.221142e+00 9.788693e-01 0.000000e+00 -5.414839e-01
0.000000e+00 1.155000e+00 1.201831e+00 9.582959e-01 0.000000e+00 -5.118246e-01
0.000000e+00 1.210000e+00 1.185776e+00 9.412756e-01 0.000000e+00 -4.839497e-01
0.000000e+00 1.265000e+00 1.172413e+00 9.271665e-01 0.000000e+00 -4.577495e-01
0.000000e+00 1.320000e+00 1.161284e+00 9.154558e-01 0.000000e+00 -4.331219e-01
0.000000e+00 1.375000e+00 1.152012e+00 9.057281e-01 0.000000e+00 -4.099745e-01
0.000000e+00 1.430000e+00 1.144287e+00 8.976414e-01 0.000000e+00 -3.882241e-01
0.000000e+00 1.485000e+00 1.137845e+00 8.909126e-01 0.000000e+00 -3.677946e-01
0.000000e+00 1.540000e+00 1.132471e+00 8.853077e-01 0.000000e+00 -3.486142e-01
0.000000e+00 1.595000e+00 1.127982e+00 8.806332e-01 0.000000e+00 -3.306142e-01
0.000000e+00 1.650000e+00 1.124228e+00 8.767293e-01 0.000000e+00 -3.137281e-01
0.000000e+00 1.705000e+00 1.121086e+00 8.734642e-01 0.000000e+00 -2.978913e-01
0.000000e+00 1.760000e+00 1.118451e+00 8.707289e-01 0.000000e+00 -2.830412e-01
0.000000e+00 1.815000e+00 1.116239e+00 8.684335e-01 0.000000e+00 -2.691174e-01
0.000000e+00 1.870000e+00 1.114377e+00 8.665035e-01 0.000000e+00 -2.560617e-01
0.000000e+00 1.925000e+00 1.112809e+00 8.648776e-01 0.000000e+00 -2.438182e-01
0.000000e+00 1.980000e+00 1.111483e+00 8.635049e-01 0.000000e+00 -2.323337e-01
0.000000e+00 2.035000e+00 1.110362e+00 8.623433e-01 0.000000e+00 -2.215577e-01
0.000000e+00 2.090000e+00 1.109410e+00 8.613583e-01 0.000000e+00 -2.114423e-01
0.000000e+00 2.145000e+00 1.108601e+00 8.605209e-01 0.000000e+00 -2.019425e-01
0.000000e+00 2.200000e+00 1.107911e+00 8.598073e-01 0.000000e+00 -1.930161e-01
0.000000e+00 2.255000e+00 1.107322e+00 8.591978e-01 0.000000e+00 -1.846235e-01
0.000000e+00 2.310000e+00 1.106818e+00 8.586759e-01 0.000000e+00 -1.767277e-01
0.000000e+00 2.365000e+00 1.106385e+00 8.582279e-01 0.000000e+00 -1.692943e-01
0.000000e+00 2.420000e+00 1.106012e+00 8.578425e-01 0.000000e+00 -1.622915e-01
0.000000e+00 2.475000e+00 1.105690e+00 8.575101e-01 0.000000e+00 -1.556895e-01
0.000000e+00 2.530000e+00 1.105412e+00 8.572227e-01 0.000000e+00 -1.494609e-01
0.000000e+00 2.585000e+00 1.105171e+00 8.569736e-01 0.000000e+00 -1.435800e-01
0.000000e+00 2.640000e+00 1.104962e+00 8.567573e-01 0.000000e+00 -1.380234e-01
0.000000e+00 2.695000e+00 1.104780e+00 8.565690e-01 0.000000e+00 -1.327691e-01
0.000000e+00 2.750000e+00 1.104621e+00 8.564047e-01 0.000000e+00 -1.277970e-01
0.000000e+00 2.805000e+00 1.104482e+00 8.562610e-01 0.000000e+00 -1.230884e-01
0.000000e+00 2.860000e+00 1.104360e+00 8.561351e-01 0.000000e+00 -1.186259e-01
0.000000e+00 2.915000e+00 1.104253e+00 8.560245e-01 0.000000e+00 -1.143936e-01
0.000000e+00 2.970000e+00 1.104159e+00 8.559272e-01 0.000000e+00 -1.103765e-01
0.000000e+00 3.025000e+00 1.104076e+00 8.558414e-01 0.000000e+00 -1.065611e-01
0.000000e+00 3.080000e+00 1.104003e+00 8.557657e-01 0.000000e+00 -1.029346e-01
0.000000e+00 3.135000e+00 1.103938e+00 8.556986e-01 0.000000e+00 -9.948508e-02
0.000000e+00 3.190000e+00 1.103880e+00 8.556390e-01 0.000000e+00 -9.620177e-02
0.000000e+00 3.245000e+00 1.103829e+00 8.555862e-01 0.000000e+00 -9.307448e-02
0.000000e+00 3.300000e+00 1.103784e+00 8.555391e-01 0.000000e+00 -9.009379e-02
0.000000e+00 3.355000e+00 1.103743e+00 8.554972e-01 0.000000e+00 -8.725096e-02
0.000000e+00 3.410000e+00 1.103707e+00 8.554597e-01 0.000000e+00 -8.453786e-02
0.000000e+00 3.465000e+00 1.103674e+00 8.554261e-01 0.000000e+00 -8.194692e-02
0.000000e+00 3.520000e+00 1.103645e+00 8.553961e-01 0.000000e+00 -7.947111e-02
0.000000e+00 3.575000e+00 1.103619e+00 8.553691e-01 0.000000e+00 -7.710387e-02
0.000000e+00 3.630000e+00 1.103596e+00 8.553449e-01 0.000000e+00 -7.483910e-02
0.000000e+00 3.685000e+00 1.103575e+00 8.553231e-01 0.000000e+00 -7.267109e-02
0.000000e+00 3.740000e+00 1.103556e+00 8.553034e-01 0.000000e+00 -7.059452e-02
0.000000e+00 3.795000e+00 1.103538e+00 8.552856e-01 0.000000e+00 -6.860442e-02
0.000000e+00 3.850000e+00 1.103523e+00 8.552695e-01 0.000000e+00 -6.669614e-02
0.000000e+00 3.905000e+00 1.103509e+00 8.552550e-01 0.000000e+00 -6.486536e-02
0.000000e+00 3.960000e+00 1.103496e+00 8.552418e-01 0.000000e+00 -6.310798e-02
0.000000e+00 4.015000e+00 1.103484e+00 8.552298e-01 0.000000e+00 -6.142021e-02
0.000000e+00 4.070000e+00 1.103474e+00 8.552189e-01 0.000000e+00 -5.979848e-02
0.000000e+00 4.125000e+00 1.103464e+00 8.552090e-01 0.000000e+00 -5.823943e-02
0.000000e+00 4.180000e+00 1.103456e+00 8.552000e-01 0.000000e+00 -5.673993e-02
0.000000e+00 4.235000e+00 1.103448e+00 8.551918e-01 0.000000e+00 -5.529702e-02
0.000000e+00 4.290000e+00 1.103440e+00 8.551843e-01 0.000000e+00 -5.390792e-02
0.000000e+00 4.345000e+00 1.103434e+00 8.551774e-01 0.000000e+00 -5.257002e-02
0.000000e+00 4.400000e+00 1.103428e+00 8.551711e-01 0.000000e+00 -5.128088e-02
0.000000e+00 4.455000e+00 1.103422e+00 8.551653e-01 0.000000e+00 -5.003817e-02
0.000000e+00 4.510000e+00 1.103417e+00 8.551601e-01 0.000000e+00 -4.883972e-02
0.000000e+00 4.565000e+00 1.103412e+00 8.551552e-01 0.000000e+00 -4.768347e-02
0.000000e+00 4.620000e+00 1.103408e+00 8.551507e-01 0.000000e+00 -4.656749e-02
0.000000e+00 4.675000e+00 1.103404e+00 8.551466e-01 0.000000e+00 -4.548994e-02
0.000000e+00 4.730000e+00 1.103400e+00 8.551429e-01 0.000000e+00 -4.444910e-02
0.000000e+00 4.785000e+00 1.103397e+00 8.551394e-01 0.000000e+00 -4.344333e-02
0.000000e+00 4.840000e+00 1.103394e+00 8.551362e-01 0.000000e+00 -4.247109e-02
0.000000e+00 4.895000e+00 1.103391e+00 8.551332e-01 0.000000e+00 -4.153092e-02
0.000000e+00 4.950000e+00 1.103388e+00 8.551304e-01 0.000000e+00 -4.062143e-02
0.000000e+00 5.005000e+00 1.103386e+00 8.551279e-01 0.000000e+00 -3.974132e-02
0.000000e+00 5.060000e+00 1.103383e+00 8.551256e-01 0.000000e+00 -3.888933e-02
0.000000e+00 5.115000e+00 1.103381e+00 8.551234e-01 0.000000e+00 -3.806431e-02
0.000000e+00 5.170000e+00 1.103379e+00 8.551214e-01 0.000000e+00 -3.726511e-02
0.000000e+00 5.225000e+00 1.103378e+00 8.551195e-01 0.000000e+00 -3.649070e-02
0.000000e+00 5.280000e+00 1.103376e+00 8.551177e-01 0.000000e+00 -3.574006e-02
0.000000e+00 5.335000e+00 1.103374e+00 8.551161e-01 0.000000e+00 -3.501223e-02
0.000000e+00 5.390000e+00 1.103373e+00 8.551146e-01 0.000000e+00 -3.430630e-02
0.000000e+00 5.445000e+00 1.103371e+00 8.551132e-01 0.000000e+00 -3.362141e-02
0.000000e+00 5.500000e+00 1.103370e+00 8.551119e-01 0.000000e+00 -3.295674e-02
0.000000e+00 5.555000e+00 1.103369e+00 8.551107e-01 0.000000e+00 -3.231150e-02
0.000000e+00 5.610000e+00 1.103368e+00 8.551096e-01 0.000000e+00 -3.168495e-02
0.000000e+00 5.665000e+00 1.103367e+00 8.551085e-01 0.000000e+00 -3.107637e-02
0.000000e+00 5.720000e+00 1.103366e+00 8.551075e-01 0.000000e+00 -3.048509e-02
0.000000e+00 5.775000e+00 1.103365e+00 8.551066e-01 0.000000e+00 -2.991046e-02
0.000000e+00 5.830000e+00 1.103364e+00 8.551057e-01 0.000000e+00 -2.935187e-02
0.000000e+00 5.885000e+00 1.103363e+00 8.551049e-01 0.000000e+00 -2.880872e-02
0.000000e+00 5.940000e+00 1.103363e+00 8.551041e-01 0.000000e+00 -2.828046e-02
0.000000e+00 5.995000e+00 1.103362e+00 8.551034e-01 0.000000e+00 -2.776655e-02
0.000000e+00 6.050000e+00 1.103361e+00 8.551028e-01 0.000000e+00 -2.726648e-02
0.000000e+00 6.105000e+00 1.103361e+00 8.551021e-01 0.000000e+00 -2.677975e-02
0.000000e+00 6.160000e+00 1.103360e+00 8.551016e-01 0.000000e+00 -2.630589e-02
0.000000e+00 6.215000e+00 1.103360e+00 8.551010e-01 0.000000e+00 -2.584447e-02
0.000000e+00 6.270000e+00 1.103359e+00 8.551005e-01 0.000000e+00 -2.539504e-02
0.000000e+00 6.325000e+00 1.103359e+00 8.551000e-01 0.000000e+00 -2.495720e-02
0.000000e+00 6.380000e+00 1.103358e+00 8.550995e-01 0.000000e+00 -2.453056e-02
0.000000e+00 6.435000e+00 1.103358e+00 8.550991e-01 0.000000e+00 -2.411474e-02
0.000000e+00 6.490000e+00 1.103357e+00 8.550987e-01 0.000000e+00 -2.370937e-02
0.000000e+00 6.545000e+00 1.103357e+00 8.550983e-01 0.000000e+00 -2.331411e-02
0.000000e+00 6.600000e+00 1.103357e+00 8.550980e-01 0.000000e+00 -2.292863e-02
0.000000e+00 6.655000e+00 1.103356e+00 8.550976e-01 0.000000e+00 -2.255260e-02
0.000000e+00 6.710000e+00 1.103356e+00 8.550973e-01 0.000000e+00 -2.218573e-02
0.000000e+00 6.765000e+00 1.103356e+00 8.550970e-01 0.000000e+00 -2.182772e-02
0.000000e+00 6.820000e+00 1.103356e+00 8.550967e-01 0.000000e+00 -2.147829e-02
0.000000e+00 6.875000e+00 1.103355e+00 8.550964e-01 0.000000e+00 -2.113716e-02
0.000000e+00 6.930000e+00 1.103355e+00 8.550962e-01 0.000000e+00 -2.080407e-02
0.000000e+00 6.985000e+00 1.103355e+00 8.550959e-01 0.000000e+00 -2.047878e-02
0.000000e+00 7.040000e+00 1.103355e+00 8.550957e-01 0.000000e+00 -2.016105e-02
0.000000e+00 7.095000e+00 1.103354e+00 8.550955e-01 0.000000e+00 -1.985064e-02
0.000000e+00 7.150000e+00 1.103354e+00 8.550953e-01 0.000000e+00 -1.954732e-02
0.000000e+00 7.205000e+00 1.103354e+00 8.550951e-01 0.000000e+00 -1.925090e-02
0.000000e+00 7.260000e+00 1.103354e+00 8.550949e-01 0.000000e+00 -1.896115e-02
0.000000e+00 7.315000e+00 1.103354e+00 8.550947e-01 0.000000e+00 -1.867788e-02
0.000000e+00 7.370000e+00 1.103353e+00 8.550946e-01 0.000000e+00 -1.840091e-02
0.000000e+00 7.425000e+00 1.103353e+00 8.550944e-01 0.000000e+00 -1.813004e-02
0.000000e+00 7.480000e+00 1.103353e+00 8.550943e-01 0.000000e+00 -1.786509e-02
0.000000e+00 7.535000e+00 1.103353e+00 8.550941e-01 0.000000e+00 -1.760590e-02
0.000000e+00 7.590000e+00 1.103353e+00 8.550940e-01 0.000000e+00 -1.735230e-02
0.000000e+00 7.645000e+00 1.103353e+00 8.550939e-01 0.000000e+00 -1.710413e-02
0.000000e+00 7.700000e+00 1.103353e+00 8.550938e-01 0.000000e+00 -1.686125e-02
0.000000e+00 7.755000e+00 1.103353e+00 8.550936e-01 0.000000e+00 -1.662348e-02
0.000000e+00 7.810000e+00 1.103352e+00 8.550935e-01 0.000000e+00 -1.639071e-02
0.000000e+00 7.865000e+00 1.103352e+00 8.550934e-01 0.000000e+00 -1.616278e-02
0.000000e+00 7.920000e+00 1.103352e+00 8.550933e-01 0.000000e+00 -1.593957e-02
0.000000e+00 7.975000e+00 1.103352e+00 8.550932e-01 0.000000e+00 -1.572095e-02
0.000000e+00 8.030000e+00 1.103352e+00 8.550931e-01 0.000000e+00 -1.550679e-02
0.000000e+00 8.085000e+00 1.103352e+00 8.550931e-01 0.000000e+00 -1.529696e-02
0.000000e+00 8.140000e+00 1.103352e+00 8.550929e-01 0.000000e+00 -1.509133e-02
0.000000e+00 8.195000e+00 1.103352e+00 8.550928e-01 0.000000e+00 -1.488983e-02
0.000000e+00 8.250000e+00 1.103352e+00 8.550929e-01 0.000000e+00 -1.469245e-02
0.000000e+00 8.305000e+00 1.103352e+00 8.550931e-01 0.000000e+00 -1.449908e-02
0.000000e+00 8.360000e+00 1.103352e+00 8.550928e-01 0.000000e+00 -1.430911e-02
0.000000e+00 8.415000e+00 1.103350e+00 8.550915e-01 0.000000e+00 -1.412191e-02
0.000000e+00 8.470000e+00 1.103349e+00 8.550904e-01 0.000000e+00 -1.393854e-02
0.000000e+00 8.525000e+00 1.103353e+00 8.550938e-01 0.000000e+00 -1.376261e-02
0.000000e+00 8.580000e+00 1.103362e+00 8.551029e-01 0.000000e+00 -1.359526e-02
0.000000e+00 8.635000e+00 1.103364e+00 8.551056e-01 0.000000e+00 -1.342545e-02
0.000000e+00 8.690000e+00 1.103338e+00 8.550787e-01 0.000000e+00 -1.323251e-02
0.000000e+00 8.745000e+00 1.103287e+00 8.550263e-01 0.000000e+00 -1.302004e-02
0.000000e+00 8.800000e+00 1.103294e+00 8.550334e-01 0.000000e+00 -1.286374e-02
0.000000e+00 8.855000e+00 1.103525e+00 8.552721e-01 0.000000e+00 -1.291680e-02
0.000000e+00 8.910000e+00 1.104119e+00 8.558855e-01 0.000000e+00 -1.330659e-02
0.000000e+00 8.965000e+00 1.104986e+00 8.567817e-01 0.000000e+00 -1.394990e-02
0.000000e+00 9.020000e+00 1.105821e+00 8.576452e-01 0.000000e+00 -1.456639e-02
0.000000e+00 9.075000e+00 1.106257e+00 8.580965e-01 0.000000e+00 -1.482072e-02
0.000000e+00 9.130000e+00 1.106141e+00 8.579766e-01 0.000000e+00 -1.457312e-02
0.000000e+00 9.185000e+00 1.105705e+00 8.575258e-01 0.000000e+00 -1.403500e-02
0.000000e+00 9.240000e+00 1.105266e+00 8.570714e-01 0.000000e+00 -1.348561e-02
0.000000e+00 9.295000e+00 1.105004e+00 8.568011e-01 0.000000e+00 -1.308114e-02
0.000000e+00 9.350000e+00 1.104891e+00 8.566839e-01 0.000000e+00 -1.278773e-02
0.000000e+00 9.405000e+00 1.104801e+00 8.565904e-01 0.000000e+00 -1.249639e-02
0.000000e+00 9.460000e+00 1.104657e+00 8.564420e-01 0.000000e+00 -1.215427e-02
0.000000e+00 9.515000e+00 1.104444e+00 8.562213e-01 0.000000e+00 -1.176953e-02
0.000000e+00 9.570000e+00 1.104165e+00 8.559332e-01 0.000000e+00 -1.134247e-02
0.000000e+00 9.625000e+00 1.103815e+00 8.555716e-01 0.000000e+00 -1.088988e-02
0.000000e+00 9.680000e+00 1.103453e+00 8.551982e-01 0.000000e+00 -1.041635e-02
0.000000e+00 9.735000e+00 1.103079e+00 8.548117e-01 0.000000e+00 -9.989685e-03
0.000000e+00 9.790000e+00 1.102769e+00 8.544896e-01 0.000000e+00 -9.549140e-03
0.000000e+00 9.845000e+00 1.102402e+00 8.541092e-01 0.000000e+00 -9.169611e-03
0.000000e+00 9.900000e+00 1.102122e+00 8.538251e-01 0.000000e+00 -8.687969e-03
0.000000e+00 9.955000e+00 1.101629e+00 8.533232e-01 0.000000e+00 -8.389029e-03
0.000000e+00 1.001000e+01 1.103350e+00 8.550910e-01 -0.000000e+00 -6.410000e-03
0.000000e+00 1.006500e+01 1.103350e+00 8.550910e-01 -0.000000e+00 -6.410000e-03
0.000000e+00 1.012000e+01 1.103350e+00 8.550910e-01 -0.000000e+00 -6.410000e-03
0.000000e+00 1.017500e+01 1.103350e+00 8.550910e-01 -0.000000e+00 -6.410000e-03
0.000000e+00 1.023000e+01 1.103350e+00 8.550910e-01 -0.000000e+00 -6.410000e-03
0.000000e+00 1.028500e+01 1.103350e+00 8.550910e-01 -0.000000e+00 -6.410000e-03
0.000000e+00 1.034000e+01 1.103350e+00 8.550910e-01 -0.000000e+00 -6.410000e-03
0.000000e+00 1.039500e+01 1.103350e+00 8.550910e-01 -0.000000e+00 -6.410000e-03
0.000000e+00 1.045000e+01 1.103350e+00 8.550910e-01 -0.000000e+00 -6.410000e-03
0.000000e+00 1.050500e+01 1.103350e+00 8.550910e-01 -0.000000e+00 -6.410000e-03
0.000000e+00 1.056000e+01 1.103350e+00 8.550910e-01 -0.000000e+00 -6.410000e-03
0.000000e+00 1.061500e+01 1.103350e+00 8.550910e-01 -0.000000e+00 -6.410000e-03
0.000000e+00 1.067000e+01 1.103350e+00 8.550910e-01 -0.000000e+00 -6.410000e-03
0.000000e+00 1.072500e+01 1.103350e+00 8.550910e-01 -0.000000e+00 -6.410000e-03
0.000000e+00 1.078000e+01 1.103350e+00 8.550910e-01 -0.000000e+00 -6.410000e-03
0.000000e+00 1.083500e+01 1.103350e+00 8.550910e-01 -0.000000e+00 -6.410000e-03
0.000000e+00 1.089000e+01 1.103350e+00 8.550910e-01 -0.000000e+00 -6.410000e-03
0.000000e+00 1.094500e+01 1.103350e+00 8.550910e-01 -0.000000e+00 -6.410000e-03
0.000000e+00 1.100000e+01 1.103350e+00 8.550910e-01 -0.000000e+00 -6.410000e-03
