#############TIME##################
6.700510e+00 
###################################
0.000000e+00 0.000000e+00 9.566837e+00 1.527365e+01 0.000000e+00 -1.418927e+00
0.000000e+00 5.500000e-02 9.566837e+00 1.527365e+01 0.000000e+00 -1.418927e+00
0.000000e+00 1.100000e-01 9.566837e+00 1.527365e+01 0.000000e+00 -1.418927e+00
0.000000e+00 1.650000e-01 9.566837e+00 1.527365e+01 0.000000e+00 -1.418927e+00
0.000000e+00 2.200000e-01 9.566686e+00 1.527334e+01 0.000000e+00 -1.418934e+00
0.000000e+00 2.750000e-01 7.438321e+00 1.084271e+01 0.000000e+00 -1.228930e+00
0.000000e+00 3.300000e-01 6.176798e+00 8.485970e+00 0.000000e+00 -1.052863e+00
0.000000e+00 3.850000e-01 5.325455e+00 6.966156e+00 0.000000e+00 -9.148075e-01
0.000000e+00 4.400000e-01 4.705313e+00 5.910304e+00 0.000000e+00 -8.010776e-01
0.000000e+00 4.950000e-01 4.236977e+00 5.140782e+00 0.000000e+00 -7.092428e-01
0.000000e+00 5.500000e-01 3.869585e+00 4.556159e+00 0.000000e+00 -6.329354e-01
0.000000e+00 6.050000e-01 3.575344e+00 4.100981e+00 0.000000e+00 -5.692218e-01
0.000000e+00 6.600000e-01 3.334496e+00 3.737256e+00 0.000000e+00 -5.150617e-01
0.000000e+00 7.150000e-01 3.134352e+00 3.441529e+00 0.000000e+00 -4.687116e-01
0.000000e+00 7.700000e-01 2.965468e+00 3.196747e+00 0.000000e+00 -4.285639e-01
0.000000e+00 8.250000e-01 2.821348e+00 2.991450e+00 0.000000e+00 -3.935672e-01
0.000000e+00 8.800000e-01 2.696975e+00 2.817030e+00 0.000000e+00 -3.627888e-01
0.000000e+00 9.350000e-01 2.588694e+00 2.667317e+00 0.000000e+00 -3.355637e-01
0.000000e+00 9.900000e-01 2.493627e+00 2.537560e+00 0.000000e+00 -3.113256e-01
0.000000e+00 1.045000e+00 2.409572e+00 2.424176e+00 0.000000e+00 -2.896449e-01
0.000000e+00 1.100000e+00 2.334763e+00 2.324343e+00 0.000000e+00 -2.701595e-01
0.000000e+00 1.155000e+00 2.267799e+00 2.235856e+00 0.000000e+00 -2.525801e-01
0.000000e+00 1.210000e+00 2.207540e+00 2.156942e+00 0.000000e+00 -2.366613e-01
0.000000e+00 1.265000e+00 2.153054e+00 2.086176e+00 0.000000e+00 -2.221993e-01
0.000000e+00 1.320000e+00 2.103571e+00 2.022395e+00 0.000000e+00 -2.090194e-01
0.000000e+00 1.375000e+00 2.058448e+00 1.964642e+00 0.000000e+00 -1.969733e-01
0.000000e+00 1.430000e+00 2.017143e+00 1.912123e+00 0.000000e+00 -1.859327e-01
0.000000e+00 1.485000e+00 1.979197e+00 1.864177e+00 0.000000e+00 -1.757876e-01
0.000000e+00 1.540000e+00 1.944216e+00 1.820247e+00 0.000000e+00 -1.664425e-01
0.000000e+00 1.595000e+00 1.911865e+00 1.779862e+00 0.000000e+00 -1.578142e-01
0.000000e+00 1.650000e+00 1.881857e+00 1.742622e+00 0.000000e+00 -1.498290e-01
0.000000e+00 1.705000e+00 1.853946e+00 1.708181e+00 0.000000e+00 -1.424218e-01
0.000000e+00 1.760000e+00 1.827919e+00 1.676242e+00 0.000000e+00 -1.355351e-01
0.000000e+00 1.815000e+00 1.803593e+00 1.646543e+00 0.000000e+00 -1.291199e-01
0.000000e+00 1.870000e+00 1.780811e+00 1.618860e+00 0.000000e+00 -1.231359e-01
0.000000e+00 1.925000e+00 1.759439e+00 1.593004e+00 0.000000e+00 -1.175515e-01
0.000000e+00 1.980000e+00 1.739366e+00 1.568817e+00 0.000000e+00 -1.123423e-01
0.000000e+00 2.035000e+00 1.720493e+00 1.546163e+00 0.000000e+00 -1.074869e-01
0.000000e+00 2.090000e+00 1.702720e+00 1.524906e+00 0.000000e+00 -1.029573e-01
0.000000e+00 2.145000e+00 1.685931e+00 1.504892e+00 0.000000e+00 -9.871054e-02
0.000000e+00 2.200000e+00 1.669988e+00 1.485950e+00 0.000000e+00 -9.468811e-02
0.000000e+00 2.255000e+00 1.654764e+00 1.467918e+00 0.000000e+00 -9.083272e-02
0.000000e+00 2.310000e+00 1.640187e+00 1.450702e+00 0.000000e+00 -8.712039e-02
0.000000e+00 2.365000e+00 1.626289e+00 1.434338e+00 0.000000e+00 -8.359592e-02
0.000000e+00 2.420000e+00 1.613241e+00 1.419016e+00 0.000000e+00 -8.039179e-02
0.000000e+00 2.475000e+00 1.601315e+00 1.405048e+00 0.000000e+00 -7.770967e-02
0.000000e+00 2.530000e+00 1.590768e+00 1.392724e+00 0.000000e+00 -7.573892e-02
0.000000e+00 2.585000e+00 1.581609e+00 1.382043e+00 0.000000e+00 -7.449777e-02
0.000000e+00 2.640000e+00 1.573424e+00 1.372517e+00 0.000000e+00 -7.372571e-02
0.000000e+00 2.695000e+00 1.565580e+00 1.363402e+00 0.000000e+00 -7.299839e-02
0.000000e+00 2.750000e+00 1.557398e+00 1.353911e+00 0.000000e+00 -7.186388e-02
0.000000e+00 2.805000e+00 1.548390e+00 1.343481e+00 0.000000e+00 -7.001089e-02
0.000000e+00 2.860000e+00 1.538607e+00 1.332177e+00 0.000000e+00 -6.747853e-02
0.000000e+00 2.915000e+00 1.528480e+00 1.320499e+00 0.000000e+00 -6.457783e-02
0.000000e+00 2.970000e+00 1.518498e+00 1.309015e+00 0.000000e+00 -6.166165e-02
0.000000e+00 3.025000e+00 1.509021e+00 1.298134e+00 0.000000e+00 -5.899036e-02
0.000000e+00 3.080000e+00 1.500190e+00 1.288014e+00 0.000000e+00 -5.667477e-02
0.000000e+00 3.135000e+00 1.491921e+00 1.278558e+00 0.000000e+00 -5.466899e-02
0.000000e+00 3.190000e+00 1.483999e+00 1.269514e+00 0.000000e+00 -5.282981e-02
0.000000e+00 3.245000e+00 1.476224e+00 1.260654e+00 0.000000e+00 -5.102399e-02
0.000000e+00 3.300000e+00 1.468525e+00 1.251896e+00 0.000000e+00 -4.920390e-02
0.000000e+00 3.355000e+00 1.460948e+00 1.243291e+00 0.000000e+00 -4.740458e-02
0.000000e+00 3.410000e+00 1.453580e+00 1.234938e+00 0.000000e+00 -4.569280e-02
0.000000e+00 3.465000e+00 1.446479e+00 1.226901e+00 0.000000e+00 -4.411757e-02
0.000000e+00 3.520000e+00 1.439638e+00 1.219171e+00 0.000000e+00 -4.268430e-02
0.000000e+00 3.575000e+00 1.432992e+00 1.211673e+00 0.000000e+00 -4.136092e-02
0.000000e+00 3.630000e+00 1.426467e+00 1.204322e+00 0.000000e+00 -4.010966e-02
0.000000e+00 3.685000e+00 1.420025e+00 1.197075e+00 0.000000e+00 -3.891527e-02
0.000000e+00 3.740000e+00 1.413663e+00 1.189930e+00 0.000000e+00 -3.778644e-02
0.000000e+00 3.795000e+00 1.407397e+00 1.182903e+00 0.000000e+00 -3.673924e-02
0.000000e+00 3.850000e+00 1.401242e+00 1.176010e+00 0.000000e+00 -3.578476e-02
0.000000e+00 3.905000e+00 1.395203e+00 1.169258e+00 0.000000e+00 -3.492765e-02
0.000000e+00 3.960000e+00 1.389281e+00 1.162645e+00 0.000000e+00 -3.417030e-02
0.000000e+00 4.015000e+00 1.383465e+00 1.156161e+00 0.000000e+00 -3.351797e-02
0.000000e+00 4.070000e+00 1.377736e+00 1.149782e+00 0.000000e+00 -3.298157e-02
0.000000e+00 4.125000e+00 1.372062e+00 1.143472e+00 0.000000e+00 -3.257597e-02
0.000000e+00 4.180000e+00 1.366404e+00 1.137189e+00 0.000000e+00 -3.231615e-02
0.000000e+00 4.235000e+00 1.360721e+00 1.130888e+00 0.000000e+00 -3.221505e-02
0.000000e+00 4.290000e+00 1.354977e+00 1.124528e+00 0.000000e+00 -3.228483e-02
0.000000e+00 4.345000e+00 1.349135e+00 1.118068e+00 0.000000e+00 -3.254126e-02
0.000000e+00 4.400000e+00 1.343150e+00 1.111460e+00 0.000000e+00 -3.300840e-02
0.000000e+00 4.455000e+00 1.336970e+00 1.104647e+00 0.000000e+00 -3.371791e-02
0.000000e+00 4.510000e+00 1.330546e+00 1.097575e+00 0.000000e+00 -3.470195e-02
0.000000e+00 4.565000e+00 1.323834e+00 1.090198e+00 0.000000e+00 -3.598852e-02
0.000000e+00 4.620000e+00 1.316787e+00 1.082468e+00 0.000000e+00 -3.761184e-02
0.000000e+00 4.675000e+00 1.309320e+00 1.074292e+00 0.000000e+00 -3.963884e-02
0.000000e+00 4.730000e+00 1.301278e+00 1.065503e+00 0.000000e+00 -4.219414e-02
0.000000e+00 4.785000e+00 1.292446e+00 1.055872e+00 0.000000e+00 -4.545466e-02
0.000000e+00 4.840000e+00 1.282620e+00 1.045182e+00 0.000000e+00 -4.959024e-02
0.000000e+00 4.895000e+00 1.271738e+00 1.033377e+00 0.000000e+00 -5.466053e-02
0.000000e+00 4.950000e+00 1.259987e+00 1.020665e+00 0.000000e+00 -6.052658e-02
0.000000e+00 5.005000e+00 1.247798e+00 1.007521e+00 0.000000e+00 -6.684378e-02
0.000000e+00 5.060000e+00 1.235732e+00 9.945522e-01 0.000000e+00 -7.315253e-02
0.000000e+00 5.115000e+00 1.224302e+00 9.823050e-01 0.000000e+00 -7.902226e-02
0.000000e+00 5.170000e+00 1.213828e+00 9.711161e-01 0.000000e+00 -8.417515e-02
0.000000e+00 5.225000e+00 1.204397e+00 9.610687e-01 0.000000e+00 -8.852840e-02
0.000000e+00 5.280000e+00 1.195924e+00 9.520638e-01 0.000000e+00 -9.214555e-02
0.000000e+00 5.335000e+00 1.188259e+00 9.439364e-01 0.000000e+00 -9.514717e-02
0.000000e+00 5.390000e+00 1.181267e+00 9.365374e-01 0.000000e+00 -9.764486e-02
0.000000e+00 5.445000e+00 1.174846e+00 9.297569e-01 0.000000e+00 -9.972097e-02
0.000000e+00 5.500000e+00 1.168925e+00 9.235142e-01 0.000000e+00 -1.014357e-01
0.000000e+00 5.555000e+00 1.163444e+00 9.177447e-01 0.000000e+00 -1.028373e-01
0.000000e+00 5.610000e+00 1.158353e+00 9.123938e-01 0.000000e+00 -1.039668e-01
0.000000e+00 5.665000e+00 1.153610e+00 9.074157e-01 0.000000e+00 -1.048581e-01
0.000000e+00 5.720000e+00 1.149180e+00 9.027733e-01 0.000000e+00 -1.055390e-01
0.000000e+00 5.775000e+00 1.145036e+00 8.984355e-01 0.000000e+00 -1.060323e-01
0.000000e+00 5.830000e+00 1.141153e+00 8.943754e-01 0.000000e+00 -1.063575e-01
0.000000e+00 5.885000e+00 1.137510e+00 8.905697e-01 0.000000e+00 -1.065319e-01
0.000000e+00 5.940000e+00 1.134086e+00 8.869972e-01 0.000000e+00 -1.065705e-01
0.000000e+00 5.995000e+00 1.130864e+00 8.836395e-01 0.000000e+00 -1.064867e-01
0.000000e+00 6.050000e+00 1.127830e+00 8.804797e-01 0.000000e+00 -1.062922e-01
0.000000e+00 6.105000e+00 1.124969e+00 8.775033e-01 0.000000e+00 -1.059974e-01
0.000000e+00 6.160000e+00 1.122270e+00 8.746968e-01 0.000000e+00 -1.056117e-01
0.000000e+00 6.215000e+00 1.119720e+00 8.720482e-01 0.000000e+00 -1.051436e-01
0.000000e+00 6.270000e+00 1.117310e+00 8.695466e-01 0.000000e+00 -1.046007e-01
0.000000e+00 6.325000e+00 1.115030e+00 8.671818e-01 0.000000e+00 -1.039902e-01
0.000000e+00 6.380000e+00 1.112872e+00 8.649448e-01 0.000000e+00 -1.033183e-01
0.000000e+00 6.435000e+00 1.110828e+00 8.628270e-01 0.000000e+00 -1.025909e-01
0.000000e+00 6.490000e+00 1.108890e+00 8.608206e-01 0.000000e+00 -1.018131e-01
0.000000e+00 6.545000e+00 1.107052e+00 8.589183e-01 0.000000e+00 -1.009900e-01
0.000000e+00 6.600000e+00 1.105307e+00 8.571136e-01 0.000000e+00 -1.001262e-01
0.000000e+00 6.655000e+00 1.103649e+00 8.554004e-01 0.000000e+00 -9.922582e-02
0.000000e+00 6.710000e+00 1.102074e+00 8.537731e-01 0.000000e+00 -9.829285e-02
0.000000e+00 6.765000e+00 1.100577e+00 8.522265e-01 0.000000e+00 -9.733083e-02
0.000000e+00 6.820000e+00 1.099152e+00 8.507554e-01 0.000000e+00 -9.634300e-02
0.000000e+00 6.875000e+00 1.097795e+00 8.493553e-01 0.000000e+00 -9.533236e-02
0.000000e+00 6.930000e+00 1.096502e+00 8.480219e-01 0.000000e+00 -9.430170e-02
0.000000e+00 6.985000e+00 1.095269e+00 8.467513e-01 0.000000e+00 -9.325367e-02
0.000000e+00 7.040000e+00 1.094094e+00 8.455399e-01 0.000000e+00 -9.219073e-02
0.000000e+00 7.095000e+00 1.092972e+00 8.443843e-01 0.000000e+00 -9.111519e-02
0.000000e+00 7.150000e+00 1.091902e+00 8.432815e-01 0.000000e+00 -9.002914e-02
0.000000e+00 7.205000e+00 1.090879e+00 8.422284e-01 0.000000e+00 -8.893449e-02
0.000000e+00 7.260000e+00 1.089901e+00 8.412222e-01 0.000000e+00 -8.783298e-02
0.000000e+00 7.315000e+00 1.088966e+00 8.402604e-01 0.000000e+00 -8.672619e-02
0.000000e+00 7.370000e+00 1.088072e+00 8.393404e-01 0.000000e+00 -8.561555e-02
0.000000e+00 7.425000e+00 1.087216e+00 8.384600e-01 0.000000e+00 -8.450241e-02
0.000000e+00 7.480000e+00 1.086396e+00 8.376172e-01 0.000000e+00 -8.338801e-02
0.000000e+00 7.535000e+00 1.085611e+00 8.368099e-01 0.000000e+00 -8.227353e-02
0.000000e+00 7.590000e+00 1.084858e+00 8.360366e-01 0.000000e+00 -8.116006e-02
0.000000e+00 7.645000e+00 1.084137e+00 8.352956e-01 0.000000e+00 -8.004857e-02
0.000000e+00 7.700000e+00 1.083446e+00 8.345854e-01 0.000000e+00 -7.893992e-02
0.000000e+00 7.755000e+00 1.082783e+00 8.339045e-01 0.000000e+00 -7.783487e-02
0.000000e+00 7.810000e+00 1.082147e+00 8.332516e-01 0.000000e+00 -7.673407e-02
0.000000e+00 7.865000e+00 1.081537e+00 8.326255e-01 0.000000e+00 -7.563814e-02
0.000000e+00 7.920000e+00 1.080952e+00 8.320249e-01 0.000000e+00 -7.454766e-02
0.000000e+00 7.975000e+00 1.080391e+00 8.314490e-01 0.000000e+00 -7.346315e-02
0.000000e+00 8.030000e+00 1.079852e+00 8.308965e-01 0.000000e+00 -7.238508e-02
0.000000e+00 8.085000e+00 1.079335e+00 8.303664e-01 0.000000e+00 -7.131384e-02
0.000000e+00 8.140000e+00 1.078839e+00 8.298578e-01 0.000000e+00 -7.024974e-02
0.000000e+00 8.195000e+00 1.078363e+00 8.293694e-01 0.000000e+00 -6.919306e-02
0.000000e+00 8.250000e+00 1.077906e+00 8.289003e-01 0.000000e+00 -6.814403e-02
0.000000e+00 8.305000e+00 1.077466e+00 8.284493e-01 0.000000e+00 -6.710292e-02
0.000000e+00 8.360000e+00 1.077043e+00 8.280156e-01 0.000000e+00 -6.606999e-02
0.000000e+00 8.415000e+00 1.076635e+00 8.275979e-01 0.000000e+00 -6.504547e-02
0.000000e+00 8.470000e+00 1.076242e+00 8.271951e-01 0.000000e+00 -6.402958e-02
0.000000e+00 8.525000e+00 1.075862e+00 8.268059e-01 0.000000e+00 -6.302247e-02
0.000000e+00 8.580000e+00 1.075495e+00 8.264291e-01 0.000000e+00 -6.202427e-02
0.000000e+00 8.635000e+00 1.075138e+00 8.260633e-01 0.000000e+00 -6.103508e-02
0.000000e+00 8.690000e+00 1.074790e+00 8.257073e-01 0.000000e+00 -6.005505e-02
0.000000e+00 8.745000e+00 1.074451e+00 8.253597e-01 0.000000e+00 -5.908431e-02
0.000000e+00 8.800000e+00 1.074118e+00 8.250194e-01 0.000000e+00 -5.812298e-02
0.000000e+00 8.855000e+00 1.073792e+00 8.246854e-01 0.000000e+00 -5.717111e-02
0.000000e+00 8.910000e+00 1.073471e+00 8.243568e-01 0.000000e+00 -5.622869e-02
0.000000e+00 8.965000e+00 1.073155e+00 8.240325e-01 0.000000e+00 -5.529556e-02
0.000000e+00 9.020000e+00 1.072841e+00 8.237118e-01 0.000000e+00 -5.437152e-02
0.000000e+00 9.075000e+00 1.072531e+00 8.233939e-01 0.000000e+00 -5.345612e-02
0.000000e+00 9.130000e+00 1.072222e+00 8.230780e-01 0.000000e+00 -5.254858e-02
0.000000e+00 9.185000e+00 1.071915e+00 8.227636e-01 0.000000e+00 -5.164750e-02
0.000000e+00 9.240000e+00 1.071609e+00 8.224503e-01 0.000000e+00 -5.075151e-02
0.000000e+00 9.295000e+00 1.071304e+00 8.221380e-01 0.000000e+00 -4.985914e-02
0.000000e+00 9.350000e+00 1.070999e+00 8.218265e-01 0.000000e+00 -4.897062e-02
0.000000e+00 9.405000e+00 1.070696e+00 8.215168e-01 0.000000e+00 -4.808517e-02
0.000000e+00 9.460000e+00 1.070395e+00 8.212080e-01 0.000000e+00 -4.720321e-02
0.000000e+00 9.515000e+00 1.070097e+00 8.209035e-01 0.000000e+00 -4.631744e-02
0.000000e+00 9.570000e+00 1.069800e+00 8.205988e-01 0.000000e+00 -4.542488e-02
0.000000e+00 9.625000e+00 1.069511e+00 8.203037e-01 0.000000e+00 -4.451066e-02
0.000000e+00 9.680000e+00 1.069217e+00 8.200031e-01 0.000000e+00 -4.359224e-02
0.000000e+00 9.735000e+00 1.068944e+00 8.197249e-01 0.000000e+00 -4.266473e-02
0.000000e+00 9.790000e+00 1.068645e+00 8.194225e-01 0.000000e+00 -4.181147e-02
0.000000e+00 9.845000e+00 1.068401e+00 8.191808e-01 0.000000e+00 -4.100113e-02
0.000000e+00 9.900000e+00 1.068067e+00 8.188509e-01 0.000000e+00 -4.039985e-02
0.000000e+00 9.955000e+00 1.067949e+00 8.187496e-01 0.000000e+00 -3.975070e-02
0.000000e+00 1.001000e+01 1.103350e+00 8.550910e-01 -0.000000e+00 -6.410000e-03
0.000000e+00 1.006500e+01 1.103350e+00 8.550910e-01 -0.000000e+00 -6.410000e-03
0.000000e+00 1.012000e+01 1.103350e+00 8.550910e-01 -0.000000e+00 -6.410000e-03
0.000000e+00 1.017500e+01 1.103350e+00 8.550910e-01 -0.000000e+00 -6.410000e-03
0.000000e+00 1.023000e+01 1.103350e+00 8.550910e-01 -0.000000e+00 -6.410000e-03
0.000000e+00 1.028500e+01 1.103350e+00 8.550910e-01 -0.000000e+00 -6.410000e-03
0.000000e+00 1.034000e+01 1.103350e+00 8.550910e-01 -0.000000e+00 -6.410000e-03
0.000000e+00 1.039500e+01 1.103350e+00 8.550910e-01 -0.000000e+00 -6.410000e-03
0.000000e+00 1.045000e+01 1.103350e+00 8.550910e-01 -0.000000e+00 -6.410000e-03
0.000000e+00 1.050500e+01 1.103350e+00 8.550910e-01 -0.000000e+00 -6.410000e-03
0.000000e+00 1.056000e+01 1.103350e+00 8.550910e-01 -0.000000e+00 -6.410000e-03
0.000000e+00 1.061500e+01 1.103350e+00 8.550910e-01 -0.000000e+00 -6.410000e-03
0.000000e+00 1.067000e+01 1.103350e+00 8.550910e-01 -0.000000e+00 -6.410000e-03
0.000000e+00 1.072500e+01 1.103350e+00 8.550910e-01 -0.000000e+00 -6.410000e-03
0.000000e+00 1.078000e+01 1.103350e+00 8.550910e-01 -0.000000e+00 -6.410000e-03
0.000000e+00 1.083500e+01 1.103350e+00 8.550910e-01 -0.000000e+00 -6.410000e-03
0.000000e+00 1.089000e+01 1.103350e+00 8.550910e-01 -0.000000e+00 -6.410000e-03
0.000000e+00 1.094500e+01 1.103350e+00 8.550910e-01 -0.000000e+00 -6.410000e-03
0.000000e+00 1.100000e+01 1.103350e+00 8.550910e-01 -0.000000e+00 -6.410000e-03
