#############TIME##################
1.030647e+01 
###################################
0.000000e+00 0.000000e+00 9.111105e+00 1.433163e+01 0.000000e+00 -1.435072e+00
0.000000e+00 5.500000e-02 9.111105e+00 1.433163e+01 0.000000e+00 -1.435072e+00
0.000000e+00 1.100000e-01 9.111105e+00 1.433163e+01 0.000000e+00 -1.435072e+00
0.000000e+00 1.650000e-01 9.111105e+00 1.433163e+01 0.000000e+00 -1.435072e+00
0.000000e+00 2.200000e-01 9.109248e+00 1.432778e+01 0.000000e+00 -1.435205e+00
0.000000e+00 2.750000e-01 7.089209e+00 1.018687e+01 0.000000e+00 -1.240074e+00
0.000000e+00 3.300000e-01 5.890009e+00 7.983182e+00 0.000000e+00 -1.059960e+00
0.000000e+00 3.850000e-01 5.077508e+00 6.553581e+00 0.000000e+00 -9.196663e-01
0.000000e+00 4.400000e-01 4.484068e+00 5.557650e+00 0.000000e+00 -8.042895e-01
0.000000e+00 4.950000e-01 4.036406e+00 4.831647e+00 0.000000e+00 -7.111830e-01
0.000000e+00 5.500000e-01 3.685305e+00 4.280140e+00 0.000000e+00 -6.336661e-01
0.000000e+00 6.050000e-01 3.404525e+00 3.851121e+00 0.000000e+00 -5.688340e-01
0.000000e+00 6.600000e-01 3.174903e+00 3.508478e+00 0.000000e+00 -5.135764e-01
0.000000e+00 7.150000e-01 2.984300e+00 3.230107e+00 0.000000e+00 -4.661745e-01
0.000000e+00 7.700000e-01 2.823553e+00 2.999737e+00 0.000000e+00 -4.250206e-01
0.000000e+00 8.250000e-01 2.686365e+00 2.806460e+00 0.000000e+00 -3.891059e-01
0.000000e+00 8.800000e-01 2.567888e+00 2.642108e+00 0.000000e+00 -3.575039e-01
0.000000e+00 9.350000e-01 2.464718e+00 2.500998e+00 0.000000e+00 -3.295203e-01
0.000000e+00 9.900000e-01 2.374233e+00 2.378832e+00 0.000000e+00 -3.045217e-01
0.000000e+00 1.045000e+00 2.294406e+00 2.272338e+00 0.000000e+00 -2.820325e-01
0.000000e+00 1.100000e+00 2.223506e+00 2.178795e+00 0.000000e+00 -2.616966e-01
0.000000e+00 1.155000e+00 2.160079e+00 2.095973e+00 0.000000e+00 -2.432739e-01
0.000000e+00 1.210000e+00 2.102935e+00 2.022076e+00 0.000000e+00 -2.265662e-01
0.000000e+00 1.265000e+00 2.051172e+00 1.955741e+00 0.000000e+00 -2.113813e-01
0.000000e+00 1.320000e+00 2.004105e+00 1.895932e+00 0.000000e+00 -1.975215e-01
0.000000e+00 1.375000e+00 1.961181e+00 1.841814e+00 0.000000e+00 -1.848093e-01
0.000000e+00 1.430000e+00 1.921912e+00 1.792659e+00 0.000000e+00 -1.731052e-01
0.000000e+00 1.485000e+00 1.885851e+00 1.747824e+00 0.000000e+00 -1.623070e-01
0.000000e+00 1.540000e+00 1.852615e+00 1.706759e+00 0.000000e+00 -1.523312e-01
0.000000e+00 1.595000e+00 1.821889e+00 1.669022e+00 0.000000e+00 -1.430964e-01
0.000000e+00 1.650000e+00 1.793415e+00 1.634256e+00 0.000000e+00 -1.345203e-01
0.000000e+00 1.705000e+00 1.766971e+00 1.602150e+00 0.000000e+00 -1.265311e-01
0.000000e+00 1.760000e+00 1.742337e+00 1.572405e+00 0.000000e+00 -1.190793e-01
0.000000e+00 1.815000e+00 1.719295e+00 1.544722e+00 0.000000e+00 -1.121409e-01
0.000000e+00 1.870000e+00 1.697642e+00 1.518832e+00 0.000000e+00 -1.057037e-01
0.000000e+00 1.925000e+00 1.677222e+00 1.494520e+00 0.000000e+00 -9.974699e-02
0.000000e+00 1.980000e+00 1.657939e+00 1.471655e+00 0.000000e+00 -9.422651e-02
0.000000e+00 2.035000e+00 1.639750e+00 1.450168e+00 0.000000e+00 -8.907718e-02
0.000000e+00 2.090000e+00 1.622626e+00 1.430013e+00 0.000000e+00 -8.423128e-02
0.000000e+00 2.145000e+00 1.606520e+00 1.411121e+00 0.000000e+00 -7.964016e-02
0.000000e+00 2.200000e+00 1.591346e+00 1.393380e+00 0.000000e+00 -7.528436e-02
0.000000e+00 2.255000e+00 1.576993e+00 1.376650e+00 0.000000e+00 -7.116661e-02
0.000000e+00 2.310000e+00 1.563351e+00 1.360796e+00 0.000000e+00 -6.729479e-02
0.000000e+00 2.365000e+00 1.550337e+00 1.345716e+00 0.000000e+00 -6.366743e-02
0.000000e+00 2.420000e+00 1.537901e+00 1.331344e+00 0.000000e+00 -6.026951e-02
0.000000e+00 2.475000e+00 1.526014e+00 1.317643e+00 0.000000e+00 -5.707742e-02
0.000000e+00 2.530000e+00 1.514657e+00 1.304587e+00 0.000000e+00 -5.406617e-02
0.000000e+00 2.585000e+00 1.503817e+00 1.292154e+00 0.000000e+00 -5.121325e-02
0.000000e+00 2.640000e+00 1.493476e+00 1.280323e+00 0.000000e+00 -4.849890e-02
0.000000e+00 2.695000e+00 1.483618e+00 1.269068e+00 0.000000e+00 -4.590579e-02
0.000000e+00 2.750000e+00 1.474220e+00 1.258362e+00 0.000000e+00 -4.342025e-02
0.000000e+00 2.805000e+00 1.465251e+00 1.248165e+00 0.000000e+00 -4.103446e-02
0.000000e+00 2.860000e+00 1.456668e+00 1.238428e+00 0.000000e+00 -3.874739e-02
0.000000e+00 2.915000e+00 1.448428e+00 1.229098e+00 0.000000e+00 -3.656300e-02
0.000000e+00 2.970000e+00 1.440488e+00 1.220123e+00 0.000000e+00 -3.448627e-02
0.000000e+00 3.025000e+00 1.432816e+00 1.211467e+00 0.000000e+00 -3.251903e-02
0.000000e+00 3.080000e+00 1.425394e+00 1.203108e+00 0.000000e+00 -3.065735e-02
0.000000e+00 3.135000e+00 1.418221e+00 1.195042e+00 0.000000e+00 -2.889147e-02
0.000000e+00 3.190000e+00 1.411299e+00 1.187273e+00 0.000000e+00 -2.720783e-02
0.000000e+00 3.245000e+00 1.404636e+00 1.179806e+00 0.000000e+00 -2.559214e-02
0.000000e+00 3.300000e+00 1.398236e+00 1.172644e+00 0.000000e+00 -2.403229e-02
0.000000e+00 3.355000e+00 1.392093e+00 1.165780e+00 0.000000e+00 -2.252022e-02
0.000000e+00 3.410000e+00 1.386193e+00 1.159198e+00 0.000000e+00 -2.105241e-02
0.000000e+00 3.465000e+00 1.380517e+00 1.152874e+00 0.000000e+00 -1.962928e-02
0.000000e+00 3.520000e+00 1.375039e+00 1.146778e+00 0.000000e+00 -1.825380e-02
0.000000e+00 3.575000e+00 1.369733e+00 1.140882e+00 0.000000e+00 -1.692997e-02
0.000000e+00 3.630000e+00 1.364575e+00 1.135158e+00 0.000000e+00 -1.566147e-02
0.000000e+00 3.685000e+00 1.359545e+00 1.129583e+00 0.000000e+00 -1.445083e-02
0.000000e+00 3.740000e+00 1.354628e+00 1.124139e+00 0.000000e+00 -1.329891e-02
0.000000e+00 3.795000e+00 1.349816e+00 1.118819e+00 0.000000e+00 -1.220467e-02
0.000000e+00 3.850000e+00 1.345107e+00 1.113617e+00 0.000000e+00 -1.116504e-02
0.000000e+00 3.905000e+00 1.340502e+00 1.108538e+00 0.000000e+00 -1.017492e-02
0.000000e+00 3.960000e+00 1.336012e+00 1.103590e+00 0.000000e+00 -9.227431e-03
0.000000e+00 4.015000e+00 1.331648e+00 1.098786e+00 0.000000e+00 -8.314413e-03
0.000000e+00 4.070000e+00 1.327421e+00 1.094138e+00 0.000000e+00 -7.427299e-03
0.000000e+00 4.125000e+00 1.323342e+00 1.089657e+00 0.000000e+00 -6.558078e-03
0.000000e+00 4.180000e+00 1.319418e+00 1.085352e+00 0.000000e+00 -5.700176e-03
0.000000e+00 4.235000e+00 1.315653e+00 1.081224e+00 0.000000e+00 -4.849089e-03
0.000000e+00 4.290000e+00 1.312044e+00 1.077271e+00 0.000000e+00 -4.002661e-03
0.000000e+00 4.345000e+00 1.308582e+00 1.073484e+00 0.000000e+00 -3.161051e-03
0.000000e+00 4.400000e+00 1.305256e+00 1.069847e+00 0.000000e+00 -2.326427e-03
0.000000e+00 4.455000e+00 1.302048e+00 1.066343e+00 0.000000e+00 -1.502488e-03
0.000000e+00 4.510000e+00 1.298941e+00 1.062951e+00 0.000000e+00 -6.938966e-04
0.000000e+00 4.565000e+00 1.295916e+00 1.059652e+00 0.000000e+00 9.431369e-05
0.000000e+00 4.620000e+00 1.292955e+00 1.056425e+00 0.000000e+00 8.572929e-04
0.000000e+00 4.675000e+00 1.290042e+00 1.053253e+00 0.000000e+00 1.590854e-03
0.000000e+00 4.730000e+00 1.287166e+00 1.050124e+00 0.000000e+00 2.291849e-03
0.000000e+00 4.785000e+00 1.284318e+00 1.047027e+00 0.000000e+00 2.958415e-03
0.000000e+00 4.840000e+00 1.281492e+00 1.043957e+00 0.000000e+00 3.590098e-03
0.000000e+00 4.895000e+00 1.278689e+00 1.040912e+00 0.000000e+00 4.187836e-03
0.000000e+00 4.950000e+00 1.275908e+00 1.037896e+00 0.000000e+00 4.753860e-03
0.000000e+00 5.005000e+00 1.273157e+00 1.034913e+00 0.000000e+00 5.291507e-03
0.000000e+00 5.060000e+00 1.270442e+00 1.031971e+00 0.000000e+00 5.804984e-03
0.000000e+00 5.115000e+00 1.267772e+00 1.029081e+00 0.000000e+00 6.299092e-03
0.000000e+00 5.170000e+00 1.265158e+00 1.026253e+00 0.000000e+00 6.778905e-03
0.000000e+00 5.225000e+00 1.262610e+00 1.023498e+00 0.000000e+00 7.249402e-03
0.000000e+00 5.280000e+00 1.260135e+00 1.020823e+00 0.000000e+00 7.715035e-03
0.000000e+00 5.335000e+00 1.257738e+00 1.018235e+00 0.000000e+00 8.179242e-03
0.000000e+00 5.390000e+00 1.255419e+00 1.015733e+00 0.000000e+00 8.643984e-03
0.000000e+00 5.445000e+00 1.253175e+00 1.013313e+00 0.000000e+00 9.109431e-03
0.000000e+00 5.500000e+00 1.250999e+00 1.010968e+00 0.000000e+00 9.573961e-03
0.000000e+00 5.555000e+00 1.248882e+00 1.008687e+00 0.000000e+00 1.003453e-02
0.000000e+00 5.610000e+00 1.246812e+00 1.006459e+00 0.000000e+00 1.048737e-02
0.000000e+00 5.665000e+00 1.244781e+00 1.004274e+00 0.000000e+00 1.092886e-02
0.000000e+00 5.720000e+00 1.242783e+00 1.002124e+00 0.000000e+00 1.135630e-02
0.000000e+00 5.775000e+00 1.240812e+00 1.000006e+00 0.000000e+00 1.176837e-02
0.000000e+00 5.830000e+00 1.238869e+00 9.979187e-01 0.000000e+00 1.216528e-02
0.000000e+00 5.885000e+00 1.236956e+00 9.958645e-01 0.000000e+00 1.254848e-02
0.000000e+00 5.940000e+00 1.235076e+00 9.938471e-01 0.000000e+00 1.292017e-02
0.000000e+00 5.995000e+00 1.233232e+00 9.918693e-01 0.000000e+00 1.328259e-02
0.000000e+00 6.050000e+00 1.231425e+00 9.899319e-01 0.000000e+00 1.363732e-02
0.000000e+00 6.105000e+00 1.229652e+00 9.880324e-01 0.000000e+00 1.398473e-02
0.000000e+00 6.160000e+00 1.227909e+00 9.861655e-01 0.000000e+00 1.432380e-02
0.000000e+00 6.215000e+00 1.226189e+00 9.843240e-01 0.000000e+00 1.465224e-02
0.000000e+00 6.270000e+00 1.224485e+00 9.825003e-01 0.000000e+00 1.496719e-02
0.000000e+00 6.325000e+00 1.222791e+00 9.806881e-01 0.000000e+00 1.526602e-02
0.000000e+00 6.380000e+00 1.221103e+00 9.788840e-01 0.000000e+00 1.554721e-02
0.000000e+00 6.435000e+00 1.219423e+00 9.770881e-01 0.000000e+00 1.581077e-02
0.000000e+00 6.490000e+00 1.217752e+00 9.753042e-01 0.000000e+00 1.605833e-02
0.000000e+00 6.545000e+00 1.216099e+00 9.735387e-01 0.000000e+00 1.629265e-02
0.000000e+00 6.600000e+00 1.214469e+00 9.717989e-01 0.000000e+00 1.651699e-02
0.000000e+00 6.655000e+00 1.212867e+00 9.700910e-01 0.000000e+00 1.673431e-02
0.000000e+00 6.710000e+00 1.211299e+00 9.684185e-01 0.000000e+00 1.694659e-02
0.000000e+00 6.765000e+00 1.209762e+00 9.667811e-01 0.000000e+00 1.715441e-02
0.000000e+00 6.820000e+00 1.208254e+00 9.651746e-01 0.000000e+00 1.735670e-02
0.000000e+00 6.875000e+00 1.206768e+00 9.635922e-01 0.000000e+00 1.755096e-02
0.000000e+00 6.930000e+00 1.205296e+00 9.620253e-01 0.000000e+00 1.773372e-02
0.000000e+00 6.985000e+00 1.203830e+00 9.604654e-01 0.000000e+00 1.790117e-02
0.000000e+00 7.040000e+00 1.202363e+00 9.589050e-01 0.000000e+00 1.804982e-02
0.000000e+00 7.095000e+00 1.200890e+00 9.573386e-01 0.000000e+00 1.817706e-02
0.000000e+00 7.150000e+00 1.199407e+00 9.557631e-01 0.000000e+00 1.828138e-02
0.000000e+00 7.205000e+00 1.197915e+00 9.541779e-01 0.000000e+00 1.836239e-02
0.000000e+00 7.260000e+00 1.196415e+00 9.525849e-01 0.000000e+00 1.842056e-02
0.000000e+00 7.315000e+00 1.194909e+00 9.509873e-01 0.000000e+00 1.845678e-02
0.000000e+00 7.370000e+00 1.193403e+00 9.493888e-01 0.000000e+00 1.847183e-02
0.000000e+00 7.425000e+00 1.191897e+00 9.477920e-01 0.000000e+00 1.846593e-02
0.000000e+00 7.480000e+00 1.190393e+00 9.461978e-01 0.000000e+00 1.843873e-02
0.000000e+00 7.535000e+00 1.188890e+00 9.446055e-01 0.000000e+00 1.838951e-02
0.000000e+00 7.590000e+00 1.187387e+00 9.430128e-01 0.000000e+00 1.831721e-02
0.000000e+00 7.645000e+00 1.185878e+00 9.414157e-01 0.000000e+00 1.822000e-02
0.000000e+00 7.700000e+00 1.184359e+00 9.398080e-01 0.000000e+00 1.809438e-02
0.000000e+00 7.755000e+00 1.182820e+00 9.381808e-01 0.000000e+00 1.793446e-02
0.000000e+00 7.810000e+00 1.181251e+00 9.365214e-01 0.000000e+00 1.773096e-02
0.000000e+00 7.865000e+00 1.179634e+00 9.348125e-01 0.000000e+00 1.747068e-02
0.000000e+00 7.920000e+00 1.177950e+00 9.330339e-01 0.000000e+00 1.713769e-02
0.000000e+00 7.975000e+00 1.176182e+00 9.311663e-01 0.000000e+00 1.671712e-02
0.000000e+00 8.030000e+00 1.174311e+00 9.291922e-01 0.000000e+00 1.619568e-02
0.000000e+00 8.085000e+00 1.172311e+00 9.270827e-01 0.000000e+00 1.555118e-02
0.000000e+00 8.140000e+00 1.170128e+00 9.247818e-01 0.000000e+00 1.473899e-02
0.000000e+00 8.195000e+00 1.167695e+00 9.222193e-01 0.000000e+00 1.370274e-02
0.000000e+00 8.250000e+00 1.164982e+00 9.193629e-01 0.000000e+00 1.241656e-02
0.000000e+00 8.305000e+00 1.162003e+00 9.162303e-01 0.000000e+00 1.089541e-02
0.000000e+00 8.360000e+00 1.158693e+00 9.127521e-01 0.000000e+00 9.080642e-03
0.000000e+00 8.415000e+00 1.154688e+00 9.085483e-01 0.000000e+00 6.649090e-03
0.000000e+00 8.470000e+00 1.149324e+00 9.029254e-01 0.000000e+00 3.002863e-03
0.000000e+00 8.525000e+00 1.142144e+00 8.954131e-01 0.000000e+00 -2.270072e-03
0.000000e+00 8.580000e+00 1.133539e+00 8.864293e-01 0.000000e+00 -8.841173e-03
0.000000e+00 8.635000e+00 1.124546e+00 8.770646e-01 0.000000e+00 -1.579285e-02
0.000000e+00 8.690000e+00 1.116269e+00 8.684672e-01 0.000000e+00 -2.212736e-02
0.000000e+00 8.745000e+00 1.109400e+00 8.613490e-01 0.000000e+00 -2.720248e-02
0.000000e+00 8.800000e+00 1.103999e+00 8.557622e-01 0.000000e+00 -3.095115e-02
0.000000e+00 8.855000e+00 1.099662e+00 8.512825e-01 0.000000e+00 -3.373200e-02
0.000000e+00 8.910000e+00 1.095944e+00 8.474472e-01 0.000000e+00 -3.594609e-02
0.000000e+00 8.965000e+00 1.092592e+00 8.439924e-01 0.000000e+00 -3.782224e-02
0.000000e+00 9.020000e+00 1.089515e+00 8.408255e-01 0.000000e+00 -3.943812e-02
0.000000e+00 9.075000e+00 1.086690e+00 8.379193e-01 0.000000e+00 -4.081570e-02
0.000000e+00 9.130000e+00 1.084090e+00 8.352476e-01 0.000000e+00 -4.197832e-02
0.000000e+00 9.185000e+00 1.081685e+00 8.327783e-01 0.000000e+00 -4.295568e-02
0.000000e+00 9.240000e+00 1.079449e+00 8.304831e-01 0.000000e+00 -4.377214e-02
0.000000e+00 9.295000e+00 1.077363e+00 8.283444e-01 0.000000e+00 -4.443876e-02
0.000000e+00 9.350000e+00 1.075417e+00 8.263491e-01 0.000000e+00 -4.495858e-02
0.000000e+00 9.405000e+00 1.073601e+00 8.244884e-01 0.000000e+00 -4.533082e-02
0.000000e+00 9.460000e+00 1.071902e+00 8.227491e-01 0.000000e+00 -4.556614e-02
0.000000e+00 9.515000e+00 1.070314e+00 8.211248e-01 0.000000e+00 -4.568168e-02
0.000000e+00 9.570000e+00 1.068819e+00 8.195966e-01 0.000000e+00 -4.572142e-02
0.000000e+00 9.625000e+00 1.067418e+00 8.181688e-01 0.000000e+00 -4.571942e-02
0.000000e+00 9.680000e+00 1.066078e+00 8.168090e-01 0.000000e+00 -4.574508e-02
0.000000e+00 9.735000e+00 1.064833e+00 8.155498e-01 0.000000e+00 -4.580008e-02
0.000000e+00 9.790000e+00 1.063608e+00 8.143166e-01 0.000000e+00 -4.597232e-02
0.000000e+00 9.845000e+00 1.062514e+00 8.132182e-01 0.000000e+00 -4.615715e-02
0.000000e+00 9.900000e+00 1.061356e+00 8.120503e-01 0.000000e+00 -4.652652e-02
0.000000e+00 9.955000e+00 1.060577e+00 8.112614e-01 0.000000e+00 -4.663725e-02
0.000000e+00 1.001000e+01 1.103350e+00 8.550910e-01 -0.000000e+00 -6.410000e-03
0.000000e+00 1.006500e+01 1.103350e+00 8.550910e-01 -0.000000e+00 -6.410000e-03
0.000000e+00 1.012000e+01 1.103350e+00 8.550910e-01 -0.000000e+00 -6.410000e-03
0.000000e+00 1.017500e+01 1.103350e+00 8.550910e-01 -0.000000e+00 -6.410000e-03
0.000000e+00 1.023000e+01 1.103350e+00 8.550910e-01 -0.000000e+00 -6.410000e-03
0.000000e+00 1.028500e+01 1.103350e+00 8.550910e-01 -0.000000e+00 -6.410000e-03
0.000000e+00 1.034000e+01 1.103350e+00 8.550910e-01 -0.000000e+00 -6.410000e-03
0.000000e+00 1.039500e+01 1.103350e+00 8.550910e-01 -0.000000e+00 -6.410000e-03
0.000000e+00 1.045000e+01 1.103350e+00 8.550910e-01 -0.000000e+00 -6.410000e-03
0.000000e+00 1.050500e+01 1.103350e+00 8.550910e-01 -0.000000e+00 -6.410000e-03
0.000000e+00 1.056000e+01 1.103350e+00 8.550910e-01 -0.000000e+00 -6.410000e-03
0.000000e+00 1.061500e+01 1.103350e+00 8.550910e-01 -0.000000e+00 -6.410000e-03
0.000000e+00 1.067000e+01 1.103350e+00 8.550910e-01 -0.000000e+00 -6.410000e-03
0.000000e+00 1.072500e+01 1.103350e+00 8.550910e-01 -0.000000e+00 -6.410000e-03
0.000000e+00 1.078000e+01 1.103350e+00 8.550910e-01 -0.000000e+00 -6.410000e-03
0.000000e+00 1.083500e+01 1.103350e+00 8.550910e-01 -0.000000e+00 -6.410000e-03
0.000000e+00 1.089000e+01 1.103350e+00 8.550910e-01 -0.000000e+00 -6.410000e-03
0.000000e+00 1.094500e+01 1.103350e+00 8.550910e-01 -0.000000e+00 -6.410000e-03
0.000000e+00 1.100000e+01 1.103350e+00 8.550910e-01 -0.000000e+00 -6.410000e-03
