#############TIME##################
6.603686e+00 
###################################
0.000000e+00 0.000000e+00 9.568812e+00 1.527765e+01 0.000000e+00 -1.418831e+00
0.000000e+00 5.500000e-02 9.568812e+00 1.527765e+01 0.000000e+00 -1.418831e+00
0.000000e+00 1.100000e-01 9.568812e+00 1.527765e+01 0.000000e+00 -1.418831e+00
0.000000e+00 1.650000e-01 9.568812e+00 1.527765e+01 0.000000e+00 -1.418831e+00
0.000000e+00 2.200000e-01 9.568658e+00 1.527734e+01 0.000000e+00 -1.418838e+00
0.000000e+00 2.750000e-01 7.439844e+00 1.084546e+01 0.000000e+00 -1.228858e+00
0.000000e+00 3.300000e-01 6.178074e+00 8.488063e+00 0.000000e+00 -1.052811e+00
0.000000e+00 3.850000e-01 5.326576e+00 6.967864e+00 0.000000e+00 -9.147649e-01
0.000000e+00 4.400000e-01 4.706332e+00 5.911765e+00 0.000000e+00 -8.010411e-01
0.000000e+00 4.950000e-01 4.237915e+00 5.142065e+00 0.000000e+00 -7.092093e-01
0.000000e+00 5.500000e-01 3.870460e+00 4.557309e+00 0.000000e+00 -6.329037e-01
0.000000e+00 6.050000e-01 3.576166e+00 4.102027e+00 0.000000e+00 -5.691909e-01
0.000000e+00 6.600000e-01 3.335273e+00 3.738218e+00 0.000000e+00 -5.150312e-01
0.000000e+00 7.150000e-01 3.135090e+00 3.442422e+00 0.000000e+00 -4.686811e-01
0.000000e+00 7.700000e-01 2.966171e+00 3.197582e+00 0.000000e+00 -4.285335e-01
0.000000e+00 8.250000e-01 2.822019e+00 2.992236e+00 0.000000e+00 -3.935369e-01
0.000000e+00 8.800000e-01 2.697616e+00 2.817773e+00 0.000000e+00 -3.627588e-01
0.000000e+00 9.350000e-01 2.589307e+00 2.668022e+00 0.000000e+00 -3.355342e-01
0.000000e+00 9.900000e-01 2.494213e+00 2.538230e+00 0.000000e+00 -3.112968e-01
0.000000e+00 1.045000e+00 2.410132e+00 2.424814e+00 0.000000e+00 -2.896167e-01
0.000000e+00 1.100000e+00 2.335295e+00 2.324953e+00 0.000000e+00 -2.701320e-01
0.000000e+00 1.155000e+00 2.268305e+00 2.236439e+00 0.000000e+00 -2.525533e-01
0.000000e+00 1.210000e+00 2.208017e+00 2.157499e+00 0.000000e+00 -2.366351e-01
0.000000e+00 1.265000e+00 2.153505e+00 2.086709e+00 0.000000e+00 -2.221740e-01
0.000000e+00 1.320000e+00 2.103995e+00 2.022905e+00 0.000000e+00 -2.089954e-01
0.000000e+00 1.375000e+00 2.058848e+00 1.965130e+00 0.000000e+00 -1.969511e-01
0.000000e+00 1.430000e+00 2.017521e+00 1.912591e+00 0.000000e+00 -1.859133e-01
0.000000e+00 1.485000e+00 1.979555e+00 1.864624e+00 0.000000e+00 -1.757716e-01
0.000000e+00 1.540000e+00 1.944556e+00 1.820673e+00 0.000000e+00 -1.664301e-01
0.000000e+00 1.595000e+00 1.912187e+00 1.780265e+00 0.000000e+00 -1.578051e-01
0.000000e+00 1.650000e+00 1.882162e+00 1.743002e+00 0.000000e+00 -1.498232e-01
0.000000e+00 1.705000e+00 1.854235e+00 1.708539e+00 0.000000e+00 -1.424201e-01
0.000000e+00 1.760000e+00 1.828196e+00 1.676583e+00 0.000000e+00 -1.355404e-01
0.000000e+00 1.815000e+00 1.803865e+00 1.646875e+00 0.000000e+00 -1.291364e-01
0.000000e+00 1.870000e+00 1.781080e+00 1.619187e+00 0.000000e+00 -1.231663e-01
0.000000e+00 1.925000e+00 1.759699e+00 1.593319e+00 0.000000e+00 -1.175925e-01
0.000000e+00 1.980000e+00 1.739596e+00 1.569095e+00 0.000000e+00 -1.123820e-01
0.000000e+00 2.035000e+00 1.720666e+00 1.546371e+00 0.000000e+00 -1.075084e-01
0.000000e+00 2.090000e+00 1.702822e+00 1.525027e+00 0.000000e+00 -1.029520e-01
0.000000e+00 2.145000e+00 1.685986e+00 1.504959e+00 0.000000e+00 -9.869681e-02
0.000000e+00 2.200000e+00 1.670083e+00 1.486063e+00 0.000000e+00 -9.472141e-02
0.000000e+00 2.255000e+00 1.655015e+00 1.468214e+00 0.000000e+00 -9.098982e-02
0.000000e+00 2.310000e+00 1.640665e+00 1.451267e+00 0.000000e+00 -8.744956e-02
0.000000e+00 2.365000e+00 1.626919e+00 1.435079e+00 0.000000e+00 -8.404653e-02
0.000000e+00 2.420000e+00 1.613707e+00 1.419563e+00 0.000000e+00 -8.075657e-02
0.000000e+00 2.475000e+00 1.601065e+00 1.404755e+00 0.000000e+00 -7.762122e-02
0.000000e+00 2.530000e+00 1.589154e+00 1.390841e+00 0.000000e+00 -7.476847e-02
0.000000e+00 2.585000e+00 1.578247e+00 1.378128e+00 0.000000e+00 -7.239776e-02
0.000000e+00 2.640000e+00 1.568608e+00 1.366918e+00 0.000000e+00 -7.070343e-02
0.000000e+00 2.695000e+00 1.560267e+00 1.357236e+00 0.000000e+00 -6.971468e-02
0.000000e+00 2.750000e+00 1.552836e+00 1.348626e+00 0.000000e+00 -6.918404e-02
0.000000e+00 2.805000e+00 1.545720e+00 1.340393e+00 0.000000e+00 -6.870559e-02
0.000000e+00 2.860000e+00 1.538262e+00 1.331778e+00 0.000000e+00 -6.783468e-02
0.000000e+00 2.915000e+00 1.529953e+00 1.322196e+00 0.000000e+00 -6.624687e-02
0.000000e+00 2.970000e+00 1.520832e+00 1.311698e+00 0.000000e+00 -6.397196e-02
0.000000e+00 3.025000e+00 1.511323e+00 1.300775e+00 0.000000e+00 -6.132114e-02
0.000000e+00 3.080000e+00 1.501914e+00 1.289988e+00 0.000000e+00 -5.864533e-02
0.000000e+00 3.135000e+00 1.492965e+00 1.279750e+00 0.000000e+00 -5.620772e-02
0.000000e+00 3.190000e+00 1.484628e+00 1.270232e+00 0.000000e+00 -5.412483e-02
0.000000e+00 3.245000e+00 1.476826e+00 1.261339e+00 0.000000e+00 -5.235126e-02
0.000000e+00 3.300000e+00 1.469335e+00 1.252816e+00 0.000000e+00 -5.073979e-02
0.000000e+00 3.355000e+00 1.461953e+00 1.244431e+00 0.000000e+00 -4.915422e-02
0.000000e+00 3.410000e+00 1.454600e+00 1.236093e+00 0.000000e+00 -4.754596e-02
0.000000e+00 3.465000e+00 1.447318e+00 1.227850e+00 0.000000e+00 -4.595063e-02
0.000000e+00 3.520000e+00 1.440200e+00 1.219806e+00 0.000000e+00 -4.443912e-02
0.000000e+00 3.575000e+00 1.433317e+00 1.212039e+00 0.000000e+00 -4.306850e-02
0.000000e+00 3.630000e+00 1.426675e+00 1.204556e+00 0.000000e+00 -4.185207e-02
0.000000e+00 3.685000e+00 1.420219e+00 1.197295e+00 0.000000e+00 -4.076197e-02
0.000000e+00 3.740000e+00 1.413880e+00 1.190174e+00 0.000000e+00 -3.976049e-02
0.000000e+00 3.795000e+00 1.407614e+00 1.183146e+00 0.000000e+00 -3.882838e-02
0.000000e+00 3.850000e+00 1.401405e+00 1.176193e+00 0.000000e+00 -3.796781e-02
0.000000e+00 3.905000e+00 1.395249e+00 1.169309e+00 0.000000e+00 -3.719164e-02
0.000000e+00 3.960000e+00 1.389135e+00 1.162483e+00 0.000000e+00 -3.651666e-02
0.000000e+00 4.015000e+00 1.383044e+00 1.155692e+00 0.000000e+00 -3.596182e-02
0.000000e+00 4.070000e+00 1.376955e+00 1.148912e+00 0.000000e+00 -3.554724e-02
0.000000e+00 4.125000e+00 1.370847e+00 1.142123e+00 0.000000e+00 -3.529339e-02
0.000000e+00 4.180000e+00 1.364706e+00 1.135306e+00 0.000000e+00 -3.522007e-02
0.000000e+00 4.235000e+00 1.358511e+00 1.128440e+00 0.000000e+00 -3.534697e-02
0.000000e+00 4.290000e+00 1.352228e+00 1.121486e+00 0.000000e+00 -3.569731e-02
0.000000e+00 4.345000e+00 1.345806e+00 1.114391e+00 0.000000e+00 -3.630021e-02
0.000000e+00 4.400000e+00 1.339192e+00 1.107094e+00 0.000000e+00 -3.718644e-02
0.000000e+00 4.455000e+00 1.332337e+00 1.099545e+00 0.000000e+00 -3.838250e-02
0.000000e+00 4.510000e+00 1.325194e+00 1.091693e+00 0.000000e+00 -3.991663e-02
0.000000e+00 4.565000e+00 1.317685e+00 1.083452e+00 0.000000e+00 -4.184249e-02
0.000000e+00 4.620000e+00 1.309666e+00 1.074670e+00 0.000000e+00 -4.426655e-02
0.000000e+00 4.675000e+00 1.300929e+00 1.065122e+00 0.000000e+00 -4.735087e-02
0.000000e+00 4.730000e+00 1.291257e+00 1.054578e+00 0.000000e+00 -5.126695e-02
0.000000e+00 4.785000e+00 1.280542e+00 1.042927e+00 0.000000e+00 -5.610403e-02
0.000000e+00 4.840000e+00 1.268896e+00 1.030300e+00 0.000000e+00 -6.177734e-02
0.000000e+00 4.895000e+00 1.256680e+00 1.017096e+00 0.000000e+00 -6.799892e-02
0.000000e+00 4.950000e+00 1.244421e+00 1.003887e+00 0.000000e+00 -7.433983e-02
0.000000e+00 5.005000e+00 1.232648e+00 9.912438e-01 0.000000e+00 -8.035835e-02
0.000000e+00 5.060000e+00 1.221742e+00 9.795677e-01 0.000000e+00 -8.573047e-02
0.000000e+00 5.115000e+00 1.211859e+00 9.690162e-01 0.000000e+00 -9.031767e-02
0.000000e+00 5.170000e+00 1.202961e+00 9.595405e-01 0.000000e+00 -9.414451e-02
0.000000e+00 5.225000e+00 1.194913e+00 9.509914e-01 0.000000e+00 -9.731834e-02
0.000000e+00 5.280000e+00 1.187578e+00 9.432148e-01 0.000000e+00 -9.995428e-02
0.000000e+00 5.335000e+00 1.180844e+00 9.360909e-01 0.000000e+00 -1.021422e-01
0.000000e+00 5.390000e+00 1.174633e+00 9.295321e-01 0.000000e+00 -1.039477e-01
0.000000e+00 5.445000e+00 1.168883e+00 9.234695e-01 0.000000e+00 -1.054223e-01
0.000000e+00 5.500000e+00 1.163540e+00 9.178451e-01 0.000000e+00 -1.066092e-01
0.000000e+00 5.555000e+00 1.158559e+00 9.126105e-01 0.000000e+00 -1.075450e-01
0.000000e+00 5.610000e+00 1.153905e+00 9.077261e-01 0.000000e+00 -1.082594e-01
0.000000e+00 5.665000e+00 1.149549e+00 9.031592e-01 0.000000e+00 -1.087772e-01
0.000000e+00 5.720000e+00 1.145463e+00 8.988820e-01 0.000000e+00 -1.091189e-01
0.000000e+00 5.775000e+00 1.141627e+00 8.948703e-01 0.000000e+00 -1.093027e-01
0.000000e+00 5.830000e+00 1.138020e+00 8.911025e-01 0.000000e+00 -1.093447e-01
0.000000e+00 5.885000e+00 1.134625e+00 8.875596e-01 0.000000e+00 -1.092591e-01
0.000000e+00 5.940000e+00 1.131426e+00 8.842247e-01 0.000000e+00 -1.090582e-01
0.000000e+00 5.995000e+00 1.128409e+00 8.810828e-01 0.000000e+00 -1.087533e-01
0.000000e+00 6.050000e+00 1.125563e+00 8.781204e-01 0.000000e+00 -1.083542e-01
0.000000e+00 6.105000e+00 1.122874e+00 8.753251e-01 0.000000e+00 -1.078698e-01
0.000000e+00 6.160000e+00 1.120334e+00 8.726857e-01 0.000000e+00 -1.073082e-01
0.000000e+00 6.215000e+00 1.117932e+00 8.701918e-01 0.000000e+00 -1.066764e-01
0.000000e+00 6.270000e+00 1.115659e+00 8.678340e-01 0.000000e+00 -1.059814e-01
0.000000e+00 6.325000e+00 1.113508e+00 8.656034e-01 0.000000e+00 -1.052291e-01
0.000000e+00 6.380000e+00 1.111470e+00 8.634921e-01 0.000000e+00 -1.044251e-01
0.000000e+00 6.435000e+00 1.109540e+00 8.614926e-01 0.000000e+00 -1.035746e-01
0.000000e+00 6.490000e+00 1.107709e+00 8.595979e-01 0.000000e+00 -1.026823e-01
0.000000e+00 6.545000e+00 1.105972e+00 8.578014e-01 0.000000e+00 -1.017523e-01
0.000000e+00 6.600000e+00 1.104324e+00 8.560971e-01 0.000000e+00 -1.007887e-01
0.000000e+00 6.655000e+00 1.102758e+00 8.544795e-01 0.000000e+00 -9.979519e-02
0.000000e+00 6.710000e+00 1.101271e+00 8.529432e-01 0.000000e+00 -9.877517e-02
0.000000e+00 6.765000e+00 1.099857e+00 8.514835e-01 0.000000e+00 -9.773188e-02
0.000000e+00 6.820000e+00 1.098513e+00 8.500959e-01 0.000000e+00 -9.666827e-02
0.000000e+00 6.875000e+00 1.097233e+00 8.487761e-01 0.000000e+00 -9.558701e-02
0.000000e+00 6.930000e+00 1.096015e+00 8.475201e-01 0.000000e+00 -9.449052e-02
0.000000e+00 6.985000e+00 1.094855e+00 8.463240e-01 0.000000e+00 -9.338104e-02
0.000000e+00 7.040000e+00 1.093749e+00 8.451844e-01 0.000000e+00 -9.226064e-02
0.000000e+00 7.095000e+00 1.092694e+00 8.440980e-01 0.000000e+00 -9.113129e-02
0.000000e+00 7.150000e+00 1.091688e+00 8.430619e-01 0.000000e+00 -8.999486e-02
0.000000e+00 7.205000e+00 1.090728e+00 8.420734e-01 0.000000e+00 -8.885307e-02
0.000000e+00 7.260000e+00 1.089811e+00 8.411298e-01 0.000000e+00 -8.770749e-02
0.000000e+00 7.315000e+00 1.088936e+00 8.402288e-01 0.000000e+00 -8.655954e-02
0.000000e+00 7.370000e+00 1.088099e+00 8.393679e-01 0.000000e+00 -8.541050e-02
0.000000e+00 7.425000e+00 1.087299e+00 8.385450e-01 0.000000e+00 -8.426151e-02
0.000000e+00 7.480000e+00 1.086533e+00 8.377580e-01 0.000000e+00 -8.311362e-02
0.000000e+00 7.535000e+00 1.085801e+00 8.370049e-01 0.000000e+00 -8.196779e-02
0.000000e+00 7.590000e+00 1.085099e+00 8.362839e-01 0.000000e+00 -8.082491e-02
0.000000e+00 7.645000e+00 1.084427e+00 8.355932e-01 0.000000e+00 -7.968581e-02
0.000000e+00 7.700000e+00 1.083782e+00 8.349313e-01 0.000000e+00 -7.855128e-02
0.000000e+00 7.755000e+00 1.083165e+00 8.342966e-01 0.000000e+00 -7.742202e-02
0.000000e+00 7.810000e+00 1.082572e+00 8.336876e-01 0.000000e+00 -7.629865e-02
0.000000e+00 7.865000e+00 1.082002e+00 8.331029e-01 0.000000e+00 -7.518170e-02
0.000000e+00 7.920000e+00 1.081455e+00 8.325410e-01 0.000000e+00 -7.407165e-02
0.000000e+00 7.975000e+00 1.080928e+00 8.320005e-01 0.000000e+00 -7.296896e-02
0.000000e+00 8.030000e+00 1.080421e+00 8.314802e-01 0.000000e+00 -7.187409e-02
0.000000e+00 8.085000e+00 1.079932e+00 8.309787e-01 0.000000e+00 -7.078747e-02
0.000000e+00 8.140000e+00 1.079460e+00 8.304948e-01 0.000000e+00 -6.970950e-02
0.000000e+00 8.195000e+00 1.079005e+00 8.300272e-01 0.000000e+00 -6.864053e-02
0.000000e+00 8.250000e+00 1.078563e+00 8.295745e-01 0.000000e+00 -6.758083e-02
0.000000e+00 8.305000e+00 1.078135e+00 8.291355e-01 0.000000e+00 -6.653064e-02
0.000000e+00 8.360000e+00 1.077719e+00 8.287089e-01 0.000000e+00 -6.549018e-02
0.000000e+00 8.415000e+00 1.077314e+00 8.282934e-01 0.000000e+00 -6.445970e-02
0.000000e+00 8.470000e+00 1.076918e+00 8.278879e-01 0.000000e+00 -6.343942e-02
0.000000e+00 8.525000e+00 1.076531e+00 8.274915e-01 0.000000e+00 -6.242958e-02
0.000000e+00 8.580000e+00 1.076152e+00 8.271030e-01 0.000000e+00 -6.143035e-02
0.000000e+00 8.635000e+00 1.075780e+00 8.267216e-01 0.000000e+00 -6.044183e-02
0.000000e+00 8.690000e+00 1.075414e+00 8.263462e-01 0.000000e+00 -5.946405e-02
0.000000e+00 8.745000e+00 1.075053e+00 8.259762e-01 0.000000e+00 -5.849698e-02
0.000000e+00 8.800000e+00 1.074696e+00 8.256109e-01 0.000000e+00 -5.754048e-02
0.000000e+00 8.855000e+00 1.074343e+00 8.252496e-01 0.000000e+00 -5.659438e-02
0.000000e+00 8.910000e+00 1.073994e+00 8.248922e-01 0.000000e+00 -5.565844e-02
0.000000e+00 8.965000e+00 1.073649e+00 8.245386e-01 0.000000e+00 -5.473233e-02
0.000000e+00 9.020000e+00 1.073307e+00 8.241888e-01 0.000000e+00 -5.381571e-02
0.000000e+00 9.075000e+00 1.072969e+00 8.238429e-01 0.000000e+00 -5.290802e-02
0.000000e+00 9.130000e+00 1.072636e+00 8.235013e-01 0.000000e+00 -5.200841e-02
0.000000e+00 9.185000e+00 1.072306e+00 8.231642e-01 0.000000e+00 -5.111533e-02
0.000000e+00 9.240000e+00 1.071982e+00 8.228318e-01 0.000000e+00 -5.022717e-02
0.000000e+00 9.295000e+00 1.071662e+00 8.225050e-01 0.000000e+00 -4.934209e-02
0.000000e+00 9.350000e+00 1.071348e+00 8.221838e-01 0.000000e+00 -4.845986e-02
0.000000e+00 9.405000e+00 1.071041e+00 8.218696e-01 0.000000e+00 -4.757942e-02
0.000000e+00 9.460000e+00 1.070740e+00 8.215616e-01 0.000000e+00 -4.670113e-02
0.000000e+00 9.515000e+00 1.070449e+00 8.212636e-01 0.000000e+00 -4.581800e-02
0.000000e+00 9.570000e+00 1.070164e+00 8.209712e-01 0.000000e+00 -4.492706e-02
0.000000e+00 9.625000e+00 1.069893e+00 8.206937e-01 0.000000e+00 -4.401344e-02
0.000000e+00 9.680000e+00 1.069622e+00 8.204166e-01 0.000000e+00 -4.309315e-02
0.000000e+00 9.735000e+00 1.069376e+00 8.201662e-01 0.000000e+00 -4.216116e-02
0.000000e+00 9.790000e+00 1.069109e+00 8.198965e-01 0.000000e+00 -4.129887e-02
0.000000e+00 9.845000e+00 1.068898e+00 8.196879e-01 0.000000e+00 -4.047832e-02
0.000000e+00 9.900000e+00 1.068600e+00 8.193956e-01 0.000000e+00 -3.986275e-02
0.000000e+00 9.955000e+00 1.068512e+00 8.193233e-01 0.000000e+00 -3.920897e-02
0.000000e+00 1.001000e+01 1.103350e+00 8.550910e-01 -0.000000e+00 -6.410000e-03
0.000000e+00 1.006500e+01 1.103350e+00 8.550910e-01 -0.000000e+00 -6.410000e-03
0.000000e+00 1.012000e+01 1.103350e+00 8.550910e-01 -0.000000e+00 -6.410000e-03
0.000000e+00 1.017500e+01 1.103350e+00 8.550910e-01 -0.000000e+00 -6.410000e-03
0.000000e+00 1.023000e+01 1.103350e+00 8.550910e-01 -0.000000e+00 -6.410000e-03
0.000000e+00 1.028500e+01 1.103350e+00 8.550910e-01 -0.000000e+00 -6.410000e-03
0.000000e+00 1.034000e+01 1.103350e+00 8.550910e-01 -0.000000e+00 -6.410000e-03
0.000000e+00 1.039500e+01 1.103350e+00 8.550910e-01 -0.000000e+00 -6.410000e-03
0.000000e+00 1.045000e+01 1.103350e+00 8.550910e-01 -0.000000e+00 -6.410000e-03
0.000000e+00 1.050500e+01 1.103350e+00 8.550910e-01 -0.000000e+00 -6.410000e-03
0.000000e+00 1.056000e+01 1.103350e+00 8.550910e-01 -0.000000e+00 -6.410000e-03
0.000000e+00 1.061500e+01 1.103350e+00 8.550910e-01 -0.000000e+00 -6.410000e-03
0.000000e+00 1.067000e+01 1.103350e+00 8.550910e-01 -0.000000e+00 -6.410000e-03
0.000000e+00 1.072500e+01 1.103350e+00 8.550910e-01 -0.000000e+00 -6.410000e-03
0.000000e+00 1.078000e+01 1.103350e+00 8.550910e-01 -0.000000e+00 -6.410000e-03
0.000000e+00 1.083500e+01 1.103350e+00 8.550910e-01 -0.000000e+00 -6.410000e-03
0.000000e+00 1.089000e+01 1.103350e+00 8.550910e-01 -0.000000e+00 -6.410000e-03
0.000000e+00 1.094500e+01 1.103350e+00 8.550910e-01 -0.000000e+00 -6.410000e-03
0.000000e+00 1.100000e+01 1.103350e+00 8.550910e-01 -0.000000e+00 -6.410000e-03
