#############TIME##################
1.010508e+01 
###################################
0.000000e+00 0.000000e+00 9.165278e+00 1.444411e+01 0.000000e+00 -1.431232e+00
0.000000e+00 5.500000e-02 9.165278e+00 1.444411e+01 0.000000e+00 -1.431232e+00
0.000000e+00 1.100000e-01 9.165278e+00 1.444411e+01 0.000000e+00 -1.431232e+00
0.000000e+00 1.650000e-01 9.165278e+00 1.444411e+01 0.000000e+00 -1.431232e+00
0.000000e+00 2.200000e-01 9.163146e+00 1.443968e+01 0.000000e+00 -1.431379e+00
0.000000e+00 2.750000e-01 7.128456e+00 1.026175e+01 0.000000e+00 -1.236974e+00
0.000000e+00 3.300000e-01 5.920804e+00 8.038665e+00 0.000000e+00 -1.057458e+00
0.000000e+00 3.850000e-01 5.104027e+00 6.599123e+00 0.000000e+00 -9.173222e-01
0.000000e+00 4.400000e-01 4.508146e+00 5.597371e+00 0.000000e+00 -8.019304e-01
0.000000e+00 4.950000e-01 4.058762e+00 4.867318e+00 0.000000e+00 -7.087337e-01
0.000000e+00 5.500000e-01 3.706289e+00 4.312658e+00 0.000000e+00 -6.311476e-01
0.000000e+00 6.050000e-01 3.424205e+00 3.880858e+00 0.000000e+00 -5.663003e-01
0.000000e+00 6.600000e-01 3.193201e+00 3.535513e+00 0.000000e+00 -5.111373e-01
0.000000e+00 7.150000e-01 3.001125e+00 3.254472e+00 0.000000e+00 -4.639333e-01
0.000000e+00 7.700000e-01 2.839044e+00 3.021769e+00 0.000000e+00 -4.229978e-01
0.000000e+00 8.250000e-01 2.700938e+00 2.826847e+00 0.000000e+00 -3.871947e-01
0.000000e+00 8.800000e-01 2.582039e+00 2.661606e+00 0.000000e+00 -3.555410e-01
0.000000e+00 9.350000e-01 2.478735e+00 2.520042e+00 0.000000e+00 -3.274048e-01
0.000000e+00 9.900000e-01 2.388083e+00 2.397406e+00 0.000000e+00 -3.022869e-01
0.000000e+00 1.045000e+00 2.307857e+00 2.290160e+00 0.000000e+00 -2.798064e-01
0.000000e+00 1.100000e+00 2.236355e+00 2.195629e+00 0.000000e+00 -2.596002e-01
0.000000e+00 1.155000e+00 2.172290e+00 2.111803e+00 0.000000e+00 -2.413457e-01
0.000000e+00 1.210000e+00 2.114621e+00 2.037075e+00 0.000000e+00 -2.247647e-01
0.000000e+00 1.265000e+00 2.062479e+00 1.970121e+00 0.000000e+00 -2.096402e-01
0.000000e+00 1.320000e+00 2.015127e+00 1.909835e+00 0.000000e+00 -1.957997e-01
0.000000e+00 1.375000e+00 1.971955e+00 1.855302e+00 0.000000e+00 -1.831002e-01
0.000000e+00 1.430000e+00 1.932451e+00 1.805767e+00 0.000000e+00 -1.714163e-01
0.000000e+00 1.485000e+00 1.896173e+00 1.760585e+00 0.000000e+00 -1.606430e-01
0.000000e+00 1.540000e+00 1.862724e+00 1.719186e+00 0.000000e+00 -1.506992e-01
0.000000e+00 1.595000e+00 1.831738e+00 1.681066e+00 0.000000e+00 -1.415254e-01
0.000000e+00 1.650000e+00 1.802898e+00 1.645792e+00 0.000000e+00 -1.330714e-01
0.000000e+00 1.705000e+00 1.775959e+00 1.613031e+00 0.000000e+00 -1.252797e-01
0.000000e+00 1.760000e+00 1.750756e+00 1.582548e+00 0.000000e+00 -1.180764e-01
0.000000e+00 1.815000e+00 1.727184e+00 1.554184e+00 0.000000e+00 -1.113764e-01
0.000000e+00 1.870000e+00 1.705154e+00 1.527801e+00 0.000000e+00 -1.051016e-01
0.000000e+00 1.925000e+00 1.684555e+00 1.503239e+00 0.000000e+00 -9.919923e-02
0.000000e+00 1.980000e+00 1.665242e+00 1.480304e+00 0.000000e+00 -9.364748e-02
0.000000e+00 2.035000e+00 1.647053e+00 1.458786e+00 0.000000e+00 -8.844415e-02
0.000000e+00 2.090000e+00 1.629848e+00 1.438506e+00 0.000000e+00 -8.358691e-02
0.000000e+00 2.145000e+00 1.613529e+00 1.419336e+00 0.000000e+00 -7.905899e-02
0.000000e+00 2.200000e+00 1.598037e+00 1.401197e+00 0.000000e+00 -7.482811e-02
0.000000e+00 2.255000e+00 1.583337e+00 1.384040e+00 0.000000e+00 -7.085562e-02
0.000000e+00 2.310000e+00 1.569398e+00 1.367820e+00 0.000000e+00 -6.710690e-02
0.000000e+00 2.365000e+00 1.556182e+00 1.352485e+00 0.000000e+00 -6.355612e-02
0.000000e+00 2.420000e+00 1.543641e+00 1.337973e+00 0.000000e+00 -6.018538e-02
0.000000e+00 2.475000e+00 1.531724e+00 1.324221e+00 0.000000e+00 -5.698210e-02
0.000000e+00 2.530000e+00 1.520380e+00 1.311163e+00 0.000000e+00 -5.393742e-02
0.000000e+00 2.585000e+00 1.509556e+00 1.298733e+00 0.000000e+00 -5.104563e-02
0.000000e+00 2.640000e+00 1.499201e+00 1.286870e+00 0.000000e+00 -4.830304e-02
0.000000e+00 2.695000e+00 1.489275e+00 1.275524e+00 0.000000e+00 -4.570573e-02
0.000000e+00 2.750000e+00 1.479747e+00 1.264656e+00 0.000000e+00 -4.324696e-02
0.000000e+00 2.805000e+00 1.470597e+00 1.254242e+00 0.000000e+00 -4.091610e-02
0.000000e+00 2.860000e+00 1.461816e+00 1.244267e+00 0.000000e+00 -3.869953e-02
0.000000e+00 2.915000e+00 1.453396e+00 1.234722e+00 0.000000e+00 -3.658305e-02
0.000000e+00 2.970000e+00 1.445326e+00 1.225590e+00 0.000000e+00 -3.455460e-02
0.000000e+00 3.025000e+00 1.437589e+00 1.216851e+00 0.000000e+00 -3.260596e-02
0.000000e+00 3.080000e+00 1.430160e+00 1.208474e+00 0.000000e+00 -3.073320e-02
0.000000e+00 3.135000e+00 1.423010e+00 1.200426e+00 0.000000e+00 -2.893581e-02
0.000000e+00 3.190000e+00 1.416108e+00 1.192670e+00 0.000000e+00 -2.721521e-02
0.000000e+00 3.245000e+00 1.409428e+00 1.185175e+00 0.000000e+00 -2.557302e-02
0.000000e+00 3.300000e+00 1.402946e+00 1.177914e+00 0.000000e+00 -2.400973e-02
0.000000e+00 3.355000e+00 1.396646e+00 1.170867e+00 0.000000e+00 -2.252381e-02
0.000000e+00 3.410000e+00 1.390522e+00 1.164027e+00 0.000000e+00 -2.111143e-02
0.000000e+00 3.465000e+00 1.384570e+00 1.157389e+00 0.000000e+00 -1.976658e-02
0.000000e+00 3.520000e+00 1.378796e+00 1.150958e+00 0.000000e+00 -1.848160e-02
0.000000e+00 3.575000e+00 1.373207e+00 1.144742e+00 0.000000e+00 -1.724778e-02
0.000000e+00 3.630000e+00 1.367811e+00 1.138749e+00 0.000000e+00 -1.605612e-02
0.000000e+00 3.685000e+00 1.362616e+00 1.132986e+00 0.000000e+00 -1.489816e-02
0.000000e+00 3.740000e+00 1.357627e+00 1.127458e+00 0.000000e+00 -1.376667e-02
0.000000e+00 3.795000e+00 1.352843e+00 1.122165e+00 0.000000e+00 -1.265622e-02
0.000000e+00 3.850000e+00 1.348260e+00 1.117099e+00 0.000000e+00 -1.156362e-02
0.000000e+00 3.905000e+00 1.343867e+00 1.112248e+00 0.000000e+00 -1.048801e-02
0.000000e+00 3.960000e+00 1.339648e+00 1.107595e+00 0.000000e+00 -9.430595e-03
0.000000e+00 4.015000e+00 1.335584e+00 1.103118e+00 0.000000e+00 -8.394298e-03
0.000000e+00 4.070000e+00 1.331654e+00 1.098793e+00 0.000000e+00 -7.383126e-03
0.000000e+00 4.125000e+00 1.327837e+00 1.094595e+00 0.000000e+00 -6.401569e-03
0.000000e+00 4.180000e+00 1.324112e+00 1.090503e+00 0.000000e+00 -5.453998e-03
0.000000e+00 4.235000e+00 1.320462e+00 1.086497e+00 0.000000e+00 -4.544132e-03
0.000000e+00 4.290000e+00 1.316873e+00 1.082561e+00 0.000000e+00 -3.674625e-03
0.000000e+00 4.345000e+00 1.313334e+00 1.078684e+00 0.000000e+00 -2.846785e-03
0.000000e+00 4.400000e+00 1.309840e+00 1.074860e+00 0.000000e+00 -2.060470e-03
0.000000e+00 4.455000e+00 1.306390e+00 1.071087e+00 0.000000e+00 -1.314114e-03
0.000000e+00 4.510000e+00 1.302986e+00 1.067367e+00 0.000000e+00 -6.048799e-04
0.000000e+00 4.565000e+00 1.299633e+00 1.063706e+00 0.000000e+00 7.109306e-05
0.000000e+00 4.620000e+00 1.296339e+00 1.060113e+00 0.000000e+00 7.183809e-04
0.000000e+00 4.675000e+00 1.293112e+00 1.056597e+00 0.000000e+00 1.341927e-03
0.000000e+00 4.730000e+00 1.289961e+00 1.053166e+00 0.000000e+00 1.946689e-03
0.000000e+00 4.785000e+00 1.286893e+00 1.049827e+00 0.000000e+00 2.537298e-03
0.000000e+00 4.840000e+00 1.283914e+00 1.046588e+00 0.000000e+00 3.117744e-03
0.000000e+00 4.895000e+00 1.281027e+00 1.043451e+00 0.000000e+00 3.691104e-03
0.000000e+00 4.950000e+00 1.278232e+00 1.040416e+00 0.000000e+00 4.259336e-03
0.000000e+00 5.005000e+00 1.275526e+00 1.037482e+00 0.000000e+00 4.823170e-03
0.000000e+00 5.060000e+00 1.272906e+00 1.034640e+00 0.000000e+00 5.382155e-03
0.000000e+00 5.115000e+00 1.270362e+00 1.031885e+00 0.000000e+00 5.934858e-03
0.000000e+00 5.170000e+00 1.267887e+00 1.029206e+00 0.000000e+00 6.479186e-03
0.000000e+00 5.225000e+00 1.265472e+00 1.026592e+00 0.000000e+00 7.012786e-03
0.000000e+00 5.280000e+00 1.263108e+00 1.024036e+00 0.000000e+00 7.533445e-03
0.000000e+00 5.335000e+00 1.260790e+00 1.021531e+00 0.000000e+00 8.039430e-03
0.000000e+00 5.390000e+00 1.258513e+00 1.019072e+00 0.000000e+00 8.529737e-03
0.000000e+00 5.445000e+00 1.256276e+00 1.016658e+00 0.000000e+00 9.004205e-03
0.000000e+00 5.500000e+00 1.254079e+00 1.014287e+00 0.000000e+00 9.463443e-03
0.000000e+00 5.555000e+00 1.251920e+00 1.011960e+00 0.000000e+00 9.908580e-03
0.000000e+00 5.610000e+00 1.249801e+00 1.009677e+00 0.000000e+00 1.034085e-02
0.000000e+00 5.665000e+00 1.247721e+00 1.007437e+00 0.000000e+00 1.076115e-02
0.000000e+00 5.720000e+00 1.245676e+00 1.005236e+00 0.000000e+00 1.116973e-02
0.000000e+00 5.775000e+00 1.243664e+00 1.003072e+00 0.000000e+00 1.156607e-02
0.000000e+00 5.830000e+00 1.241680e+00 1.000938e+00 0.000000e+00 1.194912e-02
0.000000e+00 5.885000e+00 1.239720e+00 9.988325e-01 0.000000e+00 1.231767e-02
0.000000e+00 5.940000e+00 1.237781e+00 9.967505e-01 0.000000e+00 1.267080e-02
0.000000e+00 5.995000e+00 1.235863e+00 9.946912e-01 0.000000e+00 1.300820e-02
0.000000e+00 6.050000e+00 1.233965e+00 9.926554e-01 0.000000e+00 1.333040e-02
0.000000e+00 6.105000e+00 1.232091e+00 9.906463e-01 0.000000e+00 1.363871e-02
0.000000e+00 6.160000e+00 1.230246e+00 9.886681e-01 0.000000e+00 1.393509e-02
0.000000e+00 6.215000e+00 1.228432e+00 9.867251e-01 0.000000e+00 1.422173e-02
0.000000e+00 6.270000e+00 1.226653e+00 9.848206e-01 0.000000e+00 1.450068e-02
0.000000e+00 6.325000e+00 1.224911e+00 9.829555e-01 0.000000e+00 1.477326e-02
0.000000e+00 6.380000e+00 1.223203e+00 9.811284e-01 0.000000e+00 1.503975e-02
0.000000e+00 6.435000e+00 1.221525e+00 9.793353e-01 0.000000e+00 1.529921e-02
0.000000e+00 6.490000e+00 1.219874e+00 9.775701e-01 0.000000e+00 1.554965e-02
0.000000e+00 6.545000e+00 1.218241e+00 9.758257e-01 0.000000e+00 1.578837e-02
0.000000e+00 6.600000e+00 1.216619e+00 9.740945e-01 0.000000e+00 1.601253e-02
0.000000e+00 6.655000e+00 1.215004e+00 9.723700e-01 0.000000e+00 1.621955e-02
0.000000e+00 6.710000e+00 1.213389e+00 9.706477e-01 0.000000e+00 1.640748e-02
0.000000e+00 6.765000e+00 1.211774e+00 9.689256e-01 0.000000e+00 1.657526e-02
0.000000e+00 6.820000e+00 1.210159e+00 9.672040e-01 0.000000e+00 1.672269e-02
0.000000e+00 6.875000e+00 1.208546e+00 9.654854e-01 0.000000e+00 1.685040e-02
0.000000e+00 6.930000e+00 1.206938e+00 9.637731e-01 0.000000e+00 1.695957e-02
0.000000e+00 6.985000e+00 1.205339e+00 9.620704e-01 0.000000e+00 1.705155e-02
0.000000e+00 7.040000e+00 1.203750e+00 9.603799e-01 0.000000e+00 1.712745e-02
0.000000e+00 7.095000e+00 1.202173e+00 9.587025e-01 0.000000e+00 1.718765e-02
0.000000e+00 7.150000e+00 1.200606e+00 9.570375e-01 0.000000e+00 1.723143e-02
0.000000e+00 7.205000e+00 1.199049e+00 9.553822e-01 0.000000e+00 1.725691e-02
0.000000e+00 7.260000e+00 1.197495e+00 9.537323e-01 0.000000e+00 1.726137e-02
0.000000e+00 7.315000e+00 1.195941e+00 9.520825e-01 0.000000e+00 1.724197e-02
0.000000e+00 7.370000e+00 1.194382e+00 9.504279e-01 0.000000e+00 1.719629e-02
0.000000e+00 7.425000e+00 1.192813e+00 9.487634e-01 0.000000e+00 1.712205e-02
0.000000e+00 7.480000e+00 1.191228e+00 9.470828e-01 0.000000e+00 1.701606e-02
0.000000e+00 7.535000e+00 1.189619e+00 9.453780e-01 0.000000e+00 1.687294e-02
0.000000e+00 7.590000e+00 1.187976e+00 9.436368e-01 0.000000e+00 1.668403e-02
0.000000e+00 7.645000e+00 1.186281e+00 9.418424e-01 0.000000e+00 1.643671e-02
0.000000e+00 7.700000e+00 1.184515e+00 9.399734e-01 0.000000e+00 1.611496e-02
0.000000e+00 7.755000e+00 1.182657e+00 9.380075e-01 0.000000e+00 1.570229e-02
0.000000e+00 7.810000e+00 1.180686e+00 9.359244e-01 0.000000e+00 1.518386e-02
0.000000e+00 7.865000e+00 1.178580e+00 9.336989e-01 0.000000e+00 1.454050e-02
0.000000e+00 7.920000e+00 1.176295e+00 9.312859e-01 0.000000e+00 1.373568e-02
0.000000e+00 7.975000e+00 1.173771e+00 9.286227e-01 0.000000e+00 1.271692e-02
0.000000e+00 8.030000e+00 1.170970e+00 9.256691e-01 0.000000e+00 1.144895e-02
0.000000e+00 8.085000e+00 1.167903e+00 9.224377e-01 0.000000e+00 9.939082e-03
0.000000e+00 8.140000e+00 1.164548e+00 9.189065e-01 0.000000e+00 8.164544e-03
0.000000e+00 8.195000e+00 1.160646e+00 9.148037e-01 0.000000e+00 5.895371e-03
0.000000e+00 8.250000e+00 1.155614e+00 9.095202e-01 0.000000e+00 2.608917e-03
0.000000e+00 8.305000e+00 1.148884e+00 9.024653e-01 0.000000e+00 -2.200594e-03
0.000000e+00 8.360000e+00 1.140578e+00 8.937762e-01 0.000000e+00 -8.437198e-03
0.000000e+00 8.415000e+00 1.131561e+00 8.843676e-01 0.000000e+00 -1.533844e-02
0.000000e+00 8.470000e+00 1.122932e+00 8.753866e-01 0.000000e+00 -2.191706e-02
0.000000e+00 8.525000e+00 1.115513e+00 8.676836e-01 0.000000e+00 -2.741633e-02
0.000000e+00 8.580000e+00 1.109553e+00 8.615073e-01 0.000000e+00 -3.159675e-02
0.000000e+00 8.635000e+00 1.104769e+00 8.565581e-01 0.000000e+00 -3.470553e-02
0.000000e+00 8.690000e+00 1.100718e+00 8.523724e-01 0.000000e+00 -3.714422e-02
0.000000e+00 8.745000e+00 1.097096e+00 8.486352e-01 0.000000e+00 -3.919019e-02
0.000000e+00 8.800000e+00 1.093782e+00 8.452189e-01 0.000000e+00 -4.095660e-02
0.000000e+00 8.855000e+00 1.090743e+00 8.420890e-01 0.000000e+00 -4.247445e-02
0.000000e+00 8.910000e+00 1.087959e+00 8.392245e-01 0.000000e+00 -4.376298e-02
0.000000e+00 8.965000e+00 1.085402e+00 8.365953e-01 0.000000e+00 -4.484908e-02
0.000000e+00 9.020000e+00 1.083042e+00 8.341704e-01 0.000000e+00 -4.576050e-02
0.000000e+00 9.075000e+00 1.080854e+00 8.319249e-01 0.000000e+00 -4.651905e-02
0.000000e+00 9.130000e+00 1.078822e+00 8.298398e-01 0.000000e+00 -4.714098e-02
0.000000e+00 9.185000e+00 1.076929e+00 8.278995e-01 0.000000e+00 -4.763891e-02
0.000000e+00 9.240000e+00 1.075162e+00 8.260888e-01 0.000000e+00 -4.802280e-02
0.000000e+00 9.295000e+00 1.073508e+00 8.243942e-01 0.000000e+00 -4.829746e-02
0.000000e+00 9.350000e+00 1.071953e+00 8.228023e-01 0.000000e+00 -4.846473e-02
0.000000e+00 9.405000e+00 1.070489e+00 8.213041e-01 0.000000e+00 -4.852292e-02
0.000000e+00 9.460000e+00 1.069104e+00 8.198871e-01 0.000000e+00 -4.847965e-02
0.000000e+00 9.515000e+00 1.067794e+00 8.185475e-01 0.000000e+00 -4.834691e-02
0.000000e+00 9.570000e+00 1.066541e+00 8.172684e-01 0.000000e+00 -4.816315e-02
0.000000e+00 9.625000e+00 1.065351e+00 8.160562e-01 0.000000e+00 -4.795716e-02
0.000000e+00 9.680000e+00 1.064191e+00 8.148794e-01 0.000000e+00 -4.779647e-02
0.000000e+00 9.735000e+00 1.063095e+00 8.137736e-01 0.000000e+00 -4.767975e-02
0.000000e+00 9.790000e+00 1.061991e+00 8.126635e-01 0.000000e+00 -4.769627e-02
0.000000e+00 9.845000e+00 1.060997e+00 8.116684e-01 0.000000e+00 -4.773632e-02
0.000000e+00 9.900000e+00 1.059913e+00 8.105775e-01 0.000000e+00 -4.798343e-02
0.000000e+00 9.955000e+00 1.059219e+00 8.098787e-01 0.000000e+00 -4.795478e-02
0.000000e+00 1.001000e+01 1.103350e+00 8.550910e-01 -0.000000e+00 -6.410000e-03
0.000000e+00 1.006500e+01 1.103350e+00 8.550910e-01 -0.000000e+00 -6.410000e-03
0.000000e+00 1.012000e+01 1.103350e+00 8.550910e-01 -0.000000e+00 -6.410000e-03
0.000000e+00 1.017500e+01 1.103350e+00 8.550910e-01 -0.000000e+00 -6.410000e-03
0.000000e+00 1.023000e+01 1.103350e+00 8.550910e-01 -0.000000e+00 -6.410000e-03
0.000000e+00 1.028500e+01 1.103350e+00 8.550910e-01 -0.000000e+00 -6.410000e-03
0.000000e+00 1.034000e+01 1.103350e+00 8.550910e-01 -0.000000e+00 -6.410000e-03
0.000000e+00 1.039500e+01 1.103350e+00 8.550910e-01 -0.000000e+00 -6.410000e-03
0.000000e+00 1.045000e+01 1.103350e+00 8.550910e-01 -0.000000e+00 -6.410000e-03
0.000000e+00 1.050500e+01 1.103350e+00 8.550910e-01 -0.000000e+00 -6.410000e-03
0.000000e+00 1.056000e+01 1.103350e+00 8.550910e-01 -0.000000e+00 -6.410000e-03
0.000000e+00 1.061500e+01 1.103350e+00 8.550910e-01 -0.000000e+00 -6.410000e-03
0.000000e+00 1.067000e+01 1.103350e+00 8.550910e-01 -0.000000e+00 -6.410000e-03
0.000000e+00 1.072500e+01 1.103350e+00 8.550910e-01 -0.000000e+00 -6.410000e-03
0.000000e+00 1.078000e+01 1.103350e+00 8.550910e-01 -0.000000e+00 -6.410000e-03
0.000000e+00 1.083500e+01 1.103350e+00 8.550910e-01 -0.000000e+00 -6.410000e-03
0.000000e+00 1.089000e+01 1.103350e+00 8.550910e-01 -0.000000e+00 -6.410000e-03
0.000000e+00 1.094500e+01 1.103350e+00 8.550910e-01 -0.000000e+00 -6.410000e-03
0.000000e+00 1.100000e+01 1.103350e+00 8.550910e-01 -0.000000e+00 -6.410000e-03
