#############TIME##################
2.330134e+01 
###################################
0.000000e+00 0.000000e+00 8.958546e+00 1.400400e+01 0.000000e+00 -1.451778e+00
0.000000e+00 5.500000e-02 8.958546e+00 1.400400e+01 0.000000e+00 -1.451778e+00
0.000000e+00 1.100000e-01 8.958546e+00 1.400400e+01 0.000000e+00 -1.451778e+00
0.000000e+00 1.650000e-01 8.958546e+00 1.400400e+01 0.000000e+00 -1.451778e+00
0.000000e+00 2.200000e-01 8.958750e+00 1.400442e+01 0.000000e+00 -1.451756e+00
0.000000e+00 2.750000e-01 6.982777e+00 9.970160e+00 0.000000e+00 -1.254872e+00
0.000000e+00 3.300000e-01 5.810631e+00 7.825158e+00 0.000000e+00 -1.073060e+00
0.000000e+00 3.850000e-01 5.010703e+00 6.425640e+00 0.000000e+00 -9.324283e-01
0.000000e+00 4.400000e-01 4.424663e+00 5.447764e+00 0.000000e+00 -8.170436e-01
0.000000e+00 4.950000e-01 3.981436e+00 4.733812e+00 0.000000e+00 -7.241794e-01
0.000000e+00 5.500000e-01 3.633122e+00 4.190578e+00 0.000000e+00 -6.470013e-01
0.000000e+00 6.050000e-01 3.354102e+00 3.767553e+00 0.000000e+00 -5.826330e-01
0.000000e+00 6.600000e-01 3.125544e+00 3.429303e+00 0.000000e+00 -5.278980e-01
0.000000e+00 7.150000e-01 2.935581e+00 3.154300e+00 0.000000e+00 -4.810771e-01
0.000000e+00 7.700000e-01 2.775228e+00 2.926622e+00 0.000000e+00 -4.405089e-01
0.000000e+00 8.250000e-01 2.638362e+00 2.735675e+00 0.000000e+00 -4.051542e-01
0.000000e+00 8.800000e-01 2.520182e+00 2.573396e+00 0.000000e+00 -3.740663e-01
0.000000e+00 9.350000e-01 2.417231e+00 2.434061e+00 0.000000e+00 -3.465851e-01
0.000000e+00 9.900000e-01 2.326785e+00 2.313262e+00 0.000000e+00 -3.221271e-01
0.000000e+00 1.045000e+00 2.246780e+00 2.207704e+00 0.000000e+00 -3.002498e-01
0.000000e+00 1.100000e+00 2.175540e+00 2.114761e+00 0.000000e+00 -2.805835e-01
0.000000e+00 1.155000e+00 2.111710e+00 2.032348e+00 0.000000e+00 -2.628486e-01
0.000000e+00 1.210000e+00 2.054180e+00 1.958784e+00 0.000000e+00 -2.468110e-01
0.000000e+00 1.265000e+00 2.002078e+00 1.892756e+00 0.000000e+00 -2.322627e-01
0.000000e+00 1.320000e+00 1.954718e+00 1.833236e+00 0.000000e+00 -2.190057e-01
0.000000e+00 1.375000e+00 1.911533e+00 1.779383e+00 0.000000e+00 -2.068695e-01
0.000000e+00 1.430000e+00 1.872005e+00 1.730444e+00 0.000000e+00 -1.957306e-01
0.000000e+00 1.485000e+00 1.835644e+00 1.685730e+00 0.000000e+00 -1.855115e-01
0.000000e+00 1.540000e+00 1.802029e+00 1.644655e+00 0.000000e+00 -1.761487e-01
0.000000e+00 1.595000e+00 1.770848e+00 1.606786e+00 0.000000e+00 -1.675580e-01
0.000000e+00 1.650000e+00 1.741892e+00 1.571825e+00 0.000000e+00 -1.596293e-01
0.000000e+00 1.705000e+00 1.714991e+00 1.539525e+00 0.000000e+00 -1.522597e-01
0.000000e+00 1.760000e+00 1.689943e+00 1.509610e+00 0.000000e+00 -1.453920e-01
0.000000e+00 1.815000e+00 1.666508e+00 1.481762e+00 0.000000e+00 -1.390186e-01
0.000000e+00 1.870000e+00 1.644465e+00 1.455690e+00 0.000000e+00 -1.331431e-01
0.000000e+00 1.925000e+00 1.623678e+00 1.431213e+00 0.000000e+00 -1.277314e-01
0.000000e+00 1.980000e+00 1.604113e+00 1.408270e+00 0.000000e+00 -1.226969e-01
0.000000e+00 2.035000e+00 1.585775e+00 1.386851e+00 0.000000e+00 -1.179360e-01
0.000000e+00 2.090000e+00 1.568619e+00 1.366886e+00 0.000000e+00 -1.133846e-01
0.000000e+00 2.145000e+00 1.552506e+00 1.348201e+00 0.000000e+00 -1.090491e-01
0.000000e+00 2.200000e+00 1.537239e+00 1.330557e+00 0.000000e+00 -1.049861e-01
0.000000e+00 2.255000e+00 1.522643e+00 1.313744e+00 0.000000e+00 -1.012480e-01
0.000000e+00 2.310000e+00 1.508636e+00 1.297658e+00 0.000000e+00 -9.783405e-02
0.000000e+00 2.365000e+00 1.495230e+00 1.282309e+00 0.000000e+00 -9.468238e-02
0.000000e+00 2.420000e+00 1.482486e+00 1.267761e+00 0.000000e+00 -9.170308e-02
0.000000e+00 2.475000e+00 1.470440e+00 1.254047e+00 0.000000e+00 -8.882634e-02
0.000000e+00 2.530000e+00 1.459061e+00 1.241126e+00 0.000000e+00 -8.603126e-02
0.000000e+00 2.585000e+00 1.448259e+00 1.228892e+00 0.000000e+00 -8.334242e-02
0.000000e+00 2.640000e+00 1.437920e+00 1.217211e+00 0.000000e+00 -8.080426e-02
0.000000e+00 2.695000e+00 1.427946e+00 1.205969e+00 0.000000e+00 -7.845275e-02
0.000000e+00 2.750000e+00 1.418279e+00 1.195097e+00 0.000000e+00 -7.629790e-02
0.000000e+00 2.805000e+00 1.408906e+00 1.184580e+00 0.000000e+00 -7.432091e-02
0.000000e+00 2.860000e+00 1.399851e+00 1.174441e+00 0.000000e+00 -7.248292e-02
0.000000e+00 2.915000e+00 1.391148e+00 1.164717e+00 0.000000e+00 -7.073964e-02
0.000000e+00 2.970000e+00 1.382823e+00 1.155434e+00 0.000000e+00 -6.905560e-02
0.000000e+00 3.025000e+00 1.374876e+00 1.146590e+00 0.000000e+00 -6.741258e-02
0.000000e+00 3.080000e+00 1.367285e+00 1.138158e+00 0.000000e+00 -6.580899e-02
0.000000e+00 3.135000e+00 1.360014e+00 1.130096e+00 0.000000e+00 -6.425139e-02
0.000000e+00 3.190000e+00 1.353036e+00 1.122373e+00 0.000000e+00 -6.274409e-02
0.000000e+00 3.245000e+00 1.346338e+00 1.114971e+00 0.000000e+00 -6.128378e-02
0.000000e+00 3.300000e+00 1.339913e+00 1.107882e+00 0.000000e+00 -5.986274e-02
0.000000e+00 3.355000e+00 1.333749e+00 1.101093e+00 0.000000e+00 -5.847706e-02
0.000000e+00 3.410000e+00 1.327818e+00 1.094570e+00 0.000000e+00 -5.713272e-02
0.000000e+00 3.465000e+00 1.322080e+00 1.088269e+00 0.000000e+00 -5.584425e-02
0.000000e+00 3.520000e+00 1.316497e+00 1.082145e+00 0.000000e+00 -5.462648e-02
0.000000e+00 3.575000e+00 1.311044e+00 1.076174e+00 0.000000e+00 -5.348523e-02
0.000000e+00 3.630000e+00 1.305723e+00 1.070355e+00 0.000000e+00 -5.241333e-02
0.000000e+00 3.685000e+00 1.300549e+00 1.064703e+00 0.000000e+00 -5.139448e-02
0.000000e+00 3.740000e+00 1.295538e+00 1.059237e+00 0.000000e+00 -5.041214e-02
0.000000e+00 3.795000e+00 1.290694e+00 1.053960e+00 0.000000e+00 -4.945753e-02
0.000000e+00 3.850000e+00 1.286002e+00 1.048855e+00 0.000000e+00 -4.853227e-02
0.000000e+00 3.905000e+00 1.281441e+00 1.043898e+00 0.000000e+00 -4.764486e-02
0.000000e+00 3.960000e+00 1.276985e+00 1.039061e+00 0.000000e+00 -4.680382e-02
0.000000e+00 4.015000e+00 1.272622e+00 1.034331e+00 0.000000e+00 -4.601157e-02
0.000000e+00 4.070000e+00 1.268356e+00 1.029710e+00 0.000000e+00 -4.526179e-02
0.000000e+00 4.125000e+00 1.264202e+00 1.025216e+00 0.000000e+00 -4.454091e-02
0.000000e+00 4.180000e+00 1.260181e+00 1.020872e+00 0.000000e+00 -4.383259e-02
0.000000e+00 4.235000e+00 1.256312e+00 1.016694e+00 0.000000e+00 -4.312318e-02
0.000000e+00 4.290000e+00 1.252598e+00 1.012689e+00 0.000000e+00 -4.240601e-02
0.000000e+00 4.345000e+00 1.249029e+00 1.008844e+00 0.000000e+00 -4.168321e-02
0.000000e+00 4.400000e+00 1.245583e+00 1.005135e+00 0.000000e+00 -4.096448e-02
0.000000e+00 4.455000e+00 1.242233e+00 1.001532e+00 0.000000e+00 -4.026328e-02
0.000000e+00 4.510000e+00 1.238952e+00 9.980065e-01 0.000000e+00 -3.959178e-02
0.000000e+00 4.565000e+00 1.235727e+00 9.945442e-01 0.000000e+00 -3.895647e-02
0.000000e+00 4.620000e+00 1.232556e+00 9.911437e-01 0.000000e+00 -3.835604e-02
0.000000e+00 4.675000e+00 1.229451e+00 9.878152e-01 0.000000e+00 -3.778262e-02
0.000000e+00 4.730000e+00 1.226423e+00 9.845729e-01 0.000000e+00 -3.722553e-02
0.000000e+00 4.785000e+00 1.223482e+00 9.814265e-01 0.000000e+00 -3.667593e-02
0.000000e+00 4.840000e+00 1.220629e+00 9.783758e-01 0.000000e+00 -3.613012e-02
0.000000e+00 4.895000e+00 1.217853e+00 9.754105e-01 0.000000e+00 -3.559017e-02
0.000000e+00 4.950000e+00 1.215140e+00 9.725149e-01 0.000000e+00 -3.506184e-02
0.000000e+00 5.005000e+00 1.212478e+00 9.696745e-01 0.000000e+00 -3.455112e-02
0.000000e+00 5.060000e+00 1.209857e+00 9.668816e-01 0.000000e+00 -3.406108e-02
0.000000e+00 5.115000e+00 1.207281e+00 9.641375e-01 0.000000e+00 -3.359038e-02
0.000000e+00 5.170000e+00 1.204756e+00 9.614500e-01 0.000000e+00 -3.313386e-02
0.000000e+00 5.225000e+00 1.202291e+00 9.588282e-01 0.000000e+00 -3.268470e-02
0.000000e+00 5.280000e+00 1.199893e+00 9.562784e-01 0.000000e+00 -3.223719e-02
0.000000e+00 5.335000e+00 1.197561e+00 9.538016e-01 0.000000e+00 -3.178922e-02
0.000000e+00 5.390000e+00 1.195294e+00 9.513954e-01 0.000000e+00 -3.134368e-02
0.000000e+00 5.445000e+00 1.193091e+00 9.490573e-01 0.000000e+00 -3.090791e-02
0.000000e+00 5.500000e+00 1.190949e+00 9.467868e-01 0.000000e+00 -3.049082e-02
0.000000e+00 5.555000e+00 1.188870e+00 9.445836e-01 0.000000e+00 -3.009819e-02
0.000000e+00 5.610000e+00 1.186850e+00 9.424439e-01 0.000000e+00 -2.972833e-02
0.000000e+00 5.665000e+00 1.184878e+00 9.403569e-01 0.000000e+00 -2.937106e-02
0.000000e+00 5.720000e+00 1.182941e+00 9.383074e-01 0.000000e+00 -2.901189e-02
0.000000e+00 5.775000e+00 1.181025e+00 9.362822e-01 0.000000e+00 -2.863983e-02
0.000000e+00 5.830000e+00 1.179128e+00 9.342770e-01 0.000000e+00 -2.825391e-02
0.000000e+00 5.885000e+00 1.177253e+00 9.322974e-01 0.000000e+00 -2.786379e-02
0.000000e+00 5.940000e+00 1.175412e+00 9.303533e-01 0.000000e+00 -2.748367e-02
0.000000e+00 5.995000e+00 1.173608e+00 9.284507e-01 0.000000e+00 -2.712387e-02
0.000000e+00 6.050000e+00 1.171841e+00 9.265866e-01 0.000000e+00 -2.678576e-02
0.000000e+00 6.105000e+00 1.170100e+00 9.247520e-01 0.000000e+00 -2.646337e-02
0.000000e+00 6.160000e+00 1.168379e+00 9.229384e-01 0.000000e+00 -2.614951e-02
0.000000e+00 6.215000e+00 1.166675e+00 9.211443e-01 0.000000e+00 -2.584108e-02
0.000000e+00 6.270000e+00 1.164993e+00 9.193742e-01 0.000000e+00 -2.553958e-02
0.000000e+00 6.325000e+00 1.163338e+00 9.176338e-01 0.000000e+00 -2.524783e-02
0.000000e+00 6.380000e+00 1.161713e+00 9.159249e-01 0.000000e+00 -2.496663e-02
0.000000e+00 6.435000e+00 1.160114e+00 9.142443e-01 0.000000e+00 -2.469434e-02
0.000000e+00 6.490000e+00 1.158536e+00 9.125861e-01 0.000000e+00 -2.442902e-02
0.000000e+00 6.545000e+00 1.156974e+00 9.109459e-01 0.000000e+00 -2.417041e-02
0.000000e+00 6.600000e+00 1.155426e+00 9.093222e-01 0.000000e+00 -2.391984e-02
0.000000e+00 6.655000e+00 1.153896e+00 9.077163e-01 0.000000e+00 -2.367841e-02
0.000000e+00 6.710000e+00 1.152385e+00 9.061320e-01 0.000000e+00 -2.344524e-02
0.000000e+00 6.765000e+00 1.150899e+00 9.045750e-01 0.000000e+00 -2.321716e-02
0.000000e+00 6.820000e+00 1.149446e+00 9.030524e-01 0.000000e+00 -2.298977e-02
0.000000e+00 6.875000e+00 1.148032e+00 9.015715e-01 0.000000e+00 -2.275895e-02
0.000000e+00 6.930000e+00 1.146662e+00 9.001368e-01 0.000000e+00 -2.252226e-02
0.000000e+00 6.985000e+00 1.145335e+00 8.987479e-01 0.000000e+00 -2.227974e-02
0.000000e+00 7.040000e+00 1.144043e+00 8.973973e-01 0.000000e+00 -2.203402e-02
0.000000e+00 7.095000e+00 1.142776e+00 8.960722e-01 0.000000e+00 -2.178992e-02
0.000000e+00 7.150000e+00 1.141518e+00 8.947574e-01 0.000000e+00 -2.155323e-02
0.000000e+00 7.205000e+00 1.140258e+00 8.934404e-01 0.000000e+00 -2.132916e-02
0.000000e+00 7.260000e+00 1.138990e+00 8.921158e-01 0.000000e+00 -2.112061e-02
0.000000e+00 7.315000e+00 1.137719e+00 8.907884e-01 0.000000e+00 -2.092680e-02
0.000000e+00 7.370000e+00 1.136457e+00 8.894716e-01 0.000000e+00 -2.074276e-02
0.000000e+00 7.425000e+00 1.135223e+00 8.881842e-01 0.000000e+00 -2.056025e-02
0.000000e+00 7.480000e+00 1.134034e+00 8.869438e-01 0.000000e+00 -2.036991e-02
0.000000e+00 7.535000e+00 1.132900e+00 8.857617e-01 0.000000e+00 -2.016419e-02
0.000000e+00 7.590000e+00 1.131823e+00 8.846389e-01 0.000000e+00 -1.994022e-02
0.000000e+00 7.645000e+00 1.130793e+00 8.835655e-01 0.000000e+00 -1.970119e-02
0.000000e+00 7.700000e+00 1.129793e+00 8.825238e-01 0.000000e+00 -1.945570e-02
0.000000e+00 7.755000e+00 1.128803e+00 8.814932e-01 0.000000e+00 -1.921502e-02
0.000000e+00 7.810000e+00 1.127807e+00 8.804560e-01 0.000000e+00 -1.898937e-02
0.000000e+00 7.865000e+00 1.126795e+00 8.794026e-01 0.000000e+00 -1.878453e-02
0.000000e+00 7.920000e+00 1.125767e+00 8.783333e-01 0.000000e+00 -1.860022e-02
0.000000e+00 7.975000e+00 1.124733e+00 8.772575e-01 0.000000e+00 -1.843072e-02
0.000000e+00 8.030000e+00 1.123706e+00 8.761898e-01 0.000000e+00 -1.826751e-02
0.000000e+00 8.085000e+00 1.122700e+00 8.751440e-01 0.000000e+00 -1.810264e-02
0.000000e+00 8.140000e+00 1.121722e+00 8.741286e-01 0.000000e+00 -1.793141e-02
0.000000e+00 8.195000e+00 1.120775e+00 8.731448e-01 0.000000e+00 -1.775349e-02
0.000000e+00 8.250000e+00 1.119853e+00 8.721872e-01 0.000000e+00 -1.757198e-02
0.000000e+00 8.305000e+00 1.118949e+00 8.712477e-01 0.000000e+00 -1.739118e-02
0.000000e+00 8.360000e+00 1.118055e+00 8.703197e-01 0.000000e+00 -1.721413e-02
0.000000e+00 8.415000e+00 1.117169e+00 8.694011e-01 0.000000e+00 -1.704122e-02
0.000000e+00 8.470000e+00 1.116296e+00 8.684947e-01 0.000000e+00 -1.687039e-02
0.000000e+00 8.525000e+00 1.115439e+00 8.676061e-01 0.000000e+00 -1.669861e-02
0.000000e+00 8.580000e+00 1.114604e+00 8.667402e-01 0.000000e+00 -1.652386e-02
0.000000e+00 8.635000e+00 1.113792e+00 8.658985e-01 0.000000e+00 -1.634638e-02
0.000000e+00 8.690000e+00 1.113000e+00 8.650780e-01 0.000000e+00 -1.616860e-02
0.000000e+00 8.745000e+00 1.112223e+00 8.642720e-01 0.000000e+00 -1.599375e-02
0.000000e+00 8.800000e+00 1.111452e+00 8.634738e-01 0.000000e+00 -1.582407e-02
0.000000e+00 8.855000e+00 1.110685e+00 8.626790e-01 0.000000e+00 -1.565946e-02
0.000000e+00 8.910000e+00 1.109921e+00 8.618879e-01 0.000000e+00 -1.549722e-02
0.000000e+00 8.965000e+00 1.109164e+00 8.611047e-01 0.000000e+00 -1.533317e-02
0.000000e+00 9.020000e+00 1.108421e+00 8.603353e-01 0.000000e+00 -1.516343e-02
0.000000e+00 9.075000e+00 1.107696e+00 8.595851e-01 0.000000e+00 -1.498614e-02
0.000000e+00 9.130000e+00 1.106991e+00 8.588557e-01 0.000000e+00 -1.480194e-02
0.000000e+00 9.185000e+00 1.106303e+00 8.581451e-01 0.000000e+00 -1.461250e-02
0.000000e+00 9.240000e+00 1.105629e+00 8.574478e-01 0.000000e+00 -1.441720e-02
0.000000e+00 9.295000e+00 1.104961e+00 8.567575e-01 0.000000e+00 -1.420995e-02
0.000000e+00 9.350000e+00 1.104295e+00 8.560682e-01 0.000000e+00 -1.397921e-02
0.000000e+00 9.405000e+00 1.103627e+00 8.553761e-01 0.000000e+00 -1.371414e-02
0.000000e+00 9.460000e+00 1.102955e+00 8.546793e-01 0.000000e+00 -1.341539e-02
0.000000e+00 9.515000e+00 1.102277e+00 8.539780e-01 0.000000e+00 -1.310440e-02
0.000000e+00 9.570000e+00 1.101593e+00 8.532739e-01 0.000000e+00 -1.282202e-02
0.000000e+00 9.625000e+00 1.100904e+00 8.525704e-01 0.000000e+00 -1.261322e-02
0.000000e+00 9.680000e+00 1.100218e+00 8.518739e-01 0.000000e+00 -1.250209e-02
0.000000e+00 9.735000e+00 1.099545e+00 8.511898e-01 0.000000e+00 -1.247930e-02
0.000000e+00 9.790000e+00 1.098898e+00 8.505282e-01 0.000000e+00 -1.250110e-02
0.000000e+00 9.845000e+00 1.098281e+00 8.498915e-01 0.000000e+00 -1.252052e-02
0.000000e+00 9.900000e+00 1.097703e+00 8.492880e-01 0.000000e+00 -1.249966e-02
0.000000e+00 9.955000e+00 1.097156e+00 8.487093e-01 0.000000e+00 -1.244884e-02
0.000000e+00 1.001000e+01 1.103350e+00 8.550910e-01 -0.000000e+00 -6.410000e-03
0.000000e+00 1.006500e+01 1.103350e+00 8.550910e-01 -0.000000e+00 -6.410000e-03
0.000000e+00 1.012000e+01 1.103350e+00 8.550910e-01 -0.000000e+00 -6.410000e-03
0.000000e+00 1.017500e+01 1.103350e+00 8.550910e-01 -0.000000e+00 -6.410000e-03
0.000000e+00 1.023000e+01 1.103350e+00 8.550910e-01 -0.000000e+00 -6.410000e-03
0.000000e+00 1.028500e+01 1.103350e+00 8.550910e-01 -0.000000e+00 -6.410000e-03
0.000000e+00 1.034000e+01 1.103350e+00 8.550910e-01 -0.000000e+00 -6.410000e-03
0.000000e+00 1.039500e+01 1.103350e+00 8.550910e-01 -0.000000e+00 -6.410000e-03
0.000000e+00 1.045000e+01 1.103350e+00 8.550910e-01 -0.000000e+00 -6.410000e-03
0.000000e+00 1.050500e+01 1.103350e+00 8.550910e-01 -0.000000e+00 -6.410000e-03
0.000000e+00 1.056000e+01 1.103350e+00 8.550910e-01 -0.000000e+00 -6.410000e-03
0.000000e+00 1.061500e+01 1.103350e+00 8.550910e-01 -0.000000e+00 -6.410000e-03
0.000000e+00 1.067000e+01 1.103350e+00 8.550910e-01 -0.000000e+00 -6.410000e-03
0.000000e+00 1.072500e+01 1.103350e+00 8.550910e-01 -0.000000e+00 -6.410000e-03
0.000000e+00 1.078000e+01 1.103350e+00 8.550910e-01 -0.000000e+00 -6.410000e-03
0.000000e+00 1.083500e+01 1.103350e+00 8.550910e-01 -0.000000e+00 -6.410000e-03
0.000000e+00 1.089000e+01 1.103350e+00 8.550910e-01 -0.000000e+00 -6.410000e-03
0.000000e+00 1.094500e+01 1.103350e+00 8.550910e-01 -0.000000e+00 -6.410000e-03
0.000000e+00 1.100000e+01 1.103350e+00 8.550910e-01 -0.000000e+00 -6.410000e-03
