#############TIME##################
9.806774e+00 
###################################
0.000000e+00 0.000000e+00 9.259875e+00 1.464060e+01 0.000000e+00 -1.424927e+00
0.000000e+00 5.500000e-02 9.259875e+00 1.464060e+01 0.000000e+00 -1.424927e+00
0.000000e+00 1.100000e-01 9.259875e+00 1.464060e+01 0.000000e+00 -1.424927e+00
0.000000e+00 1.650000e-01 9.259875e+00 1.464060e+01 0.000000e+00 -1.424927e+00
0.000000e+00 2.200000e-01 9.257214e+00 1.463508e+01 0.000000e+00 -1.425101e+00
0.000000e+00 2.750000e-01 7.198991e+00 1.039649e+01 0.000000e+00 -1.231656e+00
0.000000e+00 3.300000e-01 5.977856e+00 8.141371e+00 0.000000e+00 -1.052842e+00
0.000000e+00 3.850000e-01 5.152777e+00 6.682786e+00 0.000000e+00 -9.129953e-01
0.000000e+00 4.400000e-01 4.550485e+00 5.667180e+00 0.000000e+00 -7.979723e-01
0.000000e+00 4.950000e-01 4.095768e+00 4.926306e+00 0.000000e+00 -7.051943e-01
0.000000e+00 5.500000e-01 3.739325e+00 4.363798e+00 0.000000e+00 -6.279759e-01
0.000000e+00 6.050000e-01 3.454637e+00 3.926798e+00 0.000000e+00 -5.632729e-01
0.000000e+00 6.600000e-01 3.222096e+00 3.578186e+00 0.000000e+00 -5.080544e-01
0.000000e+00 7.150000e-01 3.028925e+00 3.294728e+00 0.000000e+00 -4.607158e-01
0.000000e+00 7.700000e-01 2.865682e+00 3.059662e+00 0.000000e+00 -4.197339e-01
0.000000e+00 8.250000e-01 2.726147e+00 2.862132e+00 0.000000e+00 -3.840429e-01
0.000000e+00 8.800000e-01 2.605693e+00 2.694230e+00 0.000000e+00 -3.526214e-01
0.000000e+00 9.350000e-01 2.500969e+00 2.550296e+00 0.000000e+00 -3.247291e-01
0.000000e+00 9.900000e-01 2.409217e+00 2.425806e+00 0.000000e+00 -2.997784e-01
0.000000e+00 1.045000e+00 2.328222e+00 2.317207e+00 0.000000e+00 -2.773643e-01
0.000000e+00 1.100000e+00 2.256169e+00 2.221654e+00 0.000000e+00 -2.571608e-01
0.000000e+00 1.155000e+00 2.191628e+00 2.136940e+00 0.000000e+00 -2.389014e-01
0.000000e+00 1.210000e+00 2.133462e+00 2.061328e+00 0.000000e+00 -2.223504e-01
0.000000e+00 1.265000e+00 2.080750e+00 1.993427e+00 0.000000e+00 -2.073130e-01
0.000000e+00 1.320000e+00 2.032726e+00 1.932094e+00 0.000000e+00 -1.936285e-01
0.000000e+00 1.375000e+00 1.988766e+00 1.876403e+00 0.000000e+00 -1.811578e-01
0.000000e+00 1.430000e+00 1.948384e+00 1.825627e+00 0.000000e+00 -1.697624e-01
0.000000e+00 1.485000e+00 1.911212e+00 1.779212e+00 0.000000e+00 -1.593005e-01
0.000000e+00 1.540000e+00 1.876947e+00 1.736704e+00 0.000000e+00 -1.496404e-01
0.000000e+00 1.595000e+00 1.845301e+00 1.697683e+00 0.000000e+00 -1.406814e-01
0.000000e+00 1.650000e+00 1.815974e+00 1.661730e+00 0.000000e+00 -1.323609e-01
0.000000e+00 1.705000e+00 1.788679e+00 1.628457e+00 0.000000e+00 -1.246400e-01
0.000000e+00 1.760000e+00 1.763176e+00 1.597537e+00 0.000000e+00 -1.174818e-01
0.000000e+00 1.815000e+00 1.739293e+00 1.568730e+00 0.000000e+00 -1.108374e-01
0.000000e+00 1.870000e+00 1.716909e+00 1.541859e+00 0.000000e+00 -1.046483e-01
0.000000e+00 1.925000e+00 1.695922e+00 1.516777e+00 0.000000e+00 -9.885920e-02
0.000000e+00 1.980000e+00 1.676224e+00 1.493332e+00 0.000000e+00 -9.342821e-02
0.000000e+00 2.035000e+00 1.657697e+00 1.471365e+00 0.000000e+00 -8.832836e-02
0.000000e+00 2.090000e+00 1.640221e+00 1.450721e+00 0.000000e+00 -8.354114e-02
0.000000e+00 2.145000e+00 1.623692e+00 1.431264e+00 0.000000e+00 -7.904937e-02
0.000000e+00 2.200000e+00 1.608022e+00 1.412880e+00 0.000000e+00 -7.483378e-02
0.000000e+00 2.255000e+00 1.593142e+00 1.395477e+00 0.000000e+00 -7.087338e-02
0.000000e+00 2.310000e+00 1.578993e+00 1.378980e+00 0.000000e+00 -6.714690e-02
0.000000e+00 2.365000e+00 1.565527e+00 1.363325e+00 0.000000e+00 -6.363390e-02
0.000000e+00 2.420000e+00 1.552703e+00 1.348457e+00 0.000000e+00 -6.031528e-02
0.000000e+00 2.475000e+00 1.540479e+00 1.334323e+00 0.000000e+00 -5.717395e-02
0.000000e+00 2.530000e+00 1.528817e+00 1.320874e+00 0.000000e+00 -5.419552e-02
0.000000e+00 2.585000e+00 1.517678e+00 1.308059e+00 0.000000e+00 -5.136867e-02
0.000000e+00 2.640000e+00 1.507024e+00 1.295832e+00 0.000000e+00 -4.868466e-02
0.000000e+00 2.695000e+00 1.496819e+00 1.284147e+00 0.000000e+00 -4.613616e-02
0.000000e+00 2.750000e+00 1.487035e+00 1.272969e+00 0.000000e+00 -4.371585e-02
0.000000e+00 2.805000e+00 1.477649e+00 1.262268e+00 0.000000e+00 -4.141546e-02
0.000000e+00 2.860000e+00 1.468644e+00 1.252023e+00 0.000000e+00 -3.922538e-02
0.000000e+00 2.915000e+00 1.460012e+00 1.242221e+00 0.000000e+00 -3.713509e-02
0.000000e+00 2.970000e+00 1.451742e+00 1.232850e+00 0.000000e+00 -3.513381e-02
0.000000e+00 3.025000e+00 1.443829e+00 1.223898e+00 0.000000e+00 -3.321142e-02
0.000000e+00 3.080000e+00 1.436260e+00 1.215352e+00 0.000000e+00 -3.135916e-02
0.000000e+00 3.135000e+00 1.429024e+00 1.207195e+00 0.000000e+00 -2.957014e-02
0.000000e+00 3.190000e+00 1.422101e+00 1.199404e+00 0.000000e+00 -2.783954e-02
0.000000e+00 3.245000e+00 1.415471e+00 1.191955e+00 0.000000e+00 -2.616457e-02
0.000000e+00 3.300000e+00 1.409109e+00 1.184817e+00 0.000000e+00 -2.454427e-02
0.000000e+00 3.355000e+00 1.402988e+00 1.177961e+00 0.000000e+00 -2.297908e-02
0.000000e+00 3.410000e+00 1.397082e+00 1.171354e+00 0.000000e+00 -2.147043e-02
0.000000e+00 3.465000e+00 1.391365e+00 1.164968e+00 0.000000e+00 -2.002019e-02
0.000000e+00 3.520000e+00 1.385813e+00 1.158775e+00 0.000000e+00 -1.863016e-02
0.000000e+00 3.575000e+00 1.380406e+00 1.152751e+00 0.000000e+00 -1.730149e-02
0.000000e+00 3.630000e+00 1.375129e+00 1.146880e+00 0.000000e+00 -1.603437e-02
0.000000e+00 3.685000e+00 1.369971e+00 1.141147e+00 0.000000e+00 -1.482770e-02
0.000000e+00 3.740000e+00 1.364925e+00 1.135547e+00 0.000000e+00 -1.367914e-02
0.000000e+00 3.795000e+00 1.359990e+00 1.130076e+00 0.000000e+00 -1.258516e-02
0.000000e+00 3.850000e+00 1.355166e+00 1.124736e+00 0.000000e+00 -1.154134e-02
0.000000e+00 3.905000e+00 1.350459e+00 1.119530e+00 0.000000e+00 -1.054259e-02
0.000000e+00 3.960000e+00 1.345873e+00 1.114464e+00 0.000000e+00 -9.583529e-03
0.000000e+00 4.015000e+00 1.341415e+00 1.109544e+00 0.000000e+00 -8.658798e-03
0.000000e+00 4.070000e+00 1.337088e+00 1.104775e+00 0.000000e+00 -7.763378e-03
0.000000e+00 4.125000e+00 1.332896e+00 1.100159e+00 0.000000e+00 -6.892866e-03
0.000000e+00 4.180000e+00 1.328839e+00 1.095697e+00 0.000000e+00 -6.043655e-03
0.000000e+00 4.235000e+00 1.324917e+00 1.091387e+00 0.000000e+00 -5.213025e-03
0.000000e+00 4.290000e+00 1.321125e+00 1.087225e+00 0.000000e+00 -4.399160e-03
0.000000e+00 4.345000e+00 1.317459e+00 1.083204e+00 0.000000e+00 -3.601120e-03
0.000000e+00 4.400000e+00 1.313910e+00 1.079316e+00 0.000000e+00 -2.818738e-03
0.000000e+00 4.455000e+00 1.310471e+00 1.075551e+00 0.000000e+00 -2.052473e-03
0.000000e+00 4.510000e+00 1.307133e+00 1.071899e+00 0.000000e+00 -1.303199e-03
0.000000e+00 4.565000e+00 1.303887e+00 1.068352e+00 0.000000e+00 -5.719758e-04
0.000000e+00 4.620000e+00 1.300724e+00 1.064898e+00 0.000000e+00 1.401622e-04
0.000000e+00 4.675000e+00 1.297638e+00 1.061530e+00 0.000000e+00 8.323712e-04
0.000000e+00 4.730000e+00 1.294621e+00 1.058242e+00 0.000000e+00 1.504101e-03
0.000000e+00 4.785000e+00 1.291670e+00 1.055026e+00 0.000000e+00 2.155149e-03
0.000000e+00 4.840000e+00 1.288779e+00 1.051879e+00 0.000000e+00 2.785665e-03
0.000000e+00 4.895000e+00 1.285946e+00 1.048797e+00 0.000000e+00 3.396115e-03
0.000000e+00 4.950000e+00 1.283170e+00 1.045780e+00 0.000000e+00 3.987193e-03
0.000000e+00 5.005000e+00 1.280449e+00 1.042824e+00 0.000000e+00 4.559696e-03
0.000000e+00 5.060000e+00 1.277781e+00 1.039928e+00 0.000000e+00 5.114390e-03
0.000000e+00 5.115000e+00 1.275165e+00 1.037090e+00 0.000000e+00 5.651902e-03
0.000000e+00 5.170000e+00 1.272598e+00 1.034307e+00 0.000000e+00 6.172670e-03
0.000000e+00 5.225000e+00 1.270079e+00 1.031578e+00 0.000000e+00 6.676966e-03
0.000000e+00 5.280000e+00 1.267606e+00 1.028901e+00 0.000000e+00 7.164994e-03
0.000000e+00 5.335000e+00 1.265178e+00 1.026274e+00 0.000000e+00 7.637025e-03
0.000000e+00 5.390000e+00 1.262794e+00 1.023697e+00 0.000000e+00 8.093535e-03
0.000000e+00 5.445000e+00 1.260455e+00 1.021169e+00 0.000000e+00 8.535292e-03
0.000000e+00 5.500000e+00 1.258161e+00 1.018691e+00 0.000000e+00 8.963343e-03
0.000000e+00 5.555000e+00 1.255911e+00 1.016264e+00 0.000000e+00 9.378887e-03
0.000000e+00 5.610000e+00 1.253707e+00 1.013886e+00 0.000000e+00 9.783051e-03
0.000000e+00 5.665000e+00 1.251547e+00 1.011558e+00 0.000000e+00 1.017664e-02
0.000000e+00 5.720000e+00 1.249431e+00 1.009278e+00 0.000000e+00 1.055994e-02
0.000000e+00 5.775000e+00 1.247355e+00 1.007043e+00 0.000000e+00 1.093270e-02
0.000000e+00 5.830000e+00 1.245316e+00 1.004848e+00 0.000000e+00 1.129416e-02
0.000000e+00 5.885000e+00 1.243309e+00 1.002690e+00 0.000000e+00 1.164326e-02
0.000000e+00 5.940000e+00 1.241330e+00 1.000562e+00 0.000000e+00 1.197879e-02
0.000000e+00 5.995000e+00 1.239374e+00 9.984608e-01 0.000000e+00 1.229961e-02
0.000000e+00 6.050000e+00 1.237437e+00 9.963816e-01 0.000000e+00 1.260477e-02
0.000000e+00 6.105000e+00 1.235519e+00 9.943224e-01 0.000000e+00 1.289370e-02
0.000000e+00 6.160000e+00 1.233618e+00 9.922827e-01 0.000000e+00 1.316621e-02
0.000000e+00 6.215000e+00 1.231734e+00 9.902630e-01 0.000000e+00 1.342254e-02
0.000000e+00 6.270000e+00 1.229869e+00 9.882647e-01 0.000000e+00 1.366326e-02
0.000000e+00 6.325000e+00 1.228026e+00 9.862898e-01 0.000000e+00 1.388911e-02
0.000000e+00 6.380000e+00 1.226205e+00 9.843403e-01 0.000000e+00 1.410083e-02
0.000000e+00 6.435000e+00 1.224408e+00 9.824179e-01 0.000000e+00 1.429916e-02
0.000000e+00 6.490000e+00 1.222637e+00 9.805234e-01 0.000000e+00 1.448462e-02
0.000000e+00 6.545000e+00 1.220891e+00 9.786567e-01 0.000000e+00 1.465749e-02
0.000000e+00 6.600000e+00 1.219168e+00 9.768163e-01 0.000000e+00 1.481753e-02
0.000000e+00 6.655000e+00 1.217467e+00 9.749992e-01 0.000000e+00 1.496386e-02
0.000000e+00 6.710000e+00 1.215783e+00 9.732013e-01 0.000000e+00 1.509482e-02
0.000000e+00 6.765000e+00 1.214111e+00 9.714175e-01 0.000000e+00 1.520809e-02
0.000000e+00 6.820000e+00 1.212446e+00 9.696420e-01 0.000000e+00 1.530077e-02
0.000000e+00 6.875000e+00 1.210782e+00 9.678681e-01 0.000000e+00 1.536957e-02
0.000000e+00 6.930000e+00 1.209112e+00 9.660883e-01 0.000000e+00 1.541104e-02
0.000000e+00 6.985000e+00 1.207429e+00 9.642957e-01 0.000000e+00 1.542190e-02
0.000000e+00 7.040000e+00 1.205727e+00 9.624838e-01 0.000000e+00 1.539946e-02
0.000000e+00 7.095000e+00 1.204002e+00 9.606477e-01 0.000000e+00 1.534143e-02
0.000000e+00 7.150000e+00 1.202248e+00 9.587823e-01 0.000000e+00 1.524509e-02
0.000000e+00 7.205000e+00 1.200459e+00 9.568812e-01 0.000000e+00 1.510598e-02
0.000000e+00 7.260000e+00 1.198628e+00 9.549350e-01 0.000000e+00 1.491698e-02
0.000000e+00 7.315000e+00 1.196741e+00 9.529312e-01 0.000000e+00 1.466796e-02
0.000000e+00 7.370000e+00 1.194784e+00 9.508544e-01 0.000000e+00 1.434599e-02
0.000000e+00 7.425000e+00 1.192743e+00 9.486889e-01 0.000000e+00 1.393687e-02
0.000000e+00 7.480000e+00 1.190604e+00 9.464209e-01 0.000000e+00 1.342728e-02
0.000000e+00 7.535000e+00 1.188353e+00 9.440363e-01 0.000000e+00 1.280335e-02
0.000000e+00 7.590000e+00 1.185966e+00 9.415090e-01 0.000000e+00 1.204126e-02
0.000000e+00 7.645000e+00 1.183396e+00 9.387900e-01 0.000000e+00 1.109907e-02
0.000000e+00 7.700000e+00 1.180591e+00 9.358244e-01 0.000000e+00 9.931056e-03
0.000000e+00 7.755000e+00 1.177530e+00 9.325903e-01 0.000000e+00 8.519711e-03
0.000000e+00 7.810000e+00 1.174205e+00 9.290809e-01 0.000000e+00 6.860460e-03
0.000000e+00 7.865000e+00 1.170478e+00 9.251510e-01 0.000000e+00 4.836220e-03
0.000000e+00 7.920000e+00 1.165918e+00 9.203489e-01 0.000000e+00 2.070117e-03
0.000000e+00 7.975000e+00 1.159905e+00 9.140256e-01 0.000000e+00 -1.984243e-03
0.000000e+00 8.030000e+00 1.152175e+00 9.059138e-01 0.000000e+00 -7.562252e-03
0.000000e+00 8.085000e+00 1.143242e+00 8.965615e-01 0.000000e+00 -1.422390e-02
0.000000e+00 8.140000e+00 1.134113e+00 8.870279e-01 0.000000e+00 -2.108146e-02
0.000000e+00 8.195000e+00 1.125773e+00 8.783404e-01 0.000000e+00 -2.724851e-02
0.000000e+00 8.250000e+00 1.118783e+00 8.710759e-01 0.000000e+00 -3.220931e-02
0.000000e+00 8.305000e+00 1.113137e+00 8.652196e-01 0.000000e+00 -3.596162e-02
0.000000e+00 8.360000e+00 1.108469e+00 8.603853e-01 0.000000e+00 -3.883431e-02
0.000000e+00 8.415000e+00 1.104409e+00 8.561859e-01 0.000000e+00 -4.116512e-02
0.000000e+00 8.470000e+00 1.100751e+00 8.524061e-01 0.000000e+00 -4.314356e-02
0.000000e+00 8.525000e+00 1.097417e+00 8.489663e-01 0.000000e+00 -4.483947e-02
0.000000e+00 8.580000e+00 1.094378e+00 8.458329e-01 0.000000e+00 -4.628137e-02
0.000000e+00 8.635000e+00 1.091600e+00 8.429710e-01 0.000000e+00 -4.749873e-02
0.000000e+00 8.690000e+00 1.089044e+00 8.403406e-01 0.000000e+00 -4.852511e-02
0.000000e+00 8.745000e+00 1.086677e+00 8.379059e-01 0.000000e+00 -4.939008e-02
0.000000e+00 8.800000e+00 1.084472e+00 8.356394e-01 0.000000e+00 -5.011575e-02
0.000000e+00 8.855000e+00 1.082408e+00 8.335200e-01 0.000000e+00 -5.071849e-02
0.000000e+00 8.910000e+00 1.080470e+00 8.315303e-01 0.000000e+00 -5.121141e-02
0.000000e+00 8.965000e+00 1.078642e+00 8.296551e-01 0.000000e+00 -5.160541e-02
0.000000e+00 9.020000e+00 1.076912e+00 8.278819e-01 0.000000e+00 -5.190965e-02
0.000000e+00 9.075000e+00 1.075271e+00 8.262002e-01 0.000000e+00 -5.213174e-02
0.000000e+00 9.130000e+00 1.073711e+00 8.246021e-01 0.000000e+00 -5.227845e-02
0.000000e+00 9.185000e+00 1.072225e+00 8.230816e-01 0.000000e+00 -5.235496e-02
0.000000e+00 9.240000e+00 1.070811e+00 8.216345e-01 0.000000e+00 -5.236430e-02
0.000000e+00 9.295000e+00 1.069467e+00 8.202592e-01 0.000000e+00 -5.230452e-02
0.000000e+00 9.350000e+00 1.068191e+00 8.189540e-01 0.000000e+00 -5.217061e-02
0.000000e+00 9.405000e+00 1.066984e+00 8.177207e-01 0.000000e+00 -5.195326e-02
0.000000e+00 9.460000e+00 1.065845e+00 8.165564e-01 0.000000e+00 -5.165140e-02
0.000000e+00 9.515000e+00 1.064777e+00 8.154653e-01 0.000000e+00 -5.126752e-02
0.000000e+00 9.570000e+00 1.063769e+00 8.144364e-01 0.000000e+00 -5.083216e-02
0.000000e+00 9.625000e+00 1.062829e+00 8.134799e-01 0.000000e+00 -5.036849e-02
0.000000e+00 9.680000e+00 1.061925e+00 8.125641e-01 0.000000e+00 -4.994491e-02
0.000000e+00 9.735000e+00 1.061091e+00 8.117249e-01 0.000000e+00 -4.956262e-02
0.000000e+00 9.790000e+00 1.060246e+00 8.108789e-01 0.000000e+00 -4.932291e-02
0.000000e+00 9.845000e+00 1.059509e+00 8.101458e-01 0.000000e+00 -4.911658e-02
0.000000e+00 9.900000e+00 1.058656e+00 8.092924e-01 0.000000e+00 -4.913939e-02
0.000000e+00 9.955000e+00 1.058181e+00 8.088217e-01 0.000000e+00 -4.891695e-02
0.000000e+00 1.001000e+01 1.103350e+00 8.550910e-01 -0.000000e+00 -6.410000e-03
0.000000e+00 1.006500e+01 1.103350e+00 8.550910e-01 -0.000000e+00 -6.410000e-03
0.000000e+00 1.012000e+01 1.103350e+00 8.550910e-01 -0.000000e+00 -6.410000e-03
0.000000e+00 1.017500e+01 1.103350e+00 8.550910e-01 -0.000000e+00 -6.410000e-03
0.000000e+00 1.023000e+01 1.103350e+00 8.550910e-01 -0.000000e+00 -6.410000e-03
0.000000e+00 1.028500e+01 1.103350e+00 8.550910e-01 -0.000000e+00 -6.410000e-03
0.000000e+00 1.034000e+01 1.103350e+00 8.550910e-01 -0.000000e+00 -6.410000e-03
0.000000e+00 1.039500e+01 1.103350e+00 8.550910e-01 -0.000000e+00 -6.410000e-03
0.000000e+00 1.045000e+01 1.103350e+00 8.550910e-01 -0.000000e+00 -6.410000e-03
0.000000e+00 1.050500e+01 1.103350e+00 8.550910e-01 -0.000000e+00 -6.410000e-03
0.000000e+00 1.056000e+01 1.103350e+00 8.550910e-01 -0.000000e+00 -6.410000e-03
0.000000e+00 1.061500e+01 1.103350e+00 8.550910e-01 -0.000000e+00 -6.410000e-03
0.000000e+00 1.067000e+01 1.103350e+00 8.550910e-01 -0.000000e+00 -6.410000e-03
0.000000e+00 1.072500e+01 1.103350e+00 8.550910e-01 -0.000000e+00 -6.410000e-03
0.000000e+00 1.078000e+01 1.103350e+00 8.550910e-01 -0.000000e+00 -6.410000e-03
0.000000e+00 1.083500e+01 1.103350e+00 8.550910e-01 -0.000000e+00 -6.410000e-03
0.000000e+00 1.089000e+01 1.103350e+00 8.550910e-01 -0.000000e+00 -6.410000e-03
0.000000e+00 1.094500e+01 1.103350e+00 8.550910e-01 -0.000000e+00 -6.410000e-03
0.000000e+00 1.100000e+01 1.103350e+00 8.550910e-01 -0.000000e+00 -6.410000e-03
