#############TIME##################
2.030732e+01 
###################################
0.000000e+00 0.000000e+00 8.598230e+00 1.326060e+01 0.000000e+00 -1.470702e+00
0.000000e+00 5.500000e-02 8.598230e+00 1.326060e+01 0.000000e+00 -1.470702e+00
0.000000e+00 1.100000e-01 8.598230e+00 1.326060e+01 0.000000e+00 -1.470702e+00
0.000000e+00 1.650000e-01 8.598230e+00 1.326060e+01 0.000000e+00 -1.470702e+00
0.000000e+00 2.200000e-01 8.598503e+00 1.326116e+01 0.000000e+00 -1.470699e+00
0.000000e+00 2.750000e-01 6.712614e+00 9.460683e+00 0.000000e+00 -1.269451e+00
0.000000e+00 3.300000e-01 5.593996e+00 7.439558e+00 0.000000e+00 -1.084277e+00
0.000000e+00 3.850000e-01 4.824058e+00 6.109579e+00 0.000000e+00 -9.421832e-01
0.000000e+00 4.400000e-01 4.258363e+00 5.177545e+00 0.000000e+00 -8.260348e-01
0.000000e+00 4.950000e-01 3.830145e+00 4.496408e+00 0.000000e+00 -7.325782e-01
0.000000e+00 5.500000e-01 3.493433e+00 3.977986e+00 0.000000e+00 -6.548638e-01
0.000000e+00 6.050000e-01 3.223620e+00 3.574155e+00 0.000000e+00 -5.899620e-01
0.000000e+00 6.600000e-01 3.002479e+00 3.251121e+00 0.000000e+00 -5.346810e-01
0.000000e+00 7.150000e-01 2.818603e+00 2.988415e+00 0.000000e+00 -4.873121e-01
0.000000e+00 7.700000e-01 2.663408e+00 2.770970e+00 0.000000e+00 -4.462241e-01
0.000000e+00 8.250000e-01 2.531108e+00 2.588854e+00 0.000000e+00 -4.104247e-01
0.000000e+00 8.800000e-01 2.417199e+00 2.434535e+00 0.000000e+00 -3.790147e-01
0.000000e+00 9.350000e-01 2.318417e+00 2.302635e+00 0.000000e+00 -3.513740e-01
0.000000e+00 9.900000e-01 2.232095e+00 2.188882e+00 0.000000e+00 -3.269322e-01
0.000000e+00 1.045000e+00 2.156100e+00 2.089939e+00 0.000000e+00 -3.052159e-01
0.000000e+00 1.100000e+00 2.088611e+00 2.003040e+00 0.000000e+00 -2.857709e-01
0.000000e+00 1.155000e+00 2.028143e+00 1.925976e+00 0.000000e+00 -2.682055e-01
0.000000e+00 1.210000e+00 1.973526e+00 1.857030e+00 0.000000e+00 -2.522012e-01
0.000000e+00 1.265000e+00 1.923926e+00 1.794970e+00 0.000000e+00 -2.375488e-01
0.000000e+00 1.320000e+00 1.878781e+00 1.738951e+00 0.000000e+00 -2.241365e-01
0.000000e+00 1.375000e+00 1.837704e+00 1.688370e+00 0.000000e+00 -2.119161e-01
0.000000e+00 1.430000e+00 1.800354e+00 1.642707e+00 0.000000e+00 -2.008430e-01
0.000000e+00 1.485000e+00 1.766340e+00 1.601401e+00 0.000000e+00 -1.908285e-01
0.000000e+00 1.540000e+00 1.735196e+00 1.563818e+00 0.000000e+00 -1.817213e-01
0.000000e+00 1.595000e+00 1.706427e+00 1.529309e+00 0.000000e+00 -1.733331e-01
0.000000e+00 1.650000e+00 1.679605e+00 1.497321e+00 0.000000e+00 -1.654929e-01
0.000000e+00 1.705000e+00 1.654453e+00 1.467487e+00 0.000000e+00 -1.580985e-01
0.000000e+00 1.760000e+00 1.630851e+00 1.439636e+00 0.000000e+00 -1.511302e-01
0.000000e+00 1.815000e+00 1.608774e+00 1.413713e+00 0.000000e+00 -1.446199e-01
0.000000e+00 1.870000e+00 1.588203e+00 1.389668e+00 0.000000e+00 -1.385993e-01
0.000000e+00 1.925000e+00 1.569060e+00 1.367385e+00 0.000000e+00 -1.330593e-01
0.000000e+00 1.980000e+00 1.551190e+00 1.346666e+00 0.000000e+00 -1.279413e-01
0.000000e+00 2.035000e+00 1.534405e+00 1.327277e+00 0.000000e+00 -1.231613e-01
0.000000e+00 2.090000e+00 1.518542e+00 1.309018e+00 0.000000e+00 -1.186488e-01
0.000000e+00 2.145000e+00 1.503506e+00 1.291769e+00 0.000000e+00 -1.143716e-01
0.000000e+00 2.200000e+00 1.489257e+00 1.275475e+00 0.000000e+00 -1.103300e-01
0.000000e+00 2.255000e+00 1.475774e+00 1.260105e+00 0.000000e+00 -1.065325e-01
0.000000e+00 2.310000e+00 1.463018e+00 1.245607e+00 0.000000e+00 -1.029733e-01
0.000000e+00 2.365000e+00 1.450927e+00 1.231903e+00 0.000000e+00 -9.962835e-02
0.000000e+00 2.420000e+00 1.439431e+00 1.218910e+00 0.000000e+00 -9.646617e-02
0.000000e+00 2.475000e+00 1.428476e+00 1.206559e+00 0.000000e+00 -9.346303e-02
0.000000e+00 2.530000e+00 1.418027e+00 1.194808e+00 0.000000e+00 -9.060871e-02
0.000000e+00 2.585000e+00 1.408065e+00 1.183631e+00 0.000000e+00 -8.790170e-02
0.000000e+00 2.640000e+00 1.398569e+00 1.173002e+00 0.000000e+00 -8.533992e-02
0.000000e+00 2.695000e+00 1.389512e+00 1.162886e+00 0.000000e+00 -8.291538e-02
0.000000e+00 2.750000e+00 1.380859e+00 1.153243e+00 0.000000e+00 -8.061531e-02
0.000000e+00 2.805000e+00 1.372580e+00 1.144034e+00 0.000000e+00 -7.842696e-02
0.000000e+00 2.860000e+00 1.364649e+00 1.135230e+00 0.000000e+00 -7.634113e-02
0.000000e+00 2.915000e+00 1.357047e+00 1.126807e+00 0.000000e+00 -7.435224e-02
0.000000e+00 2.970000e+00 1.349759e+00 1.118746e+00 0.000000e+00 -7.245615e-02
0.000000e+00 3.025000e+00 1.342767e+00 1.111027e+00 0.000000e+00 -7.064808e-02
0.000000e+00 3.080000e+00 1.336054e+00 1.103628e+00 0.000000e+00 -6.892227e-02
0.000000e+00 3.135000e+00 1.329601e+00 1.096528e+00 0.000000e+00 -6.727273e-02
0.000000e+00 3.190000e+00 1.323395e+00 1.089709e+00 0.000000e+00 -6.569412e-02
0.000000e+00 3.245000e+00 1.317419e+00 1.083154e+00 0.000000e+00 -6.418198e-02
0.000000e+00 3.300000e+00 1.311663e+00 1.076850e+00 0.000000e+00 -6.273247e-02
0.000000e+00 3.355000e+00 1.306115e+00 1.070781e+00 0.000000e+00 -6.134195e-02
0.000000e+00 3.410000e+00 1.300762e+00 1.064934e+00 0.000000e+00 -6.000685e-02
0.000000e+00 3.465000e+00 1.295594e+00 1.059297e+00 0.000000e+00 -5.872372e-02
0.000000e+00 3.520000e+00 1.290600e+00 1.053857e+00 0.000000e+00 -5.748930e-02
0.000000e+00 3.575000e+00 1.285771e+00 1.048603e+00 0.000000e+00 -5.630064e-02
0.000000e+00 3.630000e+00 1.281099e+00 1.043525e+00 0.000000e+00 -5.515509e-02
0.000000e+00 3.685000e+00 1.276574e+00 1.038614e+00 0.000000e+00 -5.405031e-02
0.000000e+00 3.740000e+00 1.272190e+00 1.033862e+00 0.000000e+00 -5.298424e-02
0.000000e+00 3.795000e+00 1.267940e+00 1.029260e+00 0.000000e+00 -5.195501e-02
0.000000e+00 3.850000e+00 1.263820e+00 1.024803e+00 0.000000e+00 -5.096089e-02
0.000000e+00 3.905000e+00 1.259822e+00 1.020483e+00 0.000000e+00 -5.000028e-02
0.000000e+00 3.960000e+00 1.255943e+00 1.016296e+00 0.000000e+00 -4.907166e-02
0.000000e+00 4.015000e+00 1.252177e+00 1.012235e+00 0.000000e+00 -4.817355e-02
0.000000e+00 4.070000e+00 1.248521e+00 1.008296e+00 0.000000e+00 -4.730447e-02
0.000000e+00 4.125000e+00 1.244968e+00 1.004472e+00 0.000000e+00 -4.646288e-02
0.000000e+00 4.180000e+00 1.241515e+00 1.000759e+00 0.000000e+00 -4.564727e-02
0.000000e+00 4.235000e+00 1.238157e+00 9.971524e-01 0.000000e+00 -4.485624e-02
0.000000e+00 4.290000e+00 1.234891e+00 9.936465e-01 0.000000e+00 -4.408872e-02
0.000000e+00 4.345000e+00 1.231712e+00 9.902376e-01 0.000000e+00 -4.334393e-02
0.000000e+00 4.400000e+00 1.228617e+00 9.869220e-01 0.000000e+00 -4.262125e-02
0.000000e+00 4.455000e+00 1.225604e+00 9.836964e-01 0.000000e+00 -4.191999e-02
0.000000e+00 4.510000e+00 1.222670e+00 9.805580e-01 0.000000e+00 -4.123919e-02
0.000000e+00 4.565000e+00 1.219813e+00 9.775036e-01 0.000000e+00 -4.057760e-02
0.000000e+00 4.620000e+00 1.217028e+00 9.745299e-01 0.000000e+00 -3.993393e-02
0.000000e+00 4.675000e+00 1.214314e+00 9.716334e-01 0.000000e+00 -3.930709e-02
0.000000e+00 4.730000e+00 1.211667e+00 9.688105e-01 0.000000e+00 -3.869633e-02
0.000000e+00 4.785000e+00 1.209084e+00 9.660580e-01 0.000000e+00 -3.810119e-02
0.000000e+00 4.840000e+00 1.206564e+00 9.633734e-01 0.000000e+00 -3.752130e-02
0.000000e+00 4.895000e+00 1.204103e+00 9.607545e-01 0.000000e+00 -3.695617e-02
0.000000e+00 4.950000e+00 1.201700e+00 9.581997e-01 0.000000e+00 -3.640514e-02
0.000000e+00 5.005000e+00 1.199355e+00 9.557072e-01 0.000000e+00 -3.586752e-02
0.000000e+00 5.060000e+00 1.197065e+00 9.532749e-01 0.000000e+00 -3.534272e-02
0.000000e+00 5.115000e+00 1.194828e+00 9.509004e-01 0.000000e+00 -3.483037e-02
0.000000e+00 5.170000e+00 1.192642e+00 9.485812e-01 0.000000e+00 -3.433020e-02
0.000000e+00 5.225000e+00 1.190504e+00 9.463147e-01 0.000000e+00 -3.384182e-02
0.000000e+00 5.280000e+00 1.188412e+00 9.440988e-01 0.000000e+00 -3.336463e-02
0.000000e+00 5.335000e+00 1.186366e+00 9.419315e-01 0.000000e+00 -3.289786e-02
0.000000e+00 5.390000e+00 1.184362e+00 9.398112e-01 0.000000e+00 -3.244071e-02
0.000000e+00 5.445000e+00 1.182401e+00 9.377367e-01 0.000000e+00 -3.199262e-02
0.000000e+00 5.500000e+00 1.180480e+00 9.357063e-01 0.000000e+00 -3.155334e-02
0.000000e+00 5.555000e+00 1.178599e+00 9.337185e-01 0.000000e+00 -3.112292e-02
0.000000e+00 5.610000e+00 1.176755e+00 9.317715e-01 0.000000e+00 -3.070144e-02
0.000000e+00 5.665000e+00 1.174948e+00 9.298637e-01 0.000000e+00 -3.028883e-02
0.000000e+00 5.720000e+00 1.173175e+00 9.279938e-01 0.000000e+00 -2.988479e-02
0.000000e+00 5.775000e+00 1.171437e+00 9.261608e-01 0.000000e+00 -2.948888e-02
0.000000e+00 5.830000e+00 1.169732e+00 9.243642e-01 0.000000e+00 -2.910072e-02
0.000000e+00 5.885000e+00 1.168060e+00 9.226034e-01 0.000000e+00 -2.872016e-02
0.000000e+00 5.940000e+00 1.166422e+00 9.208778e-01 0.000000e+00 -2.834737e-02
0.000000e+00 5.995000e+00 1.164815e+00 9.191870e-01 0.000000e+00 -2.798273e-02
0.000000e+00 6.050000e+00 1.163240e+00 9.175303e-01 0.000000e+00 -2.762661e-02
0.000000e+00 6.105000e+00 1.161696e+00 9.159070e-01 0.000000e+00 -2.727913e-02
0.000000e+00 6.160000e+00 1.160182e+00 9.143160e-01 0.000000e+00 -2.693995e-02
0.000000e+00 6.215000e+00 1.158698e+00 9.127562e-01 0.000000e+00 -2.660819e-02
0.000000e+00 6.270000e+00 1.157240e+00 9.112257e-01 0.000000e+00 -2.628251e-02
0.000000e+00 6.325000e+00 1.155808e+00 9.097224e-01 0.000000e+00 -2.596133e-02
0.000000e+00 6.380000e+00 1.154399e+00 9.082444e-01 0.000000e+00 -2.564309e-02
0.000000e+00 6.435000e+00 1.153013e+00 9.067901e-01 0.000000e+00 -2.532666e-02
0.000000e+00 6.490000e+00 1.151648e+00 9.053593e-01 0.000000e+00 -2.501151e-02
0.000000e+00 6.545000e+00 1.150306e+00 9.039529e-01 0.000000e+00 -2.469788e-02
0.000000e+00 6.600000e+00 1.148989e+00 9.025731e-01 0.000000e+00 -2.438666e-02
0.000000e+00 6.655000e+00 1.147699e+00 9.012229e-01 0.000000e+00 -2.407912e-02
0.000000e+00 6.710000e+00 1.146440e+00 8.999050e-01 0.000000e+00 -2.377653e-02
0.000000e+00 6.765000e+00 1.145213e+00 8.986212e-01 0.000000e+00 -2.347973e-02
0.000000e+00 6.820000e+00 1.144019e+00 8.973719e-01 0.000000e+00 -2.318891e-02
0.000000e+00 6.875000e+00 1.142856e+00 8.961558e-01 0.000000e+00 -2.290348e-02
0.000000e+00 6.930000e+00 1.141722e+00 8.949704e-01 0.000000e+00 -2.262221e-02
0.000000e+00 6.985000e+00 1.140614e+00 8.938118e-01 0.000000e+00 -2.234363e-02
0.000000e+00 7.040000e+00 1.139527e+00 8.926765e-01 0.000000e+00 -2.206643e-02
0.000000e+00 7.095000e+00 1.138459e+00 8.915610e-01 0.000000e+00 -2.178990e-02
0.000000e+00 7.150000e+00 1.137407e+00 8.904627e-01 0.000000e+00 -2.151405e-02
0.000000e+00 7.205000e+00 1.136369e+00 8.893801e-01 0.000000e+00 -2.123958e-02
0.000000e+00 7.260000e+00 1.135345e+00 8.883117e-01 0.000000e+00 -2.096764e-02
0.000000e+00 7.315000e+00 1.134334e+00 8.872566e-01 0.000000e+00 -2.069941e-02
0.000000e+00 7.370000e+00 1.133333e+00 8.862134e-01 0.000000e+00 -2.043586e-02
0.000000e+00 7.425000e+00 1.132342e+00 8.851801e-01 0.000000e+00 -2.017754e-02
0.000000e+00 7.480000e+00 1.131358e+00 8.841548e-01 0.000000e+00 -1.992455e-02
0.000000e+00 7.535000e+00 1.130380e+00 8.831358e-01 0.000000e+00 -1.967665e-02
0.000000e+00 7.590000e+00 1.129407e+00 8.821218e-01 0.000000e+00 -1.943349e-02
0.000000e+00 7.645000e+00 1.128438e+00 8.811130e-01 0.000000e+00 -1.919471e-02
0.000000e+00 7.700000e+00 1.127475e+00 8.801105e-01 0.000000e+00 -1.896007e-02
0.000000e+00 7.755000e+00 1.126520e+00 8.791165e-01 0.000000e+00 -1.872939e-02
0.000000e+00 7.810000e+00 1.125575e+00 8.781336e-01 0.000000e+00 -1.850235e-02
0.000000e+00 7.865000e+00 1.124643e+00 8.771647e-01 0.000000e+00 -1.827839e-02
0.000000e+00 7.920000e+00 1.123727e+00 8.762121e-01 0.000000e+00 -1.805664e-02
0.000000e+00 7.975000e+00 1.122829e+00 8.752782e-01 0.000000e+00 -1.783598e-02
0.000000e+00 8.030000e+00 1.121950e+00 8.743647e-01 0.000000e+00 -1.761531e-02
0.000000e+00 8.085000e+00 1.121092e+00 8.734733e-01 0.000000e+00 -1.739370e-02
0.000000e+00 8.140000e+00 1.120256e+00 8.726051e-01 0.000000e+00 -1.717056e-02
0.000000e+00 8.195000e+00 1.119443e+00 8.717606e-01 0.000000e+00 -1.694560e-02
0.000000e+00 8.250000e+00 1.118652e+00 8.709398e-01 0.000000e+00 -1.671872e-02
0.000000e+00 8.305000e+00 1.117883e+00 8.701416e-01 0.000000e+00 -1.648995e-02
0.000000e+00 8.360000e+00 1.117134e+00 8.693644e-01 0.000000e+00 -1.625935e-02
0.000000e+00 8.415000e+00 1.116403e+00 8.686060e-01 0.000000e+00 -1.602699e-02
0.000000e+00 8.470000e+00 1.115688e+00 8.678642e-01 0.000000e+00 -1.579296e-02
0.000000e+00 8.525000e+00 1.114986e+00 8.671368e-01 0.000000e+00 -1.555762e-02
0.000000e+00 8.580000e+00 1.114299e+00 8.664236e-01 0.000000e+00 -1.532273e-02
0.000000e+00 8.635000e+00 1.113627e+00 8.657275e-01 0.000000e+00 -1.509288e-02
0.000000e+00 8.690000e+00 1.112978e+00 8.650552e-01 0.000000e+00 -1.487535e-02
0.000000e+00 8.745000e+00 1.112357e+00 8.644113e-01 0.000000e+00 -1.467566e-02
0.000000e+00 8.800000e+00 1.111758e+00 8.637907e-01 0.000000e+00 -1.448989e-02
0.000000e+00 8.855000e+00 1.111162e+00 8.631736e-01 0.000000e+00 -1.430118e-02
0.000000e+00 8.910000e+00 1.110546e+00 8.625354e-01 0.000000e+00 -1.408826e-02
0.000000e+00 8.965000e+00 1.109899e+00 8.618658e-01 0.000000e+00 -1.384269e-02
0.000000e+00 9.020000e+00 1.109237e+00 8.611803e-01 0.000000e+00 -1.357824e-02
0.000000e+00 9.075000e+00 1.108589e+00 8.605090e-01 0.000000e+00 -1.332038e-02
0.000000e+00 9.130000e+00 1.107972e+00 8.598709e-01 0.000000e+00 -1.308388e-02
0.000000e+00 9.185000e+00 1.107381e+00 8.592594e-01 0.000000e+00 -1.286156e-02
0.000000e+00 9.240000e+00 1.106795e+00 8.586536e-01 0.000000e+00 -1.263417e-02
0.000000e+00 9.295000e+00 1.106202e+00 8.580400e-01 0.000000e+00 -1.238849e-02
0.000000e+00 9.350000e+00 1.105604e+00 8.574227e-01 0.000000e+00 -1.212113e-02
0.000000e+00 9.405000e+00 1.105016e+00 8.568139e-01 0.000000e+00 -1.183018e-02
0.000000e+00 9.460000e+00 1.104447e+00 8.562242e-01 0.000000e+00 -1.150755e-02
0.000000e+00 9.515000e+00 1.103900e+00 8.556563e-01 0.000000e+00 -1.115038e-02
0.000000e+00 9.570000e+00 1.103375e+00 8.551121e-01 0.000000e+00 -1.077270e-02
0.000000e+00 9.625000e+00 1.102864e+00 8.545870e-01 0.000000e+00 -1.042015e-02
0.000000e+00 9.680000e+00 1.102367e+00 8.540844e-01 0.000000e+00 -1.014398e-02
0.000000e+00 9.735000e+00 1.101879e+00 8.535938e-01 0.000000e+00 -9.987762e-03
0.000000e+00 9.790000e+00 1.101416e+00 8.531263e-01 0.000000e+00 -9.925010e-03
0.000000e+00 9.845000e+00 1.100958e+00 8.526564e-01 0.000000e+00 -9.911205e-03
0.000000e+00 9.900000e+00 1.100538e+00 8.522173e-01 0.000000e+00 -9.838224e-03
0.000000e+00 9.955000e+00 1.100087e+00 8.517376e-01 0.000000e+00 -9.733244e-03
0.000000e+00 1.001000e+01 1.103350e+00 8.550910e-01 -0.000000e+00 -6.410000e-03
0.000000e+00 1.006500e+01 1.103350e+00 8.550910e-01 -0.000000e+00 -6.410000e-03
0.000000e+00 1.012000e+01 1.103350e+00 8.550910e-01 -0.000000e+00 -6.410000e-03
0.000000e+00 1.017500e+01 1.103350e+00 8.550910e-01 -0.000000e+00 -6.410000e-03
0.000000e+00 1.023000e+01 1.103350e+00 8.550910e-01 -0.000000e+00 -6.410000e-03
0.000000e+00 1.028500e+01 1.103350e+00 8.550910e-01 -0.000000e+00 -6.410000e-03
0.000000e+00 1.034000e+01 1.103350e+00 8.550910e-01 -0.000000e+00 -6.410000e-03
0.000000e+00 1.039500e+01 1.103350e+00 8.550910e-01 -0.000000e+00 -6.410000e-03
0.000000e+00 1.045000e+01 1.103350e+00 8.550910e-01 -0.000000e+00 -6.410000e-03
0.000000e+00 1.050500e+01 1.103350e+00 8.550910e-01 -0.000000e+00 -6.410000e-03
0.000000e+00 1.056000e+01 1.103350e+00 8.550910e-01 -0.000000e+00 -6.410000e-03
0.000000e+00 1.061500e+01 1.103350e+00 8.550910e-01 -0.000000e+00 -6.410000e-03
0.000000e+00 1.067000e+01 1.103350e+00 8.550910e-01 -0.000000e+00 -6.410000e-03
0.000000e+00 1.072500e+01 1.103350e+00 8.550910e-01 -0.000000e+00 -6.410000e-03
0.000000e+00 1.078000e+01 1.103350e+00 8.550910e-01 -0.000000e+00 -6.410000e-03
0.000000e+00 1.083500e+01 1.103350e+00 8.550910e-01 -0.000000e+00 -6.410000e-03
0.000000e+00 1.089000e+01 1.103350e+00 8.550910e-01 -0.000000e+00 -6.410000e-03
0.000000e+00 1.094500e+01 1.103350e+00 8.550910e-01 -0.000000e+00 -6.410000e-03
0.000000e+00 1.100000e+01 1.103350e+00 8.550910e-01 -0.000000e+00 -6.410000e-03
