#############TIME##################
2.950391e+01 
###################################
0.000000e+00 0.000000e+00 8.832811e+00 1.374516e+01 0.000000e+00 -1.456615e+00
0.000000e+00 5.500000e-02 8.832811e+00 1.374516e+01 0.000000e+00 -1.456615e+00
0.000000e+00 1.100000e-01 8.832811e+00 1.374516e+01 0.000000e+00 -1.456615e+00
0.000000e+00 1.650000e-01 8.832811e+00 1.374516e+01 0.000000e+00 -1.456615e+00
0.000000e+00 2.200000e-01 8.832628e+00 1.374478e+01 0.000000e+00 -1.456626e+00
0.000000e+00 2.750000e-01 6.886952e+00 9.790595e+00 0.000000e+00 -1.258255e+00
0.000000e+00 3.300000e-01 5.732464e+00 7.687703e+00 0.000000e+00 -1.075316e+00
0.000000e+00 3.850000e-01 4.943111e+00 6.312775e+00 0.000000e+00 -9.340701e-01
0.000000e+00 4.400000e-01 4.364452e+00 5.351447e+00 0.000000e+00 -8.182549e-01
0.000000e+00 4.950000e-01 3.926853e+00 4.649516e+00 0.000000e+00 -7.250257e-01
0.000000e+00 5.500000e-01 3.582984e+00 4.115470e+00 0.000000e+00 -6.475119e-01
0.000000e+00 6.050000e-01 3.307595e+00 3.699668e+00 0.000000e+00 -5.828315e-01
0.000000e+00 6.600000e-01 3.082049e+00 3.367234e+00 0.000000e+00 -5.278025e-01
0.000000e+00 7.150000e-01 2.894626e+00 3.097000e+00 0.000000e+00 -4.807058e-01
0.000000e+00 7.700000e-01 2.736460e+00 2.873318e+00 0.000000e+00 -4.398721e-01
0.000000e+00 8.250000e-01 2.601529e+00 2.685809e+00 0.000000e+00 -4.042496e-01
0.000000e+00 8.800000e-01 2.485114e+00 2.526571e+00 0.000000e+00 -3.728784e-01
0.000000e+00 9.350000e-01 2.383797e+00 2.389968e+00 0.000000e+00 -3.450968e-01
0.000000e+00 9.900000e-01 2.294849e+00 2.271613e+00 0.000000e+00 -3.203347e-01
0.000000e+00 1.045000e+00 2.216192e+00 2.168211e+00 0.000000e+00 -2.981684e-01
0.000000e+00 1.100000e+00 2.146154e+00 2.077165e+00 0.000000e+00 -2.782356e-01
0.000000e+00 1.155000e+00 2.083422e+00 1.996457e+00 0.000000e+00 -2.602459e-01
0.000000e+00 1.210000e+00 2.026930e+00 1.924472e+00 0.000000e+00 -2.439485e-01
0.000000e+00 1.265000e+00 1.975814e+00 1.859920e+00 0.000000e+00 -2.291343e-01
0.000000e+00 1.320000e+00 1.929360e+00 1.801741e+00 0.000000e+00 -2.156243e-01
0.000000e+00 1.375000e+00 1.886973e+00 1.749067e+00 0.000000e+00 -2.032672e-01
0.000000e+00 1.430000e+00 1.848155e+00 1.701180e+00 0.000000e+00 -1.919320e-01
0.000000e+00 1.485000e+00 1.812492e+00 1.657483e+00 0.000000e+00 -1.815038e-01
0.000000e+00 1.540000e+00 1.779631e+00 1.617479e+00 0.000000e+00 -1.718809e-01
0.000000e+00 1.595000e+00 1.749270e+00 1.580746e+00 0.000000e+00 -1.629747e-01
0.000000e+00 1.650000e+00 1.721143e+00 1.546915e+00 0.000000e+00 -1.547111e-01
0.000000e+00 1.705000e+00 1.695008e+00 1.515656e+00 0.000000e+00 -1.470312e-01
0.000000e+00 1.760000e+00 1.670651e+00 1.486677e+00 0.000000e+00 -1.398890e-01
0.000000e+00 1.815000e+00 1.647883e+00 1.459723e+00 0.000000e+00 -1.332458e-01
0.000000e+00 1.870000e+00 1.626548e+00 1.434582e+00 0.000000e+00 -1.270639e-01
0.000000e+00 1.925000e+00 1.606518e+00 1.411079e+00 0.000000e+00 -1.213033e-01
0.000000e+00 1.980000e+00 1.587687e+00 1.389074e+00 0.000000e+00 -1.159225e-01
0.000000e+00 2.035000e+00 1.569967e+00 1.368447e+00 0.000000e+00 -1.108816e-01
0.000000e+00 2.090000e+00 1.553276e+00 1.349087e+00 0.000000e+00 -1.061465e-01
0.000000e+00 2.145000e+00 1.537533e+00 1.330891e+00 0.000000e+00 -1.016896e-01
0.000000e+00 2.200000e+00 1.522661e+00 1.313758e+00 0.000000e+00 -9.748959e-02
0.000000e+00 2.255000e+00 1.508586e+00 1.297595e+00 0.000000e+00 -9.352929e-02
0.000000e+00 2.310000e+00 1.495242e+00 1.282318e+00 0.000000e+00 -8.979337e-02
0.000000e+00 2.365000e+00 1.482570e+00 1.267851e+00 0.000000e+00 -8.626709e-02
0.000000e+00 2.420000e+00 1.470518e+00 1.254131e+00 0.000000e+00 -8.293592e-02
0.000000e+00 2.475000e+00 1.459043e+00 1.241102e+00 0.000000e+00 -7.978568e-02
0.000000e+00 2.530000e+00 1.448106e+00 1.228716e+00 0.000000e+00 -7.680297e-02
0.000000e+00 2.585000e+00 1.437672e+00 1.216928e+00 0.000000e+00 -7.397531e-02
0.000000e+00 2.640000e+00 1.427710e+00 1.205700e+00 0.000000e+00 -7.129123e-02
0.000000e+00 2.695000e+00 1.418190e+00 1.194994e+00 0.000000e+00 -6.874022e-02
0.000000e+00 2.750000e+00 1.409086e+00 1.184778e+00 0.000000e+00 -6.631267e-02
0.000000e+00 2.805000e+00 1.400372e+00 1.175021e+00 0.000000e+00 -6.399999e-02
0.000000e+00 2.860000e+00 1.392025e+00 1.165693e+00 0.000000e+00 -6.179463e-02
0.000000e+00 2.915000e+00 1.384022e+00 1.156768e+00 0.000000e+00 -5.969003e-02
0.000000e+00 2.970000e+00 1.376344e+00 1.148220e+00 0.000000e+00 -5.768037e-02
0.000000e+00 3.025000e+00 1.368971e+00 1.140027e+00 0.000000e+00 -5.576019e-02
0.000000e+00 3.080000e+00 1.361885e+00 1.132167e+00 0.000000e+00 -5.392415e-02
0.000000e+00 3.135000e+00 1.355070e+00 1.124621e+00 0.000000e+00 -5.216704e-02
0.000000e+00 3.190000e+00 1.348512e+00 1.117370e+00 0.000000e+00 -5.048398e-02
0.000000e+00 3.245000e+00 1.342194e+00 1.110397e+00 0.000000e+00 -4.887073e-02
0.000000e+00 3.300000e+00 1.336106e+00 1.103687e+00 0.000000e+00 -4.732378e-02
0.000000e+00 3.355000e+00 1.330233e+00 1.097224e+00 0.000000e+00 -4.584011e-02
0.000000e+00 3.410000e+00 1.324564e+00 1.090995e+00 0.000000e+00 -4.441683e-02
0.000000e+00 3.465000e+00 1.319090e+00 1.084987e+00 0.000000e+00 -4.305081e-02
0.000000e+00 3.520000e+00 1.313799e+00 1.079189e+00 0.000000e+00 -4.173866e-02
0.000000e+00 3.575000e+00 1.308684e+00 1.073591e+00 0.000000e+00 -4.047700e-02
0.000000e+00 3.630000e+00 1.303737e+00 1.068183e+00 0.000000e+00 -3.926286e-02
0.000000e+00 3.685000e+00 1.298949e+00 1.062957e+00 0.000000e+00 -3.809382e-02
0.000000e+00 3.740000e+00 1.294315e+00 1.057903e+00 0.000000e+00 -3.696794e-02
0.000000e+00 3.795000e+00 1.289826e+00 1.053015e+00 0.000000e+00 -3.588339e-02
0.000000e+00 3.850000e+00 1.285476e+00 1.048283e+00 0.000000e+00 -3.483821e-02
0.000000e+00 3.905000e+00 1.281258e+00 1.043699e+00 0.000000e+00 -3.383029e-02
0.000000e+00 3.960000e+00 1.277164e+00 1.039256e+00 0.000000e+00 -3.285762e-02
0.000000e+00 4.015000e+00 1.273191e+00 1.034947e+00 0.000000e+00 -3.191844e-02
0.000000e+00 4.070000e+00 1.269334e+00 1.030769e+00 0.000000e+00 -3.101132e-02
0.000000e+00 4.125000e+00 1.265588e+00 1.026716e+00 0.000000e+00 -3.013491e-02
0.000000e+00 4.180000e+00 1.261950e+00 1.022782e+00 0.000000e+00 -2.928782e-02
0.000000e+00 4.235000e+00 1.258415e+00 1.018964e+00 0.000000e+00 -2.846853e-02
0.000000e+00 4.290000e+00 1.254976e+00 1.015254e+00 0.000000e+00 -2.767559e-02
0.000000e+00 4.345000e+00 1.251631e+00 1.011647e+00 0.000000e+00 -2.690783e-02
0.000000e+00 4.400000e+00 1.248375e+00 1.008140e+00 0.000000e+00 -2.616438e-02
0.000000e+00 4.455000e+00 1.245205e+00 1.004728e+00 0.000000e+00 -2.544457e-02
0.000000e+00 4.510000e+00 1.242119e+00 1.001409e+00 0.000000e+00 -2.474761e-02
0.000000e+00 4.565000e+00 1.239112e+00 9.981785e-01 0.000000e+00 -2.407258e-02
0.000000e+00 4.620000e+00 1.236182e+00 9.950324e-01 0.000000e+00 -2.341844e-02
0.000000e+00 4.675000e+00 1.233324e+00 9.919667e-01 0.000000e+00 -2.278424e-02
0.000000e+00 4.730000e+00 1.230536e+00 9.889779e-01 0.000000e+00 -2.216925e-02
0.000000e+00 4.785000e+00 1.227815e+00 9.860632e-01 0.000000e+00 -2.157288e-02
0.000000e+00 4.840000e+00 1.225159e+00 9.832204e-01 0.000000e+00 -2.099451e-02
0.000000e+00 4.895000e+00 1.222567e+00 9.804476e-01 0.000000e+00 -2.043342e-02
0.000000e+00 4.950000e+00 1.220037e+00 9.777431e-01 0.000000e+00 -1.988874e-02
0.000000e+00 5.005000e+00 1.217567e+00 9.751048e-01 0.000000e+00 -1.935956e-02
0.000000e+00 5.060000e+00 1.215155e+00 9.725304e-01 0.000000e+00 -1.884504e-02
0.000000e+00 5.115000e+00 1.212799e+00 9.700178e-01 0.000000e+00 -1.834448e-02
0.000000e+00 5.170000e+00 1.210498e+00 9.675644e-01 0.000000e+00 -1.785733e-02
0.000000e+00 5.225000e+00 1.208249e+00 9.651679e-01 0.000000e+00 -1.738327e-02
0.000000e+00 5.280000e+00 1.206049e+00 9.628259e-01 0.000000e+00 -1.692215e-02
0.000000e+00 5.335000e+00 1.203897e+00 9.605361e-01 0.000000e+00 -1.647389e-02
0.000000e+00 5.390000e+00 1.201792e+00 9.582968e-01 0.000000e+00 -1.603837e-02
0.000000e+00 5.445000e+00 1.199730e+00 9.561060e-01 0.000000e+00 -1.561521e-02
0.000000e+00 5.500000e+00 1.197712e+00 9.539621e-01 0.000000e+00 -1.520384e-02
0.000000e+00 5.555000e+00 1.195736e+00 9.518636e-01 0.000000e+00 -1.480358e-02
0.000000e+00 5.610000e+00 1.193799e+00 9.498090e-01 0.000000e+00 -1.441388e-02
0.000000e+00 5.665000e+00 1.191903e+00 9.477975e-01 0.000000e+00 -1.403441e-02
0.000000e+00 5.720000e+00 1.190045e+00 9.458283e-01 0.000000e+00 -1.366497e-02
0.000000e+00 5.775000e+00 1.188226e+00 9.439010e-01 0.000000e+00 -1.330530e-02
0.000000e+00 5.830000e+00 1.186444e+00 9.420145e-01 0.000000e+00 -1.295502e-02
0.000000e+00 5.885000e+00 1.184698e+00 9.401670e-01 0.000000e+00 -1.261365e-02
0.000000e+00 5.940000e+00 1.182987e+00 9.383561e-01 0.000000e+00 -1.228095e-02
0.000000e+00 5.995000e+00 1.181306e+00 9.365793e-01 0.000000e+00 -1.195712e-02
0.000000e+00 6.050000e+00 1.179655e+00 9.348347e-01 0.000000e+00 -1.164269e-02
0.000000e+00 6.105000e+00 1.178033e+00 9.331207e-01 0.000000e+00 -1.133821e-02
0.000000e+00 6.160000e+00 1.176438e+00 9.314366e-01 0.000000e+00 -1.104369e-02
0.000000e+00 6.215000e+00 1.174870e+00 9.297820e-01 0.000000e+00 -1.075840e-02
0.000000e+00 6.270000e+00 1.173329e+00 9.281566e-01 0.000000e+00 -1.048105e-02
0.000000e+00 6.325000e+00 1.171816e+00 9.265606e-01 0.000000e+00 -1.021046e-02
0.000000e+00 6.380000e+00 1.170329e+00 9.249938e-01 0.000000e+00 -9.946037e-03
0.000000e+00 6.435000e+00 1.168870e+00 9.234561e-01 0.000000e+00 -9.688038e-03
0.000000e+00 6.490000e+00 1.167436e+00 9.219463e-01 0.000000e+00 -9.437282e-03
0.000000e+00 6.545000e+00 1.166027e+00 9.204623e-01 0.000000e+00 -9.194667e-03
0.000000e+00 6.600000e+00 1.164638e+00 9.190012e-01 0.000000e+00 -8.960836e-03
0.000000e+00 6.655000e+00 1.163268e+00 9.175599e-01 0.000000e+00 -8.736118e-03
0.000000e+00 6.710000e+00 1.161914e+00 9.161366e-01 0.000000e+00 -8.520618e-03
0.000000e+00 6.765000e+00 1.160577e+00 9.147312e-01 0.000000e+00 -8.314199e-03
0.000000e+00 6.820000e+00 1.159258e+00 9.133453e-01 0.000000e+00 -8.116304e-03
0.000000e+00 6.875000e+00 1.157960e+00 9.119815e-01 0.000000e+00 -7.925849e-03
0.000000e+00 6.930000e+00 1.156683e+00 9.106414e-01 0.000000e+00 -7.741417e-03
0.000000e+00 6.985000e+00 1.155429e+00 9.093252e-01 0.000000e+00 -7.561731e-03
0.000000e+00 7.040000e+00 1.154196e+00 9.080316e-01 0.000000e+00 -7.386079e-03
0.000000e+00 7.095000e+00 1.152983e+00 9.067588e-01 0.000000e+00 -7.214428e-03
0.000000e+00 7.150000e+00 1.151787e+00 9.055051e-01 0.000000e+00 -7.047294e-03
0.000000e+00 7.205000e+00 1.150608e+00 9.042693e-01 0.000000e+00 -6.885709e-03
0.000000e+00 7.260000e+00 1.149443e+00 9.030494e-01 0.000000e+00 -6.731389e-03
0.000000e+00 7.315000e+00 1.148291e+00 9.018421e-01 0.000000e+00 -6.586691e-03
0.000000e+00 7.370000e+00 1.147146e+00 9.006436e-01 0.000000e+00 -6.453776e-03
0.000000e+00 7.425000e+00 1.146007e+00 8.994520e-01 0.000000e+00 -6.333045e-03
0.000000e+00 7.480000e+00 1.144877e+00 8.982695e-01 0.000000e+00 -6.221953e-03
0.000000e+00 7.535000e+00 1.143761e+00 8.971016e-01 0.000000e+00 -6.115608e-03
0.000000e+00 7.590000e+00 1.142663e+00 8.959542e-01 0.000000e+00 -6.009482e-03
0.000000e+00 7.645000e+00 1.141587e+00 8.948289e-01 0.000000e+00 -5.902649e-03
0.000000e+00 7.700000e+00 1.140527e+00 8.937209e-01 0.000000e+00 -5.798954e-03
0.000000e+00 7.755000e+00 1.139474e+00 8.926217e-01 0.000000e+00 -5.704638e-03
0.000000e+00 7.810000e+00 1.138424e+00 8.915248e-01 0.000000e+00 -5.623769e-03
0.000000e+00 7.865000e+00 1.137376e+00 8.904304e-01 0.000000e+00 -5.555027e-03
0.000000e+00 7.920000e+00 1.136335e+00 8.893447e-01 0.000000e+00 -5.492777e-03
0.000000e+00 7.975000e+00 1.135309e+00 8.882740e-01 0.000000e+00 -5.432041e-03
0.000000e+00 8.030000e+00 1.134297e+00 8.872185e-01 0.000000e+00 -5.373566e-03
0.000000e+00 8.085000e+00 1.133293e+00 8.861709e-01 0.000000e+00 -5.324616e-03
0.000000e+00 8.140000e+00 1.132286e+00 8.851213e-01 0.000000e+00 -5.294113e-03
0.000000e+00 8.195000e+00 1.131273e+00 8.840659e-01 0.000000e+00 -5.285308e-03
0.000000e+00 8.250000e+00 1.130261e+00 8.830117e-01 0.000000e+00 -5.291454e-03
0.000000e+00 8.305000e+00 1.129265e+00 8.819741e-01 0.000000e+00 -5.298019e-03
0.000000e+00 8.360000e+00 1.128299e+00 8.809685e-01 0.000000e+00 -5.290362e-03
0.000000e+00 8.415000e+00 1.127369e+00 8.800007e-01 0.000000e+00 -5.262190e-03
0.000000e+00 8.470000e+00 1.126468e+00 8.790625e-01 0.000000e+00 -5.219711e-03
0.000000e+00 8.525000e+00 1.125577e+00 8.781356e-01 0.000000e+00 -5.178988e-03
0.000000e+00 8.580000e+00 1.124677e+00 8.772002e-01 0.000000e+00 -5.158135e-03
0.000000e+00 8.635000e+00 1.123758e+00 8.762444e-01 0.000000e+00 -5.168774e-03
0.000000e+00 8.690000e+00 1.122819e+00 8.752681e-01 0.000000e+00 -5.211100e-03
0.000000e+00 8.745000e+00 1.121870e+00 8.742820e-01 0.000000e+00 -5.274532e-03
0.000000e+00 8.800000e+00 1.120925e+00 8.733006e-01 0.000000e+00 -5.342849e-03
0.000000e+00 8.855000e+00 1.119997e+00 8.723363e-01 0.000000e+00 -5.401010e-03
0.000000e+00 8.910000e+00 1.119091e+00 8.713955e-01 0.000000e+00 -5.440433e-03
0.000000e+00 8.965000e+00 1.118209e+00 8.704793e-01 0.000000e+00 -5.460684e-03
0.000000e+00 9.020000e+00 1.117348e+00 8.695860e-01 0.000000e+00 -5.466773e-03
0.000000e+00 9.075000e+00 1.116507e+00 8.687145e-01 0.000000e+00 -5.464065e-03
0.000000e+00 9.130000e+00 1.115688e+00 8.678657e-01 0.000000e+00 -5.452951e-03
0.000000e+00 9.185000e+00 1.114892e+00 8.670403e-01 0.000000e+00 -5.427585e-03
0.000000e+00 9.240000e+00 1.114118e+00 8.662370e-01 0.000000e+00 -5.377777e-03
0.000000e+00 9.295000e+00 1.113359e+00 8.654489e-01 0.000000e+00 -5.297287e-03
0.000000e+00 9.350000e+00 1.112607e+00 8.646674e-01 0.000000e+00 -5.188658e-03
0.000000e+00 9.405000e+00 1.111851e+00 8.638820e-01 0.000000e+00 -5.072508e-03
0.000000e+00 9.460000e+00 1.111088e+00 8.630927e-01 0.000000e+00 -4.977694e-03
0.000000e+00 9.515000e+00 1.110315e+00 8.622969e-01 0.000000e+00 -4.945479e-03
0.000000e+00 9.570000e+00 1.109547e+00 8.615099e-01 0.000000e+00 -4.992034e-03
0.000000e+00 9.625000e+00 1.108772e+00 8.607170e-01 0.000000e+00 -5.131719e-03
0.000000e+00 9.680000e+00 1.108006e+00 8.599335e-01 0.000000e+00 -5.315603e-03
0.000000e+00 9.735000e+00 1.107212e+00 8.591169e-01 0.000000e+00 -5.526447e-03
0.000000e+00 9.790000e+00 1.106427e+00 8.583035e-01 0.000000e+00 -5.695542e-03
0.000000e+00 9.845000e+00 1.105654e+00 8.574949e-01 0.000000e+00 -5.833184e-03
0.000000e+00 9.900000e+00 1.104889e+00 8.566925e-01 0.000000e+00 -5.981339e-03
0.000000e+00 9.955000e+00 1.104300e+00 8.560729e-01 0.000000e+00 -5.995282e-03
0.000000e+00 1.001000e+01 1.103350e+00 8.550910e-01 -0.000000e+00 -6.410000e-03
0.000000e+00 1.006500e+01 1.103350e+00 8.550910e-01 -0.000000e+00 -6.410000e-03
0.000000e+00 1.012000e+01 1.103350e+00 8.550910e-01 -0.000000e+00 -6.410000e-03
0.000000e+00 1.017500e+01 1.103350e+00 8.550910e-01 -0.000000e+00 -6.410000e-03
0.000000e+00 1.023000e+01 1.103350e+00 8.550910e-01 -0.000000e+00 -6.410000e-03
0.000000e+00 1.028500e+01 1.103350e+00 8.550910e-01 -0.000000e+00 -6.410000e-03
0.000000e+00 1.034000e+01 1.103350e+00 8.550910e-01 -0.000000e+00 -6.410000e-03
0.000000e+00 1.039500e+01 1.103350e+00 8.550910e-01 -0.000000e+00 -6.410000e-03
0.000000e+00 1.045000e+01 1.103350e+00 8.550910e-01 -0.000000e+00 -6.410000e-03
0.000000e+00 1.050500e+01 1.103350e+00 8.550910e-01 -0.000000e+00 -6.410000e-03
0.000000e+00 1.056000e+01 1.103350e+00 8.550910e-01 -0.000000e+00 -6.410000e-03
0.000000e+00 1.061500e+01 1.103350e+00 8.550910e-01 -0.000000e+00 -6.410000e-03
0.000000e+00 1.067000e+01 1.103350e+00 8.550910e-01 -0.000000e+00 -6.410000e-03
0.000000e+00 1.072500e+01 1.103350e+00 8.550910e-01 -0.000000e+00 -6.410000e-03
0.000000e+00 1.078000e+01 1.103350e+00 8.550910e-01 -0.000000e+00 -6.410000e-03
0.000000e+00 1.083500e+01 1.103350e+00 8.550910e-01 -0.000000e+00 -6.410000e-03
0.000000e+00 1.089000e+01 1.103350e+00 8.550910e-01 -0.000000e+00 -6.410000e-03
0.000000e+00 1.094500e+01 1.103350e+00 8.550910e-01 -0.000000e+00 -6.410000e-03
0.000000e+00 1.100000e+01 1.103350e+00 8.550910e-01 -0.000000e+00 -6.410000e-03
