#############TIME##################
1.880537e+01 
###################################
0.000000e+00 0.000000e+00 8.587912e+00 1.323987e+01 0.000000e+00 -1.469755e+00
0.000000e+00 5.500000e-02 8.587912e+00 1.323987e+01 0.000000e+00 -1.469755e+00
0.000000e+00 1.100000e-01 8.587912e+00 1.323987e+01 0.000000e+00 -1.469755e+00
0.000000e+00 1.650000e-01 8.587912e+00 1.323987e+01 0.000000e+00 -1.469755e+00
0.000000e+00 2.200000e-01 8.587797e+00 1.323963e+01 0.000000e+00 -1.469764e+00
0.000000e+00 2.750000e-01 6.703465e+00 9.444069e+00 0.000000e+00 -1.268394e+00
0.000000e+00 3.300000e-01 5.585581e+00 7.425347e+00 0.000000e+00 -1.083105e+00
0.000000e+00 3.850000e-01 4.816433e+00 6.097338e+00 0.000000e+00 -9.408264e-01
0.000000e+00 4.400000e-01 4.251357e+00 5.166773e+00 0.000000e+00 -8.244849e-01
0.000000e+00 4.950000e-01 3.823669e+00 4.486779e+00 0.000000e+00 -7.308646e-01
0.000000e+00 5.500000e-01 3.487468e+00 3.969367e+00 0.000000e+00 -6.530304e-01
0.000000e+00 6.050000e-01 3.218220e+00 3.566546e+00 0.000000e+00 -5.880632e-01
0.000000e+00 6.600000e-01 2.997709e+00 3.244552e+00 0.000000e+00 -5.327709e-01
0.000000e+00 7.150000e-01 2.814481e+00 2.982857e+00 0.000000e+00 -4.854309e-01
0.000000e+00 7.700000e-01 2.659854e+00 2.766267e+00 0.000000e+00 -4.443778e-01
0.000000e+00 8.250000e-01 2.527920e+00 2.584696e+00 0.000000e+00 -4.085662e-01
0.000000e+00 8.800000e-01 2.414062e+00 2.430480e+00 0.000000e+00 -3.770379e-01
0.000000e+00 9.350000e-01 2.314947e+00 2.298171e+00 0.000000e+00 -3.491265e-01
0.000000e+00 9.900000e-01 2.227928e+00 2.183543e+00 0.000000e+00 -3.242519e-01
0.000000e+00 1.045000e+00 2.150990e+00 2.083426e+00 0.000000e+00 -3.019804e-01
0.000000e+00 1.100000e+00 2.082509e+00 1.995315e+00 0.000000e+00 -2.819421e-01
0.000000e+00 1.155000e+00 2.021205e+00 1.917256e+00 0.000000e+00 -2.638445e-01
0.000000e+00 1.210000e+00 1.966027e+00 1.847675e+00 0.000000e+00 -2.474379e-01
0.000000e+00 1.265000e+00 1.916126e+00 1.785312e+00 0.000000e+00 -2.325166e-01
0.000000e+00 1.320000e+00 1.870797e+00 1.729134e+00 0.000000e+00 -2.189039e-01
0.000000e+00 1.375000e+00 1.829454e+00 1.678296e+00 0.000000e+00 -2.064505e-01
0.000000e+00 1.430000e+00 1.791606e+00 1.632095e+00 0.000000e+00 -1.950277e-01
0.000000e+00 1.485000e+00 1.756839e+00 1.589945e+00 0.000000e+00 -1.845246e-01
0.000000e+00 1.540000e+00 1.724800e+00 1.551355e+00 0.000000e+00 -1.748444e-01
0.000000e+00 1.595000e+00 1.695190e+00 1.515909e+00 0.000000e+00 -1.659013e-01
0.000000e+00 1.650000e+00 1.667749e+00 1.483254e+00 0.000000e+00 -1.576194e-01
0.000000e+00 1.705000e+00 1.642253e+00 1.453085e+00 0.000000e+00 -1.499326e-01
0.000000e+00 1.760000e+00 1.618508e+00 1.425135e+00 0.000000e+00 -1.427843e-01
0.000000e+00 1.815000e+00 1.596343e+00 1.399172e+00 0.000000e+00 -1.361258e-01
0.000000e+00 1.870000e+00 1.575609e+00 1.374998e+00 0.000000e+00 -1.299158e-01
0.000000e+00 1.925000e+00 1.556181e+00 1.352443e+00 0.000000e+00 -1.241193e-01
0.000000e+00 1.980000e+00 1.537949e+00 1.331363e+00 0.000000e+00 -1.187063e-01
0.000000e+00 2.035000e+00 1.520818e+00 1.311631e+00 0.000000e+00 -1.136492e-01
0.000000e+00 2.090000e+00 1.504693e+00 1.293125e+00 0.000000e+00 -1.089178e-01
0.000000e+00 2.145000e+00 1.489482e+00 1.275729e+00 0.000000e+00 -1.044778e-01
0.000000e+00 2.200000e+00 1.475095e+00 1.259330e+00 0.000000e+00 -1.002940e-01
0.000000e+00 2.255000e+00 1.461459e+00 1.243835e+00 0.000000e+00 -9.633922e-02
0.000000e+00 2.310000e+00 1.448529e+00 1.229187e+00 0.000000e+00 -9.260500e-02
0.000000e+00 2.365000e+00 1.436294e+00 1.215366e+00 0.000000e+00 -8.910464e-02
0.000000e+00 2.420000e+00 1.424759e+00 1.202372e+00 0.000000e+00 -8.586206e-02
0.000000e+00 2.475000e+00 1.413912e+00 1.190185e+00 0.000000e+00 -8.288676e-02
0.000000e+00 2.530000e+00 1.403686e+00 1.178723e+00 0.000000e+00 -8.014663e-02
0.000000e+00 2.585000e+00 1.393952e+00 1.167840e+00 0.000000e+00 -7.756134e-02
0.000000e+00 2.640000e+00 1.384559e+00 1.157362e+00 0.000000e+00 -7.503181e-02
0.000000e+00 2.695000e+00 1.375405e+00 1.147171e+00 0.000000e+00 -7.249349e-02
0.000000e+00 2.750000e+00 1.366486e+00 1.137265e+00 0.000000e+00 -6.995735e-02
0.000000e+00 2.805000e+00 1.357900e+00 1.127749e+00 0.000000e+00 -6.750926e-02
0.000000e+00 2.860000e+00 1.349790e+00 1.118778e+00 0.000000e+00 -6.526836e-02
0.000000e+00 2.915000e+00 1.342261e+00 1.110467e+00 0.000000e+00 -6.332381e-02
0.000000e+00 2.970000e+00 1.335309e+00 1.102806e+00 0.000000e+00 -6.167749e-02
0.000000e+00 3.025000e+00 1.328800e+00 1.095646e+00 0.000000e+00 -6.023244e-02
0.000000e+00 3.080000e+00 1.322549e+00 1.088779e+00 0.000000e+00 -5.884883e-02
0.000000e+00 3.135000e+00 1.316418e+00 1.082056e+00 0.000000e+00 -5.742883e-02
0.000000e+00 3.190000e+00 1.310384e+00 1.075448e+00 0.000000e+00 -5.596374e-02
0.000000e+00 3.245000e+00 1.304507e+00 1.069023e+00 0.000000e+00 -5.451462e-02
0.000000e+00 3.300000e+00 1.298869e+00 1.062867e+00 0.000000e+00 -5.315386e-02
0.000000e+00 3.355000e+00 1.293502e+00 1.057016e+00 0.000000e+00 -5.191380e-02
0.000000e+00 3.410000e+00 1.288379e+00 1.051438e+00 0.000000e+00 -5.077321e-02
0.000000e+00 3.465000e+00 1.283441e+00 1.046069e+00 0.000000e+00 -4.968508e-02
0.000000e+00 3.520000e+00 1.278650e+00 1.040866e+00 0.000000e+00 -4.861695e-02
0.000000e+00 3.575000e+00 1.273998e+00 1.035821e+00 0.000000e+00 -4.756835e-02
0.000000e+00 3.630000e+00 1.269502e+00 1.030950e+00 0.000000e+00 -4.655738e-02
0.000000e+00 3.685000e+00 1.265170e+00 1.026262e+00 0.000000e+00 -4.559712e-02
0.000000e+00 3.740000e+00 1.260996e+00 1.021751e+00 0.000000e+00 -4.468546e-02
0.000000e+00 3.795000e+00 1.256973e+00 1.017407e+00 0.000000e+00 -4.381377e-02
0.000000e+00 3.850000e+00 1.253103e+00 1.013232e+00 0.000000e+00 -4.298056e-02
0.000000e+00 3.905000e+00 1.249396e+00 1.009238e+00 0.000000e+00 -4.219403e-02
0.000000e+00 3.960000e+00 1.245855e+00 1.005427e+00 0.000000e+00 -4.146127e-02
0.000000e+00 4.015000e+00 1.242460e+00 1.001776e+00 0.000000e+00 -4.077616e-02
0.000000e+00 4.070000e+00 1.239171e+00 9.982407e-01 0.000000e+00 -4.011873e-02
0.000000e+00 4.125000e+00 1.235947e+00 9.947793e-01 0.000000e+00 -3.946690e-02
0.000000e+00 4.180000e+00 1.232768e+00 9.913696e-01 0.000000e+00 -3.880986e-02
0.000000e+00 4.235000e+00 1.229638e+00 9.880153e-01 0.000000e+00 -3.815197e-02
0.000000e+00 4.290000e+00 1.226574e+00 9.847340e-01 0.000000e+00 -3.750556e-02
0.000000e+00 4.345000e+00 1.223589e+00 9.815396e-01 0.000000e+00 -3.688041e-02
0.000000e+00 4.400000e+00 1.220684e+00 9.784345e-01 0.000000e+00 -3.627826e-02
0.000000e+00 4.455000e+00 1.217855e+00 9.754118e-01 0.000000e+00 -3.569459e-02
0.000000e+00 4.510000e+00 1.215093e+00 9.724634e-01 0.000000e+00 -3.512401e-02
0.000000e+00 4.565000e+00 1.212395e+00 9.695857e-01 0.000000e+00 -3.456408e-02
0.000000e+00 4.620000e+00 1.209762e+00 9.667799e-01 0.000000e+00 -3.401557e-02
0.000000e+00 4.675000e+00 1.207198e+00 9.640491e-01 0.000000e+00 -3.348048e-02
0.000000e+00 4.730000e+00 1.204705e+00 9.613956e-01 0.000000e+00 -3.296032e-02
0.000000e+00 4.785000e+00 1.202284e+00 9.588201e-01 0.000000e+00 -3.245568e-02
0.000000e+00 4.840000e+00 1.199934e+00 9.563224e-01 0.000000e+00 -3.196668e-02
0.000000e+00 4.895000e+00 1.197655e+00 9.539013e-01 0.000000e+00 -3.149327e-02
0.000000e+00 4.950000e+00 1.195445e+00 9.515550e-01 0.000000e+00 -3.103521e-02
0.000000e+00 5.005000e+00 1.193301e+00 9.492806e-01 0.000000e+00 -3.059178e-02
0.000000e+00 5.060000e+00 1.191220e+00 9.470740e-01 0.000000e+00 -3.016172e-02
0.000000e+00 5.115000e+00 1.189197e+00 9.449298e-01 0.000000e+00 -2.974336e-02
0.000000e+00 5.170000e+00 1.187226e+00 9.428420e-01 0.000000e+00 -2.933492e-02
0.000000e+00 5.225000e+00 1.185301e+00 9.408045e-01 0.000000e+00 -2.893481e-02
0.000000e+00 5.280000e+00 1.183417e+00 9.388115e-01 0.000000e+00 -2.854171e-02
0.000000e+00 5.335000e+00 1.181570e+00 9.368583e-01 0.000000e+00 -2.815471e-02
0.000000e+00 5.390000e+00 1.179757e+00 9.349415e-01 0.000000e+00 -2.777320e-02
0.000000e+00 5.445000e+00 1.177974e+00 9.330588e-01 0.000000e+00 -2.739685e-02
0.000000e+00 5.500000e+00 1.176222e+00 9.312089e-01 0.000000e+00 -2.702545e-02
0.000000e+00 5.555000e+00 1.174500e+00 9.293914e-01 0.000000e+00 -2.665889e-02
0.000000e+00 5.610000e+00 1.172808e+00 9.276061e-01 0.000000e+00 -2.629715e-02
0.000000e+00 5.665000e+00 1.171145e+00 9.258530e-01 0.000000e+00 -2.594035e-02
0.000000e+00 5.720000e+00 1.169512e+00 9.241324e-01 0.000000e+00 -2.558873e-02
0.000000e+00 5.775000e+00 1.167910e+00 9.224446e-01 0.000000e+00 -2.524261e-02
0.000000e+00 5.830000e+00 1.166338e+00 9.207900e-01 0.000000e+00 -2.490222e-02
0.000000e+00 5.885000e+00 1.164798e+00 9.191689e-01 0.000000e+00 -2.456762e-02
0.000000e+00 5.940000e+00 1.163288e+00 9.175812e-01 0.000000e+00 -2.423869e-02
0.000000e+00 5.995000e+00 1.161810e+00 9.160267e-01 0.000000e+00 -2.391514e-02
0.000000e+00 6.050000e+00 1.160362e+00 9.145049e-01 0.000000e+00 -2.359669e-02
0.000000e+00 6.105000e+00 1.158944e+00 9.130148e-01 0.000000e+00 -2.328304e-02
0.000000e+00 6.160000e+00 1.157554e+00 9.115556e-01 0.000000e+00 -2.297399e-02
0.000000e+00 6.215000e+00 1.156193e+00 9.101263e-01 0.000000e+00 -2.266934e-02
0.000000e+00 6.270000e+00 1.154858e+00 9.087260e-01 0.000000e+00 -2.236896e-02
0.000000e+00 6.325000e+00 1.153550e+00 9.073538e-01 0.000000e+00 -2.207264e-02
0.000000e+00 6.380000e+00 1.152268e+00 9.060091e-01 0.000000e+00 -2.178017e-02
0.000000e+00 6.435000e+00 1.151010e+00 9.046911e-01 0.000000e+00 -2.149121e-02
0.000000e+00 6.490000e+00 1.149777e+00 9.033990e-01 0.000000e+00 -2.120542e-02
0.000000e+00 6.545000e+00 1.148568e+00 9.021320e-01 0.000000e+00 -2.092246e-02
0.000000e+00 6.600000e+00 1.147381e+00 9.008894e-01 0.000000e+00 -2.064218e-02
0.000000e+00 6.655000e+00 1.146216e+00 8.996707e-01 0.000000e+00 -2.036465e-02
0.000000e+00 6.710000e+00 1.145074e+00 8.984756e-01 0.000000e+00 -2.009010e-02
0.000000e+00 6.765000e+00 1.143954e+00 8.973041e-01 0.000000e+00 -1.981874e-02
0.000000e+00 6.820000e+00 1.142857e+00 8.961561e-01 0.000000e+00 -1.955059e-02
0.000000e+00 6.875000e+00 1.141780e+00 8.950312e-01 0.000000e+00 -1.928539e-02
0.000000e+00 6.930000e+00 1.140725e+00 8.939285e-01 0.000000e+00 -1.902264e-02
0.000000e+00 6.985000e+00 1.139690e+00 8.928469e-01 0.000000e+00 -1.876174e-02
0.000000e+00 7.040000e+00 1.138673e+00 8.917851e-01 0.000000e+00 -1.850216e-02
0.000000e+00 7.095000e+00 1.137674e+00 8.907421e-01 0.000000e+00 -1.824354e-02
0.000000e+00 7.150000e+00 1.136692e+00 8.897170e-01 0.000000e+00 -1.798564e-02
0.000000e+00 7.205000e+00 1.135726e+00 8.887093e-01 0.000000e+00 -1.772836e-02
0.000000e+00 7.260000e+00 1.134777e+00 8.877189e-01 0.000000e+00 -1.747168e-02
0.000000e+00 7.315000e+00 1.133844e+00 8.867459e-01 0.000000e+00 -1.721568e-02
0.000000e+00 7.370000e+00 1.132928e+00 8.857907e-01 0.000000e+00 -1.696066e-02
0.000000e+00 7.425000e+00 1.132029e+00 8.848540e-01 0.000000e+00 -1.670709e-02
0.000000e+00 7.480000e+00 1.131149e+00 8.839363e-01 0.000000e+00 -1.645555e-02
0.000000e+00 7.535000e+00 1.130286e+00 8.830380e-01 0.000000e+00 -1.620649e-02
0.000000e+00 7.590000e+00 1.129442e+00 8.821585e-01 0.000000e+00 -1.595995e-02
0.000000e+00 7.645000e+00 1.128614e+00 8.812969e-01 0.000000e+00 -1.571545e-02
0.000000e+00 7.700000e+00 1.127802e+00 8.804513e-01 0.000000e+00 -1.547193e-02
0.000000e+00 7.755000e+00 1.127003e+00 8.796200e-01 0.000000e+00 -1.522801e-02
0.000000e+00 7.810000e+00 1.126217e+00 8.788013e-01 0.000000e+00 -1.498243e-02
0.000000e+00 7.865000e+00 1.125441e+00 8.779944e-01 0.000000e+00 -1.473444e-02
0.000000e+00 7.920000e+00 1.124677e+00 8.771996e-01 0.000000e+00 -1.448410e-02
0.000000e+00 7.975000e+00 1.123925e+00 8.764178e-01 0.000000e+00 -1.423229e-02
0.000000e+00 8.030000e+00 1.123187e+00 8.756507e-01 0.000000e+00 -1.398043e-02
0.000000e+00 8.085000e+00 1.122465e+00 8.749000e-01 0.000000e+00 -1.372991e-02
0.000000e+00 8.140000e+00 1.121759e+00 8.741667e-01 0.000000e+00 -1.348159e-02
0.000000e+00 8.195000e+00 1.121070e+00 8.734509e-01 0.000000e+00 -1.323542e-02
0.000000e+00 8.250000e+00 1.120397e+00 8.727513e-01 0.000000e+00 -1.299044e-02
0.000000e+00 8.305000e+00 1.119737e+00 8.720660e-01 0.000000e+00 -1.274500e-02
0.000000e+00 8.360000e+00 1.119089e+00 8.713931e-01 0.000000e+00 -1.249721e-02
0.000000e+00 8.415000e+00 1.118452e+00 8.707320e-01 0.000000e+00 -1.224542e-02
0.000000e+00 8.470000e+00 1.117827e+00 8.700837e-01 0.000000e+00 -1.198863e-02
0.000000e+00 8.525000e+00 1.117217e+00 8.694506e-01 0.000000e+00 -1.172669e-02
0.000000e+00 8.580000e+00 1.116624e+00 8.688354e-01 0.000000e+00 -1.146044e-02
0.000000e+00 8.635000e+00 1.116050e+00 8.682394e-01 0.000000e+00 -1.119145e-02
0.000000e+00 8.690000e+00 1.115493e+00 8.676621e-01 0.000000e+00 -1.092155e-02
0.000000e+00 8.745000e+00 1.114952e+00 8.671012e-01 0.000000e+00 -1.065208e-02
0.000000e+00 8.800000e+00 1.114424e+00 8.665540e-01 0.000000e+00 -1.038315e-02
0.000000e+00 8.855000e+00 1.113908e+00 8.660186e-01 0.000000e+00 -1.011329e-02
0.000000e+00 8.910000e+00 1.113403e+00 8.654947e-01 0.000000e+00 -9.839789e-03
0.000000e+00 8.965000e+00 1.112909e+00 8.649836e-01 0.000000e+00 -9.559592e-03
0.000000e+00 9.020000e+00 1.112430e+00 8.644869e-01 0.000000e+00 -9.270399e-03
0.000000e+00 9.075000e+00 1.111966e+00 8.640059e-01 0.000000e+00 -8.971258e-03
0.000000e+00 9.130000e+00 1.111517e+00 8.635410e-01 0.000000e+00 -8.662418e-03
0.000000e+00 9.185000e+00 1.111083e+00 8.630914e-01 0.000000e+00 -8.344669e-03
0.000000e+00 9.240000e+00 1.110662e+00 8.626552e-01 0.000000e+00 -8.018729e-03
0.000000e+00 9.295000e+00 1.110251e+00 8.622302e-01 0.000000e+00 -7.684649e-03
0.000000e+00 9.350000e+00 1.109848e+00 8.618133e-01 0.000000e+00 -7.340792e-03
0.000000e+00 9.405000e+00 1.109451e+00 8.614025e-01 0.000000e+00 -6.981907e-03
0.000000e+00 9.460000e+00 1.109060e+00 8.609965e-01 0.000000e+00 -6.599117e-03
0.000000e+00 9.515000e+00 1.108675e+00 8.605963e-01 0.000000e+00 -6.184265e-03
0.000000e+00 9.570000e+00 1.108298e+00 8.602042e-01 0.000000e+00 -5.743324e-03
0.000000e+00 9.625000e+00 1.107932e+00 8.598251e-01 0.000000e+00 -5.306208e-03
0.000000e+00 9.680000e+00 1.107572e+00 8.594599e-01 0.000000e+00 -4.931996e-03
0.000000e+00 9.735000e+00 1.107226e+00 8.591164e-01 0.000000e+00 -4.671369e-03
0.000000e+00 9.790000e+00 1.106886e+00 8.587829e-01 0.000000e+00 -4.546560e-03
0.000000e+00 9.845000e+00 1.106581e+00 8.584795e-01 0.000000e+00 -4.482735e-03
0.000000e+00 9.900000e+00 1.106283e+00 8.581649e-01 0.000000e+00 -4.415973e-03
0.000000e+00 9.955000e+00 1.106099e+00 8.579455e-01 0.000000e+00 -4.182208e-03
0.000000e+00 1.001000e+01 1.103350e+00 8.550910e-01 -0.000000e+00 -6.410000e-03
0.000000e+00 1.006500e+01 1.103350e+00 8.550910e-01 -0.000000e+00 -6.410000e-03
0.000000e+00 1.012000e+01 1.103350e+00 8.550910e-01 -0.000000e+00 -6.410000e-03
0.000000e+00 1.017500e+01 1.103350e+00 8.550910e-01 -0.000000e+00 -6.410000e-03
0.000000e+00 1.023000e+01 1.103350e+00 8.550910e-01 -0.000000e+00 -6.410000e-03
0.000000e+00 1.028500e+01 1.103350e+00 8.550910e-01 -0.000000e+00 -6.410000e-03
0.000000e+00 1.034000e+01 1.103350e+00 8.550910e-01 -0.000000e+00 -6.410000e-03
0.000000e+00 1.039500e+01 1.103350e+00 8.550910e-01 -0.000000e+00 -6.410000e-03
0.000000e+00 1.045000e+01 1.103350e+00 8.550910e-01 -0.000000e+00 -6.410000e-03
0.000000e+00 1.050500e+01 1.103350e+00 8.550910e-01 -0.000000e+00 -6.410000e-03
0.000000e+00 1.056000e+01 1.103350e+00 8.550910e-01 -0.000000e+00 -6.410000e-03
0.000000e+00 1.061500e+01 1.103350e+00 8.550910e-01 -0.000000e+00 -6.410000e-03
0.000000e+00 1.067000e+01 1.103350e+00 8.550910e-01 -0.000000e+00 -6.410000e-03
0.000000e+00 1.072500e+01 1.103350e+00 8.550910e-01 -0.000000e+00 -6.410000e-03
0.000000e+00 1.078000e+01 1.103350e+00 8.550910e-01 -0.000000e+00 -6.410000e-03
0.000000e+00 1.083500e+01 1.103350e+00 8.550910e-01 -0.000000e+00 -6.410000e-03
0.000000e+00 1.089000e+01 1.103350e+00 8.550910e-01 -0.000000e+00 -6.410000e-03
0.000000e+00 1.094500e+01 1.103350e+00 8.550910e-01 -0.000000e+00 -6.410000e-03
0.000000e+00 1.100000e+01 1.103350e+00 8.550910e-01 -0.000000e+00 -6.410000e-03
