#############TIME##################
1.910428e+01 
###################################
0.000000e+00 0.000000e+00 8.584144e+00 1.323201e+01 0.000000e+00 -1.470099e+00
0.000000e+00 5.500000e-02 8.584144e+00 1.323201e+01 0.000000e+00 -1.470099e+00
0.000000e+00 1.100000e-01 8.584144e+00 1.323201e+01 0.000000e+00 -1.470099e+00
0.000000e+00 1.650000e-01 8.584144e+00 1.323201e+01 0.000000e+00 -1.470099e+00
0.000000e+00 2.200000e-01 8.584074e+00 1.323186e+01 0.000000e+00 -1.470106e+00
0.000000e+00 2.750000e-01 6.700766e+00 9.438855e+00 0.000000e+00 -1.268692e+00
0.000000e+00 3.300000e-01 5.583542e+00 7.421557e+00 0.000000e+00 -1.083362e+00
0.000000e+00 3.850000e-01 4.814708e+00 6.094278e+00 0.000000e+00 -9.410761e-01
0.000000e+00 4.400000e-01 4.249834e+00 5.164171e+00 0.000000e+00 -8.247393e-01
0.000000e+00 4.950000e-01 3.822285e+00 4.484498e+00 0.000000e+00 -7.311263e-01
0.000000e+00 5.500000e-01 3.486191e+00 3.967332e+00 0.000000e+00 -6.533013e-01
0.000000e+00 6.050000e-01 3.217029e+00 3.564704e+00 0.000000e+00 -5.883440e-01
0.000000e+00 6.600000e-01 2.996591e+00 3.242870e+00 0.000000e+00 -5.330628e-01
0.000000e+00 7.150000e-01 2.813426e+00 2.981308e+00 0.000000e+00 -4.857347e-01
0.000000e+00 7.700000e-01 2.658855e+00 2.764833e+00 0.000000e+00 -4.446943e-01
0.000000e+00 8.250000e-01 2.526973e+00 2.583364e+00 0.000000e+00 -4.088964e-01
0.000000e+00 8.800000e-01 2.413163e+00 2.429240e+00 0.000000e+00 -3.773824e-01
0.000000e+00 9.350000e-01 2.314093e+00 2.297013e+00 0.000000e+00 -3.494863e-01
0.000000e+00 9.900000e-01 2.227116e+00 2.182460e+00 0.000000e+00 -3.246278e-01
0.000000e+00 1.045000e+00 2.150219e+00 2.082412e+00 0.000000e+00 -3.023735e-01
0.000000e+00 1.100000e+00 2.081779e+00 1.994367e+00 0.000000e+00 -2.823539e-01
0.000000e+00 1.155000e+00 2.020515e+00 1.916371e+00 0.000000e+00 -2.642766e-01
0.000000e+00 1.210000e+00 1.965381e+00 1.846855e+00 0.000000e+00 -2.478922e-01
0.000000e+00 1.265000e+00 1.915525e+00 1.784557e+00 0.000000e+00 -2.329945e-01
0.000000e+00 1.320000e+00 1.870241e+00 1.728444e+00 0.000000e+00 -2.194057e-01
0.000000e+00 1.375000e+00 1.828941e+00 1.677664e+00 0.000000e+00 -2.069753e-01
0.000000e+00 1.430000e+00 1.791130e+00 1.631513e+00 0.000000e+00 -1.955732e-01
0.000000e+00 1.485000e+00 1.756394e+00 1.589405e+00 0.000000e+00 -1.850886e-01
0.000000e+00 1.540000e+00 1.724383e+00 1.550852e+00 0.000000e+00 -1.754265e-01
0.000000e+00 1.595000e+00 1.694806e+00 1.515449e+00 0.000000e+00 -1.665056e-01
0.000000e+00 1.650000e+00 1.667411e+00 1.482853e+00 0.000000e+00 -1.582546e-01
0.000000e+00 1.705000e+00 1.641978e+00 1.452760e+00 0.000000e+00 -1.506088e-01
0.000000e+00 1.760000e+00 1.618305e+00 1.424896e+00 0.000000e+00 -1.435071e-01
0.000000e+00 1.815000e+00 1.596206e+00 1.399012e+00 0.000000e+00 -1.368902e-01
0.000000e+00 1.870000e+00 1.575517e+00 1.374891e+00 0.000000e+00 -1.307060e-01
0.000000e+00 1.925000e+00 1.556109e+00 1.352359e+00 0.000000e+00 -1.249177e-01
0.000000e+00 1.980000e+00 1.537895e+00 1.331301e+00 0.000000e+00 -1.195109e-01
0.000000e+00 2.035000e+00 1.520828e+00 1.311643e+00 0.000000e+00 -1.144912e-01
0.000000e+00 2.090000e+00 1.504867e+00 1.293325e+00 0.000000e+00 -1.098653e-01
0.000000e+00 2.145000e+00 1.489940e+00 1.276252e+00 0.000000e+00 -1.056147e-01
0.000000e+00 2.200000e+00 1.475912e+00 1.260260e+00 0.000000e+00 -1.016740e-01
0.000000e+00 2.255000e+00 1.462600e+00 1.245130e+00 0.000000e+00 -9.793799e-02
0.000000e+00 2.310000e+00 1.449821e+00 1.230648e+00 0.000000e+00 -9.430266e-02
0.000000e+00 2.365000e+00 1.437473e+00 1.216697e+00 0.000000e+00 -9.071797e-02
0.000000e+00 2.420000e+00 1.425576e+00 1.203291e+00 0.000000e+00 -8.721820e-02
0.000000e+00 2.475000e+00 1.414249e+00 1.190563e+00 0.000000e+00 -8.390824e-02
0.000000e+00 2.530000e+00 1.403645e+00 1.178678e+00 0.000000e+00 -8.091188e-02
0.000000e+00 2.585000e+00 1.393849e+00 1.167724e+00 0.000000e+00 -7.830303e-02
0.000000e+00 2.640000e+00 1.384807e+00 1.157638e+00 0.000000e+00 -7.605091e-02
0.000000e+00 2.695000e+00 1.376324e+00 1.148194e+00 0.000000e+00 -7.402144e-02
0.000000e+00 2.750000e+00 1.368159e+00 1.139122e+00 0.000000e+00 -7.204936e-02
0.000000e+00 2.805000e+00 1.360152e+00 1.130243e+00 0.000000e+00 -7.003249e-02
0.000000e+00 2.860000e+00 1.352292e+00 1.121544e+00 0.000000e+00 -6.797747e-02
0.000000e+00 2.915000e+00 1.344680e+00 1.113136e+00 0.000000e+00 -6.597102e-02
0.000000e+00 2.970000e+00 1.337439e+00 1.105152e+00 0.000000e+00 -6.411029e-02
0.000000e+00 3.025000e+00 1.330629e+00 1.097656e+00 0.000000e+00 -6.244083e-02
0.000000e+00 3.080000e+00 1.324215e+00 1.090608e+00 0.000000e+00 -6.093581e-02
0.000000e+00 3.135000e+00 1.318101e+00 1.083901e+00 0.000000e+00 -5.952531e-02
0.000000e+00 3.190000e+00 1.312199e+00 1.077435e+00 0.000000e+00 -5.814916e-02
0.000000e+00 3.245000e+00 1.306471e+00 1.071169e+00 0.000000e+00 -5.679046e-02
0.000000e+00 3.300000e+00 1.300931e+00 1.065118e+00 0.000000e+00 -5.547050e-02
0.000000e+00 3.355000e+00 1.295610e+00 1.059314e+00 0.000000e+00 -5.421962e-02
0.000000e+00 3.410000e+00 1.290519e+00 1.053768e+00 0.000000e+00 -5.305138e-02
0.000000e+00 3.465000e+00 1.285642e+00 1.048462e+00 0.000000e+00 -5.195624e-02
0.000000e+00 3.520000e+00 1.280944e+00 1.043357e+00 0.000000e+00 -5.091263e-02
0.000000e+00 3.575000e+00 1.276393e+00 1.038417e+00 0.000000e+00 -4.990179e-02
0.000000e+00 3.630000e+00 1.271967e+00 1.033619e+00 0.000000e+00 -4.891466e-02
0.000000e+00 3.685000e+00 1.267658e+00 1.028954e+00 0.000000e+00 -4.795007e-02
0.000000e+00 3.740000e+00 1.263468e+00 1.024422e+00 0.000000e+00 -4.701027e-02
0.000000e+00 3.795000e+00 1.259402e+00 1.020029e+00 0.000000e+00 -4.609879e-02
0.000000e+00 3.850000e+00 1.255470e+00 1.015785e+00 0.000000e+00 -4.522008e-02
0.000000e+00 3.905000e+00 1.251676e+00 1.011695e+00 0.000000e+00 -4.437837e-02
0.000000e+00 3.960000e+00 1.248021e+00 1.007758e+00 0.000000e+00 -4.357496e-02
0.000000e+00 4.015000e+00 1.244495e+00 1.003964e+00 0.000000e+00 -4.280645e-02
0.000000e+00 4.070000e+00 1.241083e+00 1.000295e+00 0.000000e+00 -4.206581e-02
0.000000e+00 4.125000e+00 1.237770e+00 9.967363e-01 0.000000e+00 -4.134590e-02
0.000000e+00 4.180000e+00 1.234544e+00 9.932742e-01 0.000000e+00 -4.064271e-02
0.000000e+00 4.235000e+00 1.231400e+00 9.899027e-01 0.000000e+00 -3.995595e-02
0.000000e+00 4.290000e+00 1.228335e+00 9.866192e-01 0.000000e+00 -3.928729e-02
0.000000e+00 4.345000e+00 1.225348e+00 9.834214e-01 0.000000e+00 -3.863793e-02
0.000000e+00 4.400000e+00 1.222435e+00 9.803056e-01 0.000000e+00 -3.800739e-02
0.000000e+00 4.455000e+00 1.219592e+00 9.772672e-01 0.000000e+00 -3.739394e-02
0.000000e+00 4.510000e+00 1.216815e+00 9.743020e-01 0.000000e+00 -3.679564e-02
0.000000e+00 4.565000e+00 1.214102e+00 9.714064e-01 0.000000e+00 -3.621123e-02
0.000000e+00 4.620000e+00 1.211450e+00 9.685783e-01 0.000000e+00 -3.564025e-02
0.000000e+00 4.675000e+00 1.208858e+00 9.658164e-01 0.000000e+00 -3.508266e-02
0.000000e+00 4.730000e+00 1.206325e+00 9.631194e-01 0.000000e+00 -3.453845e-02
0.000000e+00 4.785000e+00 1.203851e+00 9.604867e-01 0.000000e+00 -3.400738e-02
0.000000e+00 4.840000e+00 1.201436e+00 9.579180e-01 0.000000e+00 -3.348913e-02
0.000000e+00 4.895000e+00 1.199079e+00 9.554133e-01 0.000000e+00 -3.298344e-02
0.000000e+00 4.950000e+00 1.196781e+00 9.529728e-01 0.000000e+00 -3.249023e-02
0.000000e+00 5.005000e+00 1.194542e+00 9.505963e-01 0.000000e+00 -3.200956e-02
0.000000e+00 5.060000e+00 1.192361e+00 9.482829e-01 0.000000e+00 -3.154141e-02
0.000000e+00 5.115000e+00 1.190236e+00 9.460306e-01 0.000000e+00 -3.108545e-02
0.000000e+00 5.170000e+00 1.188165e+00 9.438365e-01 0.000000e+00 -3.064101e-02
0.000000e+00 5.225000e+00 1.186144e+00 9.416971e-01 0.000000e+00 -3.020717e-02
0.000000e+00 5.280000e+00 1.184171e+00 9.396091e-01 0.000000e+00 -2.978298e-02
0.000000e+00 5.335000e+00 1.182243e+00 9.375699e-01 0.000000e+00 -2.936761e-02
0.000000e+00 5.390000e+00 1.180358e+00 9.355770e-01 0.000000e+00 -2.896045e-02
0.000000e+00 5.445000e+00 1.178514e+00 9.336285e-01 0.000000e+00 -2.856103e-02
0.000000e+00 5.500000e+00 1.176709e+00 9.317225e-01 0.000000e+00 -2.816897e-02
0.000000e+00 5.555000e+00 1.174942e+00 9.298572e-01 0.000000e+00 -2.778393e-02
0.000000e+00 5.610000e+00 1.173210e+00 9.280309e-01 0.000000e+00 -2.740566e-02
0.000000e+00 5.665000e+00 1.171514e+00 9.262422e-01 0.000000e+00 -2.703399e-02
0.000000e+00 5.720000e+00 1.169852e+00 9.244902e-01 0.000000e+00 -2.666887e-02
0.000000e+00 5.775000e+00 1.168223e+00 9.227743e-01 0.000000e+00 -2.631026e-02
0.000000e+00 5.830000e+00 1.166627e+00 9.210942e-01 0.000000e+00 -2.595808e-02
0.000000e+00 5.885000e+00 1.165064e+00 9.194495e-01 0.000000e+00 -2.561214e-02
0.000000e+00 5.940000e+00 1.163534e+00 9.178396e-01 0.000000e+00 -2.527225e-02
0.000000e+00 5.995000e+00 1.162036e+00 9.162638e-01 0.000000e+00 -2.493817e-02
0.000000e+00 6.050000e+00 1.160568e+00 9.147211e-01 0.000000e+00 -2.460972e-02
0.000000e+00 6.105000e+00 1.159130e+00 9.132106e-01 0.000000e+00 -2.428675e-02
0.000000e+00 6.160000e+00 1.157722e+00 9.117313e-01 0.000000e+00 -2.396906e-02
0.000000e+00 6.215000e+00 1.156341e+00 9.102821e-01 0.000000e+00 -2.365642e-02
0.000000e+00 6.270000e+00 1.154988e+00 9.088624e-01 0.000000e+00 -2.334855e-02
0.000000e+00 6.325000e+00 1.153662e+00 9.074712e-01 0.000000e+00 -2.304523e-02
0.000000e+00 6.380000e+00 1.152362e+00 9.061080e-01 0.000000e+00 -2.274624e-02
0.000000e+00 6.435000e+00 1.151087e+00 9.047718e-01 0.000000e+00 -2.245141e-02
0.000000e+00 6.490000e+00 1.149837e+00 9.034617e-01 0.000000e+00 -2.216050e-02
0.000000e+00 6.545000e+00 1.148610e+00 9.021762e-01 0.000000e+00 -2.187318e-02
0.000000e+00 6.600000e+00 1.147404e+00 9.009140e-01 0.000000e+00 -2.158897e-02
0.000000e+00 6.655000e+00 1.146220e+00 8.996740e-01 0.000000e+00 -2.130741e-02
0.000000e+00 6.710000e+00 1.145055e+00 8.984555e-01 0.000000e+00 -2.102814e-02
0.000000e+00 6.765000e+00 1.143910e+00 8.972582e-01 0.000000e+00 -2.075102e-02
0.000000e+00 6.820000e+00 1.142786e+00 8.960823e-01 0.000000e+00 -2.047616e-02
0.000000e+00 6.875000e+00 1.141682e+00 8.949281e-01 0.000000e+00 -2.020381e-02
0.000000e+00 6.930000e+00 1.140598e+00 8.937959e-01 0.000000e+00 -1.993432e-02
0.000000e+00 6.985000e+00 1.139536e+00 8.926858e-01 0.000000e+00 -1.966802e-02
0.000000e+00 7.040000e+00 1.138494e+00 8.915978e-01 0.000000e+00 -1.940516e-02
0.000000e+00 7.095000e+00 1.137473e+00 8.905316e-01 0.000000e+00 -1.914583e-02
0.000000e+00 7.150000e+00 1.136472e+00 8.894869e-01 0.000000e+00 -1.888997e-02
0.000000e+00 7.205000e+00 1.135490e+00 8.884627e-01 0.000000e+00 -1.863724e-02
0.000000e+00 7.260000e+00 1.134527e+00 8.874577e-01 0.000000e+00 -1.838701e-02
0.000000e+00 7.315000e+00 1.133580e+00 8.864702e-01 0.000000e+00 -1.813839e-02
0.000000e+00 7.370000e+00 1.132647e+00 8.854983e-01 0.000000e+00 -1.789040e-02
0.000000e+00 7.425000e+00 1.131728e+00 8.845404e-01 0.000000e+00 -1.764216e-02
0.000000e+00 7.480000e+00 1.130822e+00 8.835956e-01 0.000000e+00 -1.739321e-02
0.000000e+00 7.535000e+00 1.129928e+00 8.826643e-01 0.000000e+00 -1.714366e-02
0.000000e+00 7.590000e+00 1.129047e+00 8.817475e-01 0.000000e+00 -1.689418e-02
0.000000e+00 7.645000e+00 1.128182e+00 8.808472e-01 0.000000e+00 -1.664585e-02
0.000000e+00 7.700000e+00 1.127335e+00 8.799653e-01 0.000000e+00 -1.639977e-02
0.000000e+00 7.755000e+00 1.126507e+00 8.791033e-01 0.000000e+00 -1.615671e-02
0.000000e+00 7.810000e+00 1.125698e+00 8.782614e-01 0.000000e+00 -1.591675e-02
0.000000e+00 7.865000e+00 1.124907e+00 8.774387e-01 0.000000e+00 -1.567916e-02
0.000000e+00 7.920000e+00 1.124132e+00 8.766333e-01 0.000000e+00 -1.544248e-02
0.000000e+00 7.975000e+00 1.123372e+00 8.758431e-01 0.000000e+00 -1.520499e-02
0.000000e+00 8.030000e+00 1.122625e+00 8.750663e-01 0.000000e+00 -1.496518e-02
0.000000e+00 8.085000e+00 1.121890e+00 8.743026e-01 0.000000e+00 -1.472232e-02
0.000000e+00 8.140000e+00 1.121168e+00 8.735527e-01 0.000000e+00 -1.447668e-02
0.000000e+00 8.195000e+00 1.120461e+00 8.728187e-01 0.000000e+00 -1.422934e-02
0.000000e+00 8.250000e+00 1.119772e+00 8.721024e-01 0.000000e+00 -1.398171e-02
0.000000e+00 8.305000e+00 1.119100e+00 8.714052e-01 0.000000e+00 -1.373488e-02
0.000000e+00 8.360000e+00 1.118447e+00 8.707269e-01 0.000000e+00 -1.348914e-02
0.000000e+00 8.415000e+00 1.117810e+00 8.700663e-01 0.000000e+00 -1.324391e-02
0.000000e+00 8.470000e+00 1.117189e+00 8.694214e-01 0.000000e+00 -1.299805e-02
0.000000e+00 8.525000e+00 1.116581e+00 8.687901e-01 0.000000e+00 -1.275047e-02
0.000000e+00 8.580000e+00 1.115983e+00 8.681707e-01 0.000000e+00 -1.250059e-02
0.000000e+00 8.635000e+00 1.115397e+00 8.675625e-01 0.000000e+00 -1.224840e-02
0.000000e+00 8.690000e+00 1.114821e+00 8.669656e-01 0.000000e+00 -1.199420e-02
0.000000e+00 8.745000e+00 1.114257e+00 8.663807e-01 0.000000e+00 -1.173805e-02
0.000000e+00 8.800000e+00 1.113705e+00 8.658085e-01 0.000000e+00 -1.147942e-02
0.000000e+00 8.855000e+00 1.113166e+00 8.652494e-01 0.000000e+00 -1.121723e-02
0.000000e+00 8.910000e+00 1.112638e+00 8.647023e-01 0.000000e+00 -1.095039e-02
0.000000e+00 8.965000e+00 1.112120e+00 8.641655e-01 0.000000e+00 -1.067839e-02
0.000000e+00 9.020000e+00 1.111609e+00 8.636364e-01 0.000000e+00 -1.040171e-02
0.000000e+00 9.075000e+00 1.111104e+00 8.631134e-01 0.000000e+00 -1.012143e-02
0.000000e+00 9.130000e+00 1.110604e+00 8.625957e-01 0.000000e+00 -9.838437e-03
0.000000e+00 9.185000e+00 1.110110e+00 8.620845e-01 0.000000e+00 -9.552482e-03
0.000000e+00 9.240000e+00 1.109625e+00 8.615818e-01 0.000000e+00 -9.261885e-03
0.000000e+00 9.295000e+00 1.109150e+00 8.610902e-01 0.000000e+00 -8.963136e-03
0.000000e+00 9.350000e+00 1.108687e+00 8.606115e-01 0.000000e+00 -8.650638e-03
0.000000e+00 9.405000e+00 1.108239e+00 8.601476e-01 0.000000e+00 -8.314897e-03
0.000000e+00 9.460000e+00 1.107805e+00 8.596982e-01 0.000000e+00 -7.945092e-03
0.000000e+00 9.515000e+00 1.107389e+00 8.592650e-01 0.000000e+00 -7.532692e-03
0.000000e+00 9.570000e+00 1.106985e+00 8.588445e-01 0.000000e+00 -7.090157e-03
0.000000e+00 9.625000e+00 1.106594e+00 8.584412e-01 0.000000e+00 -6.650243e-03
0.000000e+00 9.680000e+00 1.106201e+00 8.580424e-01 0.000000e+00 -6.284524e-03
0.000000e+00 9.735000e+00 1.105826e+00 8.576693e-01 0.000000e+00 -6.028743e-03
0.000000e+00 9.790000e+00 1.105432e+00 8.572794e-01 0.000000e+00 -5.929282e-03
0.000000e+00 9.845000e+00 1.105111e+00 8.569576e-01 0.000000e+00 -5.859167e-03
0.000000e+00 9.900000e+00 1.104743e+00 8.565646e-01 0.000000e+00 -5.856450e-03
0.000000e+00 9.955000e+00 1.104710e+00 8.564986e-01 0.000000e+00 -5.564000e-03
0.000000e+00 1.001000e+01 1.103350e+00 8.550910e-01 -0.000000e+00 -6.410000e-03
0.000000e+00 1.006500e+01 1.103350e+00 8.550910e-01 -0.000000e+00 -6.410000e-03
0.000000e+00 1.012000e+01 1.103350e+00 8.550910e-01 -0.000000e+00 -6.410000e-03
0.000000e+00 1.017500e+01 1.103350e+00 8.550910e-01 -0.000000e+00 -6.410000e-03
0.000000e+00 1.023000e+01 1.103350e+00 8.550910e-01 -0.000000e+00 -6.410000e-03
0.000000e+00 1.028500e+01 1.103350e+00 8.550910e-01 -0.000000e+00 -6.410000e-03
0.000000e+00 1.034000e+01 1.103350e+00 8.550910e-01 -0.000000e+00 -6.410000e-03
0.000000e+00 1.039500e+01 1.103350e+00 8.550910e-01 -0.000000e+00 -6.410000e-03
0.000000e+00 1.045000e+01 1.103350e+00 8.550910e-01 -0.000000e+00 -6.410000e-03
0.000000e+00 1.050500e+01 1.103350e+00 8.550910e-01 -0.000000e+00 -6.410000e-03
0.000000e+00 1.056000e+01 1.103350e+00 8.550910e-01 -0.000000e+00 -6.410000e-03
0.000000e+00 1.061500e+01 1.103350e+00 8.550910e-01 -0.000000e+00 -6.410000e-03
0.000000e+00 1.067000e+01 1.103350e+00 8.550910e-01 -0.000000e+00 -6.410000e-03
0.000000e+00 1.072500e+01 1.103350e+00 8.550910e-01 -0.000000e+00 -6.410000e-03
0.000000e+00 1.078000e+01 1.103350e+00 8.550910e-01 -0.000000e+00 -6.410000e-03
0.000000e+00 1.083500e+01 1.103350e+00 8.550910e-01 -0.000000e+00 -6.410000e-03
0.000000e+00 1.089000e+01 1.103350e+00 8.550910e-01 -0.000000e+00 -6.410000e-03
0.000000e+00 1.094500e+01 1.103350e+00 8.550910e-01 -0.000000e+00 -6.410000e-03
0.000000e+00 1.100000e+01 1.103350e+00 8.550910e-01 -0.000000e+00 -6.410000e-03
