#############TIME##################
2.023836e-01 
###################################
0.000000e+00 0.000000e+00 1.519276e+00 1.306941e+00 0.000000e+00 -1.674077e+00
0.000000e+00 5.500000e-02 1.519276e+00 1.306941e+00 0.000000e+00 -1.674077e+00
0.000000e+00 1.100000e-01 1.519276e+00 1.306941e+00 0.000000e+00 -1.674077e+00
0.000000e+00 1.650000e-01 1.519276e+00 1.306941e+00 0.000000e+00 -1.674077e+00
0.000000e+00 2.200000e-01 1.547193e+00 1.339230e+00 0.000000e+00 -1.692193e+00
0.000000e+00 2.750000e-01 1.361584e+00 1.129820e+00 0.000000e+00 -1.391749e+00
0.000000e+00 3.300000e-01 1.251314e+00 1.010297e+00 0.000000e+00 -1.142511e+00
0.000000e+00 3.850000e-01 1.192828e+00 9.482971e-01 0.000000e+00 -9.487265e-01
0.000000e+00 4.400000e-01 1.157094e+00 9.108237e-01 0.000000e+00 -7.922105e-01
0.000000e+00 4.950000e-01 1.136535e+00 8.894276e-01 0.000000e+00 -6.671651e-01
0.000000e+00 5.500000e-01 1.124046e+00 8.764734e-01 0.000000e+00 -5.662608e-01
0.000000e+00 6.050000e-01 1.116552e+00 8.687205e-01 0.000000e+00 -4.845327e-01
0.000000e+00 6.600000e-01 1.111941e+00 8.639579e-01 0.000000e+00 -4.178934e-01
0.000000e+00 7.150000e-01 1.109059e+00 8.609837e-01 0.000000e+00 -3.632093e-01
0.000000e+00 7.700000e-01 1.107222e+00 8.590877e-01 0.000000e+00 -3.180085e-01
0.000000e+00 8.250000e-01 1.106029e+00 8.578569e-01 0.000000e+00 -2.803634e-01
0.000000e+00 8.800000e-01 1.105240e+00 8.570418e-01 0.000000e+00 -2.487722e-01
0.000000e+00 9.350000e-01 1.104704e+00 8.564894e-01 0.000000e+00 -2.220623e-01
0.000000e+00 9.900000e-01 1.104333e+00 8.561057e-01 0.000000e+00 -1.993142e-01
0.000000e+00 1.045000e+00 1.104069e+00 8.558336e-01 0.000000e+00 -1.798032e-01
0.000000e+00 1.100000e+00 1.103880e+00 8.556385e-01 0.000000e+00 -1.629562e-01
0.000000e+00 1.155000e+00 1.103744e+00 8.554981e-01 0.000000e+00 -1.483187e-01
0.000000e+00 1.210000e+00 1.103646e+00 8.553972e-01 0.000000e+00 -1.355283e-01
0.000000e+00 1.265000e+00 1.103576e+00 8.553242e-01 0.000000e+00 -1.242938e-01
0.000000e+00 1.320000e+00 1.103524e+00 8.552710e-01 0.000000e+00 -1.143785e-01
0.000000e+00 1.375000e+00 1.103486e+00 8.552315e-01 0.000000e+00 -1.055880e-01
0.000000e+00 1.430000e+00 1.103457e+00 8.552019e-01 0.000000e+00 -9.776159e-02
0.000000e+00 1.485000e+00 1.103435e+00 8.551793e-01 0.000000e+00 -9.076540e-02
0.000000e+00 1.540000e+00 1.103419e+00 8.551620e-01 0.000000e+00 -8.448756e-02
0.000000e+00 1.595000e+00 1.103406e+00 8.551485e-01 0.000000e+00 -7.883410e-02
0.000000e+00 1.650000e+00 1.103395e+00 8.551379e-01 0.000000e+00 -7.372569e-02
0.000000e+00 1.705000e+00 1.103387e+00 8.551295e-01 0.000000e+00 -6.909504e-02
0.000000e+00 1.760000e+00 1.103381e+00 8.551228e-01 0.000000e+00 -6.488485e-02
0.000000e+00 1.815000e+00 1.103376e+00 8.551174e-01 0.000000e+00 -6.104606e-02
0.000000e+00 1.870000e+00 1.103371e+00 8.551131e-01 0.000000e+00 -5.753651e-02
0.000000e+00 1.925000e+00 1.103368e+00 8.551096e-01 0.000000e+00 -5.431981e-02
0.000000e+00 1.980000e+00 1.103365e+00 8.551067e-01 0.000000e+00 -5.136443e-02
0.000000e+00 2.035000e+00 1.103363e+00 8.551043e-01 0.000000e+00 -4.864295e-02
0.000000e+00 2.090000e+00 1.103361e+00 8.551023e-01 0.000000e+00 -4.613142e-02
0.000000e+00 2.145000e+00 1.103359e+00 8.551007e-01 0.000000e+00 -4.380888e-02
0.000000e+00 2.200000e+00 1.103358e+00 8.550993e-01 0.000000e+00 -4.165690e-02
0.000000e+00 2.255000e+00 1.103357e+00 8.550982e-01 0.000000e+00 -3.965925e-02
0.000000e+00 2.310000e+00 1.103356e+00 8.550972e-01 0.000000e+00 -3.780155e-02
0.000000e+00 2.365000e+00 1.103355e+00 8.550964e-01 0.000000e+00 -3.607107e-02
0.000000e+00 2.420000e+00 1.103355e+00 8.550957e-01 0.000000e+00 -3.445649e-02
0.000000e+00 2.475000e+00 1.103354e+00 8.550951e-01 0.000000e+00 -3.294771e-02
0.000000e+00 2.530000e+00 1.103353e+00 8.550946e-01 0.000000e+00 -3.153571e-02
0.000000e+00 2.585000e+00 1.103353e+00 8.550941e-01 0.000000e+00 -3.021240e-02
0.000000e+00 2.640000e+00 1.103353e+00 8.550938e-01 0.000000e+00 -2.897053e-02
0.000000e+00 2.695000e+00 1.103352e+00 8.550934e-01 0.000000e+00 -2.780355e-02
0.000000e+00 2.750000e+00 1.103352e+00 8.550932e-01 0.000000e+00 -2.670558e-02
0.000000e+00 2.805000e+00 1.103352e+00 8.550929e-01 0.000000e+00 -2.567129e-02
0.000000e+00 2.860000e+00 1.103352e+00 8.550927e-01 0.000000e+00 -2.469587e-02
0.000000e+00 2.915000e+00 1.103351e+00 8.550925e-01 0.000000e+00 -2.377492e-02
0.000000e+00 2.970000e+00 1.103351e+00 8.550924e-01 0.000000e+00 -2.290448e-02
0.000000e+00 3.025000e+00 1.103351e+00 8.550922e-01 0.000000e+00 -2.208093e-02
0.000000e+00 3.080000e+00 1.103351e+00 8.550921e-01 0.000000e+00 -2.130096e-02
0.000000e+00 3.135000e+00 1.103351e+00 8.550920e-01 0.000000e+00 -2.056155e-02
0.000000e+00 3.190000e+00 1.103351e+00 8.550919e-01 0.000000e+00 -1.985995e-02
0.000000e+00 3.245000e+00 1.103351e+00 8.550918e-01 0.000000e+00 -1.919361e-02
0.000000e+00 3.300000e+00 1.103351e+00 8.550917e-01 0.000000e+00 -1.856023e-02
0.000000e+00 3.355000e+00 1.103351e+00 8.550917e-01 0.000000e+00 -1.795766e-02
0.000000e+00 3.410000e+00 1.103351e+00 8.550916e-01 0.000000e+00 -1.738394e-02
0.000000e+00 3.465000e+00 1.103351e+00 8.550915e-01 0.000000e+00 -1.683726e-02
0.000000e+00 3.520000e+00 1.103350e+00 8.550915e-01 0.000000e+00 -1.631595e-02
0.000000e+00 3.575000e+00 1.103350e+00 8.550914e-01 0.000000e+00 -1.581847e-02
0.000000e+00 3.630000e+00 1.103350e+00 8.550914e-01 0.000000e+00 -1.534337e-02
0.000000e+00 3.685000e+00 1.103350e+00 8.550914e-01 0.000000e+00 -1.488935e-02
0.000000e+00 3.740000e+00 1.103350e+00 8.550913e-01 0.000000e+00 -1.445517e-02
0.000000e+00 3.795000e+00 1.103350e+00 8.550913e-01 0.000000e+00 -1.403970e-02
0.000000e+00 3.850000e+00 1.103350e+00 8.550913e-01 0.000000e+00 -1.364188e-02
0.000000e+00 3.905000e+00 1.103350e+00 8.550913e-01 0.000000e+00 -1.326072e-02
0.000000e+00 3.960000e+00 1.103350e+00 8.550912e-01 0.000000e+00 -1.289531e-02
0.000000e+00 4.015000e+00 1.103350e+00 8.550912e-01 0.000000e+00 -1.254478e-02
0.000000e+00 4.070000e+00 1.103350e+00 8.550912e-01 0.000000e+00 -1.220835e-02
0.000000e+00 4.125000e+00 1.103350e+00 8.550912e-01 0.000000e+00 -1.188527e-02
0.000000e+00 4.180000e+00 1.103350e+00 8.550912e-01 0.000000e+00 -1.157483e-02
0.000000e+00 4.235000e+00 1.103350e+00 8.550912e-01 0.000000e+00 -1.127640e-02
0.000000e+00 4.290000e+00 1.103350e+00 8.550911e-01 0.000000e+00 -1.098936e-02
0.000000e+00 4.345000e+00 1.103350e+00 8.550911e-01 0.000000e+00 -1.071313e-02
0.000000e+00 4.400000e+00 1.103350e+00 8.550911e-01 0.000000e+00 -1.044719e-02
0.000000e+00 4.455000e+00 1.103350e+00 8.550911e-01 0.000000e+00 -1.019102e-02
0.000000e+00 4.510000e+00 1.103350e+00 8.550911e-01 0.000000e+00 -9.944155e-03
0.000000e+00 4.565000e+00 1.103350e+00 8.550911e-01 0.000000e+00 -9.706150e-03
0.000000e+00 4.620000e+00 1.103350e+00 8.550911e-01 0.000000e+00 -9.476586e-03
0.000000e+00 4.675000e+00 1.103350e+00 8.550911e-01 0.000000e+00 -9.255068e-03
0.000000e+00 4.730000e+00 1.103350e+00 8.550911e-01 0.000000e+00 -9.041225e-03
0.000000e+00 4.785000e+00 1.103350e+00 8.550911e-01 0.000000e+00 -8.834706e-03
0.000000e+00 4.840000e+00 1.103350e+00 8.550911e-01 0.000000e+00 -8.635181e-03
0.000000e+00 4.895000e+00 1.103350e+00 8.550911e-01 0.000000e+00 -8.442337e-03
0.000000e+00 4.950000e+00 1.103350e+00 8.550911e-01 0.000000e+00 -8.255880e-03
0.000000e+00 5.005000e+00 1.103350e+00 8.550911e-01 0.000000e+00 -8.075530e-03
0.000000e+00 5.060000e+00 1.103350e+00 8.550911e-01 0.000000e+00 -7.901025e-03
0.000000e+00 5.115000e+00 1.103350e+00 8.550911e-01 0.000000e+00 -7.732114e-03
0.000000e+00 5.170000e+00 1.103350e+00 8.550910e-01 0.000000e+00 -7.568561e-03
0.000000e+00 5.225000e+00 1.103350e+00 8.550910e-01 0.000000e+00 -7.410141e-03
0.000000e+00 5.280000e+00 1.103350e+00 8.550910e-01 0.000000e+00 -7.256642e-03
0.000000e+00 5.335000e+00 1.103350e+00 8.550910e-01 0.000000e+00 -7.107863e-03
0.000000e+00 5.390000e+00 1.103350e+00 8.550910e-01 0.000000e+00 -6.963612e-03
0.000000e+00 5.445000e+00 1.103350e+00 8.550910e-01 0.000000e+00 -6.823707e-03
0.000000e+00 5.500000e+00 1.103350e+00 8.550910e-01 0.000000e+00 -6.687975e-03
0.000000e+00 5.555000e+00 1.103350e+00 8.550910e-01 0.000000e+00 -6.556252e-03
0.000000e+00 5.610000e+00 1.103350e+00 8.550910e-01 0.000000e+00 -6.428382e-03
0.000000e+00 5.665000e+00 1.103350e+00 8.550910e-01 0.000000e+00 -6.304216e-03
0.000000e+00 5.720000e+00 1.103350e+00 8.550910e-01 0.000000e+00 -6.183612e-03
0.000000e+00 5.775000e+00 1.103350e+00 8.550910e-01 0.000000e+00 -6.066435e-03
0.000000e+00 5.830000e+00 1.103350e+00 8.550910e-01 0.000000e+00 -5.952557e-03
0.000000e+00 5.885000e+00 1.103350e+00 8.550910e-01 0.000000e+00 -5.841856e-03
0.000000e+00 5.940000e+00 1.103350e+00 8.550910e-01 0.000000e+00 -5.734213e-03
0.000000e+00 5.995000e+00 1.103350e+00 8.550910e-01 0.000000e+00 -5.629518e-03
0.000000e+00 6.050000e+00 1.103350e+00 8.550910e-01 0.000000e+00 -5.527663e-03
0.000000e+00 6.105000e+00 1.103350e+00 8.550910e-01 0.000000e+00 -5.428548e-03
0.000000e+00 6.160000e+00 1.103350e+00 8.550910e-01 0.000000e+00 -5.332074e-03
0.000000e+00 6.215000e+00 1.103350e+00 8.550910e-01 0.000000e+00 -5.238149e-03
0.000000e+00 6.270000e+00 1.103350e+00 8.550910e-01 0.000000e+00 -5.146684e-03
0.000000e+00 6.325000e+00 1.103350e+00 8.550910e-01 0.000000e+00 -5.057593e-03
0.000000e+00 6.380000e+00 1.103350e+00 8.550910e-01 0.000000e+00 -4.970795e-03
0.000000e+00 6.435000e+00 1.103350e+00 8.550910e-01 0.000000e+00 -4.886213e-03
0.000000e+00 6.490000e+00 1.103350e+00 8.550910e-01 0.000000e+00 -4.803770e-03
0.000000e+00 6.545000e+00 1.103350e+00 8.550910e-01 0.000000e+00 -4.723397e-03
0.000000e+00 6.600000e+00 1.103350e+00 8.550910e-01 0.000000e+00 -4.645023e-03
0.000000e+00 6.655000e+00 1.103350e+00 8.550910e-01 0.000000e+00 -4.568584e-03
0.000000e+00 6.710000e+00 1.103350e+00 8.550910e-01 0.000000e+00 -4.494016e-03
0.000000e+00 6.765000e+00 1.103350e+00 8.550910e-01 0.000000e+00 -4.421258e-03
0.000000e+00 6.820000e+00 1.103350e+00 8.550910e-01 0.000000e+00 -4.350254e-03
0.000000e+00 6.875000e+00 1.103350e+00 8.550910e-01 0.000000e+00 -4.280945e-03
0.000000e+00 6.930000e+00 1.103350e+00 8.550910e-01 0.000000e+00 -4.213280e-03
0.000000e+00 6.985000e+00 1.103350e+00 8.550910e-01 0.000000e+00 -4.147206e-03
0.000000e+00 7.040000e+00 1.103350e+00 8.550910e-01 0.000000e+00 -4.082675e-03
0.000000e+00 7.095000e+00 1.103350e+00 8.550910e-01 0.000000e+00 -4.019637e-03
0.000000e+00 7.150000e+00 1.103350e+00 8.550910e-01 0.000000e+00 -3.958048e-03
0.000000e+00 7.205000e+00 1.103350e+00 8.550910e-01 0.000000e+00 -3.897864e-03
0.000000e+00 7.260000e+00 1.103350e+00 8.550910e-01 0.000000e+00 -3.839042e-03
0.000000e+00 7.315000e+00 1.103350e+00 8.550910e-01 0.000000e+00 -3.781542e-03
0.000000e+00 7.370000e+00 1.103350e+00 8.550910e-01 0.000000e+00 -3.725323e-03
0.000000e+00 7.425000e+00 1.103350e+00 8.550910e-01 0.000000e+00 -3.670349e-03
0.000000e+00 7.480000e+00 1.103350e+00 8.550910e-01 0.000000e+00 -3.616583e-03
0.000000e+00 7.535000e+00 1.103350e+00 8.550910e-01 0.000000e+00 -3.563989e-03
0.000000e+00 7.590000e+00 1.103350e+00 8.550910e-01 0.000000e+00 -3.512534e-03
0.000000e+00 7.645000e+00 1.103350e+00 8.550910e-01 0.000000e+00 -3.462186e-03
0.000000e+00 7.700000e+00 1.103350e+00 8.550910e-01 0.000000e+00 -3.412912e-03
0.000000e+00 7.755000e+00 1.103350e+00 8.550910e-01 0.000000e+00 -3.364682e-03
0.000000e+00 7.810000e+00 1.103350e+00 8.550910e-01 0.000000e+00 -3.317468e-03
0.000000e+00 7.865000e+00 1.103350e+00 8.550910e-01 0.000000e+00 -3.271240e-03
0.000000e+00 7.920000e+00 1.103350e+00 8.550910e-01 0.000000e+00 -3.225972e-03
0.000000e+00 7.975000e+00 1.103350e+00 8.550910e-01 0.000000e+00 -3.181637e-03
0.000000e+00 8.030000e+00 1.103350e+00 8.550910e-01 0.000000e+00 -3.138210e-03
0.000000e+00 8.085000e+00 1.103350e+00 8.550910e-01 0.000000e+00 -3.095665e-03
0.000000e+00 8.140000e+00 1.103350e+00 8.550910e-01 0.000000e+00 -3.053980e-03
0.000000e+00 8.195000e+00 1.103350e+00 8.550910e-01 0.000000e+00 -3.013131e-03
0.000000e+00 8.250000e+00 1.103350e+00 8.550910e-01 0.000000e+00 -2.973096e-03
0.000000e+00 8.305000e+00 1.103350e+00 8.550910e-01 0.000000e+00 -2.933854e-03
0.000000e+00 8.360000e+00 1.103350e+00 8.550910e-01 0.000000e+00 -2.895384e-03
0.000000e+00 8.415000e+00 1.103350e+00 8.550910e-01 0.000000e+00 -2.857665e-03
0.000000e+00 8.470000e+00 1.103350e+00 8.550910e-01 0.000000e+00 -2.820679e-03
0.000000e+00 8.525000e+00 1.103350e+00 8.550910e-01 0.000000e+00 -2.784405e-03
0.000000e+00 8.580000e+00 1.103350e+00 8.550910e-01 0.000000e+00 -2.748827e-03
0.000000e+00 8.635000e+00 1.103350e+00 8.550910e-01 0.000000e+00 -2.713927e-03
0.000000e+00 8.690000e+00 1.103350e+00 8.550910e-01 0.000000e+00 -2.679687e-03
0.000000e+00 8.745000e+00 1.103350e+00 8.550910e-01 0.000000e+00 -2.646091e-03
0.000000e+00 8.800000e+00 1.103350e+00 8.550910e-01 0.000000e+00 -2.613123e-03
0.000000e+00 8.855000e+00 1.103350e+00 8.550910e-01 0.000000e+00 -2.580767e-03
0.000000e+00 8.910000e+00 1.103350e+00 8.550910e-01 0.000000e+00 -2.549008e-03
0.000000e+00 8.965000e+00 1.103350e+00 8.550910e-01 0.000000e+00 -2.517832e-03
0.000000e+00 9.020000e+00 1.103350e+00 8.550910e-01 0.000000e+00 -2.487225e-03
0.000000e+00 9.075000e+00 1.103350e+00 8.550910e-01 0.000000e+00 -2.457171e-03
0.000000e+00 9.130000e+00 1.103350e+00 8.550910e-01 0.000000e+00 -2.427653e-03
0.000000e+00 9.185000e+00 1.103350e+00 8.550910e-01 0.000000e+00 -2.398676e-03
0.000000e+00 9.240000e+00 1.103350e+00 8.550911e-01 0.000000e+00 -2.370265e-03
0.000000e+00 9.295000e+00 1.103350e+00 8.550910e-01 0.000000e+00 -2.342261e-03
0.000000e+00 9.350000e+00 1.103350e+00 8.550905e-01 0.000000e+00 -2.314331e-03
0.000000e+00 9.405000e+00 1.103350e+00 8.550907e-01 0.000000e+00 -2.287482e-03
0.000000e+00 9.460000e+00 1.103354e+00 8.550947e-01 0.000000e+00 -2.264570e-03
0.000000e+00 9.515000e+00 1.103356e+00 8.550972e-01 0.000000e+00 -2.240601e-03
0.000000e+00 9.570000e+00 1.103335e+00 8.550759e-01 0.000000e+00 -2.196599e-03
0.000000e+00 9.625000e+00 1.103310e+00 8.550500e-01 0.000000e+00 -2.146725e-03
0.000000e+00 9.680000e+00 1.103441e+00 8.551851e-01 0.000000e+00 -2.247105e-03
0.000000e+00 9.735000e+00 1.104056e+00 8.558213e-01 0.000000e+00 -2.774524e-03
0.000000e+00 9.790000e+00 1.105113e+00 8.569141e-01 0.000000e+00 -3.760035e-03
0.000000e+00 9.845000e+00 1.106141e+00 8.579766e-01 0.000000e+00 -4.598434e-03
0.000000e+00 9.900000e+00 1.106360e+00 8.582013e-01 0.000000e+00 -4.911920e-03
0.000000e+00 9.955000e+00 1.106122e+00 8.579509e-01 0.000000e+00 -4.323208e-03
0.000000e+00 1.001000e+01 1.103350e+00 8.550910e-01 -0.000000e+00 -6.410000e-03
0.000000e+00 1.006500e+01 1.103350e+00 8.550910e-01 -0.000000e+00 -6.410000e-03
0.000000e+00 1.012000e+01 1.103350e+00 8.550910e-01 -0.000000e+00 -6.410000e-03
0.000000e+00 1.017500e+01 1.103350e+00 8.550910e-01 -0.000000e+00 -6.410000e-03
0.000000e+00 1.023000e+01 1.103350e+00 8.550910e-01 -0.000000e+00 -6.410000e-03
0.000000e+00 1.028500e+01 1.103350e+00 8.550910e-01 -0.000000e+00 -6.410000e-03
0.000000e+00 1.034000e+01 1.103350e+00 8.550910e-01 -0.000000e+00 -6.410000e-03
0.000000e+00 1.039500e+01 1.103350e+00 8.550910e-01 -0.000000e+00 -6.410000e-03
0.000000e+00 1.045000e+01 1.103350e+00 8.550910e-01 -0.000000e+00 -6.410000e-03
0.000000e+00 1.050500e+01 1.103350e+00 8.550910e-01 -0.000000e+00 -6.410000e-03
0.000000e+00 1.056000e+01 1.103350e+00 8.550910e-01 -0.000000e+00 -6.410000e-03
0.000000e+00 1.061500e+01 1.103350e+00 8.550910e-01 -0.000000e+00 -6.410000e-03
0.000000e+00 1.067000e+01 1.103350e+00 8.550910e-01 -0.000000e+00 -6.410000e-03
0.000000e+00 1.072500e+01 1.103350e+00 8.550910e-01 -0.000000e+00 -6.410000e-03
0.000000e+00 1.078000e+01 1.103350e+00 8.550910e-01 -0.000000e+00 -6.410000e-03
0.000000e+00 1.083500e+01 1.103350e+00 8.550910e-01 -0.000000e+00 -6.410000e-03
0.000000e+00 1.089000e+01 1.103350e+00 8.550910e-01 -0.000000e+00 -6.410000e-03
0.000000e+00 1.094500e+01 1.103350e+00 8.550910e-01 -0.000000e+00 -6.410000e-03
0.000000e+00 1.100000e+01 1.103350e+00 8.550910e-01 -0.000000e+00 -6.410000e-03
