#############TIME##################
2.760022e+01 
###################################
0.000000e+00 0.000000e+00 8.882505e+00 1.384731e+01 0.000000e+00 -1.453929e+00
0.000000e+00 5.500000e-02 8.882505e+00 1.384731e+01 0.000000e+00 -1.453929e+00
0.000000e+00 1.100000e-01 8.882505e+00 1.384731e+01 0.000000e+00 -1.453929e+00
0.000000e+00 1.650000e-01 8.882505e+00 1.384731e+01 0.000000e+00 -1.453929e+00
0.000000e+00 2.200000e-01 8.882265e+00 1.384682e+01 0.000000e+00 -1.453947e+00
0.000000e+00 2.750000e-01 6.924530e+00 9.861027e+00 0.000000e+00 -1.256170e+00
0.000000e+00 3.300000e-01 5.762875e+00 7.741342e+00 0.000000e+00 -1.073711e+00
0.000000e+00 3.850000e-01 4.969482e+00 6.357017e+00 0.000000e+00 -9.326939e-01
0.000000e+00 4.400000e-01 4.388132e+00 5.389583e+00 0.000000e+00 -8.170325e-01
0.000000e+00 4.950000e-01 3.948570e+00 4.683345e+00 0.000000e+00 -7.239389e-01
0.000000e+00 5.500000e-01 3.603243e+00 4.146129e+00 0.000000e+00 -6.465610e-01
0.000000e+00 6.050000e-01 3.326745e+00 3.727944e+00 0.000000e+00 -5.820085e-01
0.000000e+00 6.600000e-01 3.100349e+00 3.393679e+00 0.000000e+00 -5.270963e-01
0.000000e+00 7.150000e-01 2.912242e+00 3.121974e+00 0.000000e+00 -4.800989e-01
0.000000e+00 7.700000e-01 2.753475e+00 2.897032e+00 0.000000e+00 -4.393478e-01
0.000000e+00 8.250000e-01 2.617964e+00 2.708363e+00 0.000000e+00 -4.037925e-01
0.000000e+00 8.800000e-01 2.500957e+00 2.548008e+00 0.000000e+00 -3.724740e-01
0.000000e+00 9.350000e-01 2.399035e+00 2.410322e+00 0.000000e+00 -3.447295e-01
0.000000e+00 9.900000e-01 2.309496e+00 2.290945e+00 0.000000e+00 -3.199878e-01
0.000000e+00 1.045000e+00 2.230291e+00 2.186617e+00 0.000000e+00 -2.978264e-01
0.000000e+00 1.100000e+00 2.159775e+00 2.094765e+00 0.000000e+00 -2.778870e-01
0.000000e+00 1.155000e+00 2.096645e+00 2.013378e+00 0.000000e+00 -2.598844e-01
0.000000e+00 1.210000e+00 2.039828e+00 1.940830e+00 0.000000e+00 -2.435720e-01
0.000000e+00 1.265000e+00 1.988446e+00 1.875805e+00 0.000000e+00 -2.287417e-01
0.000000e+00 1.320000e+00 1.941765e+00 1.817216e+00 0.000000e+00 -2.152123e-01
0.000000e+00 1.375000e+00 1.899174e+00 1.764175e+00 0.000000e+00 -2.028300e-01
0.000000e+00 1.430000e+00 1.860165e+00 1.715947e+00 0.000000e+00 -1.914646e-01
0.000000e+00 1.485000e+00 1.824314e+00 1.671923e+00 0.000000e+00 -1.810071e-01
0.000000e+00 1.540000e+00 1.791264e+00 1.631600e+00 0.000000e+00 -1.713642e-01
0.000000e+00 1.595000e+00 1.760707e+00 1.594548e+00 0.000000e+00 -1.624534e-01
0.000000e+00 1.650000e+00 1.732379e+00 1.560400e+00 0.000000e+00 -1.542000e-01
0.000000e+00 1.705000e+00 1.706046e+00 1.528834e+00 0.000000e+00 -1.465366e-01
0.000000e+00 1.760000e+00 1.681505e+00 1.499572e+00 0.000000e+00 -1.394043e-01
0.000000e+00 1.815000e+00 1.658578e+00 1.472371e+00 0.000000e+00 -1.327532e-01
0.000000e+00 1.870000e+00 1.637114e+00 1.447022e+00 0.000000e+00 -1.265415e-01
0.000000e+00 1.925000e+00 1.616982e+00 1.423349e+00 0.000000e+00 -1.207339e-01
0.000000e+00 1.980000e+00 1.598067e+00 1.401197e+00 0.000000e+00 -1.152990e-01
0.000000e+00 2.035000e+00 1.580267e+00 1.380431e+00 0.000000e+00 -1.102075e-01
0.000000e+00 2.090000e+00 1.563489e+00 1.360928e+00 0.000000e+00 -1.054312e-01
0.000000e+00 2.145000e+00 1.547649e+00 1.342580e+00 0.000000e+00 -1.009437e-01
0.000000e+00 2.200000e+00 1.532670e+00 1.325286e+00 0.000000e+00 -9.672082e-02
0.000000e+00 2.255000e+00 1.518484e+00 1.308960e+00 0.000000e+00 -9.274155e-02
0.000000e+00 2.310000e+00 1.505032e+00 1.293525e+00 0.000000e+00 -8.898747e-02
0.000000e+00 2.365000e+00 1.492258e+00 1.278910e+00 0.000000e+00 -8.544213e-02
0.000000e+00 2.420000e+00 1.480113e+00 1.265055e+00 0.000000e+00 -8.209035e-02
0.000000e+00 2.475000e+00 1.468554e+00 1.251901e+00 0.000000e+00 -7.891800e-02
0.000000e+00 2.530000e+00 1.457538e+00 1.239398e+00 0.000000e+00 -7.591218e-02
0.000000e+00 2.585000e+00 1.447030e+00 1.227501e+00 0.000000e+00 -7.306128e-02
0.000000e+00 2.640000e+00 1.436995e+00 1.216167e+00 0.000000e+00 -7.035490e-02
0.000000e+00 2.695000e+00 1.427405e+00 1.205358e+00 0.000000e+00 -6.778344e-02
0.000000e+00 2.750000e+00 1.418228e+00 1.195039e+00 0.000000e+00 -6.533794e-02
0.000000e+00 2.805000e+00 1.409441e+00 1.185178e+00 0.000000e+00 -6.301007e-02
0.000000e+00 2.860000e+00 1.401016e+00 1.175744e+00 0.000000e+00 -6.079228e-02
0.000000e+00 2.915000e+00 1.392934e+00 1.166710e+00 0.000000e+00 -5.867777e-02
0.000000e+00 2.970000e+00 1.385173e+00 1.158052e+00 0.000000e+00 -5.666032e-02
0.000000e+00 3.025000e+00 1.377716e+00 1.149748e+00 0.000000e+00 -5.473408e-02
0.000000e+00 3.080000e+00 1.370546e+00 1.141778e+00 0.000000e+00 -5.289344e-02
0.000000e+00 3.135000e+00 1.363647e+00 1.134123e+00 0.000000e+00 -5.113323e-02
0.000000e+00 3.190000e+00 1.357004e+00 1.126763e+00 0.000000e+00 -4.944885e-02
0.000000e+00 3.245000e+00 1.350602e+00 1.119681e+00 0.000000e+00 -4.783624e-02
0.000000e+00 3.300000e+00 1.344426e+00 1.112861e+00 0.000000e+00 -4.629166e-02
0.000000e+00 3.355000e+00 1.338467e+00 1.106289e+00 0.000000e+00 -4.481145e-02
0.000000e+00 3.410000e+00 1.332713e+00 1.099953e+00 0.000000e+00 -4.339202e-02
0.000000e+00 3.465000e+00 1.327155e+00 1.093841e+00 0.000000e+00 -4.202996e-02
0.000000e+00 3.520000e+00 1.321783e+00 1.087942e+00 0.000000e+00 -4.072227e-02
0.000000e+00 3.575000e+00 1.316587e+00 1.082244e+00 0.000000e+00 -3.946630e-02
0.000000e+00 3.630000e+00 1.311556e+00 1.076734e+00 0.000000e+00 -3.825958e-02
0.000000e+00 3.685000e+00 1.306683e+00 1.071404e+00 0.000000e+00 -3.709958e-02
0.000000e+00 3.740000e+00 1.301961e+00 1.066245e+00 0.000000e+00 -3.598372e-02
0.000000e+00 3.795000e+00 1.297383e+00 1.061249e+00 0.000000e+00 -3.490959e-02
0.000000e+00 3.850000e+00 1.292946e+00 1.056412e+00 0.000000e+00 -3.387516e-02
0.000000e+00 3.905000e+00 1.288642e+00 1.051727e+00 0.000000e+00 -3.287889e-02
0.000000e+00 3.960000e+00 1.284466e+00 1.047185e+00 0.000000e+00 -3.191945e-02
0.000000e+00 4.015000e+00 1.280411e+00 1.042779e+00 0.000000e+00 -3.099540e-02
0.000000e+00 4.070000e+00 1.276469e+00 1.038502e+00 0.000000e+00 -3.010507e-02
0.000000e+00 4.125000e+00 1.272637e+00 1.034347e+00 0.000000e+00 -2.924662e-02
0.000000e+00 4.180000e+00 1.268908e+00 1.030309e+00 0.000000e+00 -2.841835e-02
0.000000e+00 4.235000e+00 1.265280e+00 1.026383e+00 0.000000e+00 -2.761895e-02
0.000000e+00 4.290000e+00 1.261749e+00 1.022565e+00 0.000000e+00 -2.684753e-02
0.000000e+00 4.345000e+00 1.258311e+00 1.018852e+00 0.000000e+00 -2.610352e-02
0.000000e+00 4.400000e+00 1.254961e+00 1.015238e+00 0.000000e+00 -2.538636e-02
0.000000e+00 4.455000e+00 1.251696e+00 1.011718e+00 0.000000e+00 -2.469530e-02
0.000000e+00 4.510000e+00 1.248512e+00 1.008287e+00 0.000000e+00 -2.402927e-02
0.000000e+00 4.565000e+00 1.245404e+00 1.004942e+00 0.000000e+00 -2.338689e-02
0.000000e+00 4.620000e+00 1.242371e+00 1.001680e+00 0.000000e+00 -2.276673e-02
0.000000e+00 4.675000e+00 1.239411e+00 9.984996e-01 0.000000e+00 -2.216762e-02
0.000000e+00 4.730000e+00 1.236521e+00 9.953972e-01 0.000000e+00 -2.158891e-02
0.000000e+00 4.785000e+00 1.233700e+00 9.923698e-01 0.000000e+00 -2.103036e-02
0.000000e+00 4.840000e+00 1.230942e+00 9.894137e-01 0.000000e+00 -2.049170e-02
0.000000e+00 4.895000e+00 1.228246e+00 9.865255e-01 0.000000e+00 -1.997223e-02
0.000000e+00 4.950000e+00 1.225610e+00 9.837027e-01 0.000000e+00 -1.947091e-02
0.000000e+00 5.005000e+00 1.223030e+00 9.809433e-01 0.000000e+00 -1.898693e-02
0.000000e+00 5.060000e+00 1.220506e+00 9.782449e-01 0.000000e+00 -1.852033e-02
0.000000e+00 5.115000e+00 1.218034e+00 9.756044e-01 0.000000e+00 -1.807181e-02
0.000000e+00 5.170000e+00 1.215612e+00 9.730184e-01 0.000000e+00 -1.764172e-02
0.000000e+00 5.225000e+00 1.213237e+00 9.704844e-01 0.000000e+00 -1.722902e-02
0.000000e+00 5.280000e+00 1.210908e+00 9.680013e-01 0.000000e+00 -1.683157e-02
0.000000e+00 5.335000e+00 1.208624e+00 9.655681e-01 0.000000e+00 -1.644782e-02
0.000000e+00 5.390000e+00 1.206384e+00 9.631823e-01 0.000000e+00 -1.607838e-02
0.000000e+00 5.445000e+00 1.204183e+00 9.608403e-01 0.000000e+00 -1.572572e-02
0.000000e+00 5.500000e+00 1.202019e+00 9.585390e-01 0.000000e+00 -1.539149e-02
0.000000e+00 5.555000e+00 1.199893e+00 9.562792e-01 0.000000e+00 -1.507367e-02
0.000000e+00 5.610000e+00 1.197809e+00 9.540648e-01 0.000000e+00 -1.476667e-02
0.000000e+00 5.665000e+00 1.195769e+00 9.518992e-01 0.000000e+00 -1.446517e-02
0.000000e+00 5.720000e+00 1.193772e+00 9.497803e-01 0.000000e+00 -1.416906e-02
0.000000e+00 5.775000e+00 1.191809e+00 9.476987e-01 0.000000e+00 -1.388496e-02
0.000000e+00 5.830000e+00 1.189870e+00 9.456428e-01 0.000000e+00 -1.362186e-02
0.000000e+00 5.885000e+00 1.187948e+00 9.436067e-01 0.000000e+00 -1.338386e-02
0.000000e+00 5.940000e+00 1.186047e+00 9.415945e-01 0.000000e+00 -1.316601e-02
0.000000e+00 5.995000e+00 1.184178e+00 9.396168e-01 0.000000e+00 -1.295751e-02
0.000000e+00 6.050000e+00 1.182348e+00 9.376811e-01 0.000000e+00 -1.275055e-02
0.000000e+00 6.105000e+00 1.180553e+00 9.357831e-01 0.000000e+00 -1.254762e-02
0.000000e+00 6.160000e+00 1.178778e+00 9.339076e-01 0.000000e+00 -1.236087e-02
0.000000e+00 6.215000e+00 1.177008e+00 9.320390e-01 0.000000e+00 -1.220281e-02
0.000000e+00 6.270000e+00 1.175242e+00 9.301740e-01 0.000000e+00 -1.207523e-02
0.000000e+00 6.325000e+00 1.173491e+00 9.283269e-01 0.000000e+00 -1.196490e-02
0.000000e+00 6.380000e+00 1.171780e+00 9.265227e-01 0.000000e+00 -1.184992e-02
0.000000e+00 6.435000e+00 1.170128e+00 9.247815e-01 0.000000e+00 -1.171280e-02
0.000000e+00 6.490000e+00 1.168536e+00 9.231046e-01 0.000000e+00 -1.155164e-02
0.000000e+00 6.545000e+00 1.166986e+00 9.214717e-01 0.000000e+00 -1.138254e-02
0.000000e+00 6.600000e+00 1.165445e+00 9.198504e-01 0.000000e+00 -1.123150e-02
0.000000e+00 6.655000e+00 1.163889e+00 9.182125e-01 0.000000e+00 -1.112095e-02
0.000000e+00 6.710000e+00 1.162306e+00 9.165482e-01 0.000000e+00 -1.105857e-02
0.000000e+00 6.765000e+00 1.160709e+00 9.148693e-01 0.000000e+00 -1.103428e-02
0.000000e+00 6.820000e+00 1.159122e+00 9.132019e-01 0.000000e+00 -1.102601e-02
0.000000e+00 6.875000e+00 1.157571e+00 9.115732e-01 0.000000e+00 -1.101011e-02
0.000000e+00 6.930000e+00 1.156073e+00 9.100007e-01 0.000000e+00 -1.097074e-02
0.000000e+00 6.985000e+00 1.154631e+00 9.084876e-01 0.000000e+00 -1.090444e-02
0.000000e+00 7.040000e+00 1.153237e+00 9.070252e-01 0.000000e+00 -1.081844e-02
0.000000e+00 7.095000e+00 1.151878e+00 9.056003e-01 0.000000e+00 -1.072483e-02
0.000000e+00 7.150000e+00 1.150543e+00 9.042012e-01 0.000000e+00 -1.063401e-02
0.000000e+00 7.205000e+00 1.149226e+00 9.028214e-01 0.000000e+00 -1.055088e-02
0.000000e+00 7.260000e+00 1.147925e+00 9.014589e-01 0.000000e+00 -1.047495e-02
0.000000e+00 7.315000e+00 1.146640e+00 9.001141e-01 0.000000e+00 -1.040351e-02
0.000000e+00 7.370000e+00 1.145371e+00 8.987859e-01 0.000000e+00 -1.033544e-02
0.000000e+00 7.425000e+00 1.144113e+00 8.974705e-01 0.000000e+00 -1.027355e-02
0.000000e+00 7.480000e+00 1.142861e+00 8.961610e-01 0.000000e+00 -1.022408e-02
0.000000e+00 7.535000e+00 1.141607e+00 8.948503e-01 0.000000e+00 -1.019369e-02
0.000000e+00 7.590000e+00 1.140348e+00 8.935344e-01 0.000000e+00 -1.018558e-02
0.000000e+00 7.645000e+00 1.139086e+00 8.922160e-01 0.000000e+00 -1.019667e-02
0.000000e+00 7.700000e+00 1.137831e+00 8.909054e-01 0.000000e+00 -1.021767e-02
0.000000e+00 7.755000e+00 1.136596e+00 8.896172e-01 0.000000e+00 -1.023627e-02
0.000000e+00 7.810000e+00 1.135395e+00 8.883635e-01 0.000000e+00 -1.024241e-02
0.000000e+00 7.865000e+00 1.134229e+00 8.871477e-01 0.000000e+00 -1.023316e-02
0.000000e+00 7.920000e+00 1.133092e+00 8.859617e-01 0.000000e+00 -1.021456e-02
0.000000e+00 7.975000e+00 1.131967e+00 8.847891e-01 0.000000e+00 -1.019884e-02
0.000000e+00 8.030000e+00 1.130839e+00 8.836141e-01 0.000000e+00 -1.019785e-02
0.000000e+00 8.085000e+00 1.129704e+00 8.824320e-01 0.000000e+00 -1.021594e-02
0.000000e+00 8.140000e+00 1.128572e+00 8.812526e-01 0.000000e+00 -1.024619e-02
0.000000e+00 8.195000e+00 1.127462e+00 8.800978e-01 0.000000e+00 -1.027255e-02
0.000000e+00 8.250000e+00 1.126398e+00 8.789903e-01 0.000000e+00 -1.027709e-02
0.000000e+00 8.305000e+00 1.125391e+00 8.779424e-01 0.000000e+00 -1.024895e-02
0.000000e+00 8.360000e+00 1.124436e+00 8.769488e-01 0.000000e+00 -1.019031e-02
0.000000e+00 8.415000e+00 1.123512e+00 8.759883e-01 0.000000e+00 -1.011586e-02
0.000000e+00 8.470000e+00 1.122593e+00 8.750335e-01 0.000000e+00 -1.004571e-02
0.000000e+00 8.525000e+00 1.121660e+00 8.740640e-01 0.000000e+00 -9.995494e-03
0.000000e+00 8.580000e+00 1.120708e+00 8.730752e-01 0.000000e+00 -9.968892e-03
0.000000e+00 8.635000e+00 1.119749e+00 8.720791e-01 0.000000e+00 -9.956647e-03
0.000000e+00 8.690000e+00 1.118804e+00 8.710972e-01 0.000000e+00 -9.942131e-03
0.000000e+00 8.745000e+00 1.117890e+00 8.701492e-01 0.000000e+00 -9.910189e-03
0.000000e+00 8.800000e+00 1.117017e+00 8.692433e-01 0.000000e+00 -9.854479e-03
0.000000e+00 8.855000e+00 1.116179e+00 8.683737e-01 0.000000e+00 -9.779651e-03
0.000000e+00 8.910000e+00 1.115361e+00 8.675253e-01 0.000000e+00 -9.697702e-03
0.000000e+00 8.965000e+00 1.114548e+00 8.666823e-01 0.000000e+00 -9.621150e-03
0.000000e+00 9.020000e+00 1.113732e+00 8.658361e-01 0.000000e+00 -9.556991e-03
0.000000e+00 9.075000e+00 1.112912e+00 8.649870e-01 0.000000e+00 -9.504250e-03
0.000000e+00 9.130000e+00 1.112095e+00 8.641406e-01 0.000000e+00 -9.455267e-03
0.000000e+00 9.185000e+00 1.111284e+00 8.633016e-01 0.000000e+00 -9.399164e-03
0.000000e+00 9.240000e+00 1.110481e+00 8.624691e-01 0.000000e+00 -9.325489e-03
0.000000e+00 9.295000e+00 1.109680e+00 8.616380e-01 0.000000e+00 -9.227717e-03
0.000000e+00 9.350000e+00 1.108875e+00 8.608031e-01 0.000000e+00 -9.106098e-03
0.000000e+00 9.405000e+00 1.108066e+00 8.599639e-01 0.000000e+00 -8.970924e-03
0.000000e+00 9.460000e+00 1.107257e+00 8.591268e-01 0.000000e+00 -8.842085e-03
0.000000e+00 9.515000e+00 1.106454e+00 8.582996e-01 0.000000e+00 -8.746699e-03
0.000000e+00 9.570000e+00 1.105665e+00 8.574906e-01 0.000000e+00 -8.707190e-03
0.000000e+00 9.625000e+00 1.104890e+00 8.566987e-01 0.000000e+00 -8.736481e-03
0.000000e+00 9.680000e+00 1.104132e+00 8.559251e-01 0.000000e+00 -8.822825e-03
0.000000e+00 9.735000e+00 1.103384e+00 8.551584e-01 0.000000e+00 -8.949242e-03
0.000000e+00 9.790000e+00 1.102660e+00 8.544126e-01 0.000000e+00 -9.071930e-03
0.000000e+00 9.845000e+00 1.101937e+00 8.536643e-01 0.000000e+00 -9.188451e-03
0.000000e+00 9.900000e+00 1.101264e+00 8.529633e-01 0.000000e+00 -9.245236e-03
0.000000e+00 9.955000e+00 1.100554e+00 8.522184e-01 0.000000e+00 -9.335615e-03
0.000000e+00 1.001000e+01 1.103350e+00 8.550910e-01 -0.000000e+00 -6.410000e-03
0.000000e+00 1.006500e+01 1.103350e+00 8.550910e-01 -0.000000e+00 -6.410000e-03
0.000000e+00 1.012000e+01 1.103350e+00 8.550910e-01 -0.000000e+00 -6.410000e-03
0.000000e+00 1.017500e+01 1.103350e+00 8.550910e-01 -0.000000e+00 -6.410000e-03
0.000000e+00 1.023000e+01 1.103350e+00 8.550910e-01 -0.000000e+00 -6.410000e-03
0.000000e+00 1.028500e+01 1.103350e+00 8.550910e-01 -0.000000e+00 -6.410000e-03
0.000000e+00 1.034000e+01 1.103350e+00 8.550910e-01 -0.000000e+00 -6.410000e-03
0.000000e+00 1.039500e+01 1.103350e+00 8.550910e-01 -0.000000e+00 -6.410000e-03
0.000000e+00 1.045000e+01 1.103350e+00 8.550910e-01 -0.000000e+00 -6.410000e-03
0.000000e+00 1.050500e+01 1.103350e+00 8.550910e-01 -0.000000e+00 -6.410000e-03
0.000000e+00 1.056000e+01 1.103350e+00 8.550910e-01 -0.000000e+00 -6.410000e-03
0.000000e+00 1.061500e+01 1.103350e+00 8.550910e-01 -0.000000e+00 -6.410000e-03
0.000000e+00 1.067000e+01 1.103350e+00 8.550910e-01 -0.000000e+00 -6.410000e-03
0.000000e+00 1.072500e+01 1.103350e+00 8.550910e-01 -0.000000e+00 -6.410000e-03
0.000000e+00 1.078000e+01 1.103350e+00 8.550910e-01 -0.000000e+00 -6.410000e-03
0.000000e+00 1.083500e+01 1.103350e+00 8.550910e-01 -0.000000e+00 -6.410000e-03
0.000000e+00 1.089000e+01 1.103350e+00 8.550910e-01 -0.000000e+00 -6.410000e-03
0.000000e+00 1.094500e+01 1.103350e+00 8.550910e-01 -0.000000e+00 -6.410000e-03
0.000000e+00 1.100000e+01 1.103350e+00 8.550910e-01 -0.000000e+00 -6.410000e-03
