#############TIME##################
2.150248e+01 
###################################
0.000000e+00 0.000000e+00 8.771900e+00 1.361857e+01 0.000000e+00 -1.465676e+00
0.000000e+00 5.500000e-02 8.771900e+00 1.361857e+01 0.000000e+00 -1.465676e+00
0.000000e+00 1.100000e-01 8.771900e+00 1.361857e+01 0.000000e+00 -1.465676e+00
0.000000e+00 1.650000e-01 8.771900e+00 1.361857e+01 0.000000e+00 -1.465676e+00
0.000000e+00 2.200000e-01 8.773338e+00 1.362153e+01 0.000000e+00 -1.465591e+00
0.000000e+00 2.750000e-01 6.845859e+00 9.711567e+00 0.000000e+00 -1.266347e+00
0.000000e+00 3.300000e-01 5.702857e+00 7.632893e+00 0.000000e+00 -1.082688e+00
0.000000e+00 3.850000e-01 4.918612e+00 6.269388e+00 0.000000e+00 -9.414104e-01
0.000000e+00 4.400000e-01 4.342855e+00 5.314558e+00 0.000000e+00 -8.258144e-01
0.000000e+00 4.950000e-01 3.906743e+00 4.616339e+00 0.000000e+00 -7.329620e-01
0.000000e+00 5.500000e-01 3.563431e+00 4.084261e+00 0.000000e+00 -6.559675e-01
0.000000e+00 6.050000e-01 3.288388e+00 3.669902e+00 0.000000e+00 -5.918509e-01
0.000000e+00 6.600000e-01 3.063488e+00 3.339219e+00 0.000000e+00 -5.372743e-01
0.000000e+00 7.150000e-01 2.877094e+00 3.071144e+00 0.000000e+00 -4.904760e-01
0.000000e+00 7.700000e-01 2.719964e+00 2.849492e+00 0.000000e+00 -4.498726e-01
0.000000e+00 8.250000e-01 2.585634e+00 2.663298e+00 0.000000e+00 -4.145625e-01
0.000000e+00 8.800000e-01 2.469193e+00 2.504444e+00 0.000000e+00 -3.836687e-01
0.000000e+00 9.350000e-01 2.367372e+00 2.367547e+00 0.000000e+00 -3.565046e-01
0.000000e+00 9.900000e-01 2.277796e+00 2.248713e+00 0.000000e+00 -3.323910e-01
0.000000e+00 1.045000e+00 2.198724e+00 2.145101e+00 0.000000e+00 -3.107863e-01
0.000000e+00 1.100000e+00 2.128679e+00 2.054351e+00 0.000000e+00 -2.912554e-01
0.000000e+00 1.155000e+00 2.066373e+00 1.974462e+00 0.000000e+00 -2.734960e-01
0.000000e+00 1.210000e+00 2.010645e+00 1.903689e+00 0.000000e+00 -2.572892e-01
0.000000e+00 1.265000e+00 1.960488e+00 1.840551e+00 0.000000e+00 -2.424789e-01
0.000000e+00 1.320000e+00 1.915036e+00 1.783803e+00 0.000000e+00 -2.289413e-01
0.000000e+00 1.375000e+00 1.873575e+00 1.732430e+00 0.000000e+00 -2.165705e-01
0.000000e+00 1.430000e+00 1.835527e+00 1.685622e+00 0.000000e+00 -2.052651e-01
0.000000e+00 1.485000e+00 1.800436e+00 1.642741e+00 0.000000e+00 -1.949244e-01
0.000000e+00 1.540000e+00 1.767944e+00 1.603287e+00 0.000000e+00 -1.854477e-01
0.000000e+00 1.595000e+00 1.737761e+00 1.566861e+00 0.000000e+00 -1.767393e-01
0.000000e+00 1.650000e+00 1.709649e+00 1.533131e+00 0.000000e+00 -1.687137e-01
0.000000e+00 1.705000e+00 1.683401e+00 1.501818e+00 0.000000e+00 -1.612998e-01
0.000000e+00 1.760000e+00 1.658844e+00 1.472677e+00 0.000000e+00 -1.544390e-01
0.000000e+00 1.815000e+00 1.635835e+00 1.445510e+00 0.000000e+00 -1.480787e-01
0.000000e+00 1.870000e+00 1.614262e+00 1.420156e+00 0.000000e+00 -1.421661e-01
0.000000e+00 1.925000e+00 1.594039e+00 1.396489e+00 0.000000e+00 -1.366471e-01
0.000000e+00 1.980000e+00 1.575086e+00 1.374399e+00 0.000000e+00 -1.314712e-01
0.000000e+00 2.035000e+00 1.557321e+00 1.353773e+00 0.000000e+00 -1.265973e-01
0.000000e+00 2.090000e+00 1.540652e+00 1.334490e+00 0.000000e+00 -1.219964e-01
0.000000e+00 2.145000e+00 1.524977e+00 1.316422e+00 0.000000e+00 -1.176499e-01
0.000000e+00 2.200000e+00 1.510198e+00 1.299443e+00 0.000000e+00 -1.135460e-01
0.000000e+00 2.255000e+00 1.496221e+00 1.283436e+00 0.000000e+00 -1.096748e-01
0.000000e+00 2.310000e+00 1.482965e+00 1.268301e+00 0.000000e+00 -1.060261e-01
0.000000e+00 2.365000e+00 1.470364e+00 1.253955e+00 0.000000e+00 -1.025877e-01
0.000000e+00 2.420000e+00 1.458363e+00 1.240331e+00 0.000000e+00 -9.934576e-02
0.000000e+00 2.475000e+00 1.446920e+00 1.227374e+00 0.000000e+00 -9.628581e-02
0.000000e+00 2.530000e+00 1.435997e+00 1.215039e+00 0.000000e+00 -9.339358e-02
0.000000e+00 2.585000e+00 1.425564e+00 1.203285e+00 0.000000e+00 -9.065568e-02
0.000000e+00 2.640000e+00 1.415593e+00 1.192077e+00 0.000000e+00 -8.805995e-02
0.000000e+00 2.695000e+00 1.406056e+00 1.181383e+00 0.000000e+00 -8.559549e-02
0.000000e+00 2.750000e+00 1.396928e+00 1.171170e+00 0.000000e+00 -8.325256e-02
0.000000e+00 2.805000e+00 1.388186e+00 1.161410e+00 0.000000e+00 -8.102244e-02
0.000000e+00 2.860000e+00 1.379806e+00 1.152073e+00 0.000000e+00 -7.889726e-02
0.000000e+00 2.915000e+00 1.371768e+00 1.143134e+00 0.000000e+00 -7.686993e-02
0.000000e+00 2.970000e+00 1.364052e+00 1.134569e+00 0.000000e+00 -7.493410e-02
0.000000e+00 3.025000e+00 1.356638e+00 1.126356e+00 0.000000e+00 -7.308410e-02
0.000000e+00 3.080000e+00 1.349510e+00 1.118473e+00 0.000000e+00 -7.131492e-02
0.000000e+00 3.135000e+00 1.342652e+00 1.110901e+00 0.000000e+00 -6.962195e-02
0.000000e+00 3.190000e+00 1.336048e+00 1.103623e+00 0.000000e+00 -6.800079e-02
0.000000e+00 3.245000e+00 1.329686e+00 1.096622e+00 0.000000e+00 -6.644704e-02
0.000000e+00 3.300000e+00 1.323553e+00 1.089884e+00 0.000000e+00 -6.495636e-02
0.000000e+00 3.355000e+00 1.317636e+00 1.083393e+00 0.000000e+00 -6.352464e-02
0.000000e+00 3.410000e+00 1.311926e+00 1.077138e+00 0.000000e+00 -6.214825e-02
0.000000e+00 3.465000e+00 1.306410e+00 1.071104e+00 0.000000e+00 -6.082419e-02
0.000000e+00 3.520000e+00 1.301079e+00 1.065281e+00 0.000000e+00 -5.955001e-02
0.000000e+00 3.575000e+00 1.295923e+00 1.059656e+00 0.000000e+00 -5.832354e-02
0.000000e+00 3.630000e+00 1.290933e+00 1.054219e+00 0.000000e+00 -5.714258e-02
0.000000e+00 3.685000e+00 1.286100e+00 1.048961e+00 0.000000e+00 -5.600482e-02
0.000000e+00 3.740000e+00 1.281418e+00 1.043873e+00 0.000000e+00 -5.490791e-02
0.000000e+00 3.795000e+00 1.276881e+00 1.038947e+00 0.000000e+00 -5.384968e-02
0.000000e+00 3.850000e+00 1.272481e+00 1.034177e+00 0.000000e+00 -5.282827e-02
0.000000e+00 3.905000e+00 1.268212e+00 1.029555e+00 0.000000e+00 -5.184219e-02
0.000000e+00 3.960000e+00 1.264069e+00 1.025072e+00 0.000000e+00 -5.089002e-02
0.000000e+00 4.015000e+00 1.260044e+00 1.020722e+00 0.000000e+00 -4.997025e-02
0.000000e+00 4.070000e+00 1.256132e+00 1.016500e+00 0.000000e+00 -4.908116e-02
0.000000e+00 4.125000e+00 1.252331e+00 1.012401e+00 0.000000e+00 -4.822089e-02
0.000000e+00 4.180000e+00 1.248636e+00 1.008420e+00 0.000000e+00 -4.738767e-02
0.000000e+00 4.235000e+00 1.245045e+00 1.004555e+00 0.000000e+00 -4.657997e-02
0.000000e+00 4.290000e+00 1.241555e+00 1.000803e+00 0.000000e+00 -4.579649e-02
0.000000e+00 4.345000e+00 1.238164e+00 9.971599e-01 0.000000e+00 -4.503604e-02
0.000000e+00 4.400000e+00 1.234869e+00 9.936235e-01 0.000000e+00 -4.429736e-02
0.000000e+00 4.455000e+00 1.231668e+00 9.901910e-01 0.000000e+00 -4.357902e-02
0.000000e+00 4.510000e+00 1.228559e+00 9.868595e-01 0.000000e+00 -4.287955e-02
0.000000e+00 4.565000e+00 1.225538e+00 9.836257e-01 0.000000e+00 -4.219759e-02
0.000000e+00 4.620000e+00 1.222603e+00 9.804860e-01 0.000000e+00 -4.153212e-02
0.000000e+00 4.675000e+00 1.219749e+00 9.774361e-01 0.000000e+00 -4.088250e-02
0.000000e+00 4.730000e+00 1.216974e+00 9.744715e-01 0.000000e+00 -4.024845e-02
0.000000e+00 4.785000e+00 1.214271e+00 9.715875e-01 0.000000e+00 -3.962982e-02
0.000000e+00 4.840000e+00 1.211638e+00 9.687795e-01 0.000000e+00 -3.902644e-02
0.000000e+00 4.895000e+00 1.209071e+00 9.660435e-01 0.000000e+00 -3.843799e-02
0.000000e+00 4.950000e+00 1.206566e+00 9.633756e-01 0.000000e+00 -3.786396e-02
0.000000e+00 5.005000e+00 1.204119e+00 9.607722e-01 0.000000e+00 -3.730377e-02
0.000000e+00 5.060000e+00 1.201729e+00 9.582302e-01 0.000000e+00 -3.675687e-02
0.000000e+00 5.115000e+00 1.199392e+00 9.557467e-01 0.000000e+00 -3.622284e-02
0.000000e+00 5.170000e+00 1.197107e+00 9.533194e-01 0.000000e+00 -3.570141e-02
0.000000e+00 5.225000e+00 1.194871e+00 9.509461e-01 0.000000e+00 -3.519238e-02
0.000000e+00 5.280000e+00 1.192683e+00 9.486251e-01 0.000000e+00 -3.469549e-02
0.000000e+00 5.335000e+00 1.190542e+00 9.463547e-01 0.000000e+00 -3.421024e-02
0.000000e+00 5.390000e+00 1.188445e+00 9.441329e-01 0.000000e+00 -3.373599e-02
0.000000e+00 5.445000e+00 1.186391e+00 9.419581e-01 0.000000e+00 -3.327208e-02
0.000000e+00 5.500000e+00 1.184378e+00 9.398278e-01 0.000000e+00 -3.281805e-02
0.000000e+00 5.555000e+00 1.182404e+00 9.377398e-01 0.000000e+00 -3.237386e-02
0.000000e+00 5.610000e+00 1.180467e+00 9.356917e-01 0.000000e+00 -3.193984e-02
0.000000e+00 5.665000e+00 1.178564e+00 9.336813e-01 0.000000e+00 -3.151649e-02
0.000000e+00 5.720000e+00 1.176694e+00 9.317067e-01 0.000000e+00 -3.110416e-02
0.000000e+00 5.775000e+00 1.174855e+00 9.297662e-01 0.000000e+00 -3.070279e-02
0.000000e+00 5.830000e+00 1.173047e+00 9.278583e-01 0.000000e+00 -3.031183e-02
0.000000e+00 5.885000e+00 1.171267e+00 9.259816e-01 0.000000e+00 -2.993043e-02
0.000000e+00 5.940000e+00 1.169514e+00 9.241347e-01 0.000000e+00 -2.955764e-02
0.000000e+00 5.995000e+00 1.167788e+00 9.223165e-01 0.000000e+00 -2.919270e-02
0.000000e+00 6.050000e+00 1.166088e+00 9.205265e-01 0.000000e+00 -2.883505e-02
0.000000e+00 6.105000e+00 1.164414e+00 9.187652e-01 0.000000e+00 -2.848431e-02
0.000000e+00 6.160000e+00 1.162768e+00 9.170339e-01 0.000000e+00 -2.814004e-02
0.000000e+00 6.215000e+00 1.161152e+00 9.153348e-01 0.000000e+00 -2.780168e-02
0.000000e+00 6.270000e+00 1.159568e+00 9.136703e-01 0.000000e+00 -2.746850e-02
0.000000e+00 6.325000e+00 1.158018e+00 9.120429e-01 0.000000e+00 -2.713974e-02
0.000000e+00 6.380000e+00 1.156506e+00 9.104546e-01 0.000000e+00 -2.681466e-02
0.000000e+00 6.435000e+00 1.155031e+00 9.089067e-01 0.000000e+00 -2.649262e-02
0.000000e+00 6.490000e+00 1.153595e+00 9.074004e-01 0.000000e+00 -2.617300e-02
0.000000e+00 6.545000e+00 1.152198e+00 9.059358e-01 0.000000e+00 -2.585511e-02
0.000000e+00 6.600000e+00 1.150840e+00 9.045128e-01 0.000000e+00 -2.553821e-02
0.000000e+00 6.655000e+00 1.149521e+00 9.031304e-01 0.000000e+00 -2.522162e-02
0.000000e+00 6.710000e+00 1.148238e+00 9.017870e-01 0.000000e+00 -2.490497e-02
0.000000e+00 6.765000e+00 1.146990e+00 9.004800e-01 0.000000e+00 -2.458834e-02
0.000000e+00 6.820000e+00 1.145772e+00 8.992059e-01 0.000000e+00 -2.427236e-02
0.000000e+00 6.875000e+00 1.144582e+00 8.979600e-01 0.000000e+00 -2.395811e-02
0.000000e+00 6.930000e+00 1.143412e+00 8.967373e-01 0.000000e+00 -2.364691e-02
0.000000e+00 6.985000e+00 1.142260e+00 8.955321e-01 0.000000e+00 -2.334018e-02
0.000000e+00 7.040000e+00 1.141118e+00 8.943389e-01 0.000000e+00 -2.303930e-02
0.000000e+00 7.095000e+00 1.139982e+00 8.931524e-01 0.000000e+00 -2.274541e-02
0.000000e+00 7.150000e+00 1.138848e+00 8.919680e-01 0.000000e+00 -2.245921e-02
0.000000e+00 7.205000e+00 1.137712e+00 8.907818e-01 0.000000e+00 -2.218091e-02
0.000000e+00 7.260000e+00 1.136573e+00 8.895922e-01 0.000000e+00 -2.191094e-02
0.000000e+00 7.315000e+00 1.135432e+00 8.884020e-01 0.000000e+00 -2.165130e-02
0.000000e+00 7.370000e+00 1.134298e+00 8.872195e-01 0.000000e+00 -2.140647e-02
0.000000e+00 7.425000e+00 1.133183e+00 8.860569e-01 0.000000e+00 -2.118191e-02
0.000000e+00 7.480000e+00 1.132097e+00 8.849244e-01 0.000000e+00 -2.097962e-02
0.000000e+00 7.535000e+00 1.131041e+00 8.838238e-01 0.000000e+00 -2.079303e-02
0.000000e+00 7.590000e+00 1.130006e+00 8.827465e-01 0.000000e+00 -2.060665e-02
0.000000e+00 7.645000e+00 1.128983e+00 8.816810e-01 0.000000e+00 -2.040295e-02
0.000000e+00 7.700000e+00 1.127968e+00 8.806238e-01 0.000000e+00 -2.017306e-02
0.000000e+00 7.755000e+00 1.126970e+00 8.795849e-01 0.000000e+00 -1.992211e-02
0.000000e+00 7.810000e+00 1.126006e+00 8.785817e-01 0.000000e+00 -1.966426e-02
0.000000e+00 7.865000e+00 1.125086e+00 8.776251e-01 0.000000e+00 -1.941123e-02
0.000000e+00 7.920000e+00 1.124207e+00 8.767115e-01 0.000000e+00 -1.916464e-02
0.000000e+00 7.975000e+00 1.123356e+00 8.758260e-01 0.000000e+00 -1.891847e-02
0.000000e+00 8.030000e+00 1.122516e+00 8.749535e-01 0.000000e+00 -1.866802e-02
0.000000e+00 8.085000e+00 1.121682e+00 8.740871e-01 0.000000e+00 -1.841555e-02
0.000000e+00 8.140000e+00 1.120854e+00 8.732260e-01 0.000000e+00 -1.816787e-02
0.000000e+00 8.195000e+00 1.120030e+00 8.723701e-01 0.000000e+00 -1.793000e-02
0.000000e+00 8.250000e+00 1.119208e+00 8.715173e-01 0.000000e+00 -1.770210e-02
0.000000e+00 8.305000e+00 1.118388e+00 8.706658e-01 0.000000e+00 -1.748158e-02
0.000000e+00 8.360000e+00 1.117570e+00 8.698172e-01 0.000000e+00 -1.726633e-02
0.000000e+00 8.415000e+00 1.116760e+00 8.689767e-01 0.000000e+00 -1.705558e-02
0.000000e+00 8.470000e+00 1.115963e+00 8.681498e-01 0.000000e+00 -1.684871e-02
0.000000e+00 8.525000e+00 1.115182e+00 8.673393e-01 0.000000e+00 -1.664431e-02
0.000000e+00 8.580000e+00 1.114415e+00 8.665447e-01 0.000000e+00 -1.644064e-02
0.000000e+00 8.635000e+00 1.113661e+00 8.657624e-01 0.000000e+00 -1.623670e-02
0.000000e+00 8.690000e+00 1.112913e+00 8.649876e-01 0.000000e+00 -1.603283e-02
0.000000e+00 8.745000e+00 1.112168e+00 8.642151e-01 0.000000e+00 -1.583057e-02
0.000000e+00 8.800000e+00 1.111420e+00 8.634403e-01 0.000000e+00 -1.563192e-02
0.000000e+00 8.855000e+00 1.110667e+00 8.626603e-01 0.000000e+00 -1.543833e-02
0.000000e+00 8.910000e+00 1.109908e+00 8.618747e-01 0.000000e+00 -1.524978e-02
0.000000e+00 8.965000e+00 1.109146e+00 8.610860e-01 0.000000e+00 -1.506456e-02
0.000000e+00 9.020000e+00 1.108387e+00 8.603008e-01 0.000000e+00 -1.487946e-02
0.000000e+00 9.075000e+00 1.107641e+00 8.595288e-01 0.000000e+00 -1.469052e-02
0.000000e+00 9.130000e+00 1.106919e+00 8.587813e-01 0.000000e+00 -1.449371e-02
0.000000e+00 9.185000e+00 1.106230e+00 8.580691e-01 0.000000e+00 -1.428541e-02
0.000000e+00 9.240000e+00 1.105582e+00 8.573995e-01 0.000000e+00 -1.406200e-02
0.000000e+00 9.295000e+00 1.104978e+00 8.567747e-01 0.000000e+00 -1.381855e-02
0.000000e+00 9.350000e+00 1.104412e+00 8.561907e-01 0.000000e+00 -1.354737e-02
0.000000e+00 9.405000e+00 1.103878e+00 8.556375e-01 0.000000e+00 -1.323971e-02
0.000000e+00 9.460000e+00 1.103362e+00 8.551016e-01 0.000000e+00 -1.289240e-02
0.000000e+00 9.515000e+00 1.102847e+00 8.545671e-01 0.000000e+00 -1.251933e-02
0.000000e+00 9.570000e+00 1.102317e+00 8.540195e-01 0.000000e+00 -1.215782e-02
0.000000e+00 9.625000e+00 1.101757e+00 8.534464e-01 0.000000e+00 -1.186407e-02
0.000000e+00 9.680000e+00 1.101162e+00 8.528427e-01 0.000000e+00 -1.168637e-02
0.000000e+00 9.735000e+00 1.100534e+00 8.522067e-01 0.000000e+00 -1.163912e-02
0.000000e+00 9.790000e+00 1.099887e+00 8.515477e-01 0.000000e+00 -1.168196e-02
0.000000e+00 9.845000e+00 1.099233e+00 8.508756e-01 0.000000e+00 -1.174685e-02
0.000000e+00 9.900000e+00 1.098593e+00 8.502095e-01 0.000000e+00 -1.177112e-02
0.000000e+00 9.955000e+00 1.097979e+00 8.495597e-01 0.000000e+00 -1.173276e-02
0.000000e+00 1.001000e+01 1.103350e+00 8.550910e-01 -0.000000e+00 -6.410000e-03
0.000000e+00 1.006500e+01 1.103350e+00 8.550910e-01 -0.000000e+00 -6.410000e-03
0.000000e+00 1.012000e+01 1.103350e+00 8.550910e-01 -0.000000e+00 -6.410000e-03
0.000000e+00 1.017500e+01 1.103350e+00 8.550910e-01 -0.000000e+00 -6.410000e-03
0.000000e+00 1.023000e+01 1.103350e+00 8.550910e-01 -0.000000e+00 -6.410000e-03
0.000000e+00 1.028500e+01 1.103350e+00 8.550910e-01 -0.000000e+00 -6.410000e-03
0.000000e+00 1.034000e+01 1.103350e+00 8.550910e-01 -0.000000e+00 -6.410000e-03
0.000000e+00 1.039500e+01 1.103350e+00 8.550910e-01 -0.000000e+00 -6.410000e-03
0.000000e+00 1.045000e+01 1.103350e+00 8.550910e-01 -0.000000e+00 -6.410000e-03
0.000000e+00 1.050500e+01 1.103350e+00 8.550910e-01 -0.000000e+00 -6.410000e-03
0.000000e+00 1.056000e+01 1.103350e+00 8.550910e-01 -0.000000e+00 -6.410000e-03
0.000000e+00 1.061500e+01 1.103350e+00 8.550910e-01 -0.000000e+00 -6.410000e-03
0.000000e+00 1.067000e+01 1.103350e+00 8.550910e-01 -0.000000e+00 -6.410000e-03
0.000000e+00 1.072500e+01 1.103350e+00 8.550910e-01 -0.000000e+00 -6.410000e-03
0.000000e+00 1.078000e+01 1.103350e+00 8.550910e-01 -0.000000e+00 -6.410000e-03
0.000000e+00 1.083500e+01 1.103350e+00 8.550910e-01 -0.000000e+00 -6.410000e-03
0.000000e+00 1.089000e+01 1.103350e+00 8.550910e-01 -0.000000e+00 -6.410000e-03
0.000000e+00 1.094500e+01 1.103350e+00 8.550910e-01 -0.000000e+00 -6.410000e-03
0.000000e+00 1.100000e+01 1.103350e+00 8.550910e-01 -0.000000e+00 -6.410000e-03
