#############TIME##################
1.080634e+01 
###################################
0.000000e+00 0.000000e+00 9.007645e+00 1.411671e+01 0.000000e+00 -1.442553e+00
0.000000e+00 5.500000e-02 9.007645e+00 1.411671e+01 0.000000e+00 -1.442553e+00
0.000000e+00 1.100000e-01 9.007645e+00 1.411671e+01 0.000000e+00 -1.442553e+00
0.000000e+00 1.650000e-01 9.007645e+00 1.411671e+01 0.000000e+00 -1.442553e+00
0.000000e+00 2.200000e-01 9.006357e+00 1.411403e+01 0.000000e+00 -1.442648e+00
0.000000e+00 2.750000e-01 7.013183e+00 1.004159e+01 0.000000e+00 -1.246279e+00
0.000000e+00 3.300000e-01 5.829878e+00 7.874470e+00 0.000000e+00 -1.065136e+00
0.000000e+00 3.850000e-01 5.026186e+00 6.465148e+00 0.000000e+00 -9.244557e-01
0.000000e+00 4.400000e-01 4.438453e+00 5.482120e+00 0.000000e+00 -8.088735e-01
0.000000e+00 4.950000e-01 3.994787e+00 4.765031e+00 0.000000e+00 -7.157127e-01
0.000000e+00 5.500000e-01 3.646528e+00 4.219892e+00 0.000000e+00 -6.382053e-01
0.000000e+00 6.050000e-01 3.367918e+00 3.795704e+00 0.000000e+00 -5.734419e-01
0.000000e+00 6.600000e-01 3.139967e+00 3.456798e+00 0.000000e+00 -5.182743e-01
0.000000e+00 7.150000e-01 2.950658e+00 3.181364e+00 0.000000e+00 -4.709998e-01
0.000000e+00 7.700000e-01 2.790936e+00 2.953360e+00 0.000000e+00 -4.299870e-01
0.000000e+00 8.250000e-01 2.654685e+00 2.762182e+00 0.000000e+00 -3.941843e-01
0.000000e+00 8.800000e-01 2.537183e+00 2.599864e+00 0.000000e+00 -3.626168e-01
0.000000e+00 9.350000e-01 2.435018e+00 2.460729e+00 0.000000e+00 -3.345974e-01
0.000000e+00 9.900000e-01 2.345449e+00 2.340330e+00 0.000000e+00 -3.095476e-01
0.000000e+00 1.045000e+00 2.266356e+00 2.235289e+00 0.000000e+00 -2.870462e-01
0.000000e+00 1.100000e+00 2.196037e+00 2.142937e+00 0.000000e+00 -2.667372e-01
0.000000e+00 1.155000e+00 2.133150e+00 2.061199e+00 0.000000e+00 -2.483349e-01
0.000000e+00 1.210000e+00 2.076593e+00 1.988394e+00 0.000000e+00 -2.316014e-01
0.000000e+00 1.265000e+00 2.025449e+00 1.923142e+00 0.000000e+00 -2.163532e-01
0.000000e+00 1.320000e+00 1.978950e+00 1.864305e+00 0.000000e+00 -2.024379e-01
0.000000e+00 1.375000e+00 1.936492e+00 1.810992e+00 0.000000e+00 -1.897104e-01
0.000000e+00 1.430000e+00 1.897621e+00 1.762528e+00 0.000000e+00 -1.780162e-01
0.000000e+00 1.485000e+00 1.861981e+00 1.718388e+00 0.000000e+00 -1.672039e-01
0.000000e+00 1.540000e+00 1.829248e+00 1.678104e+00 0.000000e+00 -1.571519e-01
0.000000e+00 1.595000e+00 1.799087e+00 1.641212e+00 0.000000e+00 -1.477849e-01
0.000000e+00 1.650000e+00 1.771165e+00 1.607261e+00 0.000000e+00 -1.390634e-01
0.000000e+00 1.705000e+00 1.745190e+00 1.575859e+00 0.000000e+00 -1.309574e-01
0.000000e+00 1.760000e+00 1.720947e+00 1.546711e+00 0.000000e+00 -1.234227e-01
0.000000e+00 1.815000e+00 1.698289e+00 1.519605e+00 0.000000e+00 -1.163981e-01
0.000000e+00 1.870000e+00 1.677107e+00 1.494382e+00 0.000000e+00 -1.098189e-01
0.000000e+00 1.925000e+00 1.657291e+00 1.470885e+00 0.000000e+00 -1.036342e-01
0.000000e+00 1.980000e+00 1.638715e+00 1.448945e+00 0.000000e+00 -9.781446e-02
0.000000e+00 2.035000e+00 1.621247e+00 1.428390e+00 0.000000e+00 -9.234501e-02
0.000000e+00 2.090000e+00 1.604771e+00 1.409070e+00 0.000000e+00 -8.721200e-02
0.000000e+00 2.145000e+00 1.589201e+00 1.390874e+00 0.000000e+00 -8.239197e-02
0.000000e+00 2.200000e+00 1.574480e+00 1.373723e+00 0.000000e+00 -7.785150e-02
0.000000e+00 2.255000e+00 1.560560e+00 1.357555e+00 0.000000e+00 -7.355688e-02
0.000000e+00 2.310000e+00 1.547383e+00 1.342296e+00 0.000000e+00 -6.948689e-02
0.000000e+00 2.365000e+00 1.534871e+00 1.327846e+00 0.000000e+00 -6.563897e-02
0.000000e+00 2.420000e+00 1.522932e+00 1.314094e+00 0.000000e+00 -6.202333e-02
0.000000e+00 2.475000e+00 1.511489e+00 1.300947e+00 0.000000e+00 -5.864738e-02
0.000000e+00 2.530000e+00 1.500497e+00 1.288350e+00 0.000000e+00 -5.550059e-02
0.000000e+00 2.585000e+00 1.489953e+00 1.276295e+00 0.000000e+00 -5.255070e-02
0.000000e+00 2.640000e+00 1.479873e+00 1.264797e+00 0.000000e+00 -4.975440e-02
0.000000e+00 2.695000e+00 1.470268e+00 1.253865e+00 0.000000e+00 -4.707500e-02
0.000000e+00 2.750000e+00 1.461124e+00 1.243479e+00 0.000000e+00 -4.449472e-02
0.000000e+00 2.805000e+00 1.452399e+00 1.233591e+00 0.000000e+00 -4.201441e-02
0.000000e+00 2.860000e+00 1.444046e+00 1.224141e+00 0.000000e+00 -3.964320e-02
0.000000e+00 2.915000e+00 1.436022e+00 1.215080e+00 0.000000e+00 -3.738730e-02
0.000000e+00 2.970000e+00 1.428298e+00 1.206375e+00 0.000000e+00 -3.524520e-02
0.000000e+00 3.025000e+00 1.420854e+00 1.198000e+00 0.000000e+00 -3.321047e-02
0.000000e+00 3.080000e+00 1.413671e+00 1.189933e+00 0.000000e+00 -3.127716e-02
0.000000e+00 3.135000e+00 1.406728e+00 1.182148e+00 0.000000e+00 -2.944252e-02
0.000000e+00 3.190000e+00 1.400002e+00 1.174618e+00 0.000000e+00 -2.770507e-02
0.000000e+00 3.245000e+00 1.393481e+00 1.167330e+00 0.000000e+00 -2.606030e-02
0.000000e+00 3.300000e+00 1.387166e+00 1.160282e+00 0.000000e+00 -2.449767e-02
0.000000e+00 3.355000e+00 1.381067e+00 1.153485e+00 0.000000e+00 -2.300112e-02
0.000000e+00 3.410000e+00 1.375199e+00 1.146956e+00 0.000000e+00 -2.155284e-02
0.000000e+00 3.465000e+00 1.369574e+00 1.140706e+00 0.000000e+00 -2.013815e-02
0.000000e+00 3.520000e+00 1.364190e+00 1.134730e+00 0.000000e+00 -1.874916e-02
0.000000e+00 3.575000e+00 1.359030e+00 1.129011e+00 0.000000e+00 -1.738604e-02
0.000000e+00 3.630000e+00 1.354067e+00 1.123518e+00 0.000000e+00 -1.605566e-02
0.000000e+00 3.685000e+00 1.349268e+00 1.118212e+00 0.000000e+00 -1.476857e-02
0.000000e+00 3.740000e+00 1.344600e+00 1.113057e+00 0.000000e+00 -1.353539e-02
0.000000e+00 3.795000e+00 1.340039e+00 1.108026e+00 0.000000e+00 -1.236362e-02
0.000000e+00 3.850000e+00 1.335569e+00 1.103101e+00 0.000000e+00 -1.125570e-02
0.000000e+00 3.905000e+00 1.331186e+00 1.098277e+00 0.000000e+00 -1.020849e-02
0.000000e+00 3.960000e+00 1.326897e+00 1.093562e+00 0.000000e+00 -9.214348e-03
0.000000e+00 4.015000e+00 1.322713e+00 1.088967e+00 0.000000e+00 -8.263130e-03
0.000000e+00 4.070000e+00 1.318645e+00 1.084504e+00 0.000000e+00 -7.344566e-03
0.000000e+00 4.125000e+00 1.314702e+00 1.080182e+00 0.000000e+00 -6.450117e-03
0.000000e+00 4.180000e+00 1.310889e+00 1.076008e+00 0.000000e+00 -5.573874e-03
0.000000e+00 4.235000e+00 1.307207e+00 1.071979e+00 0.000000e+00 -4.712501e-03
0.000000e+00 4.290000e+00 1.303652e+00 1.068094e+00 0.000000e+00 -3.864623e-03
0.000000e+00 4.345000e+00 1.300217e+00 1.064344e+00 0.000000e+00 -3.030202e-03
0.000000e+00 4.400000e+00 1.296896e+00 1.060720e+00 0.000000e+00 -2.210255e-03
0.000000e+00 4.455000e+00 1.293676e+00 1.057210e+00 0.000000e+00 -1.406887e-03
0.000000e+00 4.510000e+00 1.290544e+00 1.053799e+00 0.000000e+00 -6.233896e-04
0.000000e+00 4.565000e+00 1.287485e+00 1.050470e+00 0.000000e+00 1.359627e-04
0.000000e+00 4.620000e+00 1.284485e+00 1.047208e+00 0.000000e+00 8.665388e-04
0.000000e+00 4.675000e+00 1.281529e+00 1.043997e+00 0.000000e+00 1.564294e-03
0.000000e+00 4.730000e+00 1.278610e+00 1.040827e+00 0.000000e+00 2.226720e-03
0.000000e+00 4.785000e+00 1.275721e+00 1.037692e+00 0.000000e+00 2.853509e-03
0.000000e+00 4.840000e+00 1.272863e+00 1.034594e+00 0.000000e+00 3.446746e-03
0.000000e+00 4.895000e+00 1.270042e+00 1.031538e+00 0.000000e+00 4.010686e-03
0.000000e+00 4.950000e+00 1.267268e+00 1.028535e+00 0.000000e+00 4.551246e-03
0.000000e+00 5.005000e+00 1.264552e+00 1.025597e+00 0.000000e+00 5.075362e-03
0.000000e+00 5.060000e+00 1.261907e+00 1.022738e+00 0.000000e+00 5.590287e-03
0.000000e+00 5.115000e+00 1.259345e+00 1.019970e+00 0.000000e+00 6.102827e-03
0.000000e+00 5.170000e+00 1.256874e+00 1.017303e+00 0.000000e+00 6.618522e-03
0.000000e+00 5.225000e+00 1.254499e+00 1.014740e+00 0.000000e+00 7.140889e-03
0.000000e+00 5.280000e+00 1.252217e+00 1.012280e+00 0.000000e+00 7.670942e-03
0.000000e+00 5.335000e+00 1.250023e+00 1.009916e+00 0.000000e+00 8.207216e-03
0.000000e+00 5.390000e+00 1.247909e+00 1.007639e+00 0.000000e+00 8.746342e-03
0.000000e+00 5.445000e+00 1.245862e+00 1.005436e+00 0.000000e+00 9.284011e-03
0.000000e+00 5.500000e+00 1.243873e+00 1.003296e+00 0.000000e+00 9.815951e-03
0.000000e+00 5.555000e+00 1.241931e+00 1.001208e+00 0.000000e+00 1.033856e-02
0.000000e+00 5.610000e+00 1.240027e+00 9.991621e-01 0.000000e+00 1.084898e-02
0.000000e+00 5.665000e+00 1.238153e+00 9.971492e-01 0.000000e+00 1.134477e-02
0.000000e+00 5.720000e+00 1.236300e+00 9.951603e-01 0.000000e+00 1.182333e-02
0.000000e+00 5.775000e+00 1.234459e+00 9.931855e-01 0.000000e+00 1.228157e-02
0.000000e+00 5.830000e+00 1.232622e+00 9.912145e-01 0.000000e+00 1.271605e-02
0.000000e+00 5.885000e+00 1.230778e+00 9.892384e-01 0.000000e+00 1.312348e-02
0.000000e+00 5.940000e+00 1.228923e+00 9.872512e-01 0.000000e+00 1.350170e-02
0.000000e+00 5.995000e+00 1.227057e+00 9.852530e-01 0.000000e+00 1.385065e-02
0.000000e+00 6.050000e+00 1.225186e+00 9.832506e-01 0.000000e+00 1.417310e-02
0.000000e+00 6.105000e+00 1.223323e+00 9.812578e-01 0.000000e+00 1.447481e-02
0.000000e+00 6.160000e+00 1.221486e+00 9.792927e-01 0.000000e+00 1.476390e-02
0.000000e+00 6.215000e+00 1.219691e+00 9.773749e-01 0.000000e+00 1.504952e-02
0.000000e+00 6.270000e+00 1.217955e+00 9.755207e-01 0.000000e+00 1.534010e-02
0.000000e+00 6.325000e+00 1.216288e+00 9.737401e-01 0.000000e+00 1.564151e-02
0.000000e+00 6.380000e+00 1.214689e+00 9.720341e-01 0.000000e+00 1.595573e-02
0.000000e+00 6.435000e+00 1.213152e+00 9.703947e-01 0.000000e+00 1.628037e-02
0.000000e+00 6.490000e+00 1.211662e+00 9.688060e-01 0.000000e+00 1.660932e-02
0.000000e+00 6.545000e+00 1.210201e+00 9.672488e-01 0.000000e+00 1.693431e-02
0.000000e+00 6.600000e+00 1.208752e+00 9.657045e-01 0.000000e+00 1.724705e-02
0.000000e+00 6.655000e+00 1.207301e+00 9.641596e-01 0.000000e+00 1.754131e-02
0.000000e+00 6.710000e+00 1.205845e+00 9.626093e-01 0.000000e+00 1.781445e-02
0.000000e+00 6.765000e+00 1.204387e+00 9.610579e-01 0.000000e+00 1.806789e-02
0.000000e+00 6.820000e+00 1.202938e+00 9.595167e-01 0.000000e+00 1.830647e-02
0.000000e+00 6.875000e+00 1.201512e+00 9.580000e-01 0.000000e+00 1.853685e-02
0.000000e+00 6.930000e+00 1.200120e+00 9.565201e-01 0.000000e+00 1.876540e-02
0.000000e+00 6.985000e+00 1.198767e+00 9.550831e-01 0.000000e+00 1.899615e-02
0.000000e+00 7.040000e+00 1.197453e+00 9.536869e-01 0.000000e+00 1.922952e-02
0.000000e+00 7.095000e+00 1.196167e+00 9.523215e-01 0.000000e+00 1.946212e-02
0.000000e+00 7.150000e+00 1.194895e+00 9.509724e-01 0.000000e+00 1.968775e-02
0.000000e+00 7.205000e+00 1.193625e+00 9.496242e-01 0.000000e+00 1.989919e-02
0.000000e+00 7.260000e+00 1.192343e+00 9.482646e-01 0.000000e+00 2.009019e-02
0.000000e+00 7.315000e+00 1.191044e+00 9.468875e-01 0.000000e+00 2.025706e-02
0.000000e+00 7.370000e+00 1.189728e+00 9.454932e-01 0.000000e+00 2.039928e-02
0.000000e+00 7.425000e+00 1.188402e+00 9.440878e-01 0.000000e+00 2.051935e-02
0.000000e+00 7.480000e+00 1.187074e+00 9.426813e-01 0.000000e+00 2.062176e-02
0.000000e+00 7.535000e+00 1.185754e+00 9.412844e-01 0.000000e+00 2.071170e-02
0.000000e+00 7.590000e+00 1.184452e+00 9.399064e-01 0.000000e+00 2.079377e-02
0.000000e+00 7.645000e+00 1.183172e+00 9.385528e-01 0.000000e+00 2.087092e-02
0.000000e+00 7.700000e+00 1.181916e+00 9.372248e-01 0.000000e+00 2.094389e-02
0.000000e+00 7.755000e+00 1.180681e+00 9.359186e-01 0.000000e+00 2.101103e-02
0.000000e+00 7.810000e+00 1.179457e+00 9.346256e-01 0.000000e+00 2.106837e-02
0.000000e+00 7.865000e+00 1.178234e+00 9.333340e-01 0.000000e+00 2.111011e-02
0.000000e+00 7.920000e+00 1.177000e+00 9.320307e-01 0.000000e+00 2.112936e-02
0.000000e+00 7.975000e+00 1.175743e+00 9.307037e-01 0.000000e+00 2.111933e-02
0.000000e+00 8.030000e+00 1.174455e+00 9.293444e-01 0.000000e+00 2.107478e-02
0.000000e+00 8.085000e+00 1.173133e+00 9.279496e-01 0.000000e+00 2.099296e-02
0.000000e+00 8.140000e+00 1.171778e+00 9.265206e-01 0.000000e+00 2.087370e-02
0.000000e+00 8.195000e+00 1.170393e+00 9.250614e-01 0.000000e+00 2.071846e-02
0.000000e+00 8.250000e+00 1.168984e+00 9.235762e-01 0.000000e+00 2.052862e-02
0.000000e+00 8.305000e+00 1.167549e+00 9.220651e-01 0.000000e+00 2.030290e-02
0.000000e+00 8.360000e+00 1.166082e+00 9.205212e-01 0.000000e+00 2.003441e-02
0.000000e+00 8.415000e+00 1.164571e+00 9.189306e-01 0.000000e+00 1.971064e-02
0.000000e+00 8.470000e+00 1.162999e+00 9.172771e-01 0.000000e+00 1.931810e-02
0.000000e+00 8.525000e+00 1.161354e+00 9.155475e-01 0.000000e+00 1.884600e-02
0.000000e+00 8.580000e+00 1.159615e+00 9.137199e-01 0.000000e+00 1.827743e-02
0.000000e+00 8.635000e+00 1.157732e+00 9.117430e-01 0.000000e+00 1.757112e-02
0.000000e+00 8.690000e+00 1.155634e+00 9.095407e-01 0.000000e+00 1.666500e-02
0.000000e+00 8.745000e+00 1.153278e+00 9.070690e-01 0.000000e+00 1.552333e-02
0.000000e+00 8.800000e+00 1.150691e+00 9.043565e-01 0.000000e+00 1.417118e-02
0.000000e+00 8.855000e+00 1.147866e+00 9.013980e-01 0.000000e+00 1.260428e-02
0.000000e+00 8.910000e+00 1.144525e+00 8.979011e-01 0.000000e+00 1.057749e-02
0.000000e+00 8.965000e+00 1.140001e+00 8.931724e-01 0.000000e+00 7.489933e-03
0.000000e+00 9.020000e+00 1.133606e+00 8.864994e-01 0.000000e+00 2.728342e-03
0.000000e+00 9.075000e+00 1.125496e+00 8.780536e-01 0.000000e+00 -3.580349e-03
0.000000e+00 9.130000e+00 1.116683e+00 8.688976e-01 0.000000e+00 -1.053524e-02
0.000000e+00 9.185000e+00 1.108380e+00 8.602938e-01 0.000000e+00 -1.703194e-02
0.000000e+00 9.240000e+00 1.101445e+00 8.531241e-01 0.000000e+00 -2.226976e-02
0.000000e+00 9.295000e+00 1.096065e+00 8.475718e-01 0.000000e+00 -2.605819e-02
0.000000e+00 9.350000e+00 1.091844e+00 8.432225e-01 0.000000e+00 -2.874450e-02
0.000000e+00 9.405000e+00 1.088285e+00 8.395589e-01 0.000000e+00 -3.078225e-02
0.000000e+00 9.460000e+00 1.085093e+00 8.362770e-01 0.000000e+00 -3.245032e-02
0.000000e+00 9.515000e+00 1.082183e+00 8.332875e-01 0.000000e+00 -3.384958e-02
0.000000e+00 9.570000e+00 1.079533e+00 8.305705e-01 0.000000e+00 -3.503153e-02
0.000000e+00 9.625000e+00 1.077139e+00 8.281213e-01 0.000000e+00 -3.604039e-02
0.000000e+00 9.680000e+00 1.074943e+00 8.258822e-01 0.000000e+00 -3.696390e-02
0.000000e+00 9.735000e+00 1.072940e+00 8.238463e-01 0.000000e+00 -3.783178e-02
0.000000e+00 9.790000e+00 1.071042e+00 8.219221e-01 0.000000e+00 -3.873566e-02
0.000000e+00 9.845000e+00 1.069323e+00 8.201807e-01 0.000000e+00 -3.959889e-02
0.000000e+00 9.900000e+00 1.067615e+00 8.184429e-01 0.000000e+00 -4.056137e-02
0.000000e+00 9.955000e+00 1.066259e+00 8.170509e-01 0.000000e+00 -4.126841e-02
0.000000e+00 1.001000e+01 1.103350e+00 8.550910e-01 -0.000000e+00 -6.410000e-03
0.000000e+00 1.006500e+01 1.103350e+00 8.550910e-01 -0.000000e+00 -6.410000e-03
0.000000e+00 1.012000e+01 1.103350e+00 8.550910e-01 -0.000000e+00 -6.410000e-03
0.000000e+00 1.017500e+01 1.103350e+00 8.550910e-01 -0.000000e+00 -6.410000e-03
0.000000e+00 1.023000e+01 1.103350e+00 8.550910e-01 -0.000000e+00 -6.410000e-03
0.000000e+00 1.028500e+01 1.103350e+00 8.550910e-01 -0.000000e+00 -6.410000e-03
0.000000e+00 1.034000e+01 1.103350e+00 8.550910e-01 -0.000000e+00 -6.410000e-03
0.000000e+00 1.039500e+01 1.103350e+00 8.550910e-01 -0.000000e+00 -6.410000e-03
0.000000e+00 1.045000e+01 1.103350e+00 8.550910e-01 -0.000000e+00 -6.410000e-03
0.000000e+00 1.050500e+01 1.103350e+00 8.550910e-01 -0.000000e+00 -6.410000e-03
0.000000e+00 1.056000e+01 1.103350e+00 8.550910e-01 -0.000000e+00 -6.410000e-03
0.000000e+00 1.061500e+01 1.103350e+00 8.550910e-01 -0.000000e+00 -6.410000e-03
0.000000e+00 1.067000e+01 1.103350e+00 8.550910e-01 -0.000000e+00 -6.410000e-03
0.000000e+00 1.072500e+01 1.103350e+00 8.550910e-01 -0.000000e+00 -6.410000e-03
0.000000e+00 1.078000e+01 1.103350e+00 8.550910e-01 -0.000000e+00 -6.410000e-03
0.000000e+00 1.083500e+01 1.103350e+00 8.550910e-01 -0.000000e+00 -6.410000e-03
0.000000e+00 1.089000e+01 1.103350e+00 8.550910e-01 -0.000000e+00 -6.410000e-03
0.000000e+00 1.094500e+01 1.103350e+00 8.550910e-01 -0.000000e+00 -6.410000e-03
0.000000e+00 1.100000e+01 1.103350e+00 8.550910e-01 -0.000000e+00 -6.410000e-03
