#############TIME##################
1.520418e+01 
###################################
0.000000e+00 0.000000e+00 8.700001e+00 1.347572e+01 0.000000e+00 -1.462856e+00
0.000000e+00 5.500000e-02 8.700001e+00 1.347572e+01 0.000000e+00 -1.462856e+00
0.000000e+00 1.100000e-01 8.700001e+00 1.347572e+01 0.000000e+00 -1.462856e+00
0.000000e+00 1.650000e-01 8.700001e+00 1.347572e+01 0.000000e+00 -1.462856e+00
0.000000e+00 2.200000e-01 8.699710e+00 1.347510e+01 0.000000e+00 -1.462874e+00
0.000000e+00 2.750000e-01 6.785677e+00 9.604736e+00 0.000000e+00 -1.262860e+00
0.000000e+00 3.300000e-01 5.650100e+00 7.546307e+00 0.000000e+00 -1.078647e+00
0.000000e+00 3.850000e-01 4.871833e+00 6.196531e+00 0.000000e+00 -9.368062e-01
0.000000e+00 4.400000e-01 4.300710e+00 5.251716e+00 0.000000e+00 -8.206782e-01
0.000000e+00 4.950000e-01 3.868826e+00 4.561579e+00 0.000000e+00 -7.272353e-01
0.000000e+00 5.500000e-01 3.529401e+00 4.036464e+00 0.000000e+00 -6.495477e-01
0.000000e+00 6.050000e-01 3.257634e+00 3.627642e+00 0.000000e+00 -5.847125e-01
0.000000e+00 6.600000e-01 3.035083e+00 3.300829e+00 0.000000e+00 -5.295317e-01
0.000000e+00 7.150000e-01 2.850172e+00 3.035198e+00 0.000000e+00 -4.822859e-01
0.000000e+00 7.700000e-01 2.694123e+00 2.815328e+00 0.000000e+00 -4.413093e-01
0.000000e+00 8.250000e-01 2.560970e+00 2.630989e+00 0.000000e+00 -4.055579e-01
0.000000e+00 8.800000e-01 2.446046e+00 2.474404e+00 0.000000e+00 -3.740746e-01
0.000000e+00 9.350000e-01 2.345988e+00 2.340047e+00 0.000000e+00 -3.461949e-01
0.000000e+00 9.900000e-01 2.258124e+00 2.223630e+00 0.000000e+00 -3.213404e-01
0.000000e+00 1.045000e+00 2.180420e+00 2.121936e+00 0.000000e+00 -2.990790e-01
0.000000e+00 1.100000e+00 2.111240e+00 2.032422e+00 0.000000e+00 -2.790423e-01
0.000000e+00 1.155000e+00 2.049292e+00 1.953105e+00 0.000000e+00 -2.609381e-01
0.000000e+00 1.210000e+00 1.993519e+00 1.882391e+00 0.000000e+00 -2.445176e-01
0.000000e+00 1.265000e+00 1.943065e+00 1.818998e+00 0.000000e+00 -2.295752e-01
0.000000e+00 1.320000e+00 1.897220e+00 1.761882e+00 0.000000e+00 -2.159346e-01
0.000000e+00 1.375000e+00 1.855394e+00 1.710182e+00 0.000000e+00 -2.034469e-01
0.000000e+00 1.430000e+00 1.817092e+00 1.663186e+00 0.000000e+00 -1.919836e-01
0.000000e+00 1.485000e+00 1.781895e+00 1.620299e+00 0.000000e+00 -1.814340e-01
0.000000e+00 1.540000e+00 1.749447e+00 1.581018e+00 0.000000e+00 -1.717009e-01
0.000000e+00 1.595000e+00 1.719443e+00 1.544923e+00 0.000000e+00 -1.626984e-01
0.000000e+00 1.650000e+00 1.691622e+00 1.511652e+00 0.000000e+00 -1.543509e-01
0.000000e+00 1.705000e+00 1.665761e+00 1.480899e+00 0.000000e+00 -1.465928e-01
0.000000e+00 1.760000e+00 1.641664e+00 1.452397e+00 0.000000e+00 -1.393687e-01
0.000000e+00 1.815000e+00 1.619164e+00 1.425915e+00 0.000000e+00 -1.326318e-01
0.000000e+00 1.870000e+00 1.598112e+00 1.401251e+00 0.000000e+00 -1.263408e-01
0.000000e+00 1.925000e+00 1.578374e+00 1.378227e+00 0.000000e+00 -1.204583e-01
0.000000e+00 1.980000e+00 1.559835e+00 1.356689e+00 0.000000e+00 -1.149501e-01
0.000000e+00 2.035000e+00 1.542392e+00 1.336502e+00 0.000000e+00 -1.097849e-01
0.000000e+00 2.090000e+00 1.525951e+00 1.317546e+00 0.000000e+00 -1.049339e-01
0.000000e+00 2.145000e+00 1.510432e+00 1.299714e+00 0.000000e+00 -1.003713e-01
0.000000e+00 2.200000e+00 1.495761e+00 1.282911e+00 0.000000e+00 -9.607382e-02
0.000000e+00 2.255000e+00 1.481870e+00 1.267053e+00 0.000000e+00 -9.202044e-02
0.000000e+00 2.310000e+00 1.468699e+00 1.252064e+00 0.000000e+00 -8.819232e-02
0.000000e+00 2.365000e+00 1.456196e+00 1.237875e+00 0.000000e+00 -8.457238e-02
0.000000e+00 2.420000e+00 1.444312e+00 1.224425e+00 0.000000e+00 -8.114508e-02
0.000000e+00 2.475000e+00 1.433002e+00 1.211661e+00 0.000000e+00 -7.789632e-02
0.000000e+00 2.530000e+00 1.422228e+00 1.199532e+00 0.000000e+00 -7.481329e-02
0.000000e+00 2.585000e+00 1.411954e+00 1.187994e+00 0.000000e+00 -7.188440e-02
0.000000e+00 2.640000e+00 1.402147e+00 1.177006e+00 0.000000e+00 -6.909917e-02
0.000000e+00 2.695000e+00 1.392777e+00 1.166532e+00 0.000000e+00 -6.644803e-02
0.000000e+00 2.750000e+00 1.383815e+00 1.156537e+00 0.000000e+00 -6.392217e-02
0.000000e+00 2.805000e+00 1.375237e+00 1.146989e+00 0.000000e+00 -6.151338e-02
0.000000e+00 2.860000e+00 1.367019e+00 1.137860e+00 0.000000e+00 -5.921392e-02
0.000000e+00 2.915000e+00 1.359139e+00 1.129125e+00 0.000000e+00 -5.701655e-02
0.000000e+00 2.970000e+00 1.351577e+00 1.120757e+00 0.000000e+00 -5.491454e-02
0.000000e+00 3.025000e+00 1.344315e+00 1.112736e+00 0.000000e+00 -5.290175e-02
0.000000e+00 3.080000e+00 1.337336e+00 1.105041e+00 0.000000e+00 -5.097267e-02
0.000000e+00 3.135000e+00 1.330624e+00 1.097654e+00 0.000000e+00 -4.912239e-02
0.000000e+00 3.190000e+00 1.324165e+00 1.090556e+00 0.000000e+00 -4.734644e-02
0.000000e+00 3.245000e+00 1.317946e+00 1.083733e+00 0.000000e+00 -4.564072e-02
0.000000e+00 3.300000e+00 1.311955e+00 1.077170e+00 0.000000e+00 -4.400127e-02
0.000000e+00 3.355000e+00 1.306179e+00 1.070852e+00 0.000000e+00 -4.242428e-02
0.000000e+00 3.410000e+00 1.300609e+00 1.064768e+00 0.000000e+00 -4.090603e-02
0.000000e+00 3.465000e+00 1.295233e+00 1.058904e+00 0.000000e+00 -3.944297e-02
0.000000e+00 3.520000e+00 1.290042e+00 1.053249e+00 0.000000e+00 -3.803180e-02
0.000000e+00 3.575000e+00 1.285027e+00 1.047794e+00 0.000000e+00 -3.666953e-02
0.000000e+00 3.630000e+00 1.280181e+00 1.042529e+00 0.000000e+00 -3.535349e-02
0.000000e+00 3.685000e+00 1.275495e+00 1.037445e+00 0.000000e+00 -3.408128e-02
0.000000e+00 3.740000e+00 1.270963e+00 1.032533e+00 0.000000e+00 -3.285066e-02
0.000000e+00 3.795000e+00 1.266579e+00 1.027787e+00 0.000000e+00 -3.165945e-02
0.000000e+00 3.850000e+00 1.262335e+00 1.023198e+00 0.000000e+00 -3.050553e-02
0.000000e+00 3.905000e+00 1.258225e+00 1.018759e+00 0.000000e+00 -2.938683e-02
0.000000e+00 3.960000e+00 1.254243e+00 1.014462e+00 0.000000e+00 -2.830144e-02
0.000000e+00 4.015000e+00 1.250383e+00 1.010302e+00 0.000000e+00 -2.724763e-02
0.000000e+00 4.070000e+00 1.246641e+00 1.006273e+00 0.000000e+00 -2.622382e-02
0.000000e+00 4.125000e+00 1.243013e+00 1.002370e+00 0.000000e+00 -2.522848e-02
0.000000e+00 4.180000e+00 1.239496e+00 9.985905e-01 0.000000e+00 -2.426004e-02
0.000000e+00 4.235000e+00 1.236086e+00 9.949296e-01 0.000000e+00 -2.331690e-02
0.000000e+00 4.290000e+00 1.232780e+00 9.913829e-01 0.000000e+00 -2.239752e-02
0.000000e+00 4.345000e+00 1.229572e+00 9.879451e-01 0.000000e+00 -2.150057e-02
0.000000e+00 4.400000e+00 1.226459e+00 9.846108e-01 0.000000e+00 -2.062504e-02
0.000000e+00 4.455000e+00 1.223435e+00 9.813752e-01 0.000000e+00 -1.977010e-02
0.000000e+00 4.510000e+00 1.220497e+00 9.782345e-01 0.000000e+00 -1.893500e-02
0.000000e+00 4.565000e+00 1.217642e+00 9.751856e-01 0.000000e+00 -1.811899e-02
0.000000e+00 4.620000e+00 1.214870e+00 9.722261e-01 0.000000e+00 -1.732130e-02
0.000000e+00 4.675000e+00 1.212176e+00 9.693533e-01 0.000000e+00 -1.654110e-02
0.000000e+00 4.730000e+00 1.209560e+00 9.665646e-01 0.000000e+00 -1.577726e-02
0.000000e+00 4.785000e+00 1.207018e+00 9.638578e-01 0.000000e+00 -1.502810e-02
0.000000e+00 4.840000e+00 1.204551e+00 9.612317e-01 0.000000e+00 -1.429137e-02
0.000000e+00 4.895000e+00 1.202157e+00 9.586857e-01 0.000000e+00 -1.356489e-02
0.000000e+00 4.950000e+00 1.199836e+00 9.562186e-01 0.000000e+00 -1.284760e-02
0.000000e+00 5.005000e+00 1.197585e+00 9.538272e-01 0.000000e+00 -1.214034e-02
0.000000e+00 5.060000e+00 1.195399e+00 9.515061e-01 0.000000e+00 -1.144560e-02
0.000000e+00 5.115000e+00 1.193272e+00 9.492494e-01 0.000000e+00 -1.076598e-02
0.000000e+00 5.170000e+00 1.191200e+00 9.470526e-01 0.000000e+00 -1.010229e-02
0.000000e+00 5.225000e+00 1.189183e+00 9.449146e-01 0.000000e+00 -9.452603e-03
0.000000e+00 5.280000e+00 1.187221e+00 9.428371e-01 0.000000e+00 -8.812894e-03
0.000000e+00 5.335000e+00 1.185318e+00 9.408230e-01 0.000000e+00 -8.178863e-03
0.000000e+00 5.390000e+00 1.183476e+00 9.388739e-01 0.000000e+00 -7.547675e-03
0.000000e+00 5.445000e+00 1.181694e+00 9.369898e-01 0.000000e+00 -6.918492e-03
0.000000e+00 5.500000e+00 1.179972e+00 9.351692e-01 0.000000e+00 -6.291893e-03
0.000000e+00 5.555000e+00 1.178307e+00 9.334100e-01 0.000000e+00 -5.669104e-03
0.000000e+00 5.610000e+00 1.176696e+00 9.317095e-01 0.000000e+00 -5.051862e-03
0.000000e+00 5.665000e+00 1.175137e+00 9.300634e-01 0.000000e+00 -4.442717e-03
0.000000e+00 5.720000e+00 1.173623e+00 9.284657e-01 0.000000e+00 -3.844828e-03
0.000000e+00 5.775000e+00 1.172147e+00 9.269098e-01 0.000000e+00 -3.260658e-03
0.000000e+00 5.830000e+00 1.170707e+00 9.253913e-01 0.000000e+00 -2.690232e-03
0.000000e+00 5.885000e+00 1.169302e+00 9.239112e-01 0.000000e+00 -2.130504e-03
0.000000e+00 5.940000e+00 1.167939e+00 9.224758e-01 0.000000e+00 -1.576817e-03
0.000000e+00 5.995000e+00 1.166627e+00 9.210943e-01 0.000000e+00 -1.025780e-03
0.000000e+00 6.050000e+00 1.165373e+00 9.197740e-01 0.000000e+00 -4.774835e-04
0.000000e+00 6.105000e+00 1.164176e+00 9.185152e-01 0.000000e+00 6.474914e-05
0.000000e+00 6.160000e+00 1.163030e+00 9.173094e-01 0.000000e+00 5.971247e-04
0.000000e+00 6.215000e+00 1.161919e+00 9.161412e-01 0.000000e+00 1.118732e-03
0.000000e+00 6.270000e+00 1.160827e+00 9.149933e-01 0.000000e+00 1.632780e-03
0.000000e+00 6.325000e+00 1.159743e+00 9.138546e-01 0.000000e+00 2.144034e-03
0.000000e+00 6.380000e+00 1.158670e+00 9.127269e-01 0.000000e+00 2.653076e-03
0.000000e+00 6.435000e+00 1.157625e+00 9.116295e-01 0.000000e+00 3.150690e-03
0.000000e+00 6.490000e+00 1.156641e+00 9.105963e-01 0.000000e+00 3.617139e-03
0.000000e+00 6.545000e+00 1.155751e+00 9.096623e-01 0.000000e+00 4.029985e-03
0.000000e+00 6.600000e+00 1.154969e+00 9.088418e-01 0.000000e+00 4.379419e-03
0.000000e+00 6.655000e+00 1.154270e+00 9.081089e-01 0.000000e+00 4.682154e-03
0.000000e+00 6.710000e+00 1.153593e+00 9.073987e-01 0.000000e+00 4.979864e-03
0.000000e+00 6.765000e+00 1.152866e+00 9.066362e-01 0.000000e+00 5.317007e-03
0.000000e+00 6.820000e+00 1.152051e+00 9.057821e-01 0.000000e+00 5.709839e-03
0.000000e+00 6.875000e+00 1.151173e+00 9.048620e-01 0.000000e+00 6.129793e-03
0.000000e+00 6.930000e+00 1.150309e+00 9.039566e-01 0.000000e+00 6.517008e-03
0.000000e+00 6.985000e+00 1.149547e+00 9.031580e-01 0.000000e+00 6.815726e-03
0.000000e+00 7.040000e+00 1.148933e+00 9.025144e-01 0.000000e+00 7.011033e-03
0.000000e+00 7.095000e+00 1.148440e+00 9.019987e-01 0.000000e+00 7.143229e-03
0.000000e+00 7.150000e+00 1.147988e+00 9.015254e-01 0.000000e+00 7.284179e-03
0.000000e+00 7.205000e+00 1.147488e+00 9.010018e-01 0.000000e+00 7.491757e-03
0.000000e+00 7.260000e+00 1.146894e+00 9.003801e-01 0.000000e+00 7.774256e-03
0.000000e+00 7.315000e+00 1.146221e+00 8.996753e-01 0.000000e+00 8.086998e-03
0.000000e+00 7.370000e+00 1.145523e+00 8.989451e-01 0.000000e+00 8.363717e-03
0.000000e+00 7.425000e+00 1.144861e+00 8.982522e-01 0.000000e+00 8.557898e-03
0.000000e+00 7.480000e+00 1.144270e+00 8.976340e-01 0.000000e+00 8.667719e-03
0.000000e+00 7.535000e+00 1.143752e+00 8.970921e-01 0.000000e+00 8.732981e-03
0.000000e+00 7.590000e+00 1.143283e+00 8.966018e-01 0.000000e+00 8.807999e-03
0.000000e+00 7.645000e+00 1.142830e+00 8.961285e-01 0.000000e+00 8.929991e-03
0.000000e+00 7.700000e+00 1.142363e+00 8.956404e-01 0.000000e+00 9.102967e-03
0.000000e+00 7.755000e+00 1.141862e+00 8.951170e-01 0.000000e+00 9.302807e-03
0.000000e+00 7.810000e+00 1.141324e+00 8.945543e-01 0.000000e+00 9.496317e-03
0.000000e+00 7.865000e+00 1.140761e+00 8.939658e-01 0.000000e+00 9.660972e-03
0.000000e+00 7.920000e+00 1.140197e+00 8.933770e-01 0.000000e+00 9.794293e-03
0.000000e+00 7.975000e+00 1.139659e+00 8.928148e-01 0.000000e+00 9.910311e-03
0.000000e+00 8.030000e+00 1.139162e+00 8.922954e-01 0.000000e+00 1.002767e-02
0.000000e+00 8.085000e+00 1.138705e+00 8.918180e-01 0.000000e+00 1.015744e-02
0.000000e+00 8.140000e+00 1.138272e+00 8.913660e-01 0.000000e+00 1.029791e-02
0.000000e+00 8.195000e+00 1.137841e+00 8.909163e-01 0.000000e+00 1.043840e-02
0.000000e+00 8.250000e+00 1.137395e+00 8.904507e-01 0.000000e+00 1.056816e-02
0.000000e+00 8.305000e+00 1.136928e+00 8.899628e-01 0.000000e+00 1.068360e-02
0.000000e+00 8.360000e+00 1.136445e+00 8.894595e-01 0.000000e+00 1.078995e-02
0.000000e+00 8.415000e+00 1.135962e+00 8.889550e-01 0.000000e+00 1.089723e-02
0.000000e+00 8.470000e+00 1.135491e+00 8.884636e-01 0.000000e+00 1.101418e-02
0.000000e+00 8.525000e+00 1.135040e+00 8.879936e-01 0.000000e+00 1.114380e-02
0.000000e+00 8.580000e+00 1.134611e+00 8.875459e-01 0.000000e+00 1.128250e-02
0.000000e+00 8.635000e+00 1.134199e+00 8.871158e-01 0.000000e+00 1.142242e-02
0.000000e+00 8.690000e+00 1.133796e+00 8.866962e-01 0.000000e+00 1.155506e-02
0.000000e+00 8.745000e+00 1.133398e+00 8.862805e-01 0.000000e+00 1.167462e-02
0.000000e+00 8.800000e+00 1.132998e+00 8.858642e-01 0.000000e+00 1.177995e-02
0.000000e+00 8.855000e+00 1.132597e+00 8.854457e-01 0.000000e+00 1.187510e-02
0.000000e+00 8.910000e+00 1.132195e+00 8.850264e-01 0.000000e+00 1.196820e-02
0.000000e+00 8.965000e+00 1.131795e+00 8.846096e-01 0.000000e+00 1.206844e-02
0.000000e+00 9.020000e+00 1.131400e+00 8.841986e-01 0.000000e+00 1.218205e-02
0.000000e+00 9.075000e+00 1.131012e+00 8.837944e-01 0.000000e+00 1.230860e-02
0.000000e+00 9.130000e+00 1.130628e+00 8.833944e-01 0.000000e+00 1.244047e-02
0.000000e+00 9.185000e+00 1.130243e+00 8.829931e-01 0.000000e+00 1.256661e-02
0.000000e+00 9.240000e+00 1.129851e+00 8.825852e-01 0.000000e+00 1.267986e-02
0.000000e+00 9.295000e+00 1.129452e+00 8.821696e-01 0.000000e+00 1.278342e-02
0.000000e+00 9.350000e+00 1.129051e+00 8.817519e-01 0.000000e+00 1.289278e-02
0.000000e+00 9.405000e+00 1.128658e+00 8.813427e-01 0.000000e+00 1.302933e-02
0.000000e+00 9.460000e+00 1.128286e+00 8.809548e-01 0.000000e+00 1.321170e-02
0.000000e+00 9.515000e+00 1.127942e+00 8.805951e-01 0.000000e+00 1.344483e-02
0.000000e+00 9.570000e+00 1.127626e+00 8.802652e-01 0.000000e+00 1.371818e-02
0.000000e+00 9.625000e+00 1.127325e+00 8.799530e-01 0.000000e+00 1.399354e-02
0.000000e+00 9.680000e+00 1.127027e+00 8.796482e-01 0.000000e+00 1.421102e-02
0.000000e+00 9.735000e+00 1.126704e+00 8.793267e-01 0.000000e+00 1.427893e-02
0.000000e+00 9.790000e+00 1.126364e+00 8.789926e-01 0.000000e+00 1.415161e-02
0.000000e+00 9.845000e+00 1.125984e+00 8.786175e-01 0.000000e+00 1.383972e-02
0.000000e+00 9.900000e+00 1.125628e+00 8.782523e-01 0.000000e+00 1.353481e-02
0.000000e+00 9.955000e+00 1.125255e+00 8.778441e-01 0.000000e+00 1.337773e-02
0.000000e+00 1.001000e+01 1.103350e+00 8.550910e-01 -0.000000e+00 -6.410000e-03
0.000000e+00 1.006500e+01 1.103350e+00 8.550910e-01 -0.000000e+00 -6.410000e-03
0.000000e+00 1.012000e+01 1.103350e+00 8.550910e-01 -0.000000e+00 -6.410000e-03
0.000000e+00 1.017500e+01 1.103350e+00 8.550910e-01 -0.000000e+00 -6.410000e-03
0.000000e+00 1.023000e+01 1.103350e+00 8.550910e-01 -0.000000e+00 -6.410000e-03
0.000000e+00 1.028500e+01 1.103350e+00 8.550910e-01 -0.000000e+00 -6.410000e-03
0.000000e+00 1.034000e+01 1.103350e+00 8.550910e-01 -0.000000e+00 -6.410000e-03
0.000000e+00 1.039500e+01 1.103350e+00 8.550910e-01 -0.000000e+00 -6.410000e-03
0.000000e+00 1.045000e+01 1.103350e+00 8.550910e-01 -0.000000e+00 -6.410000e-03
0.000000e+00 1.050500e+01 1.103350e+00 8.550910e-01 -0.000000e+00 -6.410000e-03
0.000000e+00 1.056000e+01 1.103350e+00 8.550910e-01 -0.000000e+00 -6.410000e-03
0.000000e+00 1.061500e+01 1.103350e+00 8.550910e-01 -0.000000e+00 -6.410000e-03
0.000000e+00 1.067000e+01 1.103350e+00 8.550910e-01 -0.000000e+00 -6.410000e-03
0.000000e+00 1.072500e+01 1.103350e+00 8.550910e-01 -0.000000e+00 -6.410000e-03
0.000000e+00 1.078000e+01 1.103350e+00 8.550910e-01 -0.000000e+00 -6.410000e-03
0.000000e+00 1.083500e+01 1.103350e+00 8.550910e-01 -0.000000e+00 -6.410000e-03
0.000000e+00 1.089000e+01 1.103350e+00 8.550910e-01 -0.000000e+00 -6.410000e-03
0.000000e+00 1.094500e+01 1.103350e+00 8.550910e-01 -0.000000e+00 -6.410000e-03
0.000000e+00 1.100000e+01 1.103350e+00 8.550910e-01 -0.000000e+00 -6.410000e-03
