#############TIME##################
5.501429e+00 
###################################
0.000000e+00 0.000000e+00 9.591233e+00 1.532410e+01 0.000000e+00 -1.417923e+00
0.000000e+00 5.500000e-02 9.591233e+00 1.532410e+01 0.000000e+00 -1.417923e+00
0.000000e+00 1.100000e-01 9.591233e+00 1.532410e+01 0.000000e+00 -1.417923e+00
0.000000e+00 1.650000e-01 9.591233e+00 1.532410e+01 0.000000e+00 -1.417923e+00
0.000000e+00 2.200000e-01 9.591109e+00 1.532384e+01 0.000000e+00 -1.417925e+00
0.000000e+00 2.750000e-01 7.456941e+00 1.087745e+01 0.000000e+00 -1.228205e+00
0.000000e+00 3.300000e-01 6.192182e+00 8.512383e+00 0.000000e+00 -1.052365e+00
0.000000e+00 3.850000e-01 5.338799e+00 6.987623e+00 0.000000e+00 -9.144386e-01
0.000000e+00 4.400000e-01 4.717272e+00 5.928497e+00 0.000000e+00 -8.008021e-01
0.000000e+00 4.950000e-01 4.247837e+00 5.156582e+00 0.000000e+00 -7.090332e-01
0.000000e+00 5.500000e-01 3.879576e+00 4.570137e+00 0.000000e+00 -6.327847e-01
0.000000e+00 6.050000e-01 3.584600e+00 4.113507e+00 0.000000e+00 -5.691222e-01
0.000000e+00 6.600000e-01 3.343123e+00 3.748595e+00 0.000000e+00 -5.150129e-01
0.000000e+00 7.150000e-01 3.142426e+00 3.451870e+00 0.000000e+00 -4.687132e-01
0.000000e+00 7.700000e-01 2.973046e+00 3.206231e+00 0.000000e+00 -4.286187e-01
0.000000e+00 8.250000e-01 2.828472e+00 3.000184e+00 0.000000e+00 -3.936785e-01
0.000000e+00 8.800000e-01 2.703677e+00 2.825095e+00 0.000000e+00 -3.629611e-01
0.000000e+00 9.350000e-01 2.594995e+00 2.674776e+00 0.000000e+00 -3.358015e-01
0.000000e+00 9.900000e-01 2.499542e+00 2.544461e+00 0.000000e+00 -3.116332e-01
0.000000e+00 1.045000e+00 2.415108e+00 2.430557e+00 0.000000e+00 -2.900258e-01
0.000000e+00 1.100000e+00 2.339921e+00 2.330234e+00 0.000000e+00 -2.706168e-01
0.000000e+00 1.155000e+00 2.272578e+00 2.241279e+00 0.000000e+00 -2.531164e-01
0.000000e+00 1.210000e+00 2.211931e+00 2.161914e+00 0.000000e+00 -2.372796e-01
0.000000e+00 1.265000e+00 2.157051e+00 2.090709e+00 0.000000e+00 -2.229031e-01
0.000000e+00 1.320000e+00 2.107164e+00 2.026497e+00 0.000000e+00 -2.098139e-01
0.000000e+00 1.375000e+00 2.061632e+00 1.968317e+00 0.000000e+00 -1.978652e-01
0.000000e+00 1.430000e+00 2.019916e+00 1.915373e+00 0.000000e+00 -1.869311e-01
0.000000e+00 1.485000e+00 1.981563e+00 1.867000e+00 0.000000e+00 -1.769030e-01
0.000000e+00 1.540000e+00 1.946184e+00 1.822637e+00 0.000000e+00 -1.676868e-01
0.000000e+00 1.595000e+00 1.913447e+00 1.781813e+00 0.000000e+00 -1.591995e-01
0.000000e+00 1.650000e+00 1.883061e+00 1.744123e+00 0.000000e+00 -1.513678e-01
0.000000e+00 1.705000e+00 1.854775e+00 1.709224e+00 0.000000e+00 -1.441269e-01
0.000000e+00 1.760000e+00 1.828371e+00 1.676817e+00 0.000000e+00 -1.374205e-01
0.000000e+00 1.815000e+00 1.803660e+00 1.646643e+00 0.000000e+00 -1.312014e-01
0.000000e+00 1.870000e+00 1.780481e+00 1.618473e+00 0.000000e+00 -1.254299e-01
0.000000e+00 1.925000e+00 1.758689e+00 1.592108e+00 0.000000e+00 -1.200718e-01
0.000000e+00 1.980000e+00 1.738158e+00 1.567373e+00 0.000000e+00 -1.150961e-01
0.000000e+00 2.035000e+00 1.718775e+00 1.544113e+00 0.000000e+00 -1.104742e-01
0.000000e+00 2.090000e+00 1.700442e+00 1.522193e+00 0.000000e+00 -1.061797e-01
0.000000e+00 2.145000e+00 1.683069e+00 1.501493e+00 0.000000e+00 -1.021884e-01
0.000000e+00 2.200000e+00 1.666574e+00 1.481906e+00 0.000000e+00 -9.847901e-02
0.000000e+00 2.255000e+00 1.650883e+00 1.463333e+00 0.000000e+00 -9.503345e-02
0.000000e+00 2.310000e+00 1.635927e+00 1.445685e+00 0.000000e+00 -9.183618e-02
0.000000e+00 2.365000e+00 1.621643e+00 1.428881e+00 0.000000e+00 -8.887373e-02
0.000000e+00 2.420000e+00 1.607975e+00 1.412847e+00 0.000000e+00 -8.613417e-02
0.000000e+00 2.475000e+00 1.594871e+00 1.397516e+00 0.000000e+00 -8.360687e-02
0.000000e+00 2.530000e+00 1.582283e+00 1.382829e+00 0.000000e+00 -8.128243e-02
0.000000e+00 2.585000e+00 1.570167e+00 1.368731e+00 0.000000e+00 -7.915229e-02
0.000000e+00 2.640000e+00 1.558486e+00 1.355172e+00 0.000000e+00 -7.720824e-02
0.000000e+00 2.695000e+00 1.547205e+00 1.342109e+00 0.000000e+00 -7.544256e-02
0.000000e+00 2.750000e+00 1.536288e+00 1.329498e+00 0.000000e+00 -7.385002e-02
0.000000e+00 2.805000e+00 1.525695e+00 1.317291e+00 0.000000e+00 -7.243126e-02
0.000000e+00 2.860000e+00 1.515380e+00 1.305429e+00 0.000000e+00 -7.119514e-02
0.000000e+00 2.915000e+00 1.505285e+00 1.293848e+00 0.000000e+00 -7.015754e-02
0.000000e+00 2.970000e+00 1.495357e+00 1.282483e+00 0.000000e+00 -6.933658e-02
0.000000e+00 3.025000e+00 1.485547e+00 1.271278e+00 0.000000e+00 -6.874760e-02
0.000000e+00 3.080000e+00 1.475816e+00 1.260187e+00 0.000000e+00 -6.840213e-02
0.000000e+00 3.135000e+00 1.466122e+00 1.249163e+00 0.000000e+00 -6.831184e-02
0.000000e+00 3.190000e+00 1.456415e+00 1.238148e+00 0.000000e+00 -6.849458e-02
0.000000e+00 3.245000e+00 1.446635e+00 1.227075e+00 0.000000e+00 -6.897764e-02
0.000000e+00 3.300000e+00 1.436721e+00 1.215877e+00 0.000000e+00 -6.979432e-02
0.000000e+00 3.355000e+00 1.426632e+00 1.204505e+00 0.000000e+00 -7.097589e-02
0.000000e+00 3.410000e+00 1.416335e+00 1.192928e+00 0.000000e+00 -7.254992e-02
0.000000e+00 3.465000e+00 1.405775e+00 1.181084e+00 0.000000e+00 -7.455404e-02
0.000000e+00 3.520000e+00 1.394821e+00 1.168829e+00 0.000000e+00 -7.705569e-02
0.000000e+00 3.575000e+00 1.383263e+00 1.155935e+00 0.000000e+00 -8.015229e-02
0.000000e+00 3.630000e+00 1.370894e+00 1.142174e+00 0.000000e+00 -8.393947e-02
0.000000e+00 3.685000e+00 1.357630e+00 1.127464e+00 0.000000e+00 -8.847289e-02
0.000000e+00 3.740000e+00 1.343610e+00 1.111968e+00 0.000000e+00 -9.375808e-02
0.000000e+00 3.795000e+00 1.329204e+00 1.096100e+00 0.000000e+00 -9.975970e-02
0.000000e+00 3.850000e+00 1.314942e+00 1.080447e+00 0.000000e+00 -1.063890e-01
0.000000e+00 3.905000e+00 1.301362e+00 1.065596e+00 0.000000e+00 -1.134571e-01
0.000000e+00 3.960000e+00 1.288830e+00 1.051935e+00 0.000000e+00 -1.206346e-01
0.000000e+00 4.015000e+00 1.277397e+00 1.039511e+00 0.000000e+00 -1.274738e-01
0.000000e+00 4.070000e+00 1.266822e+00 1.028053e+00 0.000000e+00 -1.335123e-01
0.000000e+00 4.125000e+00 1.256735e+00 1.017153e+00 0.000000e+00 -1.384117e-01
0.000000e+00 4.180000e+00 1.246871e+00 1.006522e+00 0.000000e+00 -1.420651e-01
0.000000e+00 4.235000e+00 1.237210e+00 9.961373e-01 0.000000e+00 -1.446156e-01
0.000000e+00 4.290000e+00 1.227917e+00 9.861729e-01 0.000000e+00 -1.463520e-01
0.000000e+00 4.345000e+00 1.219172e+00 9.768200e-01 0.000000e+00 -1.475591e-01
0.000000e+00 4.400000e+00 1.211090e+00 9.681957e-01 0.000000e+00 -1.484468e-01
0.000000e+00 4.455000e+00 1.203701e+00 9.603272e-01 0.000000e+00 -1.491378e-01
0.000000e+00 4.510000e+00 1.196944e+00 9.531462e-01 0.000000e+00 -1.496598e-01
0.000000e+00 4.565000e+00 1.190707e+00 9.465295e-01 0.000000e+00 -1.499810e-01
0.000000e+00 4.620000e+00 1.184892e+00 9.403709e-01 0.000000e+00 -1.500740e-01
0.000000e+00 4.675000e+00 1.179441e+00 9.346076e-01 0.000000e+00 -1.499434e-01
0.000000e+00 4.730000e+00 1.174323e+00 9.292042e-01 0.000000e+00 -1.496149e-01
0.000000e+00 4.785000e+00 1.169513e+00 9.241327e-01 0.000000e+00 -1.491156e-01
0.000000e+00 4.840000e+00 1.164983e+00 9.193634e-01 0.000000e+00 -1.484642e-01
0.000000e+00 4.895000e+00 1.160710e+00 9.148700e-01 0.000000e+00 -1.476730e-01
0.000000e+00 4.950000e+00 1.156679e+00 9.106364e-01 0.000000e+00 -1.467565e-01
0.000000e+00 5.005000e+00 1.152884e+00 9.066552e-01 0.000000e+00 -1.457333e-01
0.000000e+00 5.060000e+00 1.149318e+00 9.029173e-01 0.000000e+00 -1.446208e-01
0.000000e+00 5.115000e+00 1.145962e+00 8.994045e-01 0.000000e+00 -1.434289e-01
0.000000e+00 5.170000e+00 1.142796e+00 8.960925e-01 0.000000e+00 -1.421613e-01
0.000000e+00 5.225000e+00 1.139799e+00 8.929609e-01 0.000000e+00 -1.408220e-01
0.000000e+00 5.280000e+00 1.136964e+00 8.899999e-01 0.000000e+00 -1.394194e-01
0.000000e+00 5.335000e+00 1.134287e+00 8.872076e-01 0.000000e+00 -1.379663e-01
0.000000e+00 5.390000e+00 1.131767e+00 8.845808e-01 0.000000e+00 -1.364738e-01
0.000000e+00 5.445000e+00 1.129394e+00 8.821083e-01 0.000000e+00 -1.349474e-01
0.000000e+00 5.500000e+00 1.127149e+00 8.797713e-01 0.000000e+00 -1.333874e-01
0.000000e+00 5.555000e+00 1.125013e+00 8.775492e-01 0.000000e+00 -1.317926e-01
0.000000e+00 5.610000e+00 1.122972e+00 8.754265e-01 0.000000e+00 -1.301641e-01
0.000000e+00 5.665000e+00 1.121018e+00 8.733960e-01 0.000000e+00 -1.285067e-01
0.000000e+00 5.720000e+00 1.119151e+00 8.714569e-01 0.000000e+00 -1.268275e-01
0.000000e+00 5.775000e+00 1.117373e+00 8.696119e-01 0.000000e+00 -1.251343e-01
0.000000e+00 5.830000e+00 1.115688e+00 8.678641e-01 0.000000e+00 -1.234340e-01
0.000000e+00 5.885000e+00 1.114097e+00 8.662144e-01 0.000000e+00 -1.217321e-01
0.000000e+00 5.940000e+00 1.112598e+00 8.646609e-01 0.000000e+00 -1.200322e-01
0.000000e+00 5.995000e+00 1.111187e+00 8.631988e-01 0.000000e+00 -1.183365e-01
0.000000e+00 6.050000e+00 1.109857e+00 8.618214e-01 0.000000e+00 -1.166461e-01
0.000000e+00 6.105000e+00 1.108601e+00 8.605208e-01 0.000000e+00 -1.149614e-01
0.000000e+00 6.160000e+00 1.107410e+00 8.592889e-01 0.000000e+00 -1.132827e-01
0.000000e+00 6.215000e+00 1.106278e+00 8.581183e-01 0.000000e+00 -1.116106e-01
0.000000e+00 6.270000e+00 1.105199e+00 8.570019e-01 0.000000e+00 -1.099457e-01
0.000000e+00 6.325000e+00 1.104165e+00 8.559337e-01 0.000000e+00 -1.082886e-01
0.000000e+00 6.380000e+00 1.103173e+00 8.549084e-01 0.000000e+00 -1.066400e-01
0.000000e+00 6.435000e+00 1.102218e+00 8.539217e-01 0.000000e+00 -1.050008e-01
0.000000e+00 6.490000e+00 1.101297e+00 8.529706e-01 0.000000e+00 -1.033720e-01
0.000000e+00 6.545000e+00 1.100409e+00 8.520528e-01 0.000000e+00 -1.017549e-01
0.000000e+00 6.600000e+00 1.099550e+00 8.511668e-01 0.000000e+00 -1.001509e-01
0.000000e+00 6.655000e+00 1.098722e+00 8.503116e-01 0.000000e+00 -9.856101e-02
0.000000e+00 6.710000e+00 1.097922e+00 8.494862e-01 0.000000e+00 -9.698646e-02
0.000000e+00 6.765000e+00 1.097150e+00 8.486899e-01 0.000000e+00 -9.542807e-02
0.000000e+00 6.820000e+00 1.096405e+00 8.479216e-01 0.000000e+00 -9.388649e-02
0.000000e+00 6.875000e+00 1.095686e+00 8.471804e-01 0.000000e+00 -9.236226e-02
0.000000e+00 6.930000e+00 1.094992e+00 8.464655e-01 0.000000e+00 -9.085584e-02
0.000000e+00 6.985000e+00 1.094323e+00 8.457759e-01 0.000000e+00 -8.936766e-02
0.000000e+00 7.040000e+00 1.093678e+00 8.451108e-01 0.000000e+00 -8.789807e-02
0.000000e+00 7.095000e+00 1.093055e+00 8.444693e-01 0.000000e+00 -8.644734e-02
0.000000e+00 7.150000e+00 1.092454e+00 8.438504e-01 0.000000e+00 -8.501565e-02
0.000000e+00 7.205000e+00 1.091874e+00 8.432529e-01 0.000000e+00 -8.360307e-02
0.000000e+00 7.260000e+00 1.091313e+00 8.426758e-01 0.000000e+00 -8.220963e-02
0.000000e+00 7.315000e+00 1.090771e+00 8.421179e-01 0.000000e+00 -8.083531e-02
0.000000e+00 7.370000e+00 1.090247e+00 8.415780e-01 0.000000e+00 -7.948003e-02
0.000000e+00 7.425000e+00 1.089739e+00 8.410551e-01 0.000000e+00 -7.814366e-02
0.000000e+00 7.480000e+00 1.089246e+00 8.405480e-01 0.000000e+00 -7.682602e-02
0.000000e+00 7.535000e+00 1.088767e+00 8.400557e-01 0.000000e+00 -7.552692e-02
0.000000e+00 7.590000e+00 1.088302e+00 8.395773e-01 0.000000e+00 -7.424622e-02
0.000000e+00 7.645000e+00 1.087850e+00 8.391121e-01 0.000000e+00 -7.298384e-02
0.000000e+00 7.700000e+00 1.087410e+00 8.386594e-01 0.000000e+00 -7.173973e-02
0.000000e+00 7.755000e+00 1.086981e+00 8.382186e-01 0.000000e+00 -7.051377e-02
0.000000e+00 7.810000e+00 1.086563e+00 8.377890e-01 0.000000e+00 -6.930576e-02
0.000000e+00 7.865000e+00 1.086156e+00 8.373700e-01 0.000000e+00 -6.811543e-02
0.000000e+00 7.920000e+00 1.085758e+00 8.369607e-01 0.000000e+00 -6.694246e-02
0.000000e+00 7.975000e+00 1.085368e+00 8.365607e-01 0.000000e+00 -6.578659e-02
0.000000e+00 8.030000e+00 1.084988e+00 8.361696e-01 0.000000e+00 -6.464765e-02
0.000000e+00 8.085000e+00 1.084615e+00 8.357869e-01 0.000000e+00 -6.352548e-02
0.000000e+00 8.140000e+00 1.084251e+00 8.354124e-01 0.000000e+00 -6.241994e-02
0.000000e+00 8.195000e+00 1.083894e+00 8.350457e-01 0.000000e+00 -6.133079e-02
0.000000e+00 8.250000e+00 1.083544e+00 8.346864e-01 0.000000e+00 -6.025774e-02
0.000000e+00 8.305000e+00 1.083201e+00 8.343343e-01 0.000000e+00 -5.920047e-02
0.000000e+00 8.360000e+00 1.082865e+00 8.339889e-01 0.000000e+00 -5.815869e-02
0.000000e+00 8.415000e+00 1.082535e+00 8.336500e-01 0.000000e+00 -5.713211e-02
0.000000e+00 8.470000e+00 1.082211e+00 8.333174e-01 0.000000e+00 -5.612050e-02
0.000000e+00 8.525000e+00 1.081893e+00 8.329909e-01 0.000000e+00 -5.512357e-02
0.000000e+00 8.580000e+00 1.081581e+00 8.326704e-01 0.000000e+00 -5.414107e-02
0.000000e+00 8.635000e+00 1.081274e+00 8.323557e-01 0.000000e+00 -5.317269e-02
0.000000e+00 8.690000e+00 1.080973e+00 8.320466e-01 0.000000e+00 -5.221810e-02
0.000000e+00 8.745000e+00 1.080677e+00 8.317429e-01 0.000000e+00 -5.127696e-02
0.000000e+00 8.800000e+00 1.080386e+00 8.314443e-01 0.000000e+00 -5.034888e-02
0.000000e+00 8.855000e+00 1.080100e+00 8.311508e-01 0.000000e+00 -4.943344e-02
0.000000e+00 8.910000e+00 1.079819e+00 8.308621e-01 0.000000e+00 -4.853017e-02
0.000000e+00 8.965000e+00 1.079542e+00 8.305781e-01 0.000000e+00 -4.763853e-02
0.000000e+00 9.020000e+00 1.079269e+00 8.302986e-01 0.000000e+00 -4.675799e-02
0.000000e+00 9.075000e+00 1.079001e+00 8.300236e-01 0.000000e+00 -4.588801e-02
0.000000e+00 9.130000e+00 1.078737e+00 8.297528e-01 0.000000e+00 -4.502803e-02
0.000000e+00 9.185000e+00 1.078477e+00 8.294861e-01 0.000000e+00 -4.417726e-02
0.000000e+00 9.240000e+00 1.078221e+00 8.292232e-01 0.000000e+00 -4.333460e-02
0.000000e+00 9.295000e+00 1.077968e+00 8.289639e-01 0.000000e+00 -4.249830e-02
0.000000e+00 9.350000e+00 1.077717e+00 8.287073e-01 0.000000e+00 -4.166726e-02
0.000000e+00 9.405000e+00 1.077470e+00 8.284538e-01 0.000000e+00 -4.084041e-02
0.000000e+00 9.460000e+00 1.077224e+00 8.282020e-01 0.000000e+00 -4.001915e-02
0.000000e+00 9.515000e+00 1.076982e+00 8.279532e-01 0.000000e+00 -3.920157e-02
0.000000e+00 9.570000e+00 1.076739e+00 8.277041e-01 0.000000e+00 -3.838721e-02
0.000000e+00 9.625000e+00 1.076501e+00 8.274600e-01 0.000000e+00 -3.756367e-02
0.000000e+00 9.680000e+00 1.076258e+00 8.272109e-01 0.000000e+00 -3.673301e-02
0.000000e+00 9.735000e+00 1.076026e+00 8.269736e-01 0.000000e+00 -3.588284e-02
0.000000e+00 9.790000e+00 1.075776e+00 8.267183e-01 0.000000e+00 -3.506361e-02
0.000000e+00 9.845000e+00 1.075556e+00 8.264970e-01 0.000000e+00 -3.426961e-02
0.000000e+00 9.900000e+00 1.075277e+00 8.262184e-01 0.000000e+00 -3.362967e-02
0.000000e+00 9.955000e+00 1.075124e+00 8.260749e-01 0.000000e+00 -3.300603e-02
0.000000e+00 1.001000e+01 1.103350e+00 8.550910e-01 -0.000000e+00 -6.410000e-03
0.000000e+00 1.006500e+01 1.103350e+00 8.550910e-01 -0.000000e+00 -6.410000e-03
0.000000e+00 1.012000e+01 1.103350e+00 8.550910e-01 -0.000000e+00 -6.410000e-03
0.000000e+00 1.017500e+01 1.103350e+00 8.550910e-01 -0.000000e+00 -6.410000e-03
0.000000e+00 1.023000e+01 1.103350e+00 8.550910e-01 -0.000000e+00 -6.410000e-03
0.000000e+00 1.028500e+01 1.103350e+00 8.550910e-01 -0.000000e+00 -6.410000e-03
0.000000e+00 1.034000e+01 1.103350e+00 8.550910e-01 -0.000000e+00 -6.410000e-03
0.000000e+00 1.039500e+01 1.103350e+00 8.550910e-01 -0.000000e+00 -6.410000e-03
0.000000e+00 1.045000e+01 1.103350e+00 8.550910e-01 -0.000000e+00 -6.410000e-03
0.000000e+00 1.050500e+01 1.103350e+00 8.550910e-01 -0.000000e+00 -6.410000e-03
0.000000e+00 1.056000e+01 1.103350e+00 8.550910e-01 -0.000000e+00 -6.410000e-03
0.000000e+00 1.061500e+01 1.103350e+00 8.550910e-01 -0.000000e+00 -6.410000e-03
0.000000e+00 1.067000e+01 1.103350e+00 8.550910e-01 -0.000000e+00 -6.410000e-03
0.000000e+00 1.072500e+01 1.103350e+00 8.550910e-01 -0.000000e+00 -6.410000e-03
0.000000e+00 1.078000e+01 1.103350e+00 8.550910e-01 -0.000000e+00 -6.410000e-03
0.000000e+00 1.083500e+01 1.103350e+00 8.550910e-01 -0.000000e+00 -6.410000e-03
0.000000e+00 1.089000e+01 1.103350e+00 8.550910e-01 -0.000000e+00 -6.410000e-03
0.000000e+00 1.094500e+01 1.103350e+00 8.550910e-01 -0.000000e+00 -6.410000e-03
0.000000e+00 1.100000e+01 1.103350e+00 8.550910e-01 -0.000000e+00 -6.410000e-03
