#############TIME##################
1.870076e+01 
###################################
0.000000e+00 0.000000e+00 8.589624e+00 1.324344e+01 0.000000e+00 -1.469620e+00
0.000000e+00 5.500000e-02 8.589624e+00 1.324344e+01 0.000000e+00 -1.469620e+00
0.000000e+00 1.100000e-01 8.589624e+00 1.324344e+01 0.000000e+00 -1.469620e+00
0.000000e+00 1.650000e-01 8.589624e+00 1.324344e+01 0.000000e+00 -1.469620e+00
0.000000e+00 2.200000e-01 8.589496e+00 1.324317e+01 0.000000e+00 -1.469630e+00
0.000000e+00 2.750000e-01 6.704711e+00 9.446466e+00 0.000000e+00 -1.268279e+00
0.000000e+00 3.300000e-01 5.586540e+00 7.427112e+00 0.000000e+00 -1.083008e+00
0.000000e+00 3.850000e-01 4.817248e+00 6.098772e+00 0.000000e+00 -9.407350e-01
0.000000e+00 4.400000e-01 4.252079e+00 5.167996e+00 0.000000e+00 -8.243933e-01
0.000000e+00 4.950000e-01 3.824327e+00 4.487851e+00 0.000000e+00 -7.307719e-01
0.000000e+00 5.500000e-01 3.488075e+00 3.970325e+00 0.000000e+00 -6.529358e-01
0.000000e+00 6.050000e-01 3.218787e+00 3.567414e+00 0.000000e+00 -5.879663e-01
0.000000e+00 6.600000e-01 2.998242e+00 3.245347e+00 0.000000e+00 -5.326715e-01
0.000000e+00 7.150000e-01 2.814986e+00 2.983591e+00 0.000000e+00 -4.853288e-01
0.000000e+00 7.700000e-01 2.660333e+00 2.766949e+00 0.000000e+00 -4.442729e-01
0.000000e+00 8.250000e-01 2.528379e+00 2.585335e+00 0.000000e+00 -4.084581e-01
0.000000e+00 8.800000e-01 2.414502e+00 2.431083e+00 0.000000e+00 -3.769262e-01
0.000000e+00 9.350000e-01 2.315371e+00 2.298743e+00 0.000000e+00 -3.490109e-01
0.000000e+00 9.900000e-01 2.228337e+00 2.184085e+00 0.000000e+00 -3.241323e-01
0.000000e+00 1.045000e+00 2.151383e+00 2.083941e+00 0.000000e+00 -3.018567e-01
0.000000e+00 1.100000e+00 2.082887e+00 1.995803e+00 0.000000e+00 -2.818142e-01
0.000000e+00 1.155000e+00 2.021567e+00 1.917717e+00 0.000000e+00 -2.637120e-01
0.000000e+00 1.210000e+00 1.966374e+00 1.848113e+00 0.000000e+00 -2.473001e-01
0.000000e+00 1.265000e+00 1.916459e+00 1.785728e+00 0.000000e+00 -2.323728e-01
0.000000e+00 1.320000e+00 1.871117e+00 1.729531e+00 0.000000e+00 -2.187539e-01
0.000000e+00 1.375000e+00 1.829762e+00 1.678674e+00 0.000000e+00 -2.062945e-01
0.000000e+00 1.430000e+00 1.791901e+00 1.632455e+00 0.000000e+00 -1.948658e-01
0.000000e+00 1.485000e+00 1.757121e+00 1.590287e+00 0.000000e+00 -1.843565e-01
0.000000e+00 1.540000e+00 1.725068e+00 1.551676e+00 0.000000e+00 -1.746685e-01
0.000000e+00 1.595000e+00 1.695439e+00 1.516207e+00 0.000000e+00 -1.657156e-01
0.000000e+00 1.650000e+00 1.667979e+00 1.483528e+00 0.000000e+00 -1.574226e-01
0.000000e+00 1.705000e+00 1.642465e+00 1.453335e+00 0.000000e+00 -1.497251e-01
0.000000e+00 1.760000e+00 1.618706e+00 1.425367e+00 0.000000e+00 -1.425688e-01
0.000000e+00 1.815000e+00 1.596532e+00 1.399393e+00 0.000000e+00 -1.359064e-01
0.000000e+00 1.870000e+00 1.575794e+00 1.375214e+00 0.000000e+00 -1.296947e-01
0.000000e+00 1.925000e+00 1.556360e+00 1.352650e+00 0.000000e+00 -1.238940e-01
0.000000e+00 1.980000e+00 1.538111e+00 1.331550e+00 0.000000e+00 -1.184689e-01
0.000000e+00 2.035000e+00 1.520949e+00 1.311782e+00 0.000000e+00 -1.133899e-01
0.000000e+00 2.090000e+00 1.504787e+00 1.293233e+00 0.000000e+00 -1.086329e-01
0.000000e+00 2.145000e+00 1.489551e+00 1.275807e+00 0.000000e+00 -1.041766e-01
0.000000e+00 2.200000e+00 1.475166e+00 1.259410e+00 0.000000e+00 -9.999796e-02
0.000000e+00 2.255000e+00 1.461558e+00 1.243948e+00 0.000000e+00 -9.606869e-02
0.000000e+00 2.310000e+00 1.448653e+00 1.229327e+00 0.000000e+00 -9.235747e-02
0.000000e+00 2.365000e+00 1.436386e+00 1.215471e+00 0.000000e+00 -8.883836e-02
0.000000e+00 2.420000e+00 1.424720e+00 1.202328e+00 0.000000e+00 -8.550213e-02
0.000000e+00 2.475000e+00 1.413648e+00 1.189889e+00 0.000000e+00 -8.236204e-02
0.000000e+00 2.530000e+00 1.403184e+00 1.178162e+00 0.000000e+00 -7.944592e-02
0.000000e+00 2.585000e+00 1.393330e+00 1.167146e+00 0.000000e+00 -7.677259e-02
0.000000e+00 2.640000e+00 1.384040e+00 1.156783e+00 0.000000e+00 -7.432241e-02
0.000000e+00 2.695000e+00 1.375199e+00 1.146943e+00 0.000000e+00 -7.202403e-02
0.000000e+00 2.750000e+00 1.366662e+00 1.137460e+00 0.000000e+00 -6.977805e-02
0.000000e+00 2.805000e+00 1.358318e+00 1.128212e+00 0.000000e+00 -6.751045e-02
0.000000e+00 2.860000e+00 1.350154e+00 1.119182e+00 0.000000e+00 -6.522002e-02
0.000000e+00 2.915000e+00 1.342263e+00 1.110469e+00 0.000000e+00 -6.298500e-02
0.000000e+00 2.970000e+00 1.334784e+00 1.102228e+00 0.000000e+00 -6.092508e-02
0.000000e+00 3.025000e+00 1.327832e+00 1.094582e+00 0.000000e+00 -5.913841e-02
0.000000e+00 3.080000e+00 1.321417e+00 1.087537e+00 0.000000e+00 -5.764017e-02
0.000000e+00 3.135000e+00 1.315419e+00 1.080961e+00 0.000000e+00 -5.634345e-02
0.000000e+00 3.190000e+00 1.309658e+00 1.074654e+00 0.000000e+00 -5.511041e-02
0.000000e+00 3.245000e+00 1.304002e+00 1.068471e+00 0.000000e+00 -5.383948e-02
0.000000e+00 3.300000e+00 1.298428e+00 1.062387e+00 0.000000e+00 -5.251845e-02
0.000000e+00 3.355000e+00 1.293002e+00 1.056472e+00 0.000000e+00 -5.120796e-02
0.000000e+00 3.410000e+00 1.287802e+00 1.050810e+00 0.000000e+00 -4.998101e-02
0.000000e+00 3.465000e+00 1.282853e+00 1.045430e+00 0.000000e+00 -4.886836e-02
0.000000e+00 3.520000e+00 1.278118e+00 1.040288e+00 0.000000e+00 -4.784444e-02
0.000000e+00 3.575000e+00 1.273533e+00 1.035316e+00 0.000000e+00 -4.685867e-02
0.000000e+00 3.630000e+00 1.269062e+00 1.030474e+00 0.000000e+00 -4.588020e-02
0.000000e+00 3.685000e+00 1.264714e+00 1.025769e+00 0.000000e+00 -4.491528e-02
0.000000e+00 3.740000e+00 1.260513e+00 1.021228e+00 0.000000e+00 -4.398845e-02
0.000000e+00 3.795000e+00 1.256464e+00 1.016858e+00 0.000000e+00 -4.311274e-02
0.000000e+00 3.850000e+00 1.252548e+00 1.012635e+00 0.000000e+00 -4.227809e-02
0.000000e+00 3.905000e+00 1.248742e+00 1.008533e+00 0.000000e+00 -4.146575e-02
0.000000e+00 3.960000e+00 1.245044e+00 1.004554e+00 0.000000e+00 -4.067067e-02
0.000000e+00 4.015000e+00 1.241483e+00 1.000725e+00 0.000000e+00 -3.990843e-02
0.000000e+00 4.070000e+00 1.238091e+00 9.970812e-01 0.000000e+00 -3.920099e-02
0.000000e+00 4.125000e+00 1.234872e+00 9.936265e-01 0.000000e+00 -3.855603e-02
0.000000e+00 4.180000e+00 1.231797e+00 9.903282e-01 0.000000e+00 -3.795880e-02
0.000000e+00 4.235000e+00 1.228816e+00 9.871345e-01 0.000000e+00 -3.738232e-02
0.000000e+00 4.290000e+00 1.225892e+00 9.840037e-01 0.000000e+00 -3.680553e-02
0.000000e+00 4.345000e+00 1.223010e+00 9.809214e-01 0.000000e+00 -3.622371e-02
0.000000e+00 4.400000e+00 1.220180e+00 9.778955e-01 0.000000e+00 -3.564521e-02
0.000000e+00 4.455000e+00 1.217412e+00 9.749395e-01 0.000000e+00 -3.508045e-02
0.000000e+00 4.510000e+00 1.214713e+00 9.720588e-01 0.000000e+00 -3.453366e-02
0.000000e+00 4.565000e+00 1.212079e+00 9.692489e-01 0.000000e+00 -3.400217e-02
0.000000e+00 4.620000e+00 1.209501e+00 9.665013e-01 0.000000e+00 -3.348101e-02
0.000000e+00 4.675000e+00 1.206973e+00 9.638096e-01 0.000000e+00 -3.296717e-02
0.000000e+00 4.730000e+00 1.204495e+00 9.611720e-01 0.000000e+00 -3.246065e-02
0.000000e+00 4.785000e+00 1.202067e+00 9.585890e-01 0.000000e+00 -3.196287e-02
0.000000e+00 4.840000e+00 1.199689e+00 9.560620e-01 0.000000e+00 -3.147495e-02
0.000000e+00 4.895000e+00 1.197364e+00 9.535920e-01 0.000000e+00 -3.099723e-02
0.000000e+00 4.950000e+00 1.195092e+00 9.511808e-01 0.000000e+00 -3.052988e-02
0.000000e+00 5.005000e+00 1.192877e+00 9.488307e-01 0.000000e+00 -3.007340e-02
0.000000e+00 5.060000e+00 1.190720e+00 9.465441e-01 0.000000e+00 -2.962869e-02
0.000000e+00 5.115000e+00 1.188624e+00 9.443230e-01 0.000000e+00 -2.919661e-02
0.000000e+00 5.170000e+00 1.186589e+00 9.421683e-01 0.000000e+00 -2.877764e-02
0.000000e+00 5.225000e+00 1.184616e+00 9.400791e-01 0.000000e+00 -2.837172e-02
0.000000e+00 5.280000e+00 1.182701e+00 9.380534e-01 0.000000e+00 -2.797824e-02
0.000000e+00 5.335000e+00 1.180842e+00 9.360881e-01 0.000000e+00 -2.759619e-02
0.000000e+00 5.390000e+00 1.179035e+00 9.341792e-01 0.000000e+00 -2.722423e-02
0.000000e+00 5.445000e+00 1.177277e+00 9.323220e-01 0.000000e+00 -2.686096e-02
0.000000e+00 5.500000e+00 1.175562e+00 9.305118e-01 0.000000e+00 -2.650504e-02
0.000000e+00 5.555000e+00 1.173886e+00 9.287440e-01 0.000000e+00 -2.615540e-02
0.000000e+00 5.610000e+00 1.172247e+00 9.270147e-01 0.000000e+00 -2.581122e-02
0.000000e+00 5.665000e+00 1.170639e+00 9.253203e-01 0.000000e+00 -2.547191e-02
0.000000e+00 5.720000e+00 1.169062e+00 9.236581e-01 0.000000e+00 -2.513698e-02
0.000000e+00 5.775000e+00 1.167512e+00 9.220258e-01 0.000000e+00 -2.480604e-02
0.000000e+00 5.830000e+00 1.165989e+00 9.204222e-01 0.000000e+00 -2.447881e-02
0.000000e+00 5.885000e+00 1.164491e+00 9.188463e-01 0.000000e+00 -2.415513e-02
0.000000e+00 5.940000e+00 1.163019e+00 9.172977e-01 0.000000e+00 -2.383502e-02
0.000000e+00 5.995000e+00 1.161572e+00 9.157764e-01 0.000000e+00 -2.351857e-02
0.000000e+00 6.050000e+00 1.160150e+00 9.142822e-01 0.000000e+00 -2.320595e-02
0.000000e+00 6.105000e+00 1.158754e+00 9.128151e-01 0.000000e+00 -2.289730e-02
0.000000e+00 6.160000e+00 1.157382e+00 9.113750e-01 0.000000e+00 -2.259269e-02
0.000000e+00 6.215000e+00 1.156036e+00 9.099619e-01 0.000000e+00 -2.229205e-02
0.000000e+00 6.270000e+00 1.154715e+00 9.085754e-01 0.000000e+00 -2.199521e-02
0.000000e+00 6.325000e+00 1.153418e+00 9.072154e-01 0.000000e+00 -2.170194e-02
0.000000e+00 6.380000e+00 1.152146e+00 9.058816e-01 0.000000e+00 -2.141203e-02
0.000000e+00 6.435000e+00 1.150898e+00 9.045736e-01 0.000000e+00 -2.112541e-02
0.000000e+00 6.490000e+00 1.149674e+00 9.032911e-01 0.000000e+00 -2.084205e-02
0.000000e+00 6.545000e+00 1.148473e+00 9.020332e-01 0.000000e+00 -2.056191e-02
0.000000e+00 6.600000e+00 1.147295e+00 9.007991e-01 0.000000e+00 -2.028480e-02
0.000000e+00 6.655000e+00 1.146138e+00 8.995882e-01 0.000000e+00 -2.001038e-02
0.000000e+00 6.710000e+00 1.145002e+00 8.983996e-01 0.000000e+00 -1.973828e-02
0.000000e+00 6.765000e+00 1.143887e+00 8.972332e-01 0.000000e+00 -1.946828e-02
0.000000e+00 6.820000e+00 1.142792e+00 8.960887e-01 0.000000e+00 -1.920038e-02
0.000000e+00 6.875000e+00 1.141718e+00 8.949663e-01 0.000000e+00 -1.893479e-02
0.000000e+00 6.930000e+00 1.140665e+00 8.938660e-01 0.000000e+00 -1.867172e-02
0.000000e+00 6.985000e+00 1.139633e+00 8.927874e-01 0.000000e+00 -1.841123e-02
0.000000e+00 7.040000e+00 1.138620e+00 8.917298e-01 0.000000e+00 -1.815311e-02
0.000000e+00 7.095000e+00 1.137627e+00 8.906924e-01 0.000000e+00 -1.789695e-02
0.000000e+00 7.150000e+00 1.136651e+00 8.896742e-01 0.000000e+00 -1.764223e-02
0.000000e+00 7.205000e+00 1.135693e+00 8.886745e-01 0.000000e+00 -1.738844e-02
0.000000e+00 7.260000e+00 1.134752e+00 8.876923e-01 0.000000e+00 -1.713519e-02
0.000000e+00 7.315000e+00 1.133826e+00 8.867269e-01 0.000000e+00 -1.688214e-02
0.000000e+00 7.370000e+00 1.132916e+00 8.857780e-01 0.000000e+00 -1.662912e-02
0.000000e+00 7.425000e+00 1.132021e+00 8.848452e-01 0.000000e+00 -1.637612e-02
0.000000e+00 7.480000e+00 1.131141e+00 8.839286e-01 0.000000e+00 -1.612339e-02
0.000000e+00 7.535000e+00 1.130278e+00 8.830291e-01 0.000000e+00 -1.587143e-02
0.000000e+00 7.590000e+00 1.129431e+00 8.821474e-01 0.000000e+00 -1.562087e-02
0.000000e+00 7.645000e+00 1.128603e+00 8.812848e-01 0.000000e+00 -1.537219e-02
0.000000e+00 7.700000e+00 1.127793e+00 8.804416e-01 0.000000e+00 -1.512550e-02
0.000000e+00 7.755000e+00 1.127001e+00 8.796177e-01 0.000000e+00 -1.488032e-02
0.000000e+00 7.810000e+00 1.126227e+00 8.788120e-01 0.000000e+00 -1.463570e-02
0.000000e+00 7.865000e+00 1.125468e+00 8.780226e-01 0.000000e+00 -1.439037e-02
0.000000e+00 7.920000e+00 1.124723e+00 8.772476e-01 0.000000e+00 -1.414317e-02
0.000000e+00 7.975000e+00 1.123990e+00 8.764857e-01 0.000000e+00 -1.389332e-02
0.000000e+00 8.030000e+00 1.123270e+00 8.757365e-01 0.000000e+00 -1.364070e-02
0.000000e+00 8.085000e+00 1.122562e+00 8.750008e-01 0.000000e+00 -1.338591e-02
0.000000e+00 8.140000e+00 1.121868e+00 8.742803e-01 0.000000e+00 -1.313015e-02
0.000000e+00 8.195000e+00 1.121191e+00 8.735768e-01 0.000000e+00 -1.287476e-02
0.000000e+00 8.250000e+00 1.120532e+00 8.728917e-01 0.000000e+00 -1.262062e-02
0.000000e+00 8.305000e+00 1.119891e+00 8.722260e-01 0.000000e+00 -1.236757e-02
0.000000e+00 8.360000e+00 1.119268e+00 8.715794e-01 0.000000e+00 -1.211411e-02
0.000000e+00 8.415000e+00 1.118662e+00 8.709506e-01 0.000000e+00 -1.185786e-02
0.000000e+00 8.470000e+00 1.118072e+00 8.703378e-01 0.000000e+00 -1.159655e-02
0.000000e+00 8.525000e+00 1.117494e+00 8.697383e-01 0.000000e+00 -1.132911e-02
0.000000e+00 8.580000e+00 1.116927e+00 8.691498e-01 0.000000e+00 -1.105633e-02
0.000000e+00 8.635000e+00 1.116369e+00 8.685709e-01 0.000000e+00 -1.078049e-02
0.000000e+00 8.690000e+00 1.115820e+00 8.680015e-01 0.000000e+00 -1.050428e-02
0.000000e+00 8.745000e+00 1.115282e+00 8.674428e-01 0.000000e+00 -1.022937e-02
0.000000e+00 8.800000e+00 1.114755e+00 8.668967e-01 0.000000e+00 -9.955555e-03
0.000000e+00 8.855000e+00 1.114242e+00 8.663649e-01 0.000000e+00 -9.680662e-03
0.000000e+00 8.910000e+00 1.113744e+00 8.658482e-01 0.000000e+00 -9.401350e-03
0.000000e+00 8.965000e+00 1.113259e+00 8.653462e-01 0.000000e+00 -9.114308e-03
0.000000e+00 9.020000e+00 1.112788e+00 8.648583e-01 0.000000e+00 -8.817365e-03
0.000000e+00 9.075000e+00 1.112330e+00 8.643834e-01 0.000000e+00 -8.510063e-03
0.000000e+00 9.130000e+00 1.111884e+00 8.639210e-01 0.000000e+00 -8.193530e-03
0.000000e+00 9.185000e+00 1.111448e+00 8.634702e-01 0.000000e+00 -7.869773e-03
0.000000e+00 9.240000e+00 1.111023e+00 8.630297e-01 0.000000e+00 -7.540695e-03
0.000000e+00 9.295000e+00 1.110606e+00 8.625983e-01 0.000000e+00 -7.206816e-03
0.000000e+00 9.350000e+00 1.110198e+00 8.621754e-01 0.000000e+00 -6.865551e-03
0.000000e+00 9.405000e+00 1.109798e+00 8.617618e-01 0.000000e+00 -6.509258e-03
0.000000e+00 9.460000e+00 1.109411e+00 8.613601e-01 0.000000e+00 -6.125718e-03
0.000000e+00 9.515000e+00 1.109041e+00 8.609746e-01 0.000000e+00 -5.703998e-03
0.000000e+00 9.570000e+00 1.108689e+00 8.606086e-01 0.000000e+00 -5.248409e-03
0.000000e+00 9.625000e+00 1.108357e+00 8.602648e-01 0.000000e+00 -4.790380e-03
0.000000e+00 9.680000e+00 1.108037e+00 8.599410e-01 0.000000e+00 -4.391258e-03
0.000000e+00 9.735000e+00 1.107731e+00 8.596384e-01 0.000000e+00 -4.109036e-03
0.000000e+00 9.790000e+00 1.107431e+00 8.593462e-01 0.000000e+00 -3.967165e-03
0.000000e+00 9.845000e+00 1.107155e+00 8.590736e-01 0.000000e+00 -3.899929e-03
0.000000e+00 9.900000e+00 1.106890e+00 8.587946e-01 0.000000e+00 -3.824834e-03
0.000000e+00 9.955000e+00 1.106704e+00 8.585739e-01 0.000000e+00 -3.609098e-03
0.000000e+00 1.001000e+01 1.103350e+00 8.550910e-01 -0.000000e+00 -6.410000e-03
0.000000e+00 1.006500e+01 1.103350e+00 8.550910e-01 -0.000000e+00 -6.410000e-03
0.000000e+00 1.012000e+01 1.103350e+00 8.550910e-01 -0.000000e+00 -6.410000e-03
0.000000e+00 1.017500e+01 1.103350e+00 8.550910e-01 -0.000000e+00 -6.410000e-03
0.000000e+00 1.023000e+01 1.103350e+00 8.550910e-01 -0.000000e+00 -6.410000e-03
0.000000e+00 1.028500e+01 1.103350e+00 8.550910e-01 -0.000000e+00 -6.410000e-03
0.000000e+00 1.034000e+01 1.103350e+00 8.550910e-01 -0.000000e+00 -6.410000e-03
0.000000e+00 1.039500e+01 1.103350e+00 8.550910e-01 -0.000000e+00 -6.410000e-03
0.000000e+00 1.045000e+01 1.103350e+00 8.550910e-01 -0.000000e+00 -6.410000e-03
0.000000e+00 1.050500e+01 1.103350e+00 8.550910e-01 -0.000000e+00 -6.410000e-03
0.000000e+00 1.056000e+01 1.103350e+00 8.550910e-01 -0.000000e+00 -6.410000e-03
0.000000e+00 1.061500e+01 1.103350e+00 8.550910e-01 -0.000000e+00 -6.410000e-03
0.000000e+00 1.067000e+01 1.103350e+00 8.550910e-01 -0.000000e+00 -6.410000e-03
0.000000e+00 1.072500e+01 1.103350e+00 8.550910e-01 -0.000000e+00 -6.410000e-03
0.000000e+00 1.078000e+01 1.103350e+00 8.550910e-01 -0.000000e+00 -6.410000e-03
0.000000e+00 1.083500e+01 1.103350e+00 8.550910e-01 -0.000000e+00 -6.410000e-03
0.000000e+00 1.089000e+01 1.103350e+00 8.550910e-01 -0.000000e+00 -6.410000e-03
0.000000e+00 1.094500e+01 1.103350e+00 8.550910e-01 -0.000000e+00 -6.410000e-03
0.000000e+00 1.100000e+01 1.103350e+00 8.550910e-01 -0.000000e+00 -6.410000e-03
