#############TIME##################
3.706578e+00 
###################################
0.000000e+00 0.000000e+00 9.489518e+00 1.511332e+01 0.000000e+00 -1.430937e+00
0.000000e+00 5.500000e-02 9.489518e+00 1.511332e+01 0.000000e+00 -1.430937e+00
0.000000e+00 1.100000e-01 9.489518e+00 1.511332e+01 0.000000e+00 -1.430937e+00
0.000000e+00 1.650000e-01 9.489518e+00 1.511332e+01 0.000000e+00 -1.430937e+00
0.000000e+00 2.200000e-01 9.491313e+00 1.511706e+01 0.000000e+00 -1.430752e+00
0.000000e+00 2.750000e-01 7.383994e+00 1.073645e+01 0.000000e+00 -1.240085e+00
0.000000e+00 3.300000e-01 6.135897e+00 8.409137e+00 0.000000e+00 -1.063076e+00
0.000000e+00 3.850000e-01 5.290612e+00 6.903315e+00 0.000000e+00 -9.250467e-01
0.000000e+00 4.400000e-01 4.673330e+00 5.854511e+00 0.000000e+00 -8.115478e-01
0.000000e+00 4.950000e-01 4.206399e+00 5.089111e+00 0.000000e+00 -7.202011e-01
0.000000e+00 5.500000e-01 3.839421e+00 4.506646e+00 0.000000e+00 -6.444382e-01
0.000000e+00 6.050000e-01 3.545073e+00 4.052620e+00 0.000000e+00 -5.813861e-01
0.000000e+00 6.600000e-01 3.303656e+00 3.689190e+00 0.000000e+00 -5.279432e-01
0.000000e+00 7.150000e-01 3.102632e+00 3.393211e+00 0.000000e+00 -4.823998e-01
0.000000e+00 7.700000e-01 2.932582e+00 3.147697e+00 0.000000e+00 -4.431254e-01
0.000000e+00 8.250000e-01 2.787082e+00 2.941321e+00 0.000000e+00 -4.090813e-01
0.000000e+00 8.800000e-01 2.661127e+00 2.765516e+00 0.000000e+00 -3.793248e-01
0.000000e+00 9.350000e-01 2.551094e+00 2.614170e+00 0.000000e+00 -3.531952e-01
0.000000e+00 9.900000e-01 2.454105e+00 2.482542e+00 0.000000e+00 -3.301240e-01
0.000000e+00 1.045000e+00 2.367943e+00 2.367047e+00 0.000000e+00 -3.096936e-01
0.000000e+00 1.100000e+00 2.290797e+00 2.264811e+00 0.000000e+00 -2.915650e-01
0.000000e+00 1.155000e+00 2.221199e+00 2.173552e+00 0.000000e+00 -2.754873e-01
0.000000e+00 1.210000e+00 2.157940e+00 2.091425e+00 0.000000e+00 -2.612549e-01
0.000000e+00 1.265000e+00 2.100051e+00 2.016966e+00 0.000000e+00 -2.486932e-01
0.000000e+00 1.320000e+00 2.046757e+00 1.949016e+00 0.000000e+00 -2.376396e-01
0.000000e+00 1.375000e+00 1.997424e+00 1.886638e+00 0.000000e+00 -2.279507e-01
0.000000e+00 1.430000e+00 1.951501e+00 1.829028e+00 0.000000e+00 -2.195136e-01
0.000000e+00 1.485000e+00 1.908489e+00 1.775475e+00 0.000000e+00 -2.122523e-01
0.000000e+00 1.540000e+00 1.867940e+00 1.725354e+00 0.000000e+00 -2.061151e-01
0.000000e+00 1.595000e+00 1.829484e+00 1.678151e+00 0.000000e+00 -2.010519e-01
0.000000e+00 1.650000e+00 1.792835e+00 1.633471e+00 0.000000e+00 -1.970011e-01
0.000000e+00 1.705000e+00 1.757760e+00 1.590992e+00 0.000000e+00 -1.939007e-01
0.000000e+00 1.760000e+00 1.724031e+00 1.550411e+00 0.000000e+00 -1.917114e-01
0.000000e+00 1.815000e+00 1.691400e+00 1.511400e+00 0.000000e+00 -1.904338e-01
0.000000e+00 1.870000e+00 1.659586e+00 1.473608e+00 0.000000e+00 -1.901103e-01
0.000000e+00 1.925000e+00 1.628333e+00 1.436718e+00 0.000000e+00 -1.907889e-01
0.000000e+00 1.980000e+00 1.597515e+00 1.400575e+00 0.000000e+00 -1.924510e-01
0.000000e+00 2.035000e+00 1.567174e+00 1.365219e+00 0.000000e+00 -1.949803e-01
0.000000e+00 2.090000e+00 1.537448e+00 1.330802e+00 0.000000e+00 -1.982018e-01
0.000000e+00 2.145000e+00 1.508482e+00 1.297480e+00 0.000000e+00 -2.019362e-01
0.000000e+00 2.200000e+00 1.480410e+00 1.265390e+00 0.000000e+00 -2.060170e-01
0.000000e+00 2.255000e+00 1.453380e+00 1.234684e+00 0.000000e+00 -2.102661e-01
0.000000e+00 2.310000e+00 1.427586e+00 1.205559e+00 0.000000e+00 -2.144754e-01
0.000000e+00 2.365000e+00 1.403230e+00 1.178218e+00 0.000000e+00 -2.184286e-01
0.000000e+00 2.420000e+00 1.380456e+00 1.152795e+00 0.000000e+00 -2.219497e-01
0.000000e+00 2.475000e+00 1.359317e+00 1.129321e+00 0.000000e+00 -2.249350e-01
0.000000e+00 2.530000e+00 1.339778e+00 1.107731e+00 0.000000e+00 -2.273492e-01
0.000000e+00 2.585000e+00 1.321758e+00 1.087913e+00 0.000000e+00 -2.291978e-01
0.000000e+00 2.640000e+00 1.305162e+00 1.069738e+00 0.000000e+00 -2.305057e-01
0.000000e+00 2.695000e+00 1.289884e+00 1.053076e+00 0.000000e+00 -2.313080e-01
0.000000e+00 2.750000e+00 1.275818e+00 1.037793e+00 0.000000e+00 -2.316483e-01
0.000000e+00 2.805000e+00 1.262856e+00 1.023759e+00 0.000000e+00 -2.315739e-01
0.000000e+00 2.860000e+00 1.250900e+00 1.010857e+00 0.000000e+00 -2.311302e-01
0.000000e+00 2.915000e+00 1.239864e+00 9.989837e-01 0.000000e+00 -2.303566e-01
0.000000e+00 2.970000e+00 1.229671e+00 9.880494e-01 0.000000e+00 -2.292871e-01
0.000000e+00 3.025000e+00 1.220256e+00 9.779758e-01 0.000000e+00 -2.279511e-01
0.000000e+00 3.080000e+00 1.211558e+00 9.686920e-01 0.000000e+00 -2.263758e-01
0.000000e+00 3.135000e+00 1.203520e+00 9.601332e-01 0.000000e+00 -2.245866e-01
0.000000e+00 3.190000e+00 1.196092e+00 9.522400e-01 0.000000e+00 -2.226074e-01
0.000000e+00 3.245000e+00 1.189225e+00 9.449583e-01 0.000000e+00 -2.204602e-01
0.000000e+00 3.300000e+00 1.182877e+00 9.382388e-01 0.000000e+00 -2.181651e-01
0.000000e+00 3.355000e+00 1.177008e+00 9.320370e-01 0.000000e+00 -2.157407e-01
0.000000e+00 3.410000e+00 1.171581e+00 9.263120e-01 0.000000e+00 -2.132036e-01
0.000000e+00 3.465000e+00 1.166564e+00 9.210265e-01 0.000000e+00 -2.105695e-01
0.000000e+00 3.520000e+00 1.161925e+00 9.161462e-01 0.000000e+00 -2.078526e-01
0.000000e+00 3.575000e+00 1.157635e+00 9.116396e-01 0.000000e+00 -2.050661e-01
0.000000e+00 3.630000e+00 1.153669e+00 9.074778e-01 0.000000e+00 -2.022221e-01
0.000000e+00 3.685000e+00 1.150002e+00 9.036341e-01 0.000000e+00 -1.993316e-01
0.000000e+00 3.740000e+00 1.146612e+00 9.000839e-01 0.000000e+00 -1.964049e-01
0.000000e+00 3.795000e+00 1.143478e+00 8.968047e-01 0.000000e+00 -1.934512e-01
0.000000e+00 3.850000e+00 1.140580e+00 8.937756e-01 0.000000e+00 -1.904791e-01
0.000000e+00 3.905000e+00 1.137900e+00 8.909772e-01 0.000000e+00 -1.874962e-01
0.000000e+00 3.960000e+00 1.135423e+00 8.883919e-01 0.000000e+00 -1.845097e-01
0.000000e+00 4.015000e+00 1.133132e+00 8.860031e-01 0.000000e+00 -1.815258e-01
0.000000e+00 4.070000e+00 1.131014e+00 8.837957e-01 0.000000e+00 -1.785504e-01
0.000000e+00 4.125000e+00 1.129056e+00 8.817557e-01 0.000000e+00 -1.755888e-01
0.000000e+00 4.180000e+00 1.127244e+00 8.798701e-01 0.000000e+00 -1.726455e-01
0.000000e+00 4.235000e+00 1.125569e+00 8.781269e-01 0.000000e+00 -1.697248e-01
0.000000e+00 4.290000e+00 1.124019e+00 8.765151e-01 0.000000e+00 -1.668304e-01
0.000000e+00 4.345000e+00 1.122585e+00 8.750245e-01 0.000000e+00 -1.639656e-01
0.000000e+00 4.400000e+00 1.121258e+00 8.736457e-01 0.000000e+00 -1.611332e-01
0.000000e+00 4.455000e+00 1.120030e+00 8.723700e-01 0.000000e+00 -1.583358e-01
0.000000e+00 4.510000e+00 1.118893e+00 8.711894e-01 0.000000e+00 -1.555756e-01
0.000000e+00 4.565000e+00 1.117840e+00 8.700964e-01 0.000000e+00 -1.528544e-01
0.000000e+00 4.620000e+00 1.116865e+00 8.690844e-01 0.000000e+00 -1.501738e-01
0.000000e+00 4.675000e+00 1.115961e+00 8.681469e-01 0.000000e+00 -1.475351e-01
0.000000e+00 4.730000e+00 1.115123e+00 8.672782e-01 0.000000e+00 -1.449394e-01
0.000000e+00 4.785000e+00 1.114347e+00 8.664730e-01 0.000000e+00 -1.423875e-01
0.000000e+00 4.840000e+00 1.113627e+00 8.657264e-01 0.000000e+00 -1.398802e-01
0.000000e+00 4.895000e+00 1.112958e+00 8.650339e-01 0.000000e+00 -1.374178e-01
0.000000e+00 4.950000e+00 1.112338e+00 8.643912e-01 0.000000e+00 -1.350007e-01
0.000000e+00 5.005000e+00 1.111762e+00 8.637945e-01 0.000000e+00 -1.326289e-01
0.000000e+00 5.060000e+00 1.111227e+00 8.632402e-01 0.000000e+00 -1.303026e-01
0.000000e+00 5.115000e+00 1.110730e+00 8.627251e-01 0.000000e+00 -1.280216e-01
0.000000e+00 5.170000e+00 1.110268e+00 8.622466e-01 0.000000e+00 -1.257859e-01
0.000000e+00 5.225000e+00 1.109838e+00 8.618020e-01 0.000000e+00 -1.235956e-01
0.000000e+00 5.280000e+00 1.109439e+00 8.613886e-01 0.000000e+00 -1.214499e-01
0.000000e+00 5.335000e+00 1.109066e+00 8.610028e-01 0.000000e+00 -1.193475e-01
0.000000e+00 5.390000e+00 1.108717e+00 8.606414e-01 0.000000e+00 -1.172867e-01
0.000000e+00 5.445000e+00 1.108390e+00 8.603030e-01 0.000000e+00 -1.152676e-01
0.000000e+00 5.500000e+00 1.108088e+00 8.599902e-01 0.000000e+00 -1.132936e-01
0.000000e+00 5.555000e+00 1.107815e+00 8.597077e-01 0.000000e+00 -1.113696e-01
0.000000e+00 5.610000e+00 1.107570e+00 8.594547e-01 0.000000e+00 -1.094955e-01
0.000000e+00 5.665000e+00 1.107339e+00 8.592159e-01 0.000000e+00 -1.076582e-01
0.000000e+00 5.720000e+00 1.107094e+00 8.589624e-01 0.000000e+00 -1.058326e-01
0.000000e+00 5.775000e+00 1.106815e+00 8.586730e-01 0.000000e+00 -1.040007e-01
0.000000e+00 5.830000e+00 1.106521e+00 8.583694e-01 0.000000e+00 -1.021827e-01
0.000000e+00 5.885000e+00 1.106302e+00 8.581432e-01 0.000000e+00 -1.004599e-01
0.000000e+00 5.940000e+00 1.106307e+00 8.581482e-01 0.000000e+00 -9.896733e-02
0.000000e+00 5.995000e+00 1.106685e+00 8.585388e-01 0.000000e+00 -9.783998e-02
0.000000e+00 6.050000e+00 1.107456e+00 8.593362e-01 0.000000e+00 -9.709068e-02
0.000000e+00 6.105000e+00 1.108441e+00 8.603556e-01 0.000000e+00 -9.655369e-02
0.000000e+00 6.160000e+00 1.109344e+00 8.612909e-01 0.000000e+00 -9.595848e-02
0.000000e+00 6.215000e+00 1.109842e+00 8.618062e-01 0.000000e+00 -9.501401e-02
0.000000e+00 6.270000e+00 1.109745e+00 8.617051e-01 0.000000e+00 -9.354718e-02
0.000000e+00 6.325000e+00 1.109160e+00 8.611002e-01 0.000000e+00 -9.166473e-02
0.000000e+00 6.380000e+00 1.108364e+00 8.602758e-01 0.000000e+00 -8.961407e-02
0.000000e+00 6.435000e+00 1.107618e+00 8.595040e-01 0.000000e+00 -8.763378e-02
0.000000e+00 6.490000e+00 1.107072e+00 8.589396e-01 0.000000e+00 -8.586131e-02
0.000000e+00 6.545000e+00 1.106704e+00 8.585585e-01 0.000000e+00 -8.427760e-02
0.000000e+00 6.600000e+00 1.106373e+00 8.582165e-01 0.000000e+00 -8.275999e-02
0.000000e+00 6.655000e+00 1.105959e+00 8.577879e-01 0.000000e+00 -8.119935e-02
0.000000e+00 6.710000e+00 1.105446e+00 8.572571e-01 0.000000e+00 -7.957798e-02
0.000000e+00 6.765000e+00 1.104907e+00 8.567004e-01 0.000000e+00 -7.795485e-02
0.000000e+00 6.820000e+00 1.104424e+00 8.562010e-01 0.000000e+00 -7.639575e-02
0.000000e+00 6.875000e+00 1.104020e+00 8.557829e-01 0.000000e+00 -7.492059e-02
0.000000e+00 6.930000e+00 1.103655e+00 8.554060e-01 0.000000e+00 -7.350029e-02
0.000000e+00 6.985000e+00 1.103272e+00 8.550108e-01 0.000000e+00 -7.209237e-02
0.000000e+00 7.040000e+00 1.102841e+00 8.545656e-01 0.000000e+00 -7.067577e-02
0.000000e+00 7.095000e+00 1.102371e+00 8.540798e-01 0.000000e+00 -6.925842e-02
0.000000e+00 7.150000e+00 1.101891e+00 8.535841e-01 0.000000e+00 -6.786163e-02
0.000000e+00 7.205000e+00 1.101428e+00 8.531053e-01 0.000000e+00 -6.650181e-02
0.000000e+00 7.260000e+00 1.100990e+00 8.526528e-01 0.000000e+00 -6.518294e-02
0.000000e+00 7.315000e+00 1.100572e+00 8.522212e-01 0.000000e+00 -6.389953e-02
0.000000e+00 7.370000e+00 1.100164e+00 8.518002e-01 0.000000e+00 -6.264372e-02
0.000000e+00 7.425000e+00 1.099759e+00 8.513826e-01 0.000000e+00 -6.141052e-02
0.000000e+00 7.480000e+00 1.099357e+00 8.509670e-01 0.000000e+00 -6.019909e-02
0.000000e+00 7.535000e+00 1.098958e+00 8.505560e-01 0.000000e+00 -5.901096e-02
0.000000e+00 7.590000e+00 1.098568e+00 8.501528e-01 0.000000e+00 -5.784762e-02
0.000000e+00 7.645000e+00 1.098186e+00 8.497592e-01 0.000000e+00 -5.670919e-02
0.000000e+00 7.700000e+00 1.097815e+00 8.493759e-01 0.000000e+00 -5.559472e-02
0.000000e+00 7.755000e+00 1.097453e+00 8.490031e-01 0.000000e+00 -5.450317e-02
0.000000e+00 7.810000e+00 1.097102e+00 8.486411e-01 0.000000e+00 -5.343381e-02
0.000000e+00 7.865000e+00 1.096762e+00 8.482898e-01 0.000000e+00 -5.238596e-02
0.000000e+00 7.920000e+00 1.096431e+00 8.479484e-01 0.000000e+00 -5.135868e-02
0.000000e+00 7.975000e+00 1.096108e+00 8.476158e-01 0.000000e+00 -5.035087e-02
0.000000e+00 8.030000e+00 1.095792e+00 8.472905e-01 0.000000e+00 -4.936147e-02
0.000000e+00 8.085000e+00 1.095483e+00 8.469715e-01 0.000000e+00 -4.838969e-02
0.000000e+00 8.140000e+00 1.095179e+00 8.466578e-01 0.000000e+00 -4.743487e-02
0.000000e+00 8.195000e+00 1.094879e+00 8.463485e-01 0.000000e+00 -4.649648e-02
0.000000e+00 8.250000e+00 1.094582e+00 8.460429e-01 0.000000e+00 -4.557399e-02
0.000000e+00 8.305000e+00 1.094288e+00 8.457402e-01 0.000000e+00 -4.466692e-02
0.000000e+00 8.360000e+00 1.093997e+00 8.454395e-01 0.000000e+00 -4.377482e-02
0.000000e+00 8.415000e+00 1.093706e+00 8.451404e-01 0.000000e+00 -4.289722e-02
0.000000e+00 8.470000e+00 1.093417e+00 8.448424e-01 0.000000e+00 -4.203373e-02
0.000000e+00 8.525000e+00 1.093128e+00 8.445452e-01 0.000000e+00 -4.118401e-02
0.000000e+00 8.580000e+00 1.092841e+00 8.442487e-01 0.000000e+00 -4.034780e-02
0.000000e+00 8.635000e+00 1.092553e+00 8.439529e-01 0.000000e+00 -3.952486e-02
0.000000e+00 8.690000e+00 1.092267e+00 8.436580e-01 0.000000e+00 -3.871499e-02
0.000000e+00 8.745000e+00 1.091982e+00 8.433639e-01 0.000000e+00 -3.791799e-02
0.000000e+00 8.800000e+00 1.091697e+00 8.430710e-01 0.000000e+00 -3.713362e-02
0.000000e+00 8.855000e+00 1.091414e+00 8.427794e-01 0.000000e+00 -3.636163e-02
0.000000e+00 8.910000e+00 1.091132e+00 8.424892e-01 0.000000e+00 -3.560170e-02
0.000000e+00 8.965000e+00 1.090852e+00 8.422005e-01 0.000000e+00 -3.485346e-02
0.000000e+00 9.020000e+00 1.090573e+00 8.419133e-01 0.000000e+00 -3.411647e-02
0.000000e+00 9.075000e+00 1.090295e+00 8.416277e-01 0.000000e+00 -3.339024e-02
0.000000e+00 9.130000e+00 1.090019e+00 8.413437e-01 0.000000e+00 -3.267424e-02
0.000000e+00 9.185000e+00 1.089745e+00 8.410612e-01 0.000000e+00 -3.196795e-02
0.000000e+00 9.240000e+00 1.089472e+00 8.407804e-01 0.000000e+00 -3.127091e-02
0.000000e+00 9.295000e+00 1.089200e+00 8.405013e-01 0.000000e+00 -3.058253e-02
0.000000e+00 9.350000e+00 1.088931e+00 8.402236e-01 0.000000e+00 -2.990201e-02
0.000000e+00 9.405000e+00 1.088662e+00 8.399474e-01 0.000000e+00 -2.922798e-02
0.000000e+00 9.460000e+00 1.088394e+00 8.396723e-01 0.000000e+00 -2.855970e-02
0.000000e+00 9.515000e+00 1.088128e+00 8.393986e-01 0.000000e+00 -2.789664e-02
0.000000e+00 9.570000e+00 1.087863e+00 8.391252e-01 0.000000e+00 -2.724056e-02
0.000000e+00 9.625000e+00 1.087599e+00 8.388539e-01 0.000000e+00 -2.658909e-02
0.000000e+00 9.680000e+00 1.087335e+00 8.385812e-01 0.000000e+00 -2.594012e-02
0.000000e+00 9.735000e+00 1.087074e+00 8.383128e-01 0.000000e+00 -2.528058e-02
0.000000e+00 9.790000e+00 1.086806e+00 8.380387e-01 0.000000e+00 -2.461838e-02
0.000000e+00 9.845000e+00 1.086549e+00 8.377766e-01 0.000000e+00 -2.395547e-02
0.000000e+00 9.900000e+00 1.086273e+00 8.374954e-01 0.000000e+00 -2.335954e-02
0.000000e+00 9.955000e+00 1.086039e+00 8.372596e-01 0.000000e+00 -2.281456e-02
0.000000e+00 1.001000e+01 1.103350e+00 8.550910e-01 -0.000000e+00 -6.410000e-03
0.000000e+00 1.006500e+01 1.103350e+00 8.550910e-01 -0.000000e+00 -6.410000e-03
0.000000e+00 1.012000e+01 1.103350e+00 8.550910e-01 -0.000000e+00 -6.410000e-03
0.000000e+00 1.017500e+01 1.103350e+00 8.550910e-01 -0.000000e+00 -6.410000e-03
0.000000e+00 1.023000e+01 1.103350e+00 8.550910e-01 -0.000000e+00 -6.410000e-03
0.000000e+00 1.028500e+01 1.103350e+00 8.550910e-01 -0.000000e+00 -6.410000e-03
0.000000e+00 1.034000e+01 1.103350e+00 8.550910e-01 -0.000000e+00 -6.410000e-03
0.000000e+00 1.039500e+01 1.103350e+00 8.550910e-01 -0.000000e+00 -6.410000e-03
0.000000e+00 1.045000e+01 1.103350e+00 8.550910e-01 -0.000000e+00 -6.410000e-03
0.000000e+00 1.050500e+01 1.103350e+00 8.550910e-01 -0.000000e+00 -6.410000e-03
0.000000e+00 1.056000e+01 1.103350e+00 8.550910e-01 -0.000000e+00 -6.410000e-03
0.000000e+00 1.061500e+01 1.103350e+00 8.550910e-01 -0.000000e+00 -6.410000e-03
0.000000e+00 1.067000e+01 1.103350e+00 8.550910e-01 -0.000000e+00 -6.410000e-03
0.000000e+00 1.072500e+01 1.103350e+00 8.550910e-01 -0.000000e+00 -6.410000e-03
0.000000e+00 1.078000e+01 1.103350e+00 8.550910e-01 -0.000000e+00 -6.410000e-03
0.000000e+00 1.083500e+01 1.103350e+00 8.550910e-01 -0.000000e+00 -6.410000e-03
0.000000e+00 1.089000e+01 1.103350e+00 8.550910e-01 -0.000000e+00 -6.410000e-03
0.000000e+00 1.094500e+01 1.103350e+00 8.550910e-01 -0.000000e+00 -6.410000e-03
0.000000e+00 1.100000e+01 1.103350e+00 8.550910e-01 -0.000000e+00 -6.410000e-03
