#############TIME##################
8.070678e-01 
###################################
0.000000e+00 0.000000e+00 4.044285e+00 4.835670e+00 0.000000e+00 -1.851905e+00
0.000000e+00 5.500000e-02 4.044285e+00 4.835670e+00 0.000000e+00 -1.851905e+00
0.000000e+00 1.100000e-01 4.044285e+00 4.835670e+00 0.000000e+00 -1.851905e+00
0.000000e+00 1.650000e-01 4.044285e+00 4.835670e+00 0.000000e+00 -1.851905e+00
0.000000e+00 2.200000e-01 4.074747e+00 4.884386e+00 0.000000e+00 -1.849986e+00
0.000000e+00 2.750000e-01 3.215461e+00 3.547262e+00 0.000000e+00 -1.627171e+00
0.000000e+00 3.300000e-01 2.650361e+00 2.748220e+00 0.000000e+00 -1.445665e+00
0.000000e+00 3.850000e-01 2.273946e+00 2.239986e+00 0.000000e+00 -1.306090e+00
0.000000e+00 4.400000e-01 2.002448e+00 1.891610e+00 0.000000e+00 -1.187127e+00
0.000000e+00 4.950000e-01 1.805713e+00 1.648283e+00 0.000000e+00 -1.089065e+00
0.000000e+00 5.500000e-01 1.657315e+00 1.470300e+00 0.000000e+00 -1.002408e+00
0.000000e+00 6.050000e-01 1.543705e+00 1.337697e+00 0.000000e+00 -9.274623e-01
0.000000e+00 6.600000e-01 1.455353e+00 1.236636e+00 0.000000e+00 -8.600041e-01
0.000000e+00 7.150000e-01 1.386008e+00 1.158798e+00 0.000000e+00 -7.995116e-01
0.000000e+00 7.700000e-01 1.331058e+00 1.097979e+00 0.000000e+00 -7.443487e-01
0.000000e+00 8.250000e-01 1.287295e+00 1.050147e+00 0.000000e+00 -6.939567e-01
0.000000e+00 8.800000e-01 1.252264e+00 1.012236e+00 0.000000e+00 -6.475936e-01
0.000000e+00 9.350000e-01 1.224159e+00 9.820756e-01 0.000000e+00 -6.048474e-01
0.000000e+00 9.900000e-01 1.201548e+00 9.579779e-01 0.000000e+00 -5.653261e-01
0.000000e+00 1.045000e+00 1.183319e+00 9.386626e-01 0.000000e+00 -5.287575e-01
0.000000e+00 1.100000e+00 1.168585e+00 9.231231e-01 0.000000e+00 -4.949020e-01
0.000000e+00 1.155000e+00 1.156658e+00 9.105915e-01 0.000000e+00 -4.635525e-01
0.000000e+00 1.210000e+00 1.146996e+00 9.004689e-01 0.000000e+00 -4.345146e-01
0.000000e+00 1.265000e+00 1.139163e+00 8.922833e-01 0.000000e+00 -4.076143e-01
0.000000e+00 1.320000e+00 1.132807e+00 8.856552e-01 0.000000e+00 -3.826932e-01
0.000000e+00 1.375000e+00 1.127644e+00 8.802793e-01 0.000000e+00 -3.596070e-01
0.000000e+00 1.430000e+00 1.123442e+00 8.759106e-01 0.000000e+00 -3.382212e-01
0.000000e+00 1.485000e+00 1.120017e+00 8.723528e-01 0.000000e+00 -3.184096e-01
0.000000e+00 1.540000e+00 1.117219e+00 8.694486e-01 0.000000e+00 -3.000537e-01
0.000000e+00 1.595000e+00 1.114927e+00 8.670722e-01 0.000000e+00 -2.830423e-01
0.000000e+00 1.650000e+00 1.113045e+00 8.651225e-01 0.000000e+00 -2.672710e-01
0.000000e+00 1.705000e+00 1.111497e+00 8.635185e-01 0.000000e+00 -2.526426e-01
0.000000e+00 1.760000e+00 1.110219e+00 8.621951e-01 0.000000e+00 -2.390663e-01
0.000000e+00 1.815000e+00 1.109161e+00 8.611000e-01 0.000000e+00 -2.264581e-01
0.000000e+00 1.870000e+00 1.108282e+00 8.601909e-01 0.000000e+00 -2.147400e-01
0.000000e+00 1.925000e+00 1.107551e+00 8.594339e-01 0.000000e+00 -2.038402e-01
0.000000e+00 1.980000e+00 1.106939e+00 8.588014e-01 0.000000e+00 -1.936925e-01
0.000000e+00 2.035000e+00 1.106427e+00 8.582713e-01 0.000000e+00 -1.842361e-01
0.000000e+00 2.090000e+00 1.105996e+00 8.578256e-01 0.000000e+00 -1.754151e-01
0.000000e+00 2.145000e+00 1.105632e+00 8.574496e-01 0.000000e+00 -1.671787e-01
0.000000e+00 2.200000e+00 1.105324e+00 8.571314e-01 0.000000e+00 -1.594802e-01
0.000000e+00 2.255000e+00 1.105063e+00 8.568613e-01 0.000000e+00 -1.522769e-01
0.000000e+00 2.310000e+00 1.104840e+00 8.566314e-01 0.000000e+00 -1.455300e-01
0.000000e+00 2.365000e+00 1.104651e+00 8.564350e-01 0.000000e+00 -1.392039e-01
0.000000e+00 2.420000e+00 1.104488e+00 8.562669e-01 0.000000e+00 -1.332663e-01
0.000000e+00 2.475000e+00 1.104348e+00 8.561224e-01 0.000000e+00 -1.276875e-01
0.000000e+00 2.530000e+00 1.104228e+00 8.559980e-01 0.000000e+00 -1.224406e-01
0.000000e+00 2.585000e+00 1.104124e+00 8.558905e-01 0.000000e+00 -1.175009e-01
0.000000e+00 2.640000e+00 1.104034e+00 8.557975e-01 0.000000e+00 -1.128458e-01
0.000000e+00 2.695000e+00 1.103956e+00 8.557167e-01 0.000000e+00 -1.084547e-01
0.000000e+00 2.750000e+00 1.103887e+00 8.556464e-01 0.000000e+00 -1.043087e-01
0.000000e+00 2.805000e+00 1.103828e+00 8.555851e-01 0.000000e+00 -1.003904e-01
0.000000e+00 2.860000e+00 1.103776e+00 8.555315e-01 0.000000e+00 -9.668410e-02
0.000000e+00 2.915000e+00 1.103731e+00 8.554844e-01 0.000000e+00 -9.317508e-02
0.000000e+00 2.970000e+00 1.103691e+00 8.554431e-01 0.000000e+00 -8.984999e-02
0.000000e+00 3.025000e+00 1.103656e+00 8.554068e-01 0.000000e+00 -8.669653e-02
0.000000e+00 3.080000e+00 1.103625e+00 8.553747e-01 0.000000e+00 -8.370337e-02
0.000000e+00 3.135000e+00 1.103597e+00 8.553463e-01 0.000000e+00 -8.086006e-02
0.000000e+00 3.190000e+00 1.103573e+00 8.553212e-01 0.000000e+00 -7.815697e-02
0.000000e+00 3.245000e+00 1.103551e+00 8.552989e-01 0.000000e+00 -7.558522e-02
0.000000e+00 3.300000e+00 1.103532e+00 8.552790e-01 0.000000e+00 -7.313659e-02
0.000000e+00 3.355000e+00 1.103515e+00 8.552613e-01 0.000000e+00 -7.080349e-02
0.000000e+00 3.410000e+00 1.103500e+00 8.552456e-01 0.000000e+00 -6.857889e-02
0.000000e+00 3.465000e+00 1.103486e+00 8.552315e-01 0.000000e+00 -6.645626e-02
0.000000e+00 3.520000e+00 1.103474e+00 8.552188e-01 0.000000e+00 -6.442957e-02
0.000000e+00 3.575000e+00 1.103463e+00 8.552075e-01 0.000000e+00 -6.249320e-02
0.000000e+00 3.630000e+00 1.103453e+00 8.551973e-01 0.000000e+00 -6.064193e-02
0.000000e+00 3.685000e+00 1.103444e+00 8.551882e-01 0.000000e+00 -5.887093e-02
0.000000e+00 3.740000e+00 1.103436e+00 8.551799e-01 0.000000e+00 -5.717566e-02
0.000000e+00 3.795000e+00 1.103429e+00 8.551725e-01 0.000000e+00 -5.555193e-02
0.000000e+00 3.850000e+00 1.103422e+00 8.551657e-01 0.000000e+00 -5.399581e-02
0.000000e+00 3.905000e+00 1.103416e+00 8.551596e-01 0.000000e+00 -5.250364e-02
0.000000e+00 3.960000e+00 1.103411e+00 8.551541e-01 0.000000e+00 -5.107199e-02
0.000000e+00 4.015000e+00 1.103406e+00 8.551491e-01 0.000000e+00 -4.969768e-02
0.000000e+00 4.070000e+00 1.103402e+00 8.551445e-01 0.000000e+00 -4.837771e-02
0.000000e+00 4.125000e+00 1.103398e+00 8.551404e-01 0.000000e+00 -4.710927e-02
0.000000e+00 4.180000e+00 1.103394e+00 8.551366e-01 0.000000e+00 -4.588975e-02
0.000000e+00 4.235000e+00 1.103391e+00 8.551332e-01 0.000000e+00 -4.471667e-02
0.000000e+00 4.290000e+00 1.103388e+00 8.551300e-01 0.000000e+00 -4.358774e-02
0.000000e+00 4.345000e+00 1.103385e+00 8.551271e-01 0.000000e+00 -4.250077e-02
0.000000e+00 4.400000e+00 1.103382e+00 8.551245e-01 0.000000e+00 -4.145374e-02
0.000000e+00 4.455000e+00 1.103380e+00 8.551221e-01 0.000000e+00 -4.044472e-02
0.000000e+00 4.510000e+00 1.103378e+00 8.551199e-01 0.000000e+00 -3.947190e-02
0.000000e+00 4.565000e+00 1.103376e+00 8.551178e-01 0.000000e+00 -3.853359e-02
0.000000e+00 4.620000e+00 1.103374e+00 8.551160e-01 0.000000e+00 -3.762818e-02
0.000000e+00 4.675000e+00 1.103373e+00 8.551143e-01 0.000000e+00 -3.675417e-02
0.000000e+00 4.730000e+00 1.103371e+00 8.551127e-01 0.000000e+00 -3.591011e-02
0.000000e+00 4.785000e+00 1.103370e+00 8.551112e-01 0.000000e+00 -3.509468e-02
0.000000e+00 4.840000e+00 1.103368e+00 8.551099e-01 0.000000e+00 -3.430660e-02
0.000000e+00 4.895000e+00 1.103367e+00 8.551086e-01 0.000000e+00 -3.354466e-02
0.000000e+00 4.950000e+00 1.103366e+00 8.551075e-01 0.000000e+00 -3.280772e-02
0.000000e+00 5.005000e+00 1.103365e+00 8.551064e-01 0.000000e+00 -3.209472e-02
0.000000e+00 5.060000e+00 1.103364e+00 8.551054e-01 0.000000e+00 -3.140462e-02
0.000000e+00 5.115000e+00 1.103363e+00 8.551045e-01 0.000000e+00 -3.073646e-02
0.000000e+00 5.170000e+00 1.103362e+00 8.551037e-01 0.000000e+00 -3.008933e-02
0.000000e+00 5.225000e+00 1.103362e+00 8.551029e-01 0.000000e+00 -2.946236e-02
0.000000e+00 5.280000e+00 1.103361e+00 8.551022e-01 0.000000e+00 -2.885472e-02
0.000000e+00 5.335000e+00 1.103360e+00 8.551015e-01 0.000000e+00 -2.826563e-02
0.000000e+00 5.390000e+00 1.103360e+00 8.551009e-01 0.000000e+00 -2.769434e-02
0.000000e+00 5.445000e+00 1.103359e+00 8.551003e-01 0.000000e+00 -2.714014e-02
0.000000e+00 5.500000e+00 1.103358e+00 8.550997e-01 0.000000e+00 -2.660237e-02
0.000000e+00 5.555000e+00 1.103358e+00 8.550992e-01 0.000000e+00 -2.608039e-02
0.000000e+00 5.610000e+00 1.103358e+00 8.550988e-01 0.000000e+00 -2.557357e-02
0.000000e+00 5.665000e+00 1.103357e+00 8.550983e-01 0.000000e+00 -2.508135e-02
0.000000e+00 5.720000e+00 1.103357e+00 8.550979e-01 0.000000e+00 -2.460317e-02
0.000000e+00 5.775000e+00 1.103356e+00 8.550975e-01 0.000000e+00 -2.413850e-02
0.000000e+00 5.830000e+00 1.103356e+00 8.550972e-01 0.000000e+00 -2.368684e-02
0.000000e+00 5.885000e+00 1.103356e+00 8.550968e-01 0.000000e+00 -2.324771e-02
0.000000e+00 5.940000e+00 1.103355e+00 8.550965e-01 0.000000e+00 -2.282065e-02
0.000000e+00 5.995000e+00 1.103355e+00 8.550962e-01 0.000000e+00 -2.240523e-02
0.000000e+00 6.050000e+00 1.103355e+00 8.550959e-01 0.000000e+00 -2.200103e-02
0.000000e+00 6.105000e+00 1.103355e+00 8.550957e-01 0.000000e+00 -2.160764e-02
0.000000e+00 6.160000e+00 1.103354e+00 8.550954e-01 0.000000e+00 -2.122469e-02
0.000000e+00 6.215000e+00 1.103354e+00 8.550952e-01 0.000000e+00 -2.085181e-02
0.000000e+00 6.270000e+00 1.103354e+00 8.550950e-01 0.000000e+00 -2.048865e-02
0.000000e+00 6.325000e+00 1.103354e+00 8.550948e-01 0.000000e+00 -2.013488e-02
0.000000e+00 6.380000e+00 1.103353e+00 8.550946e-01 0.000000e+00 -1.979018e-02
0.000000e+00 6.435000e+00 1.103353e+00 8.550944e-01 0.000000e+00 -1.945424e-02
0.000000e+00 6.490000e+00 1.103353e+00 8.550942e-01 0.000000e+00 -1.912676e-02
0.000000e+00 6.545000e+00 1.103353e+00 8.550941e-01 0.000000e+00 -1.880748e-02
0.000000e+00 6.600000e+00 1.103353e+00 8.550939e-01 0.000000e+00 -1.849610e-02
0.000000e+00 6.655000e+00 1.103353e+00 8.550938e-01 0.000000e+00 -1.819239e-02
0.000000e+00 6.710000e+00 1.103353e+00 8.550936e-01 0.000000e+00 -1.789608e-02
0.000000e+00 6.765000e+00 1.103352e+00 8.550935e-01 0.000000e+00 -1.760694e-02
0.000000e+00 6.820000e+00 1.103352e+00 8.550934e-01 0.000000e+00 -1.732475e-02
0.000000e+00 6.875000e+00 1.103352e+00 8.550933e-01 0.000000e+00 -1.704927e-02
0.000000e+00 6.930000e+00 1.103352e+00 8.550932e-01 0.000000e+00 -1.678030e-02
0.000000e+00 6.985000e+00 1.103352e+00 8.550931e-01 0.000000e+00 -1.651764e-02
0.000000e+00 7.040000e+00 1.103352e+00 8.550930e-01 0.000000e+00 -1.626109e-02
0.000000e+00 7.095000e+00 1.103352e+00 8.550929e-01 0.000000e+00 -1.601047e-02
0.000000e+00 7.150000e+00 1.103352e+00 8.550928e-01 0.000000e+00 -1.576558e-02
0.000000e+00 7.205000e+00 1.103352e+00 8.550927e-01 0.000000e+00 -1.552627e-02
0.000000e+00 7.260000e+00 1.103352e+00 8.550926e-01 0.000000e+00 -1.529235e-02
0.000000e+00 7.315000e+00 1.103352e+00 8.550926e-01 0.000000e+00 -1.506368e-02
0.000000e+00 7.370000e+00 1.103351e+00 8.550925e-01 0.000000e+00 -1.484009e-02
0.000000e+00 7.425000e+00 1.103351e+00 8.550924e-01 0.000000e+00 -1.462144e-02
0.000000e+00 7.480000e+00 1.103351e+00 8.550924e-01 0.000000e+00 -1.440758e-02
0.000000e+00 7.535000e+00 1.103351e+00 8.550923e-01 0.000000e+00 -1.419837e-02
0.000000e+00 7.590000e+00 1.103351e+00 8.550923e-01 0.000000e+00 -1.399368e-02
0.000000e+00 7.645000e+00 1.103351e+00 8.550922e-01 0.000000e+00 -1.379338e-02
0.000000e+00 7.700000e+00 1.103351e+00 8.550922e-01 0.000000e+00 -1.359735e-02
0.000000e+00 7.755000e+00 1.103351e+00 8.550921e-01 0.000000e+00 -1.340546e-02
0.000000e+00 7.810000e+00 1.103351e+00 8.550921e-01 0.000000e+00 -1.321760e-02
0.000000e+00 7.865000e+00 1.103351e+00 8.550920e-01 0.000000e+00 -1.303366e-02
0.000000e+00 7.920000e+00 1.103351e+00 8.550920e-01 0.000000e+00 -1.285353e-02
0.000000e+00 7.975000e+00 1.103351e+00 8.550919e-01 0.000000e+00 -1.267710e-02
0.000000e+00 8.030000e+00 1.103351e+00 8.550919e-01 0.000000e+00 -1.250428e-02
0.000000e+00 8.085000e+00 1.103351e+00 8.550919e-01 0.000000e+00 -1.233497e-02
0.000000e+00 8.140000e+00 1.103351e+00 8.550918e-01 0.000000e+00 -1.216906e-02
0.000000e+00 8.195000e+00 1.103351e+00 8.550918e-01 0.000000e+00 -1.200649e-02
0.000000e+00 8.250000e+00 1.103351e+00 8.550918e-01 0.000000e+00 -1.184714e-02
0.000000e+00 8.305000e+00 1.103351e+00 8.550917e-01 0.000000e+00 -1.169094e-02
0.000000e+00 8.360000e+00 1.103351e+00 8.550917e-01 0.000000e+00 -1.153779e-02
0.000000e+00 8.415000e+00 1.103351e+00 8.550916e-01 0.000000e+00 -1.138763e-02
0.000000e+00 8.470000e+00 1.103351e+00 8.550917e-01 0.000000e+00 -1.124048e-02
0.000000e+00 8.525000e+00 1.103351e+00 8.550919e-01 0.000000e+00 -1.109626e-02
0.000000e+00 8.580000e+00 1.103351e+00 8.550917e-01 0.000000e+00 -1.095445e-02
0.000000e+00 8.635000e+00 1.103350e+00 8.550905e-01 0.000000e+00 -1.081448e-02
0.000000e+00 8.690000e+00 1.103349e+00 8.550898e-01 0.000000e+00 -1.067754e-02
0.000000e+00 8.745000e+00 1.103353e+00 8.550937e-01 0.000000e+00 -1.054726e-02
0.000000e+00 8.800000e+00 1.103361e+00 8.551024e-01 0.000000e+00 -1.042385e-02
0.000000e+00 8.855000e+00 1.103360e+00 8.551014e-01 0.000000e+00 -1.029408e-02
0.000000e+00 8.910000e+00 1.103328e+00 8.550682e-01 0.000000e+00 -1.013804e-02
0.000000e+00 8.965000e+00 1.103282e+00 8.550212e-01 0.000000e+00 -9.972010e-03
0.000000e+00 9.020000e+00 1.103334e+00 8.550749e-01 0.000000e+00 -9.897920e-03
0.000000e+00 9.075000e+00 1.103674e+00 8.554257e-01 0.000000e+00 -1.009087e-02
0.000000e+00 9.130000e+00 1.104398e+00 8.561740e-01 0.000000e+00 -1.064024e-02
0.000000e+00 9.185000e+00 1.105322e+00 8.571294e-01 0.000000e+00 -1.137492e-02
0.000000e+00 9.240000e+00 1.106073e+00 8.579063e-01 0.000000e+00 -1.195252e-02
0.000000e+00 9.295000e+00 1.106300e+00 8.581409e-01 0.000000e+00 -1.204718e-02
0.000000e+00 9.350000e+00 1.106019e+00 8.578497e-01 0.000000e+00 -1.168100e-02
0.000000e+00 9.405000e+00 1.105544e+00 8.573587e-01 0.000000e+00 -1.113749e-02
0.000000e+00 9.460000e+00 1.105130e+00 8.569308e-01 0.000000e+00 -1.065659e-02
0.000000e+00 9.515000e+00 1.104844e+00 8.566353e-01 0.000000e+00 -1.029363e-02
0.000000e+00 9.570000e+00 1.104602e+00 8.563850e-01 0.000000e+00 -9.979955e-03
0.000000e+00 9.625000e+00 1.104363e+00 8.561376e-01 0.000000e+00 -9.648667e-03
0.000000e+00 9.680000e+00 1.104120e+00 8.558874e-01 0.000000e+00 -9.322753e-03
0.000000e+00 9.735000e+00 1.103881e+00 8.556405e-01 0.000000e+00 -8.994365e-03
0.000000e+00 9.790000e+00 1.103617e+00 8.553667e-01 0.000000e+00 -8.629577e-03
0.000000e+00 9.845000e+00 1.103272e+00 8.550072e-01 0.000000e+00 -8.277478e-03
0.000000e+00 9.900000e+00 1.103050e+00 8.547757e-01 0.000000e+00 -7.818288e-03
0.000000e+00 9.955000e+00 1.102564e+00 8.542759e-01 0.000000e+00 -7.668226e-03
0.000000e+00 1.001000e+01 1.103350e+00 8.550910e-01 -0.000000e+00 -6.410000e-03
0.000000e+00 1.006500e+01 1.103350e+00 8.550910e-01 -0.000000e+00 -6.410000e-03
0.000000e+00 1.012000e+01 1.103350e+00 8.550910e-01 -0.000000e+00 -6.410000e-03
0.000000e+00 1.017500e+01 1.103350e+00 8.550910e-01 -0.000000e+00 -6.410000e-03
0.000000e+00 1.023000e+01 1.103350e+00 8.550910e-01 -0.000000e+00 -6.410000e-03
0.000000e+00 1.028500e+01 1.103350e+00 8.550910e-01 -0.000000e+00 -6.410000e-03
0.000000e+00 1.034000e+01 1.103350e+00 8.550910e-01 -0.000000e+00 -6.410000e-03
0.000000e+00 1.039500e+01 1.103350e+00 8.550910e-01 -0.000000e+00 -6.410000e-03
0.000000e+00 1.045000e+01 1.103350e+00 8.550910e-01 -0.000000e+00 -6.410000e-03
0.000000e+00 1.050500e+01 1.103350e+00 8.550910e-01 -0.000000e+00 -6.410000e-03
0.000000e+00 1.056000e+01 1.103350e+00 8.550910e-01 -0.000000e+00 -6.410000e-03
0.000000e+00 1.061500e+01 1.103350e+00 8.550910e-01 -0.000000e+00 -6.410000e-03
0.000000e+00 1.067000e+01 1.103350e+00 8.550910e-01 -0.000000e+00 -6.410000e-03
0.000000e+00 1.072500e+01 1.103350e+00 8.550910e-01 -0.000000e+00 -6.410000e-03
0.000000e+00 1.078000e+01 1.103350e+00 8.550910e-01 -0.000000e+00 -6.410000e-03
0.000000e+00 1.083500e+01 1.103350e+00 8.550910e-01 -0.000000e+00 -6.410000e-03
0.000000e+00 1.089000e+01 1.103350e+00 8.550910e-01 -0.000000e+00 -6.410000e-03
0.000000e+00 1.094500e+01 1.103350e+00 8.550910e-01 -0.000000e+00 -6.410000e-03
0.000000e+00 1.100000e+01 1.103350e+00 8.550910e-01 -0.000000e+00 -6.410000e-03
