#############TIME##################
5.106720e+00 
###################################
0.000000e+00 0.000000e+00 9.595923e+00 1.533409e+01 0.000000e+00 -1.418053e+00
0.000000e+00 5.500000e-02 9.595923e+00 1.533409e+01 0.000000e+00 -1.418053e+00
0.000000e+00 1.100000e-01 9.595923e+00 1.533409e+01 0.000000e+00 -1.418053e+00
0.000000e+00 1.650000e-01 9.595923e+00 1.533409e+01 0.000000e+00 -1.418053e+00
0.000000e+00 2.200000e-01 9.595880e+00 1.533399e+01 0.000000e+00 -1.418045e+00
0.000000e+00 2.750000e-01 7.460570e+00 1.088438e+01 0.000000e+00 -1.228393e+00
0.000000e+00 3.300000e-01 6.195201e+00 8.517707e+00 0.000000e+00 -1.052594e+00
0.000000e+00 3.850000e-01 5.341369e+00 6.991882e+00 0.000000e+00 -9.147117e-01
0.000000e+00 4.400000e-01 4.719486e+00 5.931965e+00 0.000000e+00 -8.011168e-01
0.000000e+00 4.950000e-01 4.249748e+00 5.159435e+00 0.000000e+00 -7.093923e-01
0.000000e+00 5.500000e-01 3.881219e+00 4.572484e+00 0.000000e+00 -6.331888e-01
0.000000e+00 6.050000e-01 3.586002e+00 4.115426e+00 0.000000e+00 -5.695739e-01
0.000000e+00 6.600000e-01 3.344303e+00 3.750141e+00 0.000000e+00 -5.155141e-01
0.000000e+00 7.150000e-01 3.143397e+00 3.453082e+00 0.000000e+00 -4.692670e-01
0.000000e+00 7.700000e-01 2.973818e+00 3.207139e+00 0.000000e+00 -4.292280e-01
0.000000e+00 8.250000e-01 2.829053e+00 3.000808e+00 0.000000e+00 -3.943470e-01
0.000000e+00 8.800000e-01 2.704069e+00 2.825451e+00 0.000000e+00 -3.636927e-01
0.000000e+00 9.350000e-01 2.595200e+00 2.674872e+00 0.000000e+00 -3.366009e-01
0.000000e+00 9.900000e-01 2.499558e+00 2.544300e+00 0.000000e+00 -3.125054e-01
0.000000e+00 1.045000e+00 2.414930e+00 2.430140e+00 0.000000e+00 -2.909761e-01
0.000000e+00 1.100000e+00 2.339545e+00 2.329558e+00 0.000000e+00 -2.716506e-01
0.000000e+00 1.155000e+00 2.271994e+00 2.240340e+00 0.000000e+00 -2.542392e-01
0.000000e+00 1.210000e+00 2.211134e+00 2.160709e+00 0.000000e+00 -2.384961e-01
0.000000e+00 1.265000e+00 2.156030e+00 2.089234e+00 0.000000e+00 -2.242181e-01
0.000000e+00 1.320000e+00 2.105912e+00 2.024746e+00 0.000000e+00 -2.112318e-01
0.000000e+00 1.375000e+00 2.060139e+00 1.966286e+00 0.000000e+00 -1.993908e-01
0.000000e+00 1.430000e+00 2.018169e+00 1.913055e+00 0.000000e+00 -1.885699e-01
0.000000e+00 1.485000e+00 1.979549e+00 1.864383e+00 0.000000e+00 -1.786621e-01
0.000000e+00 1.540000e+00 1.943888e+00 1.819709e+00 0.000000e+00 -1.695748e-01
0.000000e+00 1.595000e+00 1.910853e+00 1.778556e+00 0.000000e+00 -1.612270e-01
0.000000e+00 1.650000e+00 1.880158e+00 1.740521e+00 0.000000e+00 -1.535464e-01
0.000000e+00 1.705000e+00 1.851551e+00 1.705260e+00 0.000000e+00 -1.464688e-01
0.000000e+00 1.760000e+00 1.824816e+00 1.672474e+00 0.000000e+00 -1.399379e-01
0.000000e+00 1.815000e+00 1.799762e+00 1.641903e+00 0.000000e+00 -1.339062e-01
0.000000e+00 1.870000e+00 1.776223e+00 1.613319e+00 0.000000e+00 -1.283341e-01
0.000000e+00 1.925000e+00 1.754053e+00 1.586518e+00 0.000000e+00 -1.231884e-01
0.000000e+00 1.980000e+00 1.733121e+00 1.561322e+00 0.000000e+00 -1.184402e-01
0.000000e+00 2.035000e+00 1.713310e+00 1.537571e+00 0.000000e+00 -1.140632e-01
0.000000e+00 2.090000e+00 1.694519e+00 1.515128e+00 0.000000e+00 -1.100335e-01
0.000000e+00 2.145000e+00 1.676653e+00 1.493867e+00 0.000000e+00 -1.063296e-01
0.000000e+00 2.200000e+00 1.659630e+00 1.473679e+00 0.000000e+00 -1.029317e-01
0.000000e+00 2.255000e+00 1.643375e+00 1.454467e+00 0.000000e+00 -9.982167e-02
0.000000e+00 2.310000e+00 1.627822e+00 1.436144e+00 0.000000e+00 -9.698284e-02
0.000000e+00 2.365000e+00 1.612907e+00 1.418627e+00 0.000000e+00 -9.440303e-02
0.000000e+00 2.420000e+00 1.598562e+00 1.401830e+00 0.000000e+00 -9.207785e-02
0.000000e+00 2.475000e+00 1.584711e+00 1.385658e+00 0.000000e+00 -9.001279e-02
0.000000e+00 2.530000e+00 1.571273e+00 1.370015e+00 0.000000e+00 -8.822080e-02
0.000000e+00 2.585000e+00 1.558173e+00 1.354808e+00 0.000000e+00 -8.671605e-02
0.000000e+00 2.640000e+00 1.545347e+00 1.339960e+00 0.000000e+00 -8.550839e-02
0.000000e+00 2.695000e+00 1.532742e+00 1.325407e+00 0.000000e+00 -8.460374e-02
0.000000e+00 2.750000e+00 1.520304e+00 1.311087e+00 0.000000e+00 -8.401032e-02
0.000000e+00 2.805000e+00 1.507973e+00 1.296928e+00 0.000000e+00 -8.374510e-02
0.000000e+00 2.860000e+00 1.495677e+00 1.282848e+00 0.000000e+00 -8.383449e-02
0.000000e+00 2.915000e+00 1.483347e+00 1.268766e+00 0.000000e+00 -8.430734e-02
0.000000e+00 2.970000e+00 1.470923e+00 1.254618e+00 0.000000e+00 -8.518539e-02
0.000000e+00 3.025000e+00 1.458362e+00 1.240354e+00 0.000000e+00 -8.648368e-02
0.000000e+00 3.080000e+00 1.445602e+00 1.225906e+00 0.000000e+00 -8.823033e-02
0.000000e+00 3.135000e+00 1.432531e+00 1.211149e+00 0.000000e+00 -9.049478e-02
0.000000e+00 3.190000e+00 1.418980e+00 1.195898e+00 0.000000e+00 -9.339052e-02
0.000000e+00 3.245000e+00 1.404785e+00 1.179975e+00 0.000000e+00 -9.703016e-02
0.000000e+00 3.300000e+00 1.389880e+00 1.163312e+00 0.000000e+00 -1.014591e-01
0.000000e+00 3.355000e+00 1.374335e+00 1.145998e+00 0.000000e+00 -1.066207e-01
0.000000e+00 3.410000e+00 1.358345e+00 1.128255e+00 0.000000e+00 -1.123662e-01
0.000000e+00 3.465000e+00 1.342185e+00 1.110395e+00 0.000000e+00 -1.184795e-01
0.000000e+00 3.520000e+00 1.326190e+00 1.092787e+00 0.000000e+00 -1.246967e-01
0.000000e+00 3.575000e+00 1.310709e+00 1.075811e+00 0.000000e+00 -1.307331e-01
0.000000e+00 3.630000e+00 1.296044e+00 1.059792e+00 0.000000e+00 -1.363335e-01
0.000000e+00 3.685000e+00 1.282385e+00 1.044927e+00 0.000000e+00 -1.413258e-01
0.000000e+00 3.740000e+00 1.269793e+00 1.031269e+00 0.000000e+00 -1.456450e-01
0.000000e+00 3.795000e+00 1.258230e+00 1.018766e+00 0.000000e+00 -1.493127e-01
0.000000e+00 3.850000e+00 1.247615e+00 1.007322e+00 0.000000e+00 -1.523933e-01
0.000000e+00 3.905000e+00 1.237862e+00 9.968368e-01 0.000000e+00 -1.549563e-01
0.000000e+00 3.960000e+00 1.228883e+00 9.872075e-01 0.000000e+00 -1.570562e-01
0.000000e+00 4.015000e+00 1.220580e+00 9.783244e-01 0.000000e+00 -1.587271e-01
0.000000e+00 4.070000e+00 1.212852e+00 9.700739e-01 0.000000e+00 -1.599888e-01
0.000000e+00 4.125000e+00 1.205617e+00 9.623658e-01 0.000000e+00 -1.608669e-01
0.000000e+00 4.180000e+00 1.198851e+00 9.551713e-01 0.000000e+00 -1.614208e-01
0.000000e+00 4.235000e+00 1.192607e+00 9.485444e-01 0.000000e+00 -1.617642e-01
0.000000e+00 4.290000e+00 1.187004e+00 9.426073e-01 0.000000e+00 -1.620583e-01
0.000000e+00 4.345000e+00 1.182175e+00 9.374973e-01 0.000000e+00 -1.624712e-01
0.000000e+00 4.400000e+00 1.178163e+00 9.332578e-01 0.000000e+00 -1.630883e-01
0.000000e+00 4.455000e+00 1.174824e+00 9.297321e-01 0.000000e+00 -1.638254e-01
0.000000e+00 4.510000e+00 1.171847e+00 9.265927e-01 0.000000e+00 -1.644472e-01
0.000000e+00 4.565000e+00 1.168863e+00 9.234477e-01 0.000000e+00 -1.646597e-01
0.000000e+00 4.620000e+00 1.165567e+00 9.199779e-01 0.000000e+00 -1.642354e-01
0.000000e+00 4.675000e+00 1.161911e+00 9.161325e-01 0.000000e+00 -1.631571e-01
0.000000e+00 4.730000e+00 1.158057e+00 9.120835e-01 0.000000e+00 -1.615972e-01
0.000000e+00 4.785000e+00 1.154233e+00 9.080698e-01 0.000000e+00 -1.597858e-01
0.000000e+00 4.840000e+00 1.150630e+00 9.042923e-01 0.000000e+00 -1.579210e-01
0.000000e+00 4.895000e+00 1.147332e+00 9.008380e-01 0.000000e+00 -1.561036e-01
0.000000e+00 4.950000e+00 1.144304e+00 8.976691e-01 0.000000e+00 -1.543246e-01
0.000000e+00 5.005000e+00 1.141451e+00 8.946872e-01 0.000000e+00 -1.525163e-01
0.000000e+00 5.060000e+00 1.138708e+00 8.918211e-01 0.000000e+00 -1.506273e-01
0.000000e+00 5.115000e+00 1.136074e+00 8.890720e-01 0.000000e+00 -1.486637e-01
0.000000e+00 5.170000e+00 1.133600e+00 8.864916e-01 0.000000e+00 -1.466757e-01
0.000000e+00 5.225000e+00 1.131328e+00 8.841232e-01 0.000000e+00 -1.447121e-01
0.000000e+00 5.280000e+00 1.129251e+00 8.819597e-01 0.000000e+00 -1.427847e-01
0.000000e+00 5.335000e+00 1.127316e+00 8.799448e-01 0.000000e+00 -1.408671e-01
0.000000e+00 5.390000e+00 1.125458e+00 8.780112e-01 0.000000e+00 -1.389218e-01
0.000000e+00 5.445000e+00 1.123640e+00 8.761211e-01 0.000000e+00 -1.369306e-01
0.000000e+00 5.500000e+00 1.121868e+00 8.742797e-01 0.000000e+00 -1.349043e-01
0.000000e+00 5.555000e+00 1.120173e+00 8.725186e-01 0.000000e+00 -1.328705e-01
0.000000e+00 5.610000e+00 1.118582e+00 8.708672e-01 0.000000e+00 -1.308543e-01
0.000000e+00 5.665000e+00 1.117105e+00 8.693341e-01 0.000000e+00 -1.288667e-01
0.000000e+00 5.720000e+00 1.115728e+00 8.679049e-01 0.000000e+00 -1.269038e-01
0.000000e+00 5.775000e+00 1.114423e+00 8.665520e-01 0.000000e+00 -1.249545e-01
0.000000e+00 5.830000e+00 1.113166e+00 8.652489e-01 0.000000e+00 -1.230086e-01
0.000000e+00 5.885000e+00 1.111941e+00 8.639800e-01 0.000000e+00 -1.210617e-01
0.000000e+00 5.940000e+00 1.110747e+00 8.627432e-01 0.000000e+00 -1.191168e-01
0.000000e+00 5.995000e+00 1.109592e+00 8.615468e-01 0.000000e+00 -1.171816e-01
0.000000e+00 6.050000e+00 1.108486e+00 8.604024e-01 0.000000e+00 -1.152649e-01
0.000000e+00 6.105000e+00 1.107439e+00 8.593190e-01 0.000000e+00 -1.133732e-01
0.000000e+00 6.160000e+00 1.106454e+00 8.582995e-01 0.000000e+00 -1.115093e-01
0.000000e+00 6.215000e+00 1.105526e+00 8.573403e-01 0.000000e+00 -1.096729e-01
0.000000e+00 6.270000e+00 1.104650e+00 8.564342e-01 0.000000e+00 -1.078619e-01
0.000000e+00 6.325000e+00 1.103816e+00 8.555721e-01 0.000000e+00 -1.060743e-01
0.000000e+00 6.380000e+00 1.103015e+00 8.547452e-01 0.000000e+00 -1.043080e-01
0.000000e+00 6.435000e+00 1.102242e+00 8.539460e-01 0.000000e+00 -1.025618e-01
0.000000e+00 6.490000e+00 1.101489e+00 8.531686e-01 0.000000e+00 -1.008349e-01
0.000000e+00 6.545000e+00 1.100754e+00 8.524094e-01 0.000000e+00 -9.912714e-02
0.000000e+00 6.600000e+00 1.100035e+00 8.516667e-01 0.000000e+00 -9.743911e-02
0.000000e+00 6.655000e+00 1.099331e+00 8.509404e-01 0.000000e+00 -9.577173e-02
0.000000e+00 6.710000e+00 1.098643e+00 8.502309e-01 0.000000e+00 -9.412606e-02
0.000000e+00 6.765000e+00 1.097973e+00 8.495395e-01 0.000000e+00 -9.250310e-02
0.000000e+00 6.820000e+00 1.097321e+00 8.488672e-01 0.000000e+00 -9.090367e-02
0.000000e+00 6.875000e+00 1.096689e+00 8.482148e-01 0.000000e+00 -8.932830e-02
0.000000e+00 6.930000e+00 1.096076e+00 8.475826e-01 0.000000e+00 -8.777725e-02
0.000000e+00 6.985000e+00 1.095482e+00 8.469707e-01 0.000000e+00 -8.625052e-02
0.000000e+00 7.040000e+00 1.094908e+00 8.463788e-01 0.000000e+00 -8.474796e-02
0.000000e+00 7.095000e+00 1.094353e+00 8.458066e-01 0.000000e+00 -8.326943e-02
0.000000e+00 7.150000e+00 1.093816e+00 8.452535e-01 0.000000e+00 -8.181475e-02
0.000000e+00 7.205000e+00 1.093297e+00 8.447191e-01 0.000000e+00 -8.038373e-02
0.000000e+00 7.260000e+00 1.092796e+00 8.442028e-01 0.000000e+00 -7.897612e-02
0.000000e+00 7.315000e+00 1.092311e+00 8.437037e-01 0.000000e+00 -7.759159e-02
0.000000e+00 7.370000e+00 1.091843e+00 8.432208e-01 0.000000e+00 -7.622972e-02
0.000000e+00 7.425000e+00 1.091388e+00 8.427532e-01 0.000000e+00 -7.489006e-02
0.000000e+00 7.480000e+00 1.090948e+00 8.422998e-01 0.000000e+00 -7.357217e-02
0.000000e+00 7.535000e+00 1.090520e+00 8.418594e-01 0.000000e+00 -7.227558e-02
0.000000e+00 7.590000e+00 1.090104e+00 8.414310e-01 0.000000e+00 -7.099983e-02
0.000000e+00 7.645000e+00 1.089698e+00 8.410136e-01 0.000000e+00 -6.974452e-02
0.000000e+00 7.700000e+00 1.089303e+00 8.406064e-01 0.000000e+00 -6.850928e-02
0.000000e+00 7.755000e+00 1.088916e+00 8.402087e-01 0.000000e+00 -6.729380e-02
0.000000e+00 7.810000e+00 1.088538e+00 8.398198e-01 0.000000e+00 -6.609778e-02
0.000000e+00 7.865000e+00 1.088168e+00 8.394391e-01 0.000000e+00 -6.492090e-02
0.000000e+00 7.920000e+00 1.087805e+00 8.390660e-01 0.000000e+00 -6.376276e-02
0.000000e+00 7.975000e+00 1.087449e+00 8.386999e-01 0.000000e+00 -6.262294e-02
0.000000e+00 8.030000e+00 1.087099e+00 8.383402e-01 0.000000e+00 -6.150106e-02
0.000000e+00 8.085000e+00 1.086756e+00 8.379866e-01 0.000000e+00 -6.039681e-02
0.000000e+00 8.140000e+00 1.086417e+00 8.376388e-01 0.000000e+00 -5.930997e-02
0.000000e+00 8.195000e+00 1.086084e+00 8.372966e-01 0.000000e+00 -5.824034e-02
0.000000e+00 8.250000e+00 1.085757e+00 8.369600e-01 0.000000e+00 -5.718768e-02
0.000000e+00 8.305000e+00 1.085434e+00 8.366285e-01 0.000000e+00 -5.615164e-02
0.000000e+00 8.360000e+00 1.085116e+00 8.363018e-01 0.000000e+00 -5.513177e-02
0.000000e+00 8.415000e+00 1.084803e+00 8.359796e-01 0.000000e+00 -5.412763e-02
0.000000e+00 8.470000e+00 1.084493e+00 8.356616e-01 0.000000e+00 -5.313887e-02
0.000000e+00 8.525000e+00 1.084188e+00 8.353476e-01 0.000000e+00 -5.216519e-02
0.000000e+00 8.580000e+00 1.083886e+00 8.350378e-01 0.000000e+00 -5.120639e-02
0.000000e+00 8.635000e+00 1.083588e+00 8.347319e-01 0.000000e+00 -5.026220e-02
0.000000e+00 8.690000e+00 1.083294e+00 8.344300e-01 0.000000e+00 -4.933233e-02
0.000000e+00 8.745000e+00 1.083004e+00 8.341319e-01 0.000000e+00 -4.841641e-02
0.000000e+00 8.800000e+00 1.082717e+00 8.338375e-01 0.000000e+00 -4.751402e-02
0.000000e+00 8.855000e+00 1.082434e+00 8.335467e-01 0.000000e+00 -4.662473e-02
0.000000e+00 8.910000e+00 1.082154e+00 8.332593e-01 0.000000e+00 -4.574809e-02
0.000000e+00 8.965000e+00 1.081878e+00 8.329754e-01 0.000000e+00 -4.488359e-02
0.000000e+00 9.020000e+00 1.081605e+00 8.326950e-01 0.000000e+00 -4.403068e-02
0.000000e+00 9.075000e+00 1.081335e+00 8.324182e-01 0.000000e+00 -4.318874e-02
0.000000e+00 9.130000e+00 1.081069e+00 8.321450e-01 0.000000e+00 -4.235719e-02
0.000000e+00 9.185000e+00 1.080806e+00 8.318755e-01 0.000000e+00 -4.153531e-02
0.000000e+00 9.240000e+00 1.080547e+00 8.316097e-01 0.000000e+00 -4.072218e-02
0.000000e+00 9.295000e+00 1.080292e+00 8.313478e-01 0.000000e+00 -3.991623e-02
0.000000e+00 9.350000e+00 1.080040e+00 8.310893e-01 0.000000e+00 -3.911616e-02
0.000000e+00 9.405000e+00 1.079792e+00 8.308349e-01 0.000000e+00 -3.832056e-02
0.000000e+00 9.460000e+00 1.079547e+00 8.305836e-01 0.000000e+00 -3.753042e-02
0.000000e+00 9.515000e+00 1.079306e+00 8.303368e-01 0.000000e+00 -3.674471e-02
0.000000e+00 9.570000e+00 1.079068e+00 8.300919e-01 0.000000e+00 -3.596394e-02
0.000000e+00 9.625000e+00 1.078836e+00 8.298533e-01 0.000000e+00 -3.517776e-02
0.000000e+00 9.680000e+00 1.078601e+00 8.296129e-01 0.000000e+00 -3.438559e-02
0.000000e+00 9.735000e+00 1.078378e+00 8.293844e-01 0.000000e+00 -3.357358e-02
0.000000e+00 9.790000e+00 1.078141e+00 8.291430e-01 0.000000e+00 -3.278102e-02
0.000000e+00 9.845000e+00 1.077932e+00 8.289314e-01 0.000000e+00 -3.200621e-02
0.000000e+00 9.900000e+00 1.077675e+00 8.286736e-01 0.000000e+00 -3.136613e-02
0.000000e+00 9.955000e+00 1.077524e+00 8.285296e-01 0.000000e+00 -3.075585e-02
0.000000e+00 1.001000e+01 1.103350e+00 8.550910e-01 -0.000000e+00 -6.410000e-03
0.000000e+00 1.006500e+01 1.103350e+00 8.550910e-01 -0.000000e+00 -6.410000e-03
0.000000e+00 1.012000e+01 1.103350e+00 8.550910e-01 -0.000000e+00 -6.410000e-03
0.000000e+00 1.017500e+01 1.103350e+00 8.550910e-01 -0.000000e+00 -6.410000e-03
0.000000e+00 1.023000e+01 1.103350e+00 8.550910e-01 -0.000000e+00 -6.410000e-03
0.000000e+00 1.028500e+01 1.103350e+00 8.550910e-01 -0.000000e+00 -6.410000e-03
0.000000e+00 1.034000e+01 1.103350e+00 8.550910e-01 -0.000000e+00 -6.410000e-03
0.000000e+00 1.039500e+01 1.103350e+00 8.550910e-01 -0.000000e+00 -6.410000e-03
0.000000e+00 1.045000e+01 1.103350e+00 8.550910e-01 -0.000000e+00 -6.410000e-03
0.000000e+00 1.050500e+01 1.103350e+00 8.550910e-01 -0.000000e+00 -6.410000e-03
0.000000e+00 1.056000e+01 1.103350e+00 8.550910e-01 -0.000000e+00 -6.410000e-03
0.000000e+00 1.061500e+01 1.103350e+00 8.550910e-01 -0.000000e+00 -6.410000e-03
0.000000e+00 1.067000e+01 1.103350e+00 8.550910e-01 -0.000000e+00 -6.410000e-03
0.000000e+00 1.072500e+01 1.103350e+00 8.550910e-01 -0.000000e+00 -6.410000e-03
0.000000e+00 1.078000e+01 1.103350e+00 8.550910e-01 -0.000000e+00 -6.410000e-03
0.000000e+00 1.083500e+01 1.103350e+00 8.550910e-01 -0.000000e+00 -6.410000e-03
0.000000e+00 1.089000e+01 1.103350e+00 8.550910e-01 -0.000000e+00 -6.410000e-03
0.000000e+00 1.094500e+01 1.103350e+00 8.550910e-01 -0.000000e+00 -6.410000e-03
0.000000e+00 1.100000e+01 1.103350e+00 8.550910e-01 -0.000000e+00 -6.410000e-03
