#############TIME##################
1.406623e+00 
###################################
0.000000e+00 0.000000e+00 6.311999e+00 8.765419e+00 0.000000e+00 -1.686772e+00
0.000000e+00 5.500000e-02 6.311999e+00 8.765419e+00 0.000000e+00 -1.686772e+00
0.000000e+00 1.100000e-01 6.311999e+00 8.765419e+00 0.000000e+00 -1.686772e+00
0.000000e+00 1.650000e-01 6.311999e+00 8.765419e+00 0.000000e+00 -1.686772e+00
0.000000e+00 2.200000e-01 6.335618e+00 8.809276e+00 0.000000e+00 -1.684940e+00
0.000000e+00 2.750000e-01 4.988774e+00 6.368423e+00 0.000000e+00 -1.471509e+00
0.000000e+00 3.300000e-01 4.114011e+00 4.939557e+00 0.000000e+00 -1.296457e+00
0.000000e+00 3.850000e-01 3.494322e+00 3.971488e+00 0.000000e+00 -1.170489e+00
0.000000e+00 4.400000e-01 3.036310e+00 3.295251e+00 0.000000e+00 -1.068301e+00
0.000000e+00 4.950000e-01 2.690630e+00 2.805158e+00 0.000000e+00 -9.884561e-01
0.000000e+00 5.500000e-01 2.418910e+00 2.434127e+00 0.000000e+00 -9.221821e-01
0.000000e+00 6.050000e-01 2.203016e+00 2.149254e+00 0.000000e+00 -8.676353e-01
0.000000e+00 6.600000e-01 2.028340e+00 1.925094e+00 0.000000e+00 -8.205207e-01
0.000000e+00 7.150000e-01 1.885951e+00 1.747224e+00 0.000000e+00 -7.795101e-01
0.000000e+00 7.700000e-01 1.768675e+00 1.603905e+00 0.000000e+00 -7.426082e-01
0.000000e+00 8.250000e-01 1.671304e+00 1.487334e+00 0.000000e+00 -7.091365e-01
0.000000e+00 8.800000e-01 1.589702e+00 1.391330e+00 0.000000e+00 -6.782685e-01
0.000000e+00 9.350000e-01 1.520874e+00 1.311624e+00 0.000000e+00 -6.496021e-01
0.000000e+00 9.900000e-01 1.462481e+00 1.244928e+00 0.000000e+00 -6.226985e-01
0.000000e+00 1.045000e+00 1.412756e+00 1.188825e+00 0.000000e+00 -5.972847e-01
0.000000e+00 1.100000e+00 1.370268e+00 1.141400e+00 0.000000e+00 -5.731208e-01
0.000000e+00 1.155000e+00 1.333875e+00 1.101165e+00 0.000000e+00 -5.500487e-01
0.000000e+00 1.210000e+00 1.302634e+00 1.066917e+00 0.000000e+00 -5.279425e-01
0.000000e+00 1.265000e+00 1.275770e+00 1.037689e+00 0.000000e+00 -5.067171e-01
0.000000e+00 1.320000e+00 1.252634e+00 1.012682e+00 0.000000e+00 -4.863129e-01
0.000000e+00 1.375000e+00 1.232680e+00 9.912399e-01 0.000000e+00 -4.666916e-01
0.000000e+00 1.430000e+00 1.215451e+00 9.728190e-01 0.000000e+00 -4.478236e-01
0.000000e+00 1.485000e+00 1.200565e+00 9.569722e-01 0.000000e+00 -4.296837e-01
0.000000e+00 1.540000e+00 1.187699e+00 9.433271e-01 0.000000e+00 -4.122490e-01
0.000000e+00 1.595000e+00 1.176577e+00 9.315705e-01 0.000000e+00 -3.954998e-01
0.000000e+00 1.650000e+00 1.166961e+00 9.214360e-01 0.000000e+00 -3.794193e-01
0.000000e+00 1.705000e+00 1.158648e+00 9.126961e-01 0.000000e+00 -3.639924e-01
0.000000e+00 1.760000e+00 1.151460e+00 9.051555e-01 0.000000e+00 -3.492049e-01
0.000000e+00 1.815000e+00 1.145243e+00 8.986469e-01 0.000000e+00 -3.350427e-01
0.000000e+00 1.870000e+00 1.139866e+00 8.930261e-01 0.000000e+00 -3.214911e-01
0.000000e+00 1.925000e+00 1.135213e+00 8.881694e-01 0.000000e+00 -3.085346e-01
0.000000e+00 1.980000e+00 1.131184e+00 8.839704e-01 0.000000e+00 -2.961565e-01
0.000000e+00 2.035000e+00 1.127695e+00 8.803375e-01 0.000000e+00 -2.843392e-01
0.000000e+00 2.090000e+00 1.124672e+00 8.771920e-01 0.000000e+00 -2.730645e-01
0.000000e+00 2.145000e+00 1.122049e+00 8.744662e-01 0.000000e+00 -2.623131e-01
0.000000e+00 2.200000e+00 1.119773e+00 8.721019e-01 0.000000e+00 -2.520653e-01
0.000000e+00 2.255000e+00 1.117795e+00 8.700490e-01 0.000000e+00 -2.423011e-01
0.000000e+00 2.310000e+00 1.116075e+00 8.682645e-01 0.000000e+00 -2.330003e-01
0.000000e+00 2.365000e+00 1.114578e+00 8.667116e-01 0.000000e+00 -2.241427e-01
0.000000e+00 2.420000e+00 1.113272e+00 8.653584e-01 0.000000e+00 -2.157082e-01
0.000000e+00 2.475000e+00 1.112132e+00 8.641777e-01 0.000000e+00 -2.076771e-01
0.000000e+00 2.530000e+00 1.111137e+00 8.631460e-01 0.000000e+00 -2.000299e-01
0.000000e+00 2.585000e+00 1.110265e+00 8.622434e-01 0.000000e+00 -1.927478e-01
0.000000e+00 2.640000e+00 1.109501e+00 8.614524e-01 0.000000e+00 -1.858125e-01
0.000000e+00 2.695000e+00 1.108830e+00 8.607583e-01 0.000000e+00 -1.792064e-01
0.000000e+00 2.750000e+00 1.108241e+00 8.601482e-01 0.000000e+00 -1.729123e-01
0.000000e+00 2.805000e+00 1.107722e+00 8.596112e-01 0.000000e+00 -1.669141e-01
0.000000e+00 2.860000e+00 1.107264e+00 8.591377e-01 0.000000e+00 -1.611961e-01
0.000000e+00 2.915000e+00 1.106860e+00 8.587196e-01 0.000000e+00 -1.557435e-01
0.000000e+00 2.970000e+00 1.106502e+00 8.583499e-01 0.000000e+00 -1.505423e-01
0.000000e+00 3.025000e+00 1.106186e+00 8.580224e-01 0.000000e+00 -1.455789e-01
0.000000e+00 3.080000e+00 1.105905e+00 8.577318e-01 0.000000e+00 -1.408407e-01
0.000000e+00 3.135000e+00 1.105655e+00 8.574737e-01 0.000000e+00 -1.363157e-01
0.000000e+00 3.190000e+00 1.105433e+00 8.572439e-01 0.000000e+00 -1.319924e-01
0.000000e+00 3.245000e+00 1.105235e+00 8.570392e-01 0.000000e+00 -1.278601e-01
0.000000e+00 3.300000e+00 1.105058e+00 8.568564e-01 0.000000e+00 -1.239086e-01
0.000000e+00 3.355000e+00 1.104900e+00 8.566930e-01 0.000000e+00 -1.201285e-01
0.000000e+00 3.410000e+00 1.104759e+00 8.565467e-01 0.000000e+00 -1.165106e-01
0.000000e+00 3.465000e+00 1.104632e+00 8.564156e-01 0.000000e+00 -1.130464e-01
0.000000e+00 3.520000e+00 1.104518e+00 8.562979e-01 0.000000e+00 -1.097279e-01
0.000000e+00 3.575000e+00 1.104415e+00 8.561920e-01 0.000000e+00 -1.065476e-01
0.000000e+00 3.630000e+00 1.104323e+00 8.560967e-01 0.000000e+00 -1.034984e-01
0.000000e+00 3.685000e+00 1.104240e+00 8.560108e-01 0.000000e+00 -1.005734e-01
0.000000e+00 3.740000e+00 1.104165e+00 8.559332e-01 0.000000e+00 -9.776649e-02
0.000000e+00 3.795000e+00 1.104097e+00 8.558631e-01 0.000000e+00 -9.507161e-02
0.000000e+00 3.850000e+00 1.104036e+00 8.557997e-01 0.000000e+00 -9.248318e-02
0.000000e+00 3.905000e+00 1.103980e+00 8.557421e-01 0.000000e+00 -8.999591e-02
0.000000e+00 3.960000e+00 1.103930e+00 8.556900e-01 0.000000e+00 -8.760481e-02
0.000000e+00 4.015000e+00 1.103884e+00 8.556426e-01 0.000000e+00 -8.530519e-02
0.000000e+00 4.070000e+00 1.103842e+00 8.555994e-01 0.000000e+00 -8.309261e-02
0.000000e+00 4.125000e+00 1.103804e+00 8.555602e-01 0.000000e+00 -8.096290e-02
0.000000e+00 4.180000e+00 1.103769e+00 8.555244e-01 0.000000e+00 -7.891210e-02
0.000000e+00 4.235000e+00 1.103738e+00 8.554917e-01 0.000000e+00 -7.693650e-02
0.000000e+00 4.290000e+00 1.103709e+00 8.554619e-01 0.000000e+00 -7.503258e-02
0.000000e+00 4.345000e+00 1.103682e+00 8.554346e-01 0.000000e+00 -7.319700e-02
0.000000e+00 4.400000e+00 1.103658e+00 8.554096e-01 0.000000e+00 -7.142664e-02
0.000000e+00 4.455000e+00 1.103636e+00 8.553866e-01 0.000000e+00 -6.971853e-02
0.000000e+00 4.510000e+00 1.103616e+00 8.553656e-01 0.000000e+00 -6.806984e-02
0.000000e+00 4.565000e+00 1.103597e+00 8.553463e-01 0.000000e+00 -6.647794e-02
0.000000e+00 4.620000e+00 1.103580e+00 8.553286e-01 0.000000e+00 -6.494029e-02
0.000000e+00 4.675000e+00 1.103564e+00 8.553122e-01 0.000000e+00 -6.345453e-02
0.000000e+00 4.730000e+00 1.103550e+00 8.552972e-01 0.000000e+00 -6.201838e-02
0.000000e+00 4.785000e+00 1.103536e+00 8.552833e-01 0.000000e+00 -6.062972e-02
0.000000e+00 4.840000e+00 1.103524e+00 8.552705e-01 0.000000e+00 -5.928651e-02
0.000000e+00 4.895000e+00 1.103512e+00 8.552587e-01 0.000000e+00 -5.798684e-02
0.000000e+00 4.950000e+00 1.103502e+00 8.552478e-01 0.000000e+00 -5.672887e-02
0.000000e+00 5.005000e+00 1.103492e+00 8.552377e-01 0.000000e+00 -5.551086e-02
0.000000e+00 5.060000e+00 1.103483e+00 8.552283e-01 0.000000e+00 -5.433119e-02
0.000000e+00 5.115000e+00 1.103475e+00 8.552197e-01 0.000000e+00 -5.318827e-02
0.000000e+00 5.170000e+00 1.103467e+00 8.552116e-01 0.000000e+00 -5.208062e-02
0.000000e+00 5.225000e+00 1.103460e+00 8.552042e-01 0.000000e+00 -5.100684e-02
0.000000e+00 5.280000e+00 1.103453e+00 8.551972e-01 0.000000e+00 -4.996556e-02
0.000000e+00 5.335000e+00 1.103447e+00 8.551908e-01 0.000000e+00 -4.895552e-02
0.000000e+00 5.390000e+00 1.103441e+00 8.551848e-01 0.000000e+00 -4.797549e-02
0.000000e+00 5.445000e+00 1.103435e+00 8.551792e-01 0.000000e+00 -4.702431e-02
0.000000e+00 5.500000e+00 1.103430e+00 8.551740e-01 0.000000e+00 -4.610087e-02
0.000000e+00 5.555000e+00 1.103426e+00 8.551692e-01 0.000000e+00 -4.520412e-02
0.000000e+00 5.610000e+00 1.103421e+00 8.551647e-01 0.000000e+00 -4.433306e-02
0.000000e+00 5.665000e+00 1.103417e+00 8.551605e-01 0.000000e+00 -4.348671e-02
0.000000e+00 5.720000e+00 1.103413e+00 8.551565e-01 0.000000e+00 -4.266417e-02
0.000000e+00 5.775000e+00 1.103410e+00 8.551529e-01 0.000000e+00 -4.186457e-02
0.000000e+00 5.830000e+00 1.103407e+00 8.551494e-01 0.000000e+00 -4.108706e-02
0.000000e+00 5.885000e+00 1.103403e+00 8.551462e-01 0.000000e+00 -4.033084e-02
0.000000e+00 5.940000e+00 1.103400e+00 8.551432e-01 0.000000e+00 -3.959516e-02
0.000000e+00 5.995000e+00 1.103398e+00 8.551404e-01 0.000000e+00 -3.887929e-02
0.000000e+00 6.050000e+00 1.103395e+00 8.551377e-01 0.000000e+00 -3.818252e-02
0.000000e+00 6.105000e+00 1.103393e+00 8.551352e-01 0.000000e+00 -3.750419e-02
0.000000e+00 6.160000e+00 1.103391e+00 8.551329e-01 0.000000e+00 -3.684366e-02
0.000000e+00 6.215000e+00 1.103388e+00 8.551307e-01 0.000000e+00 -3.620031e-02
0.000000e+00 6.270000e+00 1.103386e+00 8.551286e-01 0.000000e+00 -3.557357e-02
0.000000e+00 6.325000e+00 1.103385e+00 8.551267e-01 0.000000e+00 -3.496287e-02
0.000000e+00 6.380000e+00 1.103383e+00 8.551249e-01 0.000000e+00 -3.436766e-02
0.000000e+00 6.435000e+00 1.103381e+00 8.551232e-01 0.000000e+00 -3.378744e-02
0.000000e+00 6.490000e+00 1.103380e+00 8.551216e-01 0.000000e+00 -3.322172e-02
0.000000e+00 6.545000e+00 1.103378e+00 8.551200e-01 0.000000e+00 -3.267000e-02
0.000000e+00 6.600000e+00 1.103377e+00 8.551186e-01 0.000000e+00 -3.213185e-02
0.000000e+00 6.655000e+00 1.103375e+00 8.551173e-01 0.000000e+00 -3.160681e-02
0.000000e+00 6.710000e+00 1.103374e+00 8.551160e-01 0.000000e+00 -3.109448e-02
0.000000e+00 6.765000e+00 1.103373e+00 8.551148e-01 0.000000e+00 -3.059444e-02
0.000000e+00 6.820000e+00 1.103372e+00 8.551137e-01 0.000000e+00 -3.010631e-02
0.000000e+00 6.875000e+00 1.103371e+00 8.551126e-01 0.000000e+00 -2.962972e-02
0.000000e+00 6.930000e+00 1.103370e+00 8.551116e-01 0.000000e+00 -2.916431e-02
0.000000e+00 6.985000e+00 1.103369e+00 8.551106e-01 0.000000e+00 -2.870972e-02
0.000000e+00 7.040000e+00 1.103368e+00 8.551097e-01 0.000000e+00 -2.826564e-02
0.000000e+00 7.095000e+00 1.103367e+00 8.551088e-01 0.000000e+00 -2.783174e-02
0.000000e+00 7.150000e+00 1.103366e+00 8.551080e-01 0.000000e+00 -2.740772e-02
0.000000e+00 7.205000e+00 1.103366e+00 8.551073e-01 0.000000e+00 -2.699327e-02
0.000000e+00 7.260000e+00 1.103365e+00 8.551065e-01 0.000000e+00 -2.658812e-02
0.000000e+00 7.315000e+00 1.103364e+00 8.551058e-01 0.000000e+00 -2.619199e-02
0.000000e+00 7.370000e+00 1.103364e+00 8.551052e-01 0.000000e+00 -2.580461e-02
0.000000e+00 7.425000e+00 1.103363e+00 8.551046e-01 0.000000e+00 -2.542573e-02
0.000000e+00 7.480000e+00 1.103363e+00 8.551040e-01 0.000000e+00 -2.505511e-02
0.000000e+00 7.535000e+00 1.103362e+00 8.551034e-01 0.000000e+00 -2.469251e-02
0.000000e+00 7.590000e+00 1.103361e+00 8.551029e-01 0.000000e+00 -2.433769e-02
0.000000e+00 7.645000e+00 1.103361e+00 8.551024e-01 0.000000e+00 -2.399043e-02
0.000000e+00 7.700000e+00 1.103360e+00 8.551018e-01 0.000000e+00 -2.365049e-02
0.000000e+00 7.755000e+00 1.103360e+00 8.551014e-01 0.000000e+00 -2.331776e-02
0.000000e+00 7.810000e+00 1.103360e+00 8.551012e-01 0.000000e+00 -2.299216e-02
0.000000e+00 7.865000e+00 1.103360e+00 8.551010e-01 0.000000e+00 -2.267336e-02
0.000000e+00 7.920000e+00 1.103359e+00 8.551002e-01 0.000000e+00 -2.236050e-02
0.000000e+00 7.975000e+00 1.103357e+00 8.550982e-01 0.000000e+00 -2.205298e-02
0.000000e+00 8.030000e+00 1.103356e+00 8.550969e-01 0.000000e+00 -2.175232e-02
0.000000e+00 8.085000e+00 1.103359e+00 8.551008e-01 0.000000e+00 -2.146232e-02
0.000000e+00 8.140000e+00 1.103369e+00 8.551107e-01 0.000000e+00 -2.118358e-02
0.000000e+00 8.195000e+00 1.103372e+00 8.551142e-01 0.000000e+00 -2.090479e-02
0.000000e+00 8.250000e+00 1.103348e+00 8.550884e-01 0.000000e+00 -2.060570e-02
0.000000e+00 8.305000e+00 1.103294e+00 8.550334e-01 0.000000e+00 -2.028575e-02
0.000000e+00 8.360000e+00 1.103277e+00 8.550160e-01 0.000000e+00 -2.000416e-02
0.000000e+00 8.415000e+00 1.103434e+00 8.551777e-01 0.000000e+00 -1.988702e-02
0.000000e+00 8.470000e+00 1.103897e+00 8.556568e-01 0.000000e+00 -2.005881e-02
0.000000e+00 8.525000e+00 1.104645e+00 8.564291e-01 0.000000e+00 -2.049883e-02
0.000000e+00 8.580000e+00 1.105465e+00 8.572772e-01 0.000000e+00 -2.101252e-02
0.000000e+00 8.635000e+00 1.106081e+00 8.579146e-01 0.000000e+00 -2.133728e-02
0.000000e+00 8.690000e+00 1.106318e+00 8.581598e-01 0.000000e+00 -2.129833e-02
0.000000e+00 8.745000e+00 1.106257e+00 8.580959e-01 0.000000e+00 -2.095957e-02
0.000000e+00 8.800000e+00 1.106083e+00 8.579159e-01 0.000000e+00 -2.050003e-02
0.000000e+00 8.855000e+00 1.105875e+00 8.577007e-01 0.000000e+00 -2.002199e-02
0.000000e+00 8.910000e+00 1.105562e+00 8.573773e-01 0.000000e+00 -1.949770e-02
0.000000e+00 8.965000e+00 1.105064e+00 8.568620e-01 0.000000e+00 -1.886944e-02
0.000000e+00 9.020000e+00 1.104445e+00 8.562228e-01 0.000000e+00 -1.817739e-02
0.000000e+00 9.075000e+00 1.103889e+00 8.556477e-01 0.000000e+00 -1.754061e-02
0.000000e+00 9.130000e+00 1.103525e+00 8.552721e-01 0.000000e+00 -1.703739e-02
0.000000e+00 9.185000e+00 1.103331e+00 8.550714e-01 0.000000e+00 -1.663440e-02
0.000000e+00 9.240000e+00 1.103193e+00 8.549289e-01 0.000000e+00 -1.624682e-02
0.000000e+00 9.295000e+00 1.103027e+00 8.547573e-01 0.000000e+00 -1.582741e-02
0.000000e+00 9.350000e+00 1.102812e+00 8.545352e-01 0.000000e+00 -1.537851e-02
0.000000e+00 9.405000e+00 1.102554e+00 8.542689e-01 0.000000e+00 -1.491507e-02
0.000000e+00 9.460000e+00 1.102263e+00 8.539675e-01 0.000000e+00 -1.444229e-02
0.000000e+00 9.515000e+00 1.101948e+00 8.536425e-01 0.000000e+00 -1.396697e-02
0.000000e+00 9.570000e+00 1.101628e+00 8.533121e-01 0.000000e+00 -1.349619e-02
0.000000e+00 9.625000e+00 1.101310e+00 8.529835e-01 0.000000e+00 -1.303756e-02
0.000000e+00 9.680000e+00 1.100998e+00 8.526618e-01 0.000000e+00 -1.258581e-02
0.000000e+00 9.735000e+00 1.100685e+00 8.523374e-01 0.000000e+00 -1.214441e-02
0.000000e+00 9.790000e+00 1.100379e+00 8.520202e-01 0.000000e+00 -1.169946e-02
0.000000e+00 9.845000e+00 1.100060e+00 8.516923e-01 0.000000e+00 -1.126204e-02
0.000000e+00 9.900000e+00 1.099754e+00 8.513818e-01 0.000000e+00 -1.080799e-02
0.000000e+00 9.955000e+00 1.099411e+00 8.510303e-01 0.000000e+00 -1.040022e-02
0.000000e+00 1.001000e+01 1.103350e+00 8.550910e-01 -0.000000e+00 -6.410000e-03
0.000000e+00 1.006500e+01 1.103350e+00 8.550910e-01 -0.000000e+00 -6.410000e-03
0.000000e+00 1.012000e+01 1.103350e+00 8.550910e-01 -0.000000e+00 -6.410000e-03
0.000000e+00 1.017500e+01 1.103350e+00 8.550910e-01 -0.000000e+00 -6.410000e-03
0.000000e+00 1.023000e+01 1.103350e+00 8.550910e-01 -0.000000e+00 -6.410000e-03
0.000000e+00 1.028500e+01 1.103350e+00 8.550910e-01 -0.000000e+00 -6.410000e-03
0.000000e+00 1.034000e+01 1.103350e+00 8.550910e-01 -0.000000e+00 -6.410000e-03
0.000000e+00 1.039500e+01 1.103350e+00 8.550910e-01 -0.000000e+00 -6.410000e-03
0.000000e+00 1.045000e+01 1.103350e+00 8.550910e-01 -0.000000e+00 -6.410000e-03
0.000000e+00 1.050500e+01 1.103350e+00 8.550910e-01 -0.000000e+00 -6.410000e-03
0.000000e+00 1.056000e+01 1.103350e+00 8.550910e-01 -0.000000e+00 -6.410000e-03
0.000000e+00 1.061500e+01 1.103350e+00 8.550910e-01 -0.000000e+00 -6.410000e-03
0.000000e+00 1.067000e+01 1.103350e+00 8.550910e-01 -0.000000e+00 -6.410000e-03
0.000000e+00 1.072500e+01 1.103350e+00 8.550910e-01 -0.000000e+00 -6.410000e-03
0.000000e+00 1.078000e+01 1.103350e+00 8.550910e-01 -0.000000e+00 -6.410000e-03
0.000000e+00 1.083500e+01 1.103350e+00 8.550910e-01 -0.000000e+00 -6.410000e-03
0.000000e+00 1.089000e+01 1.103350e+00 8.550910e-01 -0.000000e+00 -6.410000e-03
0.000000e+00 1.094500e+01 1.103350e+00 8.550910e-01 -0.000000e+00 -6.410000e-03
0.000000e+00 1.100000e+01 1.103350e+00 8.550910e-01 -0.000000e+00 -6.410000e-03
