#############TIME##################
2.250280e+01 
###################################
0.000000e+00 0.000000e+00 8.914754e+00 1.391374e+01 0.000000e+00 -1.455680e+00
0.000000e+00 5.500000e-02 8.914754e+00 1.391374e+01 0.000000e+00 -1.455680e+00
0.000000e+00 1.100000e-01 8.914754e+00 1.391374e+01 0.000000e+00 -1.455680e+00
0.000000e+00 1.650000e-01 8.914754e+00 1.391374e+01 0.000000e+00 -1.455680e+00
0.000000e+00 2.200000e-01 8.915419e+00 1.391511e+01 0.000000e+00 -1.455625e+00
0.000000e+00 2.750000e-01 6.950707e+00 9.909644e+00 0.000000e+00 -1.258220e+00
0.000000e+00 3.300000e-01 5.785529e+00 7.780412e+00 0.000000e+00 -1.075950e+00
0.000000e+00 3.850000e-01 4.989199e+00 6.389209e+00 0.000000e+00 -9.352026e-01
0.000000e+00 4.400000e-01 4.405434e+00 5.416499e+00 0.000000e+00 -8.198155e-01
0.000000e+00 4.950000e-01 3.963722e+00 4.705989e+00 0.000000e+00 -7.270252e-01
0.000000e+00 5.500000e-01 3.616427e+00 4.165137e+00 0.000000e+00 -6.499638e-01
0.000000e+00 6.050000e-01 3.338244e+00 3.744008e+00 0.000000e+00 -5.857131e-01
0.000000e+00 6.600000e-01 3.110486e+00 3.407457e+00 0.000000e+00 -5.310484e-01
0.000000e+00 7.150000e-01 2.921247e+00 3.133926e+00 0.000000e+00 -4.842749e-01
0.000000e+00 7.700000e-01 2.761396e+00 2.907315e+00 0.000000e+00 -4.437913e-01
0.000000e+00 8.250000e-01 2.624783e+00 2.717027e+00 0.000000e+00 -4.085906e-01
0.000000e+00 8.800000e-01 2.506749e+00 2.555215e+00 0.000000e+00 -3.776835e-01
0.000000e+00 9.350000e-01 2.403996e+00 2.416384e+00 0.000000e+00 -3.503450e-01
0.000000e+00 9.900000e-01 2.313811e+00 2.296141e+00 0.000000e+00 -3.259805e-01
0.000000e+00 1.045000e+00 2.233990e+00 2.191008e+00 0.000000e+00 -3.042104e-01
0.000000e+00 1.100000e+00 2.162738e+00 2.098213e+00 0.000000e+00 -2.847291e-01
0.000000e+00 1.155000e+00 2.098763e+00 2.015766e+00 0.000000e+00 -2.672398e-01
0.000000e+00 1.210000e+00 2.041171e+00 1.942262e+00 0.000000e+00 -2.514067e-01
0.000000e+00 1.265000e+00 1.989261e+00 1.876607e+00 0.000000e+00 -2.369283e-01
0.000000e+00 1.320000e+00 1.942309e+00 1.817718e+00 0.000000e+00 -2.236147e-01
0.000000e+00 1.375000e+00 1.899517e+00 1.764462e+00 0.000000e+00 -2.114090e-01
0.000000e+00 1.430000e+00 1.860136e+00 1.715805e+00 0.000000e+00 -2.003109e-01
0.000000e+00 1.485000e+00 1.823637e+00 1.671020e+00 0.000000e+00 -1.902714e-01
0.000000e+00 1.540000e+00 1.789773e+00 1.629737e+00 0.000000e+00 -1.811408e-01
0.000000e+00 1.595000e+00 1.758467e+00 1.591811e+00 0.000000e+00 -1.727101e-01
0.000000e+00 1.650000e+00 1.729631e+00 1.557081e+00 0.000000e+00 -1.648039e-01
0.000000e+00 1.705000e+00 1.703033e+00 1.525221e+00 0.000000e+00 -1.573527e-01
0.000000e+00 1.760000e+00 1.678298e+00 1.495751e+00 0.000000e+00 -1.503921e-01
0.000000e+00 1.815000e+00 1.655041e+00 1.468178e+00 0.000000e+00 -1.439942e-01
0.000000e+00 1.870000e+00 1.632998e+00 1.442169e+00 0.000000e+00 -1.381830e-01
0.000000e+00 1.925000e+00 1.612094e+00 1.417615e+00 0.000000e+00 -1.328932e-01
0.000000e+00 1.980000e+00 1.592384e+00 1.394558e+00 0.000000e+00 -1.279945e-01
0.000000e+00 2.035000e+00 1.573931e+00 1.373058e+00 0.000000e+00 -1.233566e-01
0.000000e+00 2.090000e+00 1.556716e+00 1.353074e+00 0.000000e+00 -1.189056e-01
0.000000e+00 2.145000e+00 1.540611e+00 1.334446e+00 0.000000e+00 -1.146373e-01
0.000000e+00 2.200000e+00 1.525439e+00 1.316957e+00 0.000000e+00 -1.105866e-01
0.000000e+00 2.255000e+00 1.511042e+00 1.300415e+00 0.000000e+00 -1.067848e-01
0.000000e+00 2.310000e+00 1.497329e+00 1.284708e+00 0.000000e+00 -1.032322e-01
0.000000e+00 2.365000e+00 1.484272e+00 1.269795e+00 0.000000e+00 -9.989777e-02
0.000000e+00 2.420000e+00 1.471869e+00 1.255670e+00 0.000000e+00 -9.673976e-02
0.000000e+00 2.475000e+00 1.460111e+00 1.242315e+00 0.000000e+00 -9.372647e-02
0.000000e+00 2.530000e+00 1.448956e+00 1.229679e+00 0.000000e+00 -9.084640e-02
0.000000e+00 2.585000e+00 1.438337e+00 1.217680e+00 0.000000e+00 -8.810482e-02
0.000000e+00 2.640000e+00 1.428176e+00 1.206226e+00 0.000000e+00 -8.551370e-02
0.000000e+00 2.695000e+00 1.418402e+00 1.195234e+00 0.000000e+00 -8.308252e-02
0.000000e+00 2.750000e+00 1.408961e+00 1.184641e+00 0.000000e+00 -8.081287e-02
0.000000e+00 2.805000e+00 1.399827e+00 1.174414e+00 0.000000e+00 -7.869625e-02
0.000000e+00 2.860000e+00 1.391000e+00 1.164552e+00 0.000000e+00 -7.671358e-02
0.000000e+00 2.915000e+00 1.382504e+00 1.155078e+00 0.000000e+00 -7.483696e-02
0.000000e+00 2.970000e+00 1.374372e+00 1.146029e+00 0.000000e+00 -7.303468e-02
0.000000e+00 3.025000e+00 1.366632e+00 1.137433e+00 0.000000e+00 -7.127881e-02
0.000000e+00 3.080000e+00 1.359291e+00 1.129294e+00 0.000000e+00 -6.955236e-02
0.000000e+00 3.135000e+00 1.352325e+00 1.121586e+00 0.000000e+00 -6.785261e-02
0.000000e+00 3.190000e+00 1.345690e+00 1.114255e+00 0.000000e+00 -6.618948e-02
0.000000e+00 3.245000e+00 1.339329e+00 1.107238e+00 0.000000e+00 -6.457983e-02
0.000000e+00 3.300000e+00 1.333186e+00 1.100473e+00 0.000000e+00 -6.304049e-02
0.000000e+00 3.355000e+00 1.327221e+00 1.093913e+00 0.000000e+00 -6.158251e-02
0.000000e+00 3.410000e+00 1.321411e+00 1.087533e+00 0.000000e+00 -6.020861e-02
0.000000e+00 3.465000e+00 1.315749e+00 1.081325e+00 0.000000e+00 -5.891371e-02
0.000000e+00 3.520000e+00 1.310238e+00 1.075291e+00 0.000000e+00 -5.768764e-02
0.000000e+00 3.575000e+00 1.304887e+00 1.069440e+00 0.000000e+00 -5.651860e-02
0.000000e+00 3.630000e+00 1.299701e+00 1.063778e+00 0.000000e+00 -5.539608e-02
0.000000e+00 3.685000e+00 1.294681e+00 1.058303e+00 0.000000e+00 -5.431240e-02
0.000000e+00 3.740000e+00 1.289825e+00 1.053014e+00 0.000000e+00 -5.326286e-02
0.000000e+00 3.795000e+00 1.285127e+00 1.047904e+00 0.000000e+00 -5.224487e-02
0.000000e+00 3.850000e+00 1.280582e+00 1.042965e+00 0.000000e+00 -5.125677e-02
0.000000e+00 3.905000e+00 1.276184e+00 1.038192e+00 0.000000e+00 -5.029704e-02
0.000000e+00 3.960000e+00 1.271927e+00 1.033577e+00 0.000000e+00 -4.936404e-02
0.000000e+00 4.015000e+00 1.267806e+00 1.029115e+00 0.000000e+00 -4.845637e-02
0.000000e+00 4.070000e+00 1.263813e+00 1.024795e+00 0.000000e+00 -4.757334e-02
0.000000e+00 4.125000e+00 1.259939e+00 1.020610e+00 0.000000e+00 -4.671518e-02
0.000000e+00 4.180000e+00 1.256175e+00 1.016547e+00 0.000000e+00 -4.588275e-02
0.000000e+00 4.235000e+00 1.252513e+00 1.012598e+00 0.000000e+00 -4.507686e-02
0.000000e+00 4.290000e+00 1.248946e+00 1.008755e+00 0.000000e+00 -4.429757e-02
0.000000e+00 4.345000e+00 1.245470e+00 1.005013e+00 0.000000e+00 -4.354396e-02
0.000000e+00 4.400000e+00 1.242082e+00 1.001369e+00 0.000000e+00 -4.281428e-02
0.000000e+00 4.455000e+00 1.238779e+00 9.978205e-01 0.000000e+00 -4.210670e-02
0.000000e+00 4.510000e+00 1.235557e+00 9.943623e-01 0.000000e+00 -4.141994e-02
0.000000e+00 4.565000e+00 1.232413e+00 9.909894e-01 0.000000e+00 -4.075373e-02
0.000000e+00 4.620000e+00 1.229339e+00 9.876957e-01 0.000000e+00 -4.010861e-02
0.000000e+00 4.675000e+00 1.226331e+00 9.844747e-01 0.000000e+00 -3.948543e-02
0.000000e+00 4.730000e+00 1.223383e+00 9.813210e-01 0.000000e+00 -3.888477e-02
0.000000e+00 4.785000e+00 1.220493e+00 9.782308e-01 0.000000e+00 -3.830644e-02
0.000000e+00 4.840000e+00 1.217658e+00 9.752019e-01 0.000000e+00 -3.774940e-02
0.000000e+00 4.895000e+00 1.214877e+00 9.722338e-01 0.000000e+00 -3.721199e-02
0.000000e+00 4.950000e+00 1.212152e+00 9.693271e-01 0.000000e+00 -3.669216e-02
0.000000e+00 5.005000e+00 1.209483e+00 9.664831e-01 0.000000e+00 -3.618775e-02
0.000000e+00 5.060000e+00 1.206874e+00 9.637038e-01 0.000000e+00 -3.569660e-02
0.000000e+00 5.115000e+00 1.204325e+00 9.609911e-01 0.000000e+00 -3.521665e-02
0.000000e+00 5.170000e+00 1.201838e+00 9.583460e-01 0.000000e+00 -3.474608e-02
0.000000e+00 5.225000e+00 1.199413e+00 9.557686e-01 0.000000e+00 -3.428347e-02
0.000000e+00 5.280000e+00 1.197048e+00 9.532569e-01 0.000000e+00 -3.382809e-02
0.000000e+00 5.335000e+00 1.194741e+00 9.508078e-01 0.000000e+00 -3.337998e-02
0.000000e+00 5.390000e+00 1.192486e+00 9.484163e-01 0.000000e+00 -3.293990e-02
0.000000e+00 5.445000e+00 1.190280e+00 9.460771e-01 0.000000e+00 -3.250904e-02
0.000000e+00 5.500000e+00 1.188116e+00 9.437850e-01 0.000000e+00 -3.208865e-02
0.000000e+00 5.555000e+00 1.185992e+00 9.415354e-01 0.000000e+00 -3.167965e-02
0.000000e+00 5.610000e+00 1.183903e+00 9.393251e-01 0.000000e+00 -3.128238e-02
0.000000e+00 5.665000e+00 1.181849e+00 9.371530e-01 0.000000e+00 -3.089643e-02
0.000000e+00 5.720000e+00 1.179831e+00 9.350199e-01 0.000000e+00 -3.052061e-02
0.000000e+00 5.775000e+00 1.177851e+00 9.329287e-01 0.000000e+00 -3.015301e-02
0.000000e+00 5.830000e+00 1.175914e+00 9.308839e-01 0.000000e+00 -2.979125e-02
0.000000e+00 5.885000e+00 1.174025e+00 9.288905e-01 0.000000e+00 -2.943269e-02
0.000000e+00 5.940000e+00 1.172188e+00 9.269527e-01 0.000000e+00 -2.907493e-02
0.000000e+00 5.995000e+00 1.170404e+00 9.250728e-01 0.000000e+00 -2.871612e-02
0.000000e+00 6.050000e+00 1.168674e+00 9.232493e-01 0.000000e+00 -2.835518e-02
0.000000e+00 6.105000e+00 1.166991e+00 9.214772e-01 0.000000e+00 -2.799207e-02
0.000000e+00 6.160000e+00 1.165348e+00 9.197482e-01 0.000000e+00 -2.762822e-02
0.000000e+00 6.215000e+00 1.163737e+00 9.180534e-01 0.000000e+00 -2.726742e-02
0.000000e+00 6.270000e+00 1.162152e+00 9.163865e-01 0.000000e+00 -2.691647e-02
0.000000e+00 6.325000e+00 1.160591e+00 9.147458e-01 0.000000e+00 -2.658443e-02
0.000000e+00 6.380000e+00 1.159056e+00 9.131329e-01 0.000000e+00 -2.627935e-02
0.000000e+00 6.435000e+00 1.157547e+00 9.115482e-01 0.000000e+00 -2.600335e-02
0.000000e+00 6.490000e+00 1.156060e+00 9.099873e-01 0.000000e+00 -2.574911e-02
0.000000e+00 6.545000e+00 1.154586e+00 9.084408e-01 0.000000e+00 -2.550136e-02
0.000000e+00 6.600000e+00 1.153118e+00 9.069007e-01 0.000000e+00 -2.524406e-02
0.000000e+00 6.655000e+00 1.151656e+00 9.053674e-01 0.000000e+00 -2.496904e-02
0.000000e+00 6.710000e+00 1.150210e+00 9.038524e-01 0.000000e+00 -2.467976e-02
0.000000e+00 6.765000e+00 1.148796e+00 9.023714e-01 0.000000e+00 -2.438714e-02
0.000000e+00 6.820000e+00 1.147424e+00 9.009346e-01 0.000000e+00 -2.410099e-02
0.000000e+00 6.875000e+00 1.146092e+00 8.995409e-01 0.000000e+00 -2.382391e-02
0.000000e+00 6.930000e+00 1.144792e+00 8.981803e-01 0.000000e+00 -2.355220e-02
0.000000e+00 6.985000e+00 1.143513e+00 8.968426e-01 0.000000e+00 -2.328179e-02
0.000000e+00 7.040000e+00 1.142252e+00 8.955244e-01 0.000000e+00 -2.301281e-02
0.000000e+00 7.095000e+00 1.141012e+00 8.942281e-01 0.000000e+00 -2.274867e-02
0.000000e+00 7.150000e+00 1.139795e+00 8.929569e-01 0.000000e+00 -2.249178e-02
0.000000e+00 7.205000e+00 1.138602e+00 8.917111e-01 0.000000e+00 -2.224079e-02
0.000000e+00 7.260000e+00 1.137431e+00 8.904885e-01 0.000000e+00 -2.199206e-02
0.000000e+00 7.315000e+00 1.136281e+00 8.892879e-01 0.000000e+00 -2.174315e-02
0.000000e+00 7.370000e+00 1.135152e+00 8.881102e-01 0.000000e+00 -2.149436e-02
0.000000e+00 7.425000e+00 1.134046e+00 8.869563e-01 0.000000e+00 -2.124750e-02
0.000000e+00 7.480000e+00 1.132961e+00 8.858256e-01 0.000000e+00 -2.100372e-02
0.000000e+00 7.535000e+00 1.131897e+00 8.847157e-01 0.000000e+00 -2.076285e-02
0.000000e+00 7.590000e+00 1.130849e+00 8.836241e-01 0.000000e+00 -2.052428e-02
0.000000e+00 7.645000e+00 1.129817e+00 8.825493e-01 0.000000e+00 -2.028783e-02
0.000000e+00 7.700000e+00 1.128800e+00 8.814902e-01 0.000000e+00 -2.005378e-02
0.000000e+00 7.755000e+00 1.127797e+00 8.804454e-01 0.000000e+00 -1.982253e-02
0.000000e+00 7.810000e+00 1.126804e+00 8.794128e-01 0.000000e+00 -1.959453e-02
0.000000e+00 7.865000e+00 1.125822e+00 8.783903e-01 0.000000e+00 -1.937051e-02
0.000000e+00 7.920000e+00 1.124847e+00 8.773768e-01 0.000000e+00 -1.915146e-02
0.000000e+00 7.975000e+00 1.123881e+00 8.763723e-01 0.000000e+00 -1.893814e-02
0.000000e+00 8.030000e+00 1.122925e+00 8.753782e-01 0.000000e+00 -1.873048e-02
0.000000e+00 8.085000e+00 1.121981e+00 8.743969e-01 0.000000e+00 -1.852730e-02
0.000000e+00 8.140000e+00 1.121052e+00 8.734320e-01 0.000000e+00 -1.832665e-02
0.000000e+00 8.195000e+00 1.120142e+00 8.724871e-01 0.000000e+00 -1.812641e-02
0.000000e+00 8.250000e+00 1.119255e+00 8.715657e-01 0.000000e+00 -1.792489e-02
0.000000e+00 8.305000e+00 1.118392e+00 8.706700e-01 0.000000e+00 -1.772114e-02
0.000000e+00 8.360000e+00 1.117553e+00 8.697996e-01 0.000000e+00 -1.751498e-02
0.000000e+00 8.415000e+00 1.116736e+00 8.689513e-01 0.000000e+00 -1.730694e-02
0.000000e+00 8.470000e+00 1.115934e+00 8.681192e-01 0.000000e+00 -1.709825e-02
0.000000e+00 8.525000e+00 1.115139e+00 8.672954e-01 0.000000e+00 -1.689094e-02
0.000000e+00 8.580000e+00 1.114345e+00 8.664718e-01 0.000000e+00 -1.668789e-02
0.000000e+00 8.635000e+00 1.113544e+00 8.656419e-01 0.000000e+00 -1.649263e-02
0.000000e+00 8.690000e+00 1.112734e+00 8.648017e-01 0.000000e+00 -1.630841e-02
0.000000e+00 8.745000e+00 1.111913e+00 8.639514e-01 0.000000e+00 -1.613708e-02
0.000000e+00 8.800000e+00 1.111086e+00 8.630946e-01 0.000000e+00 -1.597783e-02
0.000000e+00 8.855000e+00 1.110260e+00 8.622391e-01 0.000000e+00 -1.582659e-02
0.000000e+00 8.910000e+00 1.109445e+00 8.613953e-01 0.000000e+00 -1.567638e-02
0.000000e+00 8.965000e+00 1.108653e+00 8.605756e-01 0.000000e+00 -1.551865e-02
0.000000e+00 9.020000e+00 1.107896e+00 8.597923e-01 0.000000e+00 -1.534521e-02
0.000000e+00 9.075000e+00 1.107184e+00 8.590556e-01 0.000000e+00 -1.515043e-02
0.000000e+00 9.130000e+00 1.106522e+00 8.583708e-01 0.000000e+00 -1.493267e-02
0.000000e+00 9.185000e+00 1.105908e+00 8.577357e-01 0.000000e+00 -1.469432e-02
0.000000e+00 9.240000e+00 1.105331e+00 8.571397e-01 0.000000e+00 -1.443953e-02
0.000000e+00 9.295000e+00 1.104774e+00 8.565643e-01 0.000000e+00 -1.417067e-02
0.000000e+00 9.350000e+00 1.104215e+00 8.559865e-01 0.000000e+00 -1.388585e-02
0.000000e+00 9.405000e+00 1.103634e+00 8.553835e-01 0.000000e+00 -1.358133e-02
0.000000e+00 9.460000e+00 1.103011e+00 8.547379e-01 0.000000e+00 -1.325951e-02
0.000000e+00 9.515000e+00 1.102340e+00 8.540422e-01 0.000000e+00 -1.293905e-02
0.000000e+00 9.570000e+00 1.101621e+00 8.533017e-01 0.000000e+00 -1.265707e-02
0.000000e+00 9.625000e+00 1.100870e+00 8.525334e-01 0.000000e+00 -1.245803e-02
0.000000e+00 9.680000e+00 1.100115e+00 8.517648e-01 0.000000e+00 -1.236792e-02
0.000000e+00 9.735000e+00 1.099386e+00 8.510242e-01 0.000000e+00 -1.237702e-02
0.000000e+00 9.790000e+00 1.098717e+00 8.503415e-01 0.000000e+00 -1.243349e-02
0.000000e+00 9.845000e+00 1.098124e+00 8.497307e-01 0.000000e+00 -1.247756e-02
0.000000e+00 9.900000e+00 1.097618e+00 8.492017e-01 0.000000e+00 -1.246498e-02
0.000000e+00 9.955000e+00 1.097193e+00 8.487486e-01 0.000000e+00 -1.239637e-02
0.000000e+00 1.001000e+01 1.103350e+00 8.550910e-01 -0.000000e+00 -6.410000e-03
0.000000e+00 1.006500e+01 1.103350e+00 8.550910e-01 -0.000000e+00 -6.410000e-03
0.000000e+00 1.012000e+01 1.103350e+00 8.550910e-01 -0.000000e+00 -6.410000e-03
0.000000e+00 1.017500e+01 1.103350e+00 8.550910e-01 -0.000000e+00 -6.410000e-03
0.000000e+00 1.023000e+01 1.103350e+00 8.550910e-01 -0.000000e+00 -6.410000e-03
0.000000e+00 1.028500e+01 1.103350e+00 8.550910e-01 -0.000000e+00 -6.410000e-03
0.000000e+00 1.034000e+01 1.103350e+00 8.550910e-01 -0.000000e+00 -6.410000e-03
0.000000e+00 1.039500e+01 1.103350e+00 8.550910e-01 -0.000000e+00 -6.410000e-03
0.000000e+00 1.045000e+01 1.103350e+00 8.550910e-01 -0.000000e+00 -6.410000e-03
0.000000e+00 1.050500e+01 1.103350e+00 8.550910e-01 -0.000000e+00 -6.410000e-03
0.000000e+00 1.056000e+01 1.103350e+00 8.550910e-01 -0.000000e+00 -6.410000e-03
0.000000e+00 1.061500e+01 1.103350e+00 8.550910e-01 -0.000000e+00 -6.410000e-03
0.000000e+00 1.067000e+01 1.103350e+00 8.550910e-01 -0.000000e+00 -6.410000e-03
0.000000e+00 1.072500e+01 1.103350e+00 8.550910e-01 -0.000000e+00 -6.410000e-03
0.000000e+00 1.078000e+01 1.103350e+00 8.550910e-01 -0.000000e+00 -6.410000e-03
0.000000e+00 1.083500e+01 1.103350e+00 8.550910e-01 -0.000000e+00 -6.410000e-03
0.000000e+00 1.089000e+01 1.103350e+00 8.550910e-01 -0.000000e+00 -6.410000e-03
0.000000e+00 1.094500e+01 1.103350e+00 8.550910e-01 -0.000000e+00 -6.410000e-03
0.000000e+00 1.100000e+01 1.103350e+00 8.550910e-01 -0.000000e+00 -6.410000e-03
