#############TIME##################
1.390458e+01 
###################################
0.000000e+00 0.000000e+00 8.754676e+00 1.359094e+01 0.000000e+00 -1.459620e+00
0.000000e+00 5.500000e-02 8.754676e+00 1.359094e+01 0.000000e+00 -1.459620e+00
0.000000e+00 1.100000e-01 8.754676e+00 1.359094e+01 0.000000e+00 -1.459620e+00
0.000000e+00 1.650000e-01 8.754676e+00 1.359094e+01 0.000000e+00 -1.459620e+00
0.000000e+00 2.200000e-01 8.754331e+00 1.359022e+01 0.000000e+00 -1.459640e+00
0.000000e+00 2.750000e-01 6.825957e+00 9.683653e+00 0.000000e+00 -1.260263e+00
0.000000e+00 3.300000e-01 5.681752e+00 7.605906e+00 0.000000e+00 -1.076560e+00
0.000000e+00 3.850000e-01 4.898926e+00 6.245456e+00 0.000000e+00 -9.349251e-01
0.000000e+00 4.400000e-01 4.324754e+00 5.293658e+00 0.000000e+00 -8.189040e-01
0.000000e+00 4.950000e-01 3.890727e+00 4.598552e+00 0.000000e+00 -7.255452e-01
0.000000e+00 5.500000e-01 3.549660e+00 4.069681e+00 0.000000e+00 -6.479323e-01
0.000000e+00 6.050000e-01 3.276615e+00 3.657938e+00 0.000000e+00 -5.831670e-01
0.000000e+00 6.600000e-01 3.053048e+00 3.328792e+00 0.000000e+00 -5.280512e-01
0.000000e+00 7.150000e-01 2.867323e+00 3.061263e+00 0.000000e+00 -4.808654e-01
0.000000e+00 7.700000e-01 2.710617e+00 2.839822e+00 0.000000e+00 -4.399437e-01
0.000000e+00 8.250000e-01 2.576930e+00 2.654164e+00 0.000000e+00 -4.042422e-01
0.000000e+00 8.800000e-01 2.461572e+00 2.496459e+00 0.000000e+00 -3.728036e-01
0.000000e+00 9.350000e-01 2.361156e+00 2.361140e+00 0.000000e+00 -3.449641e-01
0.000000e+00 9.900000e-01 2.272993e+00 2.243889e+00 0.000000e+00 -3.201457e-01
0.000000e+00 1.045000e+00 2.195033e+00 2.141468e+00 0.000000e+00 -2.979160e-01
0.000000e+00 1.100000e+00 2.125626e+00 2.051315e+00 0.000000e+00 -2.779062e-01
0.000000e+00 1.155000e+00 2.063471e+00 1.971435e+00 0.000000e+00 -2.598238e-01
0.000000e+00 1.210000e+00 2.007505e+00 1.900221e+00 0.000000e+00 -2.434196e-01
0.000000e+00 1.265000e+00 1.956867e+00 1.836383e+00 0.000000e+00 -2.284882e-01
0.000000e+00 1.320000e+00 1.910845e+00 1.778867e+00 0.000000e+00 -2.148539e-01
0.000000e+00 1.375000e+00 1.868852e+00 1.726808e+00 0.000000e+00 -2.023683e-01
0.000000e+00 1.430000e+00 1.830394e+00 1.679487e+00 0.000000e+00 -1.909037e-01
0.000000e+00 1.485000e+00 1.795053e+00 1.636305e+00 0.000000e+00 -1.803496e-01
0.000000e+00 1.540000e+00 1.762473e+00 1.596759e+00 0.000000e+00 -1.706093e-01
0.000000e+00 1.595000e+00 1.732350e+00 1.560422e+00 0.000000e+00 -1.615974e-01
0.000000e+00 1.650000e+00 1.704420e+00 1.526933e+00 0.000000e+00 -1.532383e-01
0.000000e+00 1.705000e+00 1.678460e+00 1.495981e+00 0.000000e+00 -1.454668e-01
0.000000e+00 1.760000e+00 1.654274e+00 1.467298e+00 0.000000e+00 -1.382274e-01
0.000000e+00 1.815000e+00 1.631694e+00 1.440651e+00 0.000000e+00 -1.314731e-01
0.000000e+00 1.870000e+00 1.610569e+00 1.415837e+00 0.000000e+00 -1.251623e-01
0.000000e+00 1.925000e+00 1.590767e+00 1.392678e+00 0.000000e+00 -1.192576e-01
0.000000e+00 1.980000e+00 1.572172e+00 1.371018e+00 0.000000e+00 -1.137248e-01
0.000000e+00 2.035000e+00 1.554680e+00 1.350721e+00 0.000000e+00 -1.085326e-01
0.000000e+00 2.090000e+00 1.538197e+00 1.331664e+00 0.000000e+00 -1.036528e-01
0.000000e+00 2.145000e+00 1.522641e+00 1.313742e+00 0.000000e+00 -9.905963e-02
0.000000e+00 2.200000e+00 1.507938e+00 1.296858e+00 0.000000e+00 -9.472983e-02
0.000000e+00 2.255000e+00 1.494022e+00 1.280928e+00 0.000000e+00 -9.064225e-02
0.000000e+00 2.310000e+00 1.480834e+00 1.265876e+00 0.000000e+00 -8.677773e-02
0.000000e+00 2.365000e+00 1.468319e+00 1.251635e+00 0.000000e+00 -8.311902e-02
0.000000e+00 2.420000e+00 1.456430e+00 1.238143e+00 0.000000e+00 -7.965061e-02
0.000000e+00 2.475000e+00 1.445122e+00 1.225344e+00 0.000000e+00 -7.635851e-02
0.000000e+00 2.530000e+00 1.434354e+00 1.213188e+00 0.000000e+00 -7.323004e-02
0.000000e+00 2.585000e+00 1.424091e+00 1.201630e+00 0.000000e+00 -7.025361e-02
0.000000e+00 2.640000e+00 1.414299e+00 1.190628e+00 0.000000e+00 -6.741855e-02
0.000000e+00 2.695000e+00 1.404948e+00 1.180144e+00 0.000000e+00 -6.471500e-02
0.000000e+00 2.750000e+00 1.396009e+00 1.170145e+00 0.000000e+00 -6.213377e-02
0.000000e+00 2.805000e+00 1.387457e+00 1.160599e+00 0.000000e+00 -5.966624e-02
0.000000e+00 2.860000e+00 1.379270e+00 1.151478e+00 0.000000e+00 -5.730435e-02
0.000000e+00 2.915000e+00 1.371428e+00 1.142758e+00 0.000000e+00 -5.504070e-02
0.000000e+00 2.970000e+00 1.363909e+00 1.134413e+00 0.000000e+00 -5.286880e-02
0.000000e+00 3.025000e+00 1.356697e+00 1.126422e+00 0.000000e+00 -5.078307e-02
0.000000e+00 3.080000e+00 1.349772e+00 1.118764e+00 0.000000e+00 -4.877875e-02
0.000000e+00 3.135000e+00 1.343120e+00 1.111419e+00 0.000000e+00 -4.685139e-02
0.000000e+00 3.190000e+00 1.336725e+00 1.104369e+00 0.000000e+00 -4.499649e-02
0.000000e+00 3.245000e+00 1.330573e+00 1.097599e+00 0.000000e+00 -4.320942e-02
0.000000e+00 3.300000e+00 1.324652e+00 1.091092e+00 0.000000e+00 -4.148567e-02
0.000000e+00 3.355000e+00 1.318951e+00 1.084835e+00 0.000000e+00 -3.982116e-02
0.000000e+00 3.410000e+00 1.313457e+00 1.078816e+00 0.000000e+00 -3.821212e-02
0.000000e+00 3.465000e+00 1.308163e+00 1.073022e+00 0.000000e+00 -3.665450e-02
0.000000e+00 3.520000e+00 1.303061e+00 1.067446e+00 0.000000e+00 -3.514353e-02
0.000000e+00 3.575000e+00 1.298144e+00 1.062080e+00 0.000000e+00 -3.367430e-02
0.000000e+00 3.630000e+00 1.293407e+00 1.056915e+00 0.000000e+00 -3.224321e-02
0.000000e+00 3.685000e+00 1.288840e+00 1.051942e+00 0.000000e+00 -3.084944e-02
0.000000e+00 3.740000e+00 1.284429e+00 1.047145e+00 0.000000e+00 -2.949481e-02
0.000000e+00 3.795000e+00 1.280163e+00 1.042510e+00 0.000000e+00 -2.818167e-02
0.000000e+00 3.850000e+00 1.276031e+00 1.038027e+00 0.000000e+00 -2.690993e-02
0.000000e+00 3.905000e+00 1.272032e+00 1.033692e+00 0.000000e+00 -2.567549e-02
0.000000e+00 3.960000e+00 1.268166e+00 1.029505e+00 0.000000e+00 -2.447128e-02
0.000000e+00 4.015000e+00 1.264434e+00 1.025467e+00 0.000000e+00 -2.329019e-02
0.000000e+00 4.070000e+00 1.260834e+00 1.021577e+00 0.000000e+00 -2.212764e-02
0.000000e+00 4.125000e+00 1.257361e+00 1.017827e+00 0.000000e+00 -2.098205e-02
0.000000e+00 4.180000e+00 1.254009e+00 1.014211e+00 0.000000e+00 -1.985350e-02
0.000000e+00 4.235000e+00 1.250772e+00 1.010721e+00 0.000000e+00 -1.874242e-02
0.000000e+00 4.290000e+00 1.247642e+00 1.007351e+00 0.000000e+00 -1.764973e-02
0.000000e+00 4.345000e+00 1.244612e+00 1.004090e+00 0.000000e+00 -1.657783e-02
0.000000e+00 4.400000e+00 1.241672e+00 1.000929e+00 0.000000e+00 -1.553076e-02
0.000000e+00 4.455000e+00 1.238813e+00 9.978573e-01 0.000000e+00 -1.451214e-02
0.000000e+00 4.510000e+00 1.236031e+00 9.948703e-01 0.000000e+00 -1.352198e-02
0.000000e+00 4.565000e+00 1.233327e+00 9.919702e-01 0.000000e+00 -1.255484e-02
0.000000e+00 4.620000e+00 1.230710e+00 9.891645e-01 0.000000e+00 -1.160151e-02
0.000000e+00 4.675000e+00 1.228185e+00 9.864597e-01 0.000000e+00 -1.065360e-02
0.000000e+00 4.730000e+00 1.225752e+00 9.838557e-01 0.000000e+00 -9.708149e-03
0.000000e+00 4.785000e+00 1.223404e+00 9.813435e-01 0.000000e+00 -8.769170e-03
0.000000e+00 4.840000e+00 1.221127e+00 9.789086e-01 0.000000e+00 -7.845083e-03
0.000000e+00 4.895000e+00 1.218907e+00 9.765368e-01 0.000000e+00 -6.943835e-03
0.000000e+00 4.950000e+00 1.216738e+00 9.742204e-01 0.000000e+00 -6.068779e-03
0.000000e+00 5.005000e+00 1.214619e+00 9.719589e-01 0.000000e+00 -5.217579e-03
0.000000e+00 5.060000e+00 1.212555e+00 9.697571e-01 0.000000e+00 -4.384245e-03
0.000000e+00 5.115000e+00 1.210550e+00 9.676200e-01 0.000000e+00 -3.562609e-03
0.000000e+00 5.170000e+00 1.208607e+00 9.655497e-01 0.000000e+00 -2.749115e-03
0.000000e+00 5.225000e+00 1.206723e+00 9.635437e-01 0.000000e+00 -1.943857e-03
0.000000e+00 5.280000e+00 1.204893e+00 9.615954e-01 0.000000e+00 -1.150108e-03
0.000000e+00 5.335000e+00 1.203107e+00 9.596962e-01 0.000000e+00 -3.732032e-04
0.000000e+00 5.390000e+00 1.201358e+00 9.578361e-01 0.000000e+00 3.807304e-04
0.000000e+00 5.445000e+00 1.199637e+00 9.560065e-01 0.000000e+00 1.106421e-03
0.000000e+00 5.500000e+00 1.197938e+00 9.542022e-01 0.000000e+00 1.801720e-03
0.000000e+00 5.555000e+00 1.196264e+00 9.524249e-01 0.000000e+00 2.469822e-03
0.000000e+00 5.610000e+00 1.194624e+00 9.506838e-01 0.000000e+00 3.119666e-03
0.000000e+00 5.665000e+00 1.193029e+00 9.489918e-01 0.000000e+00 3.762911e-03
0.000000e+00 5.720000e+00 1.191488e+00 9.473579e-01 0.000000e+00 4.407816e-03
0.000000e+00 5.775000e+00 1.189998e+00 9.457790e-01 0.000000e+00 5.053082e-03
0.000000e+00 5.830000e+00 1.188543e+00 9.442377e-01 0.000000e+00 5.686070e-03
0.000000e+00 5.885000e+00 1.187100e+00 9.427087e-01 0.000000e+00 6.287981e-03
0.000000e+00 5.940000e+00 1.185648e+00 9.411717e-01 0.000000e+00 6.844126e-03
0.000000e+00 5.995000e+00 1.184185e+00 9.396238e-01 0.000000e+00 7.353213e-03
0.000000e+00 6.050000e+00 1.182727e+00 9.380816e-01 0.000000e+00 7.829225e-03
0.000000e+00 6.105000e+00 1.181299e+00 9.365714e-01 0.000000e+00 8.294003e-03
0.000000e+00 6.160000e+00 1.179919e+00 9.351139e-01 0.000000e+00 8.765057e-03
0.000000e+00 6.215000e+00 1.178593e+00 9.337125e-01 0.000000e+00 9.246426e-03
0.000000e+00 6.270000e+00 1.177306e+00 9.323531e-01 0.000000e+00 9.728436e-03
0.000000e+00 6.325000e+00 1.176039e+00 9.310157e-01 0.000000e+00 1.019608e-02
0.000000e+00 6.380000e+00 1.174781e+00 9.296879e-01 0.000000e+00 1.063980e-02
0.000000e+00 6.435000e+00 1.173533e+00 9.283716e-01 0.000000e+00 1.106111e-02
0.000000e+00 6.490000e+00 1.172308e+00 9.270796e-01 0.000000e+00 1.146988e-02
0.000000e+00 6.545000e+00 1.171117e+00 9.258238e-01 0.000000e+00 1.187599e-02
0.000000e+00 6.600000e+00 1.169961e+00 9.246056e-01 0.000000e+00 1.228183e-02
0.000000e+00 6.655000e+00 1.168831e+00 9.234150e-01 0.000000e+00 1.268086e-02
0.000000e+00 6.710000e+00 1.167712e+00 9.222371e-01 0.000000e+00 1.306262e-02
0.000000e+00 6.765000e+00 1.166597e+00 9.210625e-01 0.000000e+00 1.342025e-02
0.000000e+00 6.820000e+00 1.165486e+00 9.198932e-01 0.000000e+00 1.375519e-02
0.000000e+00 6.875000e+00 1.164391e+00 9.187410e-01 0.000000e+00 1.407617e-02
0.000000e+00 6.930000e+00 1.163325e+00 9.176202e-01 0.000000e+00 1.439386e-02
0.000000e+00 6.985000e+00 1.162298e+00 9.165397e-01 0.000000e+00 1.471492e-02
0.000000e+00 7.040000e+00 1.161307e+00 9.154978e-01 0.000000e+00 1.503893e-02
0.000000e+00 7.095000e+00 1.160342e+00 9.144845e-01 0.000000e+00 1.535962e-02
0.000000e+00 7.150000e+00 1.159393e+00 9.134867e-01 0.000000e+00 1.566882e-02
0.000000e+00 7.205000e+00 1.158449e+00 9.124954e-01 0.000000e+00 1.596080e-02
0.000000e+00 7.260000e+00 1.157510e+00 9.115093e-01 0.000000e+00 1.623483e-02
0.000000e+00 7.315000e+00 1.156581e+00 9.105338e-01 0.000000e+00 1.649492e-02
0.000000e+00 7.370000e+00 1.155670e+00 9.095776e-01 0.000000e+00 1.674663e-02
0.000000e+00 7.425000e+00 1.154784e+00 9.086484e-01 0.000000e+00 1.699220e-02
0.000000e+00 7.480000e+00 1.153928e+00 9.077504e-01 0.000000e+00 1.722722e-02
0.000000e+00 7.535000e+00 1.153100e+00 9.068816e-01 0.000000e+00 1.744269e-02
0.000000e+00 7.590000e+00 1.152289e+00 9.060314e-01 0.000000e+00 1.763318e-02
0.000000e+00 7.645000e+00 1.151479e+00 9.051829e-01 0.000000e+00 1.780447e-02
0.000000e+00 7.700000e+00 1.150660e+00 9.043240e-01 0.000000e+00 1.797184e-02
0.000000e+00 7.755000e+00 1.149839e+00 9.034641e-01 0.000000e+00 1.814717e-02
0.000000e+00 7.810000e+00 1.149052e+00 9.026393e-01 0.000000e+00 1.832672e-02
0.000000e+00 7.865000e+00 1.148341e+00 9.018952e-01 0.000000e+00 1.849358e-02
0.000000e+00 7.920000e+00 1.147728e+00 9.012534e-01 0.000000e+00 1.863496e-02
0.000000e+00 7.975000e+00 1.147192e+00 9.006921e-01 0.000000e+00 1.875572e-02
0.000000e+00 8.030000e+00 1.146684e+00 9.001605e-01 0.000000e+00 1.887065e-02
0.000000e+00 8.085000e+00 1.146163e+00 8.996146e-01 0.000000e+00 1.898424e-02
0.000000e+00 8.140000e+00 1.145610e+00 8.990364e-01 0.000000e+00 1.908429e-02
0.000000e+00 8.195000e+00 1.145024e+00 8.984228e-01 0.000000e+00 1.915943e-02
0.000000e+00 8.250000e+00 1.144402e+00 8.977729e-01 0.000000e+00 1.921680e-02
0.000000e+00 8.305000e+00 1.143759e+00 8.970999e-01 0.000000e+00 1.927394e-02
0.000000e+00 8.360000e+00 1.143139e+00 8.964518e-01 0.000000e+00 1.933304e-02
0.000000e+00 8.415000e+00 1.142610e+00 8.958981e-01 0.000000e+00 1.937261e-02
0.000000e+00 8.470000e+00 1.142206e+00 8.954758e-01 0.000000e+00 1.937162e-02
0.000000e+00 8.525000e+00 1.141890e+00 8.951461e-01 0.000000e+00 1.933801e-02
0.000000e+00 8.580000e+00 1.141574e+00 8.948154e-01 0.000000e+00 1.930387e-02
0.000000e+00 8.635000e+00 1.141180e+00 8.944038e-01 0.000000e+00 1.929440e-02
0.000000e+00 8.690000e+00 1.140695e+00 8.938975e-01 0.000000e+00 1.930672e-02
0.000000e+00 8.745000e+00 1.140162e+00 8.933401e-01 0.000000e+00 1.932269e-02
0.000000e+00 8.800000e+00 1.139632e+00 8.927869e-01 0.000000e+00 1.933508e-02
0.000000e+00 8.855000e+00 1.139137e+00 8.922699e-01 0.000000e+00 1.935611e-02
0.000000e+00 8.910000e+00 1.138682e+00 8.917942e-01 0.000000e+00 1.940334e-02
0.000000e+00 8.965000e+00 1.138256e+00 8.913496e-01 0.000000e+00 1.948112e-02
0.000000e+00 9.020000e+00 1.137846e+00 8.909214e-01 0.000000e+00 1.957574e-02
0.000000e+00 9.075000e+00 1.137438e+00 8.904955e-01 0.000000e+00 1.966438e-02
0.000000e+00 9.130000e+00 1.137025e+00 8.900642e-01 0.000000e+00 1.972840e-02
0.000000e+00 9.185000e+00 1.136610e+00 8.896316e-01 0.000000e+00 1.976323e-02
0.000000e+00 9.240000e+00 1.136209e+00 8.892130e-01 0.000000e+00 1.978213e-02
0.000000e+00 9.295000e+00 1.135838e+00 8.888263e-01 0.000000e+00 1.981124e-02
0.000000e+00 9.350000e+00 1.135508e+00 8.884821e-01 0.000000e+00 1.987847e-02
0.000000e+00 9.405000e+00 1.135212e+00 8.881728e-01 0.000000e+00 1.999767e-02
0.000000e+00 9.460000e+00 1.134927e+00 8.878748e-01 0.000000e+00 2.016061e-02
0.000000e+00 9.515000e+00 1.134619e+00 8.875526e-01 0.000000e+00 2.033470e-02
0.000000e+00 9.570000e+00 1.134263e+00 8.871809e-01 0.000000e+00 2.048101e-02
0.000000e+00 9.625000e+00 1.133845e+00 8.867470e-01 0.000000e+00 2.055750e-02
0.000000e+00 9.680000e+00 1.133384e+00 8.862748e-01 0.000000e+00 2.053733e-02
0.000000e+00 9.735000e+00 1.132899e+00 8.857843e-01 0.000000e+00 2.037276e-02
0.000000e+00 9.790000e+00 1.132446e+00 8.853338e-01 0.000000e+00 2.005742e-02
0.000000e+00 9.845000e+00 1.132016e+00 8.849056e-01 0.000000e+00 1.959106e-02
0.000000e+00 9.900000e+00 1.131691e+00 8.845733e-01 0.000000e+00 1.918497e-02
0.000000e+00 9.955000e+00 1.131346e+00 8.841983e-01 0.000000e+00 1.893561e-02
0.000000e+00 1.001000e+01 1.103350e+00 8.550910e-01 -0.000000e+00 -6.410000e-03
0.000000e+00 1.006500e+01 1.103350e+00 8.550910e-01 -0.000000e+00 -6.410000e-03
0.000000e+00 1.012000e+01 1.103350e+00 8.550910e-01 -0.000000e+00 -6.410000e-03
0.000000e+00 1.017500e+01 1.103350e+00 8.550910e-01 -0.000000e+00 -6.410000e-03
0.000000e+00 1.023000e+01 1.103350e+00 8.550910e-01 -0.000000e+00 -6.410000e-03
0.000000e+00 1.028500e+01 1.103350e+00 8.550910e-01 -0.000000e+00 -6.410000e-03
0.000000e+00 1.034000e+01 1.103350e+00 8.550910e-01 -0.000000e+00 -6.410000e-03
0.000000e+00 1.039500e+01 1.103350e+00 8.550910e-01 -0.000000e+00 -6.410000e-03
0.000000e+00 1.045000e+01 1.103350e+00 8.550910e-01 -0.000000e+00 -6.410000e-03
0.000000e+00 1.050500e+01 1.103350e+00 8.550910e-01 -0.000000e+00 -6.410000e-03
0.000000e+00 1.056000e+01 1.103350e+00 8.550910e-01 -0.000000e+00 -6.410000e-03
0.000000e+00 1.061500e+01 1.103350e+00 8.550910e-01 -0.000000e+00 -6.410000e-03
0.000000e+00 1.067000e+01 1.103350e+00 8.550910e-01 -0.000000e+00 -6.410000e-03
0.000000e+00 1.072500e+01 1.103350e+00 8.550910e-01 -0.000000e+00 -6.410000e-03
0.000000e+00 1.078000e+01 1.103350e+00 8.550910e-01 -0.000000e+00 -6.410000e-03
0.000000e+00 1.083500e+01 1.103350e+00 8.550910e-01 -0.000000e+00 -6.410000e-03
0.000000e+00 1.089000e+01 1.103350e+00 8.550910e-01 -0.000000e+00 -6.410000e-03
0.000000e+00 1.094500e+01 1.103350e+00 8.550910e-01 -0.000000e+00 -6.410000e-03
0.000000e+00 1.100000e+01 1.103350e+00 8.550910e-01 -0.000000e+00 -6.410000e-03
