#############TIME##################
1.570467e+01 
###################################
0.000000e+00 0.000000e+00 8.680987e+00 1.343502e+01 0.000000e+00 -1.464018e+00
0.000000e+00 5.500000e-02 8.680987e+00 1.343502e+01 0.000000e+00 -1.464018e+00
0.000000e+00 1.100000e-01 8.680987e+00 1.343502e+01 0.000000e+00 -1.464018e+00
0.000000e+00 1.650000e-01 8.680987e+00 1.343502e+01 0.000000e+00 -1.464018e+00
0.000000e+00 2.200000e-01 8.680710e+00 1.343443e+01 0.000000e+00 -1.464035e+00
0.000000e+00 2.750000e-01 6.771830e+00 9.576887e+00 0.000000e+00 -1.263803e+00
0.000000e+00 3.300000e-01 5.639321e+00 7.525287e+00 0.000000e+00 -1.079411e+00
0.000000e+00 3.850000e-01 4.862599e+00 6.179276e+00 0.000000e+00 -9.374955e-01
0.000000e+00 4.400000e-01 4.292496e+00 5.236934e+00 0.000000e+00 -8.213224e-01
0.000000e+00 4.950000e-01 3.861296e+00 4.548554e+00 0.000000e+00 -7.278390e-01
0.000000e+00 5.500000e-01 3.522385e+00 4.024767e+00 0.000000e+00 -6.501146e-01
0.000000e+00 6.050000e-01 3.251006e+00 3.616975e+00 0.000000e+00 -5.852450e-01
0.000000e+00 6.600000e-01 3.028762e+00 3.290988e+00 0.000000e+00 -5.300328e-01
0.000000e+00 7.150000e-01 2.844099e+00 3.026031e+00 0.000000e+00 -4.827581e-01
0.000000e+00 7.700000e-01 2.688255e+00 2.806723e+00 0.000000e+00 -4.417551e-01
0.000000e+00 8.250000e-01 2.555276e+00 2.622858e+00 0.000000e+00 -4.059806e-01
0.000000e+00 8.800000e-01 2.440502e+00 2.466676e+00 0.000000e+00 -3.744777e-01
0.000000e+00 9.350000e-01 2.340576e+00 2.332662e+00 0.000000e+00 -3.465821e-01
0.000000e+00 9.900000e-01 2.252829e+00 2.216542e+00 0.000000e+00 -3.217151e-01
0.000000e+00 1.045000e+00 2.175235e+00 2.115108e+00 0.000000e+00 -2.994435e-01
0.000000e+00 1.100000e+00 2.106157e+00 2.025826e+00 0.000000e+00 -2.793982e-01
0.000000e+00 1.155000e+00 2.044306e+00 1.946717e+00 0.000000e+00 -2.612866e-01
0.000000e+00 1.210000e+00 1.988624e+00 1.876189e+00 0.000000e+00 -2.448594e-01
0.000000e+00 1.265000e+00 1.938254e+00 1.812964e+00 0.000000e+00 -2.299114e-01
0.000000e+00 1.320000e+00 1.892484e+00 1.755997e+00 0.000000e+00 -2.162666e-01
0.000000e+00 1.375000e+00 1.850727e+00 1.704432e+00 0.000000e+00 -2.037760e-01
0.000000e+00 1.430000e+00 1.812487e+00 1.657556e+00 0.000000e+00 -1.923110e-01
0.000000e+00 1.485000e+00 1.777347e+00 1.614778e+00 0.000000e+00 -1.817602e-01
0.000000e+00 1.540000e+00 1.744953e+00 1.575599e+00 0.000000e+00 -1.720263e-01
0.000000e+00 1.595000e+00 1.715001e+00 1.539598e+00 0.000000e+00 -1.630232e-01
0.000000e+00 1.650000e+00 1.687229e+00 1.506416e+00 0.000000e+00 -1.546754e-01
0.000000e+00 1.705000e+00 1.661413e+00 1.475745e+00 0.000000e+00 -1.469179e-01
0.000000e+00 1.760000e+00 1.637359e+00 1.447318e+00 0.000000e+00 -1.396957e-01
0.000000e+00 1.815000e+00 1.614898e+00 1.420906e+00 0.000000e+00 -1.329617e-01
0.000000e+00 1.870000e+00 1.593881e+00 1.396306e+00 0.000000e+00 -1.266744e-01
0.000000e+00 1.925000e+00 1.574178e+00 1.373343e+00 0.000000e+00 -1.207959e-01
0.000000e+00 1.980000e+00 1.555672e+00 1.351862e+00 0.000000e+00 -1.152916e-01
0.000000e+00 2.035000e+00 1.538258e+00 1.331728e+00 0.000000e+00 -1.101300e-01
0.000000e+00 2.090000e+00 1.521845e+00 1.312820e+00 0.000000e+00 -1.052828e-01
0.000000e+00 2.145000e+00 1.506350e+00 1.295031e+00 0.000000e+00 -1.007245e-01
0.000000e+00 2.200000e+00 1.491700e+00 1.278269e+00 0.000000e+00 -9.643183e-02
0.000000e+00 2.255000e+00 1.477828e+00 1.262447e+00 0.000000e+00 -9.238394e-02
0.000000e+00 2.310000e+00 1.464677e+00 1.247493e+00 0.000000e+00 -8.856188e-02
0.000000e+00 2.365000e+00 1.452192e+00 1.233338e+00 0.000000e+00 -8.494861e-02
0.000000e+00 2.420000e+00 1.440326e+00 1.219922e+00 0.000000e+00 -8.152874e-02
0.000000e+00 2.475000e+00 1.429034e+00 1.207189e+00 0.000000e+00 -7.828838e-02
0.000000e+00 2.530000e+00 1.418277e+00 1.195090e+00 0.000000e+00 -7.521477e-02
0.000000e+00 2.585000e+00 1.408018e+00 1.183580e+00 0.000000e+00 -7.229619e-02
0.000000e+00 2.640000e+00 1.398225e+00 1.172618e+00 0.000000e+00 -6.952181e-02
0.000000e+00 2.695000e+00 1.388866e+00 1.162167e+00 0.000000e+00 -6.688166e-02
0.000000e+00 2.750000e+00 1.379915e+00 1.152193e+00 0.000000e+00 -6.436672e-02
0.000000e+00 2.805000e+00 1.371346e+00 1.142664e+00 0.000000e+00 -6.196881e-02
0.000000e+00 2.860000e+00 1.363136e+00 1.133553e+00 0.000000e+00 -5.968054e-02
0.000000e+00 2.915000e+00 1.355263e+00 1.124833e+00 0.000000e+00 -5.749512e-02
0.000000e+00 2.970000e+00 1.347707e+00 1.116481e+00 0.000000e+00 -5.540622e-02
0.000000e+00 3.025000e+00 1.340451e+00 1.108473e+00 0.000000e+00 -5.340788e-02
0.000000e+00 3.080000e+00 1.333477e+00 1.100792e+00 0.000000e+00 -5.149443e-02
0.000000e+00 3.135000e+00 1.326770e+00 1.093416e+00 0.000000e+00 -4.966058e-02
0.000000e+00 3.190000e+00 1.320315e+00 1.086330e+00 0.000000e+00 -4.790147e-02
0.000000e+00 3.245000e+00 1.314099e+00 1.079516e+00 0.000000e+00 -4.621279e-02
0.000000e+00 3.300000e+00 1.308108e+00 1.072960e+00 0.000000e+00 -4.459068e-02
0.000000e+00 3.355000e+00 1.302332e+00 1.066649e+00 0.000000e+00 -4.303172e-02
0.000000e+00 3.410000e+00 1.296761e+00 1.060569e+00 0.000000e+00 -4.153267e-02
0.000000e+00 3.465000e+00 1.291384e+00 1.054710e+00 0.000000e+00 -4.009038e-02
0.000000e+00 3.520000e+00 1.286192e+00 1.049061e+00 0.000000e+00 -3.870164e-02
0.000000e+00 3.575000e+00 1.281177e+00 1.043610e+00 0.000000e+00 -3.736318e-02
0.000000e+00 3.630000e+00 1.276328e+00 1.038348e+00 0.000000e+00 -3.607183e-02
0.000000e+00 3.685000e+00 1.271639e+00 1.033264e+00 0.000000e+00 -3.482466e-02
0.000000e+00 3.740000e+00 1.267100e+00 1.028350e+00 0.000000e+00 -3.361919e-02
0.000000e+00 3.795000e+00 1.262706e+00 1.023598e+00 0.000000e+00 -3.245350e-02
0.000000e+00 3.850000e+00 1.258450e+00 1.019001e+00 0.000000e+00 -3.132613e-02
0.000000e+00 3.905000e+00 1.254328e+00 1.014554e+00 0.000000e+00 -3.023589e-02
0.000000e+00 3.960000e+00 1.250336e+00 1.010251e+00 0.000000e+00 -2.918146e-02
0.000000e+00 4.015000e+00 1.246468e+00 1.006087e+00 0.000000e+00 -2.816115e-02
0.000000e+00 4.070000e+00 1.242719e+00 1.002054e+00 0.000000e+00 -2.717283e-02
0.000000e+00 4.125000e+00 1.239083e+00 9.981467e-01 0.000000e+00 -2.621408e-02
0.000000e+00 4.180000e+00 1.235554e+00 9.943586e-01 0.000000e+00 -2.528264e-02
0.000000e+00 4.235000e+00 1.232129e+00 9.906847e-01 0.000000e+00 -2.437683e-02
0.000000e+00 4.290000e+00 1.228803e+00 9.871209e-01 0.000000e+00 -2.349568e-02
0.000000e+00 4.345000e+00 1.225574e+00 9.836640e-01 0.000000e+00 -2.263879e-02
0.000000e+00 4.400000e+00 1.222439e+00 9.803110e-01 0.000000e+00 -2.180589e-02
0.000000e+00 4.455000e+00 1.219396e+00 9.770586e-01 0.000000e+00 -2.099638e-02
0.000000e+00 4.510000e+00 1.216441e+00 9.739024e-01 0.000000e+00 -2.020909e-02
0.000000e+00 4.565000e+00 1.213569e+00 9.708383e-01 0.000000e+00 -1.944239e-02
0.000000e+00 4.620000e+00 1.210778e+00 9.678621e-01 0.000000e+00 -1.869449e-02
0.000000e+00 4.675000e+00 1.208064e+00 9.649711e-01 0.000000e+00 -1.796393e-02
0.000000e+00 4.730000e+00 1.205426e+00 9.621631e-01 0.000000e+00 -1.724980e-02
0.000000e+00 4.785000e+00 1.202864e+00 9.594366e-01 0.000000e+00 -1.655177e-02
0.000000e+00 4.840000e+00 1.200374e+00 9.567899e-01 0.000000e+00 -1.586982e-02
0.000000e+00 4.895000e+00 1.197956e+00 9.542205e-01 0.000000e+00 -1.520387e-02
0.000000e+00 4.950000e+00 1.195605e+00 9.517252e-01 0.000000e+00 -1.455353e-02
0.000000e+00 5.005000e+00 1.193321e+00 9.493011e-01 0.000000e+00 -1.391815e-02
0.000000e+00 5.060000e+00 1.191099e+00 9.469459e-01 0.000000e+00 -1.329705e-02
0.000000e+00 5.115000e+00 1.188940e+00 9.446579e-01 0.000000e+00 -1.268980e-02
0.000000e+00 5.170000e+00 1.186842e+00 9.424354e-01 0.000000e+00 -1.209605e-02
0.000000e+00 5.225000e+00 1.184802e+00 9.402768e-01 0.000000e+00 -1.151491e-02
0.000000e+00 5.280000e+00 1.182820e+00 9.381796e-01 0.000000e+00 -1.094443e-02
0.000000e+00 5.335000e+00 1.180893e+00 9.361423e-01 0.000000e+00 -1.038192e-02
0.000000e+00 5.390000e+00 1.179022e+00 9.341649e-01 0.000000e+00 -9.825613e-03
0.000000e+00 5.445000e+00 1.177209e+00 9.322501e-01 0.000000e+00 -9.276707e-03
0.000000e+00 5.500000e+00 1.175458e+00 9.304018e-01 0.000000e+00 -8.740055e-03
0.000000e+00 5.555000e+00 1.173770e+00 9.286215e-01 0.000000e+00 -8.221672e-03
0.000000e+00 5.610000e+00 1.172142e+00 9.269040e-01 0.000000e+00 -7.723475e-03
0.000000e+00 5.665000e+00 1.170558e+00 9.252350e-01 0.000000e+00 -7.238601e-03
0.000000e+00 5.720000e+00 1.169002e+00 9.235950e-01 0.000000e+00 -6.752229e-03
0.000000e+00 5.775000e+00 1.167459e+00 9.219702e-01 0.000000e+00 -6.250399e-03
0.000000e+00 5.830000e+00 1.165936e+00 9.203670e-01 0.000000e+00 -5.733159e-03
0.000000e+00 5.885000e+00 1.164465e+00 9.188193e-01 0.000000e+00 -5.222697e-03
0.000000e+00 5.940000e+00 1.163097e+00 9.173796e-01 0.000000e+00 -4.757450e-03
0.000000e+00 5.995000e+00 1.161872e+00 9.160914e-01 0.000000e+00 -4.370130e-03
0.000000e+00 6.050000e+00 1.160787e+00 9.149517e-01 0.000000e+00 -4.058881e-03
0.000000e+00 6.105000e+00 1.159781e+00 9.138941e-01 0.000000e+00 -3.774515e-03
0.000000e+00 6.160000e+00 1.158756e+00 9.128173e-01 0.000000e+00 -3.444224e-03
0.000000e+00 6.215000e+00 1.157645e+00 9.116505e-01 0.000000e+00 -3.022043e-03
0.000000e+00 6.270000e+00 1.156462e+00 9.104093e-01 0.000000e+00 -2.528455e-03
0.000000e+00 6.325000e+00 1.155302e+00 9.091913e-01 0.000000e+00 -2.042335e-03
0.000000e+00 6.380000e+00 1.154275e+00 9.081141e-01 0.000000e+00 -1.650568e-03
0.000000e+00 6.435000e+00 1.153435e+00 9.072333e-01 0.000000e+00 -1.386944e-03
0.000000e+00 6.490000e+00 1.152732e+00 9.064958e-01 0.000000e+00 -1.201134e-03
0.000000e+00 6.545000e+00 1.152048e+00 9.057789e-01 0.000000e+00 -9.944194e-04
0.000000e+00 6.600000e+00 1.151288e+00 9.049825e-01 0.000000e+00 -6.934730e-04
0.000000e+00 6.655000e+00 1.150446e+00 9.040998e-01 0.000000e+00 -3.014093e-04
0.000000e+00 6.710000e+00 1.149594e+00 9.032071e-01 0.000000e+00 1.148071e-04
0.000000e+00 6.765000e+00 1.148817e+00 9.023933e-01 0.000000e+00 4.814074e-04
0.000000e+00 6.820000e+00 1.148149e+00 9.016932e-01 0.000000e+00 7.689708e-04
0.000000e+00 6.875000e+00 1.147555e+00 9.010714e-01 0.000000e+00 1.004559e-03
0.000000e+00 6.930000e+00 1.146971e+00 9.004607e-01 0.000000e+00 1.241028e-03
0.000000e+00 6.985000e+00 1.146358e+00 8.998185e-01 0.000000e+00 1.514879e-03
0.000000e+00 7.040000e+00 1.145721e+00 8.991523e-01 0.000000e+00 1.825959e-03
0.000000e+00 7.095000e+00 1.145101e+00 8.985036e-01 0.000000e+00 2.147440e-03
0.000000e+00 7.150000e+00 1.144535e+00 8.979113e-01 0.000000e+00 2.450054e-03
0.000000e+00 7.205000e+00 1.144031e+00 8.973842e-01 0.000000e+00 2.720959e-03
0.000000e+00 7.260000e+00 1.143566e+00 8.968978e-01 0.000000e+00 2.967491e-03
0.000000e+00 7.315000e+00 1.143100e+00 8.964108e-01 0.000000e+00 3.207687e-03
0.000000e+00 7.370000e+00 1.142601e+00 8.958893e-01 0.000000e+00 3.456678e-03
0.000000e+00 7.425000e+00 1.142058e+00 8.953213e-01 0.000000e+00 3.718145e-03
0.000000e+00 7.480000e+00 1.141481e+00 8.947184e-01 0.000000e+00 3.985245e-03
0.000000e+00 7.535000e+00 1.140895e+00 8.941056e-01 0.000000e+00 4.248455e-03
0.000000e+00 7.590000e+00 1.140325e+00 8.935103e-01 0.000000e+00 4.503497e-03
0.000000e+00 7.645000e+00 1.139791e+00 8.929527e-01 0.000000e+00 4.753657e-03
0.000000e+00 7.700000e+00 1.139302e+00 8.924423e-01 0.000000e+00 5.005358e-03
0.000000e+00 7.755000e+00 1.138855e+00 8.919751e-01 0.000000e+00 5.260629e-03
0.000000e+00 7.810000e+00 1.138434e+00 8.915351e-01 0.000000e+00 5.512317e-03
0.000000e+00 7.865000e+00 1.138016e+00 8.910985e-01 0.000000e+00 5.745894e-03
0.000000e+00 7.920000e+00 1.137579e+00 8.906431e-01 0.000000e+00 5.947382e-03
0.000000e+00 7.975000e+00 1.137115e+00 8.901584e-01 0.000000e+00 6.112820e-03
0.000000e+00 8.030000e+00 1.136630e+00 8.896518e-01 0.000000e+00 6.253113e-03
0.000000e+00 8.085000e+00 1.136143e+00 8.891445e-01 0.000000e+00 6.390423e-03
0.000000e+00 8.140000e+00 1.135679e+00 8.886603e-01 0.000000e+00 6.547565e-03
0.000000e+00 8.195000e+00 1.135249e+00 8.882115e-01 0.000000e+00 6.736174e-03
0.000000e+00 8.250000e+00 1.134847e+00 8.877919e-01 0.000000e+00 6.950598e-03
0.000000e+00 8.305000e+00 1.134452e+00 8.873799e-01 0.000000e+00 7.171458e-03
0.000000e+00 8.360000e+00 1.134041e+00 8.869515e-01 0.000000e+00 7.376795e-03
0.000000e+00 8.415000e+00 1.133603e+00 8.864942e-01 0.000000e+00 7.554036e-03
0.000000e+00 8.470000e+00 1.133142e+00 8.860145e-01 0.000000e+00 7.705847e-03
0.000000e+00 8.525000e+00 1.132680e+00 8.855328e-01 0.000000e+00 7.846944e-03
0.000000e+00 8.580000e+00 1.132238e+00 8.850714e-01 0.000000e+00 7.994594e-03
0.000000e+00 8.635000e+00 1.131825e+00 8.846414e-01 0.000000e+00 8.158859e-03
0.000000e+00 8.690000e+00 1.131437e+00 8.842370e-01 0.000000e+00 8.338024e-03
0.000000e+00 8.745000e+00 1.131056e+00 8.838399e-01 0.000000e+00 8.521202e-03
0.000000e+00 8.800000e+00 1.130663e+00 8.834308e-01 0.000000e+00 8.695769e-03
0.000000e+00 8.855000e+00 1.130250e+00 8.829999e-01 0.000000e+00 8.854742e-03
0.000000e+00 8.910000e+00 1.129819e+00 8.825512e-01 0.000000e+00 9.000042e-03
0.000000e+00 8.965000e+00 1.129385e+00 8.820990e-01 0.000000e+00 9.140428e-03
0.000000e+00 9.020000e+00 1.128963e+00 8.816596e-01 0.000000e+00 9.286121e-03
0.000000e+00 9.075000e+00 1.128563e+00 8.812432e-01 0.000000e+00 9.443480e-03
0.000000e+00 9.130000e+00 1.128186e+00 8.808508e-01 0.000000e+00 9.612692e-03
0.000000e+00 9.185000e+00 1.127825e+00 8.804758e-01 0.000000e+00 9.789227e-03
0.000000e+00 9.240000e+00 1.127472e+00 8.801076e-01 0.000000e+00 9.968140e-03
0.000000e+00 9.295000e+00 1.127115e+00 8.797362e-01 0.000000e+00 1.014791e-02
0.000000e+00 9.350000e+00 1.126749e+00 8.793554e-01 0.000000e+00 1.033226e-02
0.000000e+00 9.405000e+00 1.126372e+00 8.789637e-01 0.000000e+00 1.052785e-02
0.000000e+00 9.460000e+00 1.125990e+00 8.785655e-01 0.000000e+00 1.074246e-02
0.000000e+00 9.515000e+00 1.125609e+00 8.781680e-01 0.000000e+00 1.098034e-02
0.000000e+00 9.570000e+00 1.125239e+00 8.777813e-01 0.000000e+00 1.124006e-02
0.000000e+00 9.625000e+00 1.124880e+00 8.774086e-01 0.000000e+00 1.149839e-02
0.000000e+00 9.680000e+00 1.124533e+00 8.770527e-01 0.000000e+00 1.170691e-02
0.000000e+00 9.735000e+00 1.124180e+00 8.766994e-01 0.000000e+00 1.178371e-02
0.000000e+00 9.790000e+00 1.123823e+00 8.763482e-01 0.000000e+00 1.168304e-02
0.000000e+00 9.845000e+00 1.123441e+00 8.759705e-01 0.000000e+00 1.141820e-02
0.000000e+00 9.900000e+00 1.123078e+00 8.755972e-01 0.000000e+00 1.115995e-02
0.000000e+00 9.955000e+00 1.122705e+00 8.751874e-01 0.000000e+00 1.104793e-02
0.000000e+00 1.001000e+01 1.103350e+00 8.550910e-01 -0.000000e+00 -6.410000e-03
0.000000e+00 1.006500e+01 1.103350e+00 8.550910e-01 -0.000000e+00 -6.410000e-03
0.000000e+00 1.012000e+01 1.103350e+00 8.550910e-01 -0.000000e+00 -6.410000e-03
0.000000e+00 1.017500e+01 1.103350e+00 8.550910e-01 -0.000000e+00 -6.410000e-03
0.000000e+00 1.023000e+01 1.103350e+00 8.550910e-01 -0.000000e+00 -6.410000e-03
0.000000e+00 1.028500e+01 1.103350e+00 8.550910e-01 -0.000000e+00 -6.410000e-03
0.000000e+00 1.034000e+01 1.103350e+00 8.550910e-01 -0.000000e+00 -6.410000e-03
0.000000e+00 1.039500e+01 1.103350e+00 8.550910e-01 -0.000000e+00 -6.410000e-03
0.000000e+00 1.045000e+01 1.103350e+00 8.550910e-01 -0.000000e+00 -6.410000e-03
0.000000e+00 1.050500e+01 1.103350e+00 8.550910e-01 -0.000000e+00 -6.410000e-03
0.000000e+00 1.056000e+01 1.103350e+00 8.550910e-01 -0.000000e+00 -6.410000e-03
0.000000e+00 1.061500e+01 1.103350e+00 8.550910e-01 -0.000000e+00 -6.410000e-03
0.000000e+00 1.067000e+01 1.103350e+00 8.550910e-01 -0.000000e+00 -6.410000e-03
0.000000e+00 1.072500e+01 1.103350e+00 8.550910e-01 -0.000000e+00 -6.410000e-03
0.000000e+00 1.078000e+01 1.103350e+00 8.550910e-01 -0.000000e+00 -6.410000e-03
0.000000e+00 1.083500e+01 1.103350e+00 8.550910e-01 -0.000000e+00 -6.410000e-03
0.000000e+00 1.089000e+01 1.103350e+00 8.550910e-01 -0.000000e+00 -6.410000e-03
0.000000e+00 1.094500e+01 1.103350e+00 8.550910e-01 -0.000000e+00 -6.410000e-03
0.000000e+00 1.100000e+01 1.103350e+00 8.550910e-01 -0.000000e+00 -6.410000e-03
