#############TIME##################
4.101332e+00 
###################################
0.000000e+00 0.000000e+00 9.557810e+00 1.525549e+01 0.000000e+00 -1.423623e+00
0.000000e+00 5.500000e-02 9.557810e+00 1.525549e+01 0.000000e+00 -1.423623e+00
0.000000e+00 1.100000e-01 9.557810e+00 1.525549e+01 0.000000e+00 -1.423623e+00
0.000000e+00 1.650000e-01 9.557810e+00 1.525549e+01 0.000000e+00 -1.423623e+00
0.000000e+00 2.200000e-01 9.558656e+00 1.525725e+01 0.000000e+00 -1.423527e+00
0.000000e+00 2.750000e-01 7.433317e+00 1.083169e+01 0.000000e+00 -1.233574e+00
0.000000e+00 3.300000e-01 6.174158e+00 8.479042e+00 0.000000e+00 -1.057353e+00
0.000000e+00 3.850000e-01 5.323242e+00 6.960078e+00 0.000000e+00 -9.194846e-01
0.000000e+00 4.400000e-01 4.702774e+00 5.903728e+00 0.000000e+00 -8.059906e-01
0.000000e+00 4.950000e-01 4.233793e+00 5.133357e+00 0.000000e+00 -7.144865e-01
0.000000e+00 5.500000e-01 3.865541e+00 4.547597e+00 0.000000e+00 -6.385285e-01
0.000000e+00 6.050000e-01 3.570352e+00 4.091226e+00 0.000000e+00 -5.752151e-01
0.000000e+00 6.600000e-01 3.328459e+00 3.726203e+00 0.000000e+00 -5.214813e-01
0.000000e+00 7.150000e-01 3.127216e+00 3.429144e+00 0.000000e+00 -4.755991e-01
0.000000e+00 7.700000e-01 2.957172e+00 3.182976e+00 0.000000e+00 -4.359510e-01
0.000000e+00 8.250000e-01 2.811849e+00 2.976261e+00 0.000000e+00 -4.014922e-01
0.000000e+00 8.800000e-01 2.686219e+00 2.800375e+00 0.000000e+00 -3.712879e-01
0.000000e+00 9.350000e-01 2.576621e+00 2.649141e+00 0.000000e+00 -3.446793e-01
0.000000e+00 9.900000e-01 2.480163e+00 2.517787e+00 0.000000e+00 -3.211022e-01
0.000000e+00 1.045000e+00 2.394634e+00 2.402723e+00 0.000000e+00 -3.001313e-01
0.000000e+00 1.100000e+00 2.318260e+00 2.301120e+00 0.000000e+00 -2.814062e-01
0.000000e+00 1.155000e+00 2.249635e+00 2.210770e+00 0.000000e+00 -2.646394e-01
0.000000e+00 1.210000e+00 2.187615e+00 2.129896e+00 0.000000e+00 -2.495863e-01
0.000000e+00 1.265000e+00 2.131267e+00 2.057077e+00 0.000000e+00 -2.360442e-01
0.000000e+00 1.320000e+00 2.079819e+00 1.991145e+00 0.000000e+00 -2.238402e-01
0.000000e+00 1.375000e+00 2.032624e+00 1.931136e+00 0.000000e+00 -2.128315e-01
0.000000e+00 1.430000e+00 1.989123e+00 1.876230e+00 0.000000e+00 -2.029044e-01
0.000000e+00 1.485000e+00 1.948818e+00 1.825711e+00 0.000000e+00 -1.939750e-01
0.000000e+00 1.540000e+00 1.911268e+00 1.778954e+00 0.000000e+00 -1.859828e-01
0.000000e+00 1.595000e+00 1.876092e+00 1.735426e+00 0.000000e+00 -1.788789e-01
0.000000e+00 1.650000e+00 1.842972e+00 1.694687e+00 0.000000e+00 -1.726146e-01
0.000000e+00 1.705000e+00 1.811648e+00 1.656380e+00 0.000000e+00 -1.671388e-01
0.000000e+00 1.760000e+00 1.781898e+00 1.620202e+00 0.000000e+00 -1.624062e-01
0.000000e+00 1.815000e+00 1.753507e+00 1.585863e+00 0.000000e+00 -1.583893e-01
0.000000e+00 1.870000e+00 1.726261e+00 1.553084e+00 0.000000e+00 -1.550801e-01
0.000000e+00 1.925000e+00 1.699964e+00 1.521613e+00 0.000000e+00 -1.524784e-01
0.000000e+00 1.980000e+00 1.674455e+00 1.491242e+00 0.000000e+00 -1.505774e-01
0.000000e+00 2.035000e+00 1.649612e+00 1.461813e+00 0.000000e+00 -1.493597e-01
0.000000e+00 2.090000e+00 1.625326e+00 1.433188e+00 0.000000e+00 -1.488099e-01
0.000000e+00 2.145000e+00 1.601467e+00 1.405205e+00 0.000000e+00 -1.489377e-01
0.000000e+00 2.200000e+00 1.577854e+00 1.377648e+00 0.000000e+00 -1.497953e-01
0.000000e+00 2.255000e+00 1.554281e+00 1.350276e+00 0.000000e+00 -1.514647e-01
0.000000e+00 2.310000e+00 1.530596e+00 1.322913e+00 0.000000e+00 -1.539994e-01
0.000000e+00 2.365000e+00 1.506786e+00 1.295548e+00 0.000000e+00 -1.573661e-01
0.000000e+00 2.420000e+00 1.482970e+00 1.268320e+00 0.000000e+00 -1.614416e-01
0.000000e+00 2.475000e+00 1.459334e+00 1.241442e+00 0.000000e+00 -1.660578e-01
0.000000e+00 2.530000e+00 1.436069e+00 1.215128e+00 0.000000e+00 -1.710385e-01
0.000000e+00 2.585000e+00 1.413380e+00 1.189601e+00 0.000000e+00 -1.761987e-01
0.000000e+00 2.640000e+00 1.391498e+00 1.165110e+00 0.000000e+00 -1.813279e-01
0.000000e+00 2.695000e+00 1.370668e+00 1.141916e+00 0.000000e+00 -1.862027e-01
0.000000e+00 2.750000e+00 1.351089e+00 1.120221e+00 0.000000e+00 -1.906316e-01
0.000000e+00 2.805000e+00 1.332862e+00 1.100117e+00 0.000000e+00 -1.944957e-01
0.000000e+00 2.860000e+00 1.315988e+00 1.081588e+00 0.000000e+00 -1.977541e-01
0.000000e+00 2.915000e+00 1.300407e+00 1.064548e+00 0.000000e+00 -2.004180e-01
0.000000e+00 2.970000e+00 1.286034e+00 1.048889e+00 0.000000e+00 -2.025211e-01
0.000000e+00 3.025000e+00 1.272780e+00 1.034501e+00 0.000000e+00 -2.041046e-01
0.000000e+00 3.080000e+00 1.260555e+00 1.021274e+00 0.000000e+00 -2.052144e-01
0.000000e+00 3.135000e+00 1.249268e+00 1.009100e+00 0.000000e+00 -2.058987e-01
0.000000e+00 3.190000e+00 1.238834e+00 9.978791e-01 0.000000e+00 -2.062042e-01
0.000000e+00 3.245000e+00 1.229179e+00 9.875233e-01 0.000000e+00 -2.061724e-01
0.000000e+00 3.300000e+00 1.220238e+00 9.779569e-01 0.000000e+00 -2.058385e-01
0.000000e+00 3.355000e+00 1.211953e+00 9.691142e-01 0.000000e+00 -2.052327e-01
0.000000e+00 3.410000e+00 1.204275e+00 9.609366e-01 0.000000e+00 -2.043820e-01
0.000000e+00 3.465000e+00 1.197156e+00 9.533708e-01 0.000000e+00 -2.033113e-01
0.000000e+00 3.520000e+00 1.190555e+00 9.463681e-01 0.000000e+00 -2.020436e-01
0.000000e+00 3.575000e+00 1.184432e+00 9.398838e-01 0.000000e+00 -2.006002e-01
0.000000e+00 3.630000e+00 1.178750e+00 9.338775e-01 0.000000e+00 -1.990004e-01
0.000000e+00 3.685000e+00 1.173478e+00 9.283124e-01 0.000000e+00 -1.972618e-01
0.000000e+00 3.740000e+00 1.168585e+00 9.231549e-01 0.000000e+00 -1.954006e-01
0.000000e+00 3.795000e+00 1.164043e+00 9.183741e-01 0.000000e+00 -1.934314e-01
0.000000e+00 3.850000e+00 1.159827e+00 9.139420e-01 0.000000e+00 -1.913679e-01
0.000000e+00 3.905000e+00 1.155914e+00 9.098324e-01 0.000000e+00 -1.892223e-01
0.000000e+00 3.960000e+00 1.152280e+00 9.060215e-01 0.000000e+00 -1.870063e-01
0.000000e+00 4.015000e+00 1.148907e+00 9.024871e-01 0.000000e+00 -1.847303e-01
0.000000e+00 4.070000e+00 1.145776e+00 8.992089e-01 0.000000e+00 -1.824040e-01
0.000000e+00 4.125000e+00 1.142868e+00 8.961679e-01 0.000000e+00 -1.800362e-01
0.000000e+00 4.180000e+00 1.140169e+00 8.933469e-01 0.000000e+00 -1.776351e-01
0.000000e+00 4.235000e+00 1.137663e+00 8.907295e-01 0.000000e+00 -1.752080e-01
0.000000e+00 4.290000e+00 1.135336e+00 8.883010e-01 0.000000e+00 -1.727619e-01
0.000000e+00 4.345000e+00 1.133175e+00 8.860474e-01 0.000000e+00 -1.703029e-01
0.000000e+00 4.400000e+00 1.131168e+00 8.839560e-01 0.000000e+00 -1.678368e-01
0.000000e+00 4.455000e+00 1.129304e+00 8.820148e-01 0.000000e+00 -1.653686e-01
0.000000e+00 4.510000e+00 1.127574e+00 8.802128e-01 0.000000e+00 -1.629031e-01
0.000000e+00 4.565000e+00 1.125966e+00 8.785396e-01 0.000000e+00 -1.604444e-01
0.000000e+00 4.620000e+00 1.124472e+00 8.769858e-01 0.000000e+00 -1.579965e-01
0.000000e+00 4.675000e+00 1.123084e+00 8.755428e-01 0.000000e+00 -1.555628e-01
0.000000e+00 4.730000e+00 1.121794e+00 8.742029e-01 0.000000e+00 -1.531468e-01
0.000000e+00 4.785000e+00 1.120596e+00 8.729583e-01 0.000000e+00 -1.507512e-01
0.000000e+00 4.840000e+00 1.119482e+00 8.718015e-01 0.000000e+00 -1.483778e-01
0.000000e+00 4.895000e+00 1.118445e+00 8.707243e-01 0.000000e+00 -1.460274e-01
0.000000e+00 4.950000e+00 1.117477e+00 8.697201e-01 0.000000e+00 -1.437013e-01
0.000000e+00 5.005000e+00 1.116577e+00 8.687856e-01 0.000000e+00 -1.414033e-01
0.000000e+00 5.060000e+00 1.115744e+00 8.679221e-01 0.000000e+00 -1.391401e-01
0.000000e+00 5.115000e+00 1.114981e+00 8.671304e-01 0.000000e+00 -1.369181e-01
0.000000e+00 5.170000e+00 1.114279e+00 8.664024e-01 0.000000e+00 -1.347348e-01
0.000000e+00 5.225000e+00 1.113614e+00 8.657134e-01 0.000000e+00 -1.325729e-01
0.000000e+00 5.280000e+00 1.112954e+00 8.650296e-01 0.000000e+00 -1.304069e-01
0.000000e+00 5.335000e+00 1.112284e+00 8.643350e-01 0.000000e+00 -1.282267e-01
0.000000e+00 5.390000e+00 1.111639e+00 8.636664e-01 0.000000e+00 -1.260685e-01
0.000000e+00 5.445000e+00 1.111122e+00 8.631315e-01 0.000000e+00 -1.240299e-01
0.000000e+00 5.500000e+00 1.110890e+00 8.628913e-01 0.000000e+00 -1.222536e-01
0.000000e+00 5.555000e+00 1.111078e+00 8.630857e-01 0.000000e+00 -1.208640e-01
0.000000e+00 5.610000e+00 1.111671e+00 8.637001e-01 0.000000e+00 -1.198442e-01
0.000000e+00 5.665000e+00 1.112462e+00 8.645196e-01 0.000000e+00 -1.190054e-01
0.000000e+00 5.720000e+00 1.113142e+00 8.652242e-01 0.000000e+00 -1.180687e-01
0.000000e+00 5.775000e+00 1.113397e+00 8.654885e-01 0.000000e+00 -1.167525e-01
0.000000e+00 5.830000e+00 1.113077e+00 8.651574e-01 0.000000e+00 -1.149200e-01
0.000000e+00 5.885000e+00 1.112309e+00 8.643607e-01 0.000000e+00 -1.126955e-01
0.000000e+00 5.940000e+00 1.111348e+00 8.633656e-01 0.000000e+00 -1.103149e-01
0.000000e+00 5.995000e+00 1.110432e+00 8.624173e-01 0.000000e+00 -1.079975e-01
0.000000e+00 6.050000e+00 1.109694e+00 8.616529e-01 0.000000e+00 -1.058664e-01
0.000000e+00 6.105000e+00 1.109123e+00 8.610616e-01 0.000000e+00 -1.039117e-01
0.000000e+00 6.160000e+00 1.108619e+00 8.605395e-01 0.000000e+00 -1.020393e-01
0.000000e+00 6.215000e+00 1.108093e+00 8.599951e-01 0.000000e+00 -1.001656e-01
0.000000e+00 6.270000e+00 1.107525e+00 8.594083e-01 0.000000e+00 -9.827135e-02
0.000000e+00 6.325000e+00 1.106945e+00 8.588074e-01 0.000000e+00 -9.638433e-02
0.000000e+00 6.380000e+00 1.106372e+00 8.582152e-01 0.000000e+00 -9.453080e-02
0.000000e+00 6.435000e+00 1.105799e+00 8.576221e-01 0.000000e+00 -9.270955e-02
0.000000e+00 6.490000e+00 1.105202e+00 8.570057e-01 0.000000e+00 -9.090426e-02
0.000000e+00 6.545000e+00 1.104580e+00 8.563621e-01 0.000000e+00 -8.910983e-02
0.000000e+00 6.600000e+00 1.103954e+00 8.557151e-01 0.000000e+00 -8.734133e-02
0.000000e+00 6.655000e+00 1.103355e+00 8.550957e-01 0.000000e+00 -8.561962e-02
0.000000e+00 6.710000e+00 1.102796e+00 8.545185e-01 0.000000e+00 -8.395350e-02
0.000000e+00 6.765000e+00 1.102272e+00 8.539777e-01 0.000000e+00 -8.233682e-02
0.000000e+00 6.820000e+00 1.101774e+00 8.534626e-01 0.000000e+00 -8.075944e-02
0.000000e+00 6.875000e+00 1.101298e+00 8.529710e-01 0.000000e+00 -7.921777e-02
0.000000e+00 6.930000e+00 1.100851e+00 8.525100e-01 0.000000e+00 -7.771493e-02
0.000000e+00 6.985000e+00 1.100440e+00 8.520857e-01 0.000000e+00 -7.625382e-02
0.000000e+00 7.040000e+00 1.100063e+00 8.516957e-01 0.000000e+00 -7.483207e-02
0.000000e+00 7.095000e+00 1.099707e+00 8.513291e-01 0.000000e+00 -7.344282e-02
0.000000e+00 7.150000e+00 1.099361e+00 8.509718e-01 0.000000e+00 -7.207855e-02
0.000000e+00 7.205000e+00 1.099012e+00 8.506117e-01 0.000000e+00 -7.073371e-02
0.000000e+00 7.260000e+00 1.098652e+00 8.502403e-01 0.000000e+00 -6.940522e-02
0.000000e+00 7.315000e+00 1.098277e+00 8.498534e-01 0.000000e+00 -6.809191e-02
0.000000e+00 7.370000e+00 1.097887e+00 8.494503e-01 0.000000e+00 -6.679407e-02
0.000000e+00 7.425000e+00 1.097482e+00 8.490331e-01 0.000000e+00 -6.551312e-02
0.000000e+00 7.480000e+00 1.097068e+00 8.486059e-01 0.000000e+00 -6.425095e-02
0.000000e+00 7.535000e+00 1.096649e+00 8.481739e-01 0.000000e+00 -6.300936e-02
0.000000e+00 7.590000e+00 1.096230e+00 8.477419e-01 0.000000e+00 -6.178980e-02
0.000000e+00 7.645000e+00 1.095816e+00 8.473146e-01 0.000000e+00 -6.059330e-02
0.000000e+00 7.700000e+00 1.095409e+00 8.468957e-01 0.000000e+00 -5.942047e-02
0.000000e+00 7.755000e+00 1.095014e+00 8.464880e-01 0.000000e+00 -5.827147e-02
0.000000e+00 7.810000e+00 1.094631e+00 8.460932e-01 0.000000e+00 -5.714607e-02
0.000000e+00 7.865000e+00 1.094261e+00 8.457118e-01 0.000000e+00 -5.604365e-02
0.000000e+00 7.920000e+00 1.093904e+00 8.453437e-01 0.000000e+00 -5.496341e-02
0.000000e+00 7.975000e+00 1.093558e+00 8.449879e-01 0.000000e+00 -5.390439e-02
0.000000e+00 8.030000e+00 1.093224e+00 8.446433e-01 0.000000e+00 -5.286562e-02
0.000000e+00 8.085000e+00 1.092899e+00 8.443085e-01 0.000000e+00 -5.184618e-02
0.000000e+00 8.140000e+00 1.092582e+00 8.439820e-01 0.000000e+00 -5.084526e-02
0.000000e+00 8.195000e+00 1.092272e+00 8.436625e-01 0.000000e+00 -4.986210e-02
0.000000e+00 8.250000e+00 1.091967e+00 8.433489e-01 0.000000e+00 -4.889604e-02
0.000000e+00 8.305000e+00 1.091667e+00 8.430402e-01 0.000000e+00 -4.794650e-02
0.000000e+00 8.360000e+00 1.091371e+00 8.427355e-01 0.000000e+00 -4.701292e-02
0.000000e+00 8.415000e+00 1.091078e+00 8.424340e-01 0.000000e+00 -4.609481e-02
0.000000e+00 8.470000e+00 1.090788e+00 8.421352e-01 0.000000e+00 -4.519171e-02
0.000000e+00 8.525000e+00 1.090500e+00 8.418387e-01 0.000000e+00 -4.430320e-02
0.000000e+00 8.580000e+00 1.090214e+00 8.415443e-01 0.000000e+00 -4.342893e-02
0.000000e+00 8.635000e+00 1.089930e+00 8.412517e-01 0.000000e+00 -4.256864e-02
0.000000e+00 8.690000e+00 1.089647e+00 8.409611e-01 0.000000e+00 -4.172210e-02
0.000000e+00 8.745000e+00 1.089367e+00 8.406725e-01 0.000000e+00 -4.088904e-02
0.000000e+00 8.800000e+00 1.089088e+00 8.403857e-01 0.000000e+00 -4.006914e-02
0.000000e+00 8.855000e+00 1.088811e+00 8.401008e-01 0.000000e+00 -3.926203e-02
0.000000e+00 8.910000e+00 1.088536e+00 8.398176e-01 0.000000e+00 -3.846728e-02
0.000000e+00 8.965000e+00 1.088262e+00 8.395362e-01 0.000000e+00 -3.768446e-02
0.000000e+00 9.020000e+00 1.087990e+00 8.392565e-01 0.000000e+00 -3.691315e-02
0.000000e+00 9.075000e+00 1.087720e+00 8.389786e-01 0.000000e+00 -3.615285e-02
0.000000e+00 9.130000e+00 1.087452e+00 8.387026e-01 0.000000e+00 -3.540303e-02
0.000000e+00 9.185000e+00 1.087185e+00 8.384284e-01 0.000000e+00 -3.466309e-02
0.000000e+00 9.240000e+00 1.086920e+00 8.381559e-01 0.000000e+00 -3.393246e-02
0.000000e+00 9.295000e+00 1.086657e+00 8.378852e-01 0.000000e+00 -3.321028e-02
0.000000e+00 9.350000e+00 1.086395e+00 8.376159e-01 0.000000e+00 -3.249556e-02
0.000000e+00 9.405000e+00 1.086135e+00 8.373484e-01 0.000000e+00 -3.178679e-02
0.000000e+00 9.460000e+00 1.085876e+00 8.370823e-01 0.000000e+00 -3.108373e-02
0.000000e+00 9.515000e+00 1.085619e+00 8.368185e-01 0.000000e+00 -3.038613e-02
0.000000e+00 9.570000e+00 1.085363e+00 8.365556e-01 0.000000e+00 -2.969587e-02
0.000000e+00 9.625000e+00 1.085111e+00 8.362960e-01 0.000000e+00 -2.900851e-02
0.000000e+00 9.680000e+00 1.084858e+00 8.360353e-01 0.000000e+00 -2.832139e-02
0.000000e+00 9.735000e+00 1.084610e+00 8.357811e-01 0.000000e+00 -2.762016e-02
0.000000e+00 9.790000e+00 1.084355e+00 8.355198e-01 0.000000e+00 -2.691990e-02
0.000000e+00 9.845000e+00 1.084115e+00 8.352753e-01 0.000000e+00 -2.622234e-02
0.000000e+00 9.900000e+00 1.083849e+00 8.350057e-01 0.000000e+00 -2.561032e-02
0.000000e+00 9.955000e+00 1.083643e+00 8.348000e-01 0.000000e+00 -2.504626e-02
0.000000e+00 1.001000e+01 1.103350e+00 8.550910e-01 -0.000000e+00 -6.410000e-03
0.000000e+00 1.006500e+01 1.103350e+00 8.550910e-01 -0.000000e+00 -6.410000e-03
0.000000e+00 1.012000e+01 1.103350e+00 8.550910e-01 -0.000000e+00 -6.410000e-03
0.000000e+00 1.017500e+01 1.103350e+00 8.550910e-01 -0.000000e+00 -6.410000e-03
0.000000e+00 1.023000e+01 1.103350e+00 8.550910e-01 -0.000000e+00 -6.410000e-03
0.000000e+00 1.028500e+01 1.103350e+00 8.550910e-01 -0.000000e+00 -6.410000e-03
0.000000e+00 1.034000e+01 1.103350e+00 8.550910e-01 -0.000000e+00 -6.410000e-03
0.000000e+00 1.039500e+01 1.103350e+00 8.550910e-01 -0.000000e+00 -6.410000e-03
0.000000e+00 1.045000e+01 1.103350e+00 8.550910e-01 -0.000000e+00 -6.410000e-03
0.000000e+00 1.050500e+01 1.103350e+00 8.550910e-01 -0.000000e+00 -6.410000e-03
0.000000e+00 1.056000e+01 1.103350e+00 8.550910e-01 -0.000000e+00 -6.410000e-03
0.000000e+00 1.061500e+01 1.103350e+00 8.550910e-01 -0.000000e+00 -6.410000e-03
0.000000e+00 1.067000e+01 1.103350e+00 8.550910e-01 -0.000000e+00 -6.410000e-03
0.000000e+00 1.072500e+01 1.103350e+00 8.550910e-01 -0.000000e+00 -6.410000e-03
0.000000e+00 1.078000e+01 1.103350e+00 8.550910e-01 -0.000000e+00 -6.410000e-03
0.000000e+00 1.083500e+01 1.103350e+00 8.550910e-01 -0.000000e+00 -6.410000e-03
0.000000e+00 1.089000e+01 1.103350e+00 8.550910e-01 -0.000000e+00 -6.410000e-03
0.000000e+00 1.094500e+01 1.103350e+00 8.550910e-01 -0.000000e+00 -6.410000e-03
0.000000e+00 1.100000e+01 1.103350e+00 8.550910e-01 -0.000000e+00 -6.410000e-03
