#############TIME##################
6.000414e+00 
###################################
0.000000e+00 0.000000e+00 9.581577e+00 1.530391e+01 0.000000e+00 -1.418237e+00
0.000000e+00 5.500000e-02 9.581577e+00 1.530391e+01 0.000000e+00 -1.418237e+00
0.000000e+00 1.100000e-01 9.581577e+00 1.530391e+01 0.000000e+00 -1.418237e+00
0.000000e+00 1.650000e-01 9.581577e+00 1.530391e+01 0.000000e+00 -1.418237e+00
0.000000e+00 2.200000e-01 9.581420e+00 1.530359e+01 0.000000e+00 -1.418243e+00
0.000000e+00 2.750000e-01 7.449603e+00 1.086354e+01 0.000000e+00 -1.228409e+00
0.000000e+00 3.300000e-01 6.186159e+00 8.501812e+00 0.000000e+00 -1.052481e+00
0.000000e+00 3.850000e-01 5.333614e+00 6.979063e+00 0.000000e+00 -9.144988e-01
0.000000e+00 4.400000e-01 4.712675e+00 5.921296e+00 0.000000e+00 -8.008177e-01
0.000000e+00 4.950000e-01 4.243706e+00 5.150385e+00 0.000000e+00 -7.090119e-01
0.000000e+00 5.500000e-01 3.875821e+00 4.564716e+00 0.000000e+00 -6.327280e-01
0.000000e+00 6.050000e-01 3.581166e+00 4.108711e+00 0.000000e+00 -5.690315e-01
0.000000e+00 6.600000e-01 3.339968e+00 3.744318e+00 0.000000e+00 -5.148874e-01
0.000000e+00 7.150000e-01 3.139518e+00 3.448034e+00 0.000000e+00 -4.685518e-01
0.000000e+00 7.700000e-01 2.970361e+00 3.202779e+00 0.000000e+00 -4.284197e-01
0.000000e+00 8.250000e-01 2.825995e+00 2.997073e+00 0.000000e+00 -3.934396e-01
0.000000e+00 8.800000e-01 2.701393e+00 2.822294e+00 0.000000e+00 -3.626796e-01
0.000000e+00 9.350000e-01 2.592897e+00 2.672260e+00 0.000000e+00 -3.354749e-01
0.000000e+00 9.900000e-01 2.497623e+00 2.542211e+00 0.000000e+00 -3.112588e-01
0.000000e+00 1.045000e+00 2.413365e+00 2.428558e+00 0.000000e+00 -2.896011e-01
0.000000e+00 1.100000e+00 2.338354e+00 2.328477e+00 0.000000e+00 -2.701395e-01
0.000000e+00 1.155000e+00 2.271188e+00 2.239755e+00 0.000000e+00 -2.525844e-01
0.000000e+00 1.210000e+00 2.210723e+00 2.160619e+00 0.000000e+00 -2.366904e-01
0.000000e+00 1.265000e+00 2.156030e+00 2.089641e+00 0.000000e+00 -2.222544e-01
0.000000e+00 1.320000e+00 2.106339e+00 2.025656e+00 0.000000e+00 -2.091025e-01
0.000000e+00 1.375000e+00 2.061011e+00 1.967704e+00 0.000000e+00 -1.970873e-01
0.000000e+00 1.430000e+00 2.019509e+00 1.914992e+00 0.000000e+00 -1.860820e-01
0.000000e+00 1.485000e+00 1.981376e+00 1.866856e+00 0.000000e+00 -1.759771e-01
0.000000e+00 1.540000e+00 1.946222e+00 1.822737e+00 0.000000e+00 -1.666774e-01
0.000000e+00 1.595000e+00 1.913710e+00 1.782162e+00 0.000000e+00 -1.580993e-01
0.000000e+00 1.650000e+00 1.883550e+00 1.744730e+00 0.000000e+00 -1.501688e-01
0.000000e+00 1.705000e+00 1.855490e+00 1.710096e+00 0.000000e+00 -1.428211e-01
0.000000e+00 1.760000e+00 1.829316e+00 1.677964e+00 0.000000e+00 -1.360001e-01
0.000000e+00 1.815000e+00 1.804843e+00 1.648075e+00 0.000000e+00 -1.296585e-01
0.000000e+00 1.870000e+00 1.781912e+00 1.620203e+00 0.000000e+00 -1.237562e-01
0.000000e+00 1.925000e+00 1.760384e+00 1.594151e+00 0.000000e+00 -1.182582e-01
0.000000e+00 1.980000e+00 1.740132e+00 1.569744e+00 0.000000e+00 -1.131326e-01
0.000000e+00 2.035000e+00 1.721045e+00 1.546829e+00 0.000000e+00 -1.083501e-01
0.000000e+00 2.090000e+00 1.703024e+00 1.525273e+00 0.000000e+00 -1.038838e-01
0.000000e+00 2.145000e+00 1.685980e+00 1.504954e+00 0.000000e+00 -9.970915e-02
0.000000e+00 2.200000e+00 1.669832e+00 1.485768e+00 0.000000e+00 -9.580409e-02
0.000000e+00 2.255000e+00 1.654508e+00 1.467617e+00 0.000000e+00 -9.214893e-02
0.000000e+00 2.310000e+00 1.639941e+00 1.450415e+00 0.000000e+00 -8.872633e-02
0.000000e+00 2.365000e+00 1.626072e+00 1.434085e+00 0.000000e+00 -8.552119e-02
0.000000e+00 2.420000e+00 1.612847e+00 1.418556e+00 0.000000e+00 -8.252035e-02
0.000000e+00 2.475000e+00 1.600217e+00 1.403765e+00 0.000000e+00 -7.971183e-02
0.000000e+00 2.530000e+00 1.588136e+00 1.389654e+00 0.000000e+00 -7.708394e-02
0.000000e+00 2.585000e+00 1.576563e+00 1.376169e+00 0.000000e+00 -7.462476e-02
0.000000e+00 2.640000e+00 1.565458e+00 1.363261e+00 0.000000e+00 -7.232274e-02
0.000000e+00 2.695000e+00 1.554787e+00 1.350885e+00 0.000000e+00 -7.016893e-02
0.000000e+00 2.750000e+00 1.544520e+00 1.339005e+00 0.000000e+00 -6.815951e-02
0.000000e+00 2.805000e+00 1.534637e+00 1.327595e+00 0.000000e+00 -6.629621e-02
0.000000e+00 2.860000e+00 1.525120e+00 1.316629e+00 0.000000e+00 -6.458197e-02
0.000000e+00 2.915000e+00 1.515939e+00 1.306072e+00 0.000000e+00 -6.301180e-02
0.000000e+00 2.970000e+00 1.507041e+00 1.295862e+00 0.000000e+00 -6.156408e-02
0.000000e+00 3.025000e+00 1.498357e+00 1.285916e+00 0.000000e+00 -6.020235e-02
0.000000e+00 3.080000e+00 1.489823e+00 1.276160e+00 0.000000e+00 -5.889525e-02
0.000000e+00 3.135000e+00 1.481433e+00 1.266587e+00 0.000000e+00 -5.765060e-02
0.000000e+00 3.190000e+00 1.473281e+00 1.257303e+00 0.000000e+00 -5.654565e-02
0.000000e+00 3.245000e+00 1.465560e+00 1.248526e+00 0.000000e+00 -5.573359e-02
0.000000e+00 3.300000e+00 1.458515e+00 1.240531e+00 0.000000e+00 -5.541268e-02
0.000000e+00 3.355000e+00 1.452302e+00 1.233489e+00 0.000000e+00 -5.572439e-02
0.000000e+00 3.410000e+00 1.446773e+00 1.227232e+00 0.000000e+00 -5.660830e-02
0.000000e+00 3.465000e+00 1.441492e+00 1.221264e+00 0.000000e+00 -5.778822e-02
0.000000e+00 3.520000e+00 1.435881e+00 1.214930e+00 0.000000e+00 -5.888122e-02
0.000000e+00 3.575000e+00 1.429415e+00 1.207642e+00 0.000000e+00 -5.954744e-02
0.000000e+00 3.630000e+00 1.421890e+00 1.199173e+00 0.000000e+00 -5.968684e-02
0.000000e+00 3.685000e+00 1.413499e+00 1.189747e+00 0.000000e+00 -5.949006e-02
0.000000e+00 3.740000e+00 1.404580e+00 1.179748e+00 0.000000e+00 -5.928759e-02
0.000000e+00 3.795000e+00 1.395481e+00 1.169568e+00 0.000000e+00 -5.940674e-02
0.000000e+00 3.850000e+00 1.386410e+00 1.159442e+00 0.000000e+00 -6.005202e-02
0.000000e+00 3.905000e+00 1.377355e+00 1.149358e+00 0.000000e+00 -6.127189e-02
0.000000e+00 3.960000e+00 1.368159e+00 1.139137e+00 0.000000e+00 -6.303712e-02
0.000000e+00 4.015000e+00 1.358546e+00 1.128479e+00 0.000000e+00 -6.532989e-02
0.000000e+00 4.070000e+00 1.348211e+00 1.117047e+00 0.000000e+00 -6.820469e-02
0.000000e+00 4.125000e+00 1.336939e+00 1.104613e+00 0.000000e+00 -7.178387e-02
0.000000e+00 4.180000e+00 1.324685e+00 1.091135e+00 0.000000e+00 -7.617332e-02
0.000000e+00 4.235000e+00 1.311584e+00 1.076770e+00 0.000000e+00 -8.135895e-02
0.000000e+00 4.290000e+00 1.297931e+00 1.061852e+00 0.000000e+00 -8.715589e-02
0.000000e+00 4.345000e+00 1.284137e+00 1.046832e+00 0.000000e+00 -9.323302e-02
0.000000e+00 4.400000e+00 1.270656e+00 1.032204e+00 0.000000e+00 -9.919799e-02
0.000000e+00 4.455000e+00 1.257880e+00 1.018390e+00 0.000000e+00 -1.047055e-01
0.000000e+00 4.510000e+00 1.246058e+00 1.005647e+00 0.000000e+00 -1.095422e-01
0.000000e+00 4.565000e+00 1.235265e+00 9.940495e-01 0.000000e+00 -1.136488e-01
0.000000e+00 4.620000e+00 1.225447e+00 9.835293e-01 0.000000e+00 -1.170762e-01
0.000000e+00 4.675000e+00 1.216494e+00 9.739605e-01 0.000000e+00 -1.199176e-01
0.000000e+00 4.730000e+00 1.208294e+00 9.652170e-01 0.000000e+00 -1.222612e-01
0.000000e+00 4.785000e+00 1.200753e+00 9.571936e-01 0.000000e+00 -1.241755e-01
0.000000e+00 4.840000e+00 1.193793e+00 9.498030e-01 0.000000e+00 -1.257144e-01
0.000000e+00 4.895000e+00 1.187347e+00 9.429708e-01 0.000000e+00 -1.269241e-01
0.000000e+00 4.950000e+00 1.181356e+00 9.366325e-01 0.000000e+00 -1.278450e-01
0.000000e+00 5.005000e+00 1.175771e+00 9.307330e-01 0.000000e+00 -1.285106e-01
0.000000e+00 5.060000e+00 1.170548e+00 9.252243e-01 0.000000e+00 -1.289477e-01
0.000000e+00 5.115000e+00 1.165650e+00 9.200651e-01 0.000000e+00 -1.291783e-01
0.000000e+00 5.170000e+00 1.161043e+00 9.152207e-01 0.000000e+00 -1.292212e-01
0.000000e+00 5.225000e+00 1.156704e+00 9.106631e-01 0.000000e+00 -1.290947e-01
0.000000e+00 5.280000e+00 1.152613e+00 9.063709e-01 0.000000e+00 -1.288166e-01
0.000000e+00 5.335000e+00 1.148755e+00 9.023276e-01 0.000000e+00 -1.284040e-01
0.000000e+00 5.390000e+00 1.145116e+00 8.985187e-01 0.000000e+00 -1.278722e-01
0.000000e+00 5.445000e+00 1.141684e+00 8.949302e-01 0.000000e+00 -1.272341e-01
0.000000e+00 5.500000e+00 1.138447e+00 8.915483e-01 0.000000e+00 -1.265008e-01
0.000000e+00 5.555000e+00 1.135391e+00 8.883592e-01 0.000000e+00 -1.256819e-01
0.000000e+00 5.610000e+00 1.132506e+00 8.853500e-01 0.000000e+00 -1.247858e-01
0.000000e+00 5.665000e+00 1.129779e+00 8.825087e-01 0.000000e+00 -1.238206e-01
0.000000e+00 5.720000e+00 1.127200e+00 8.798241e-01 0.000000e+00 -1.227932e-01
0.000000e+00 5.775000e+00 1.124760e+00 8.772859e-01 0.000000e+00 -1.217103e-01
0.000000e+00 5.830000e+00 1.122451e+00 8.748847e-01 0.000000e+00 -1.205779e-01
0.000000e+00 5.885000e+00 1.120263e+00 8.726116e-01 0.000000e+00 -1.194014e-01
0.000000e+00 5.940000e+00 1.118189e+00 8.704589e-01 0.000000e+00 -1.181858e-01
0.000000e+00 5.995000e+00 1.116223e+00 8.684191e-01 0.000000e+00 -1.169361e-01
0.000000e+00 6.050000e+00 1.114359e+00 8.664857e-01 0.000000e+00 -1.156564e-01
0.000000e+00 6.105000e+00 1.112590e+00 8.646525e-01 0.000000e+00 -1.143509e-01
0.000000e+00 6.160000e+00 1.110912e+00 8.629139e-01 0.000000e+00 -1.130233e-01
0.000000e+00 6.215000e+00 1.109319e+00 8.612645e-01 0.000000e+00 -1.116770e-01
0.000000e+00 6.270000e+00 1.107807e+00 8.596993e-01 0.000000e+00 -1.103154e-01
0.000000e+00 6.325000e+00 1.106370e+00 8.582134e-01 0.000000e+00 -1.089412e-01
0.000000e+00 6.380000e+00 1.105005e+00 8.568020e-01 0.000000e+00 -1.075570e-01
0.000000e+00 6.435000e+00 1.103708e+00 8.554605e-01 0.000000e+00 -1.061651e-01
0.000000e+00 6.490000e+00 1.102473e+00 8.541847e-01 0.000000e+00 -1.047677e-01
0.000000e+00 6.545000e+00 1.101297e+00 8.529702e-01 0.000000e+00 -1.033668e-01
0.000000e+00 6.600000e+00 1.100177e+00 8.518135e-01 0.000000e+00 -1.019642e-01
0.000000e+00 6.655000e+00 1.099108e+00 8.507107e-01 0.000000e+00 -1.005616e-01
0.000000e+00 6.710000e+00 1.098089e+00 8.496586e-01 0.000000e+00 -9.916057e-02
0.000000e+00 6.765000e+00 1.097115e+00 8.486539e-01 0.000000e+00 -9.776249e-02
0.000000e+00 6.820000e+00 1.096183e+00 8.476935e-01 0.000000e+00 -9.636858e-02
0.000000e+00 6.875000e+00 1.095292e+00 8.467745e-01 0.000000e+00 -9.497994e-02
0.000000e+00 6.930000e+00 1.094438e+00 8.458942e-01 0.000000e+00 -9.359759e-02
0.000000e+00 6.985000e+00 1.093619e+00 8.450502e-01 0.000000e+00 -9.222252e-02
0.000000e+00 7.040000e+00 1.092833e+00 8.442403e-01 0.000000e+00 -9.085569e-02
0.000000e+00 7.095000e+00 1.092077e+00 8.434625e-01 0.000000e+00 -8.949800e-02
0.000000e+00 7.150000e+00 1.091351e+00 8.427151e-01 0.000000e+00 -8.815024e-02
0.000000e+00 7.205000e+00 1.090653e+00 8.419962e-01 0.000000e+00 -8.681306e-02
0.000000e+00 7.260000e+00 1.089981e+00 8.413039e-01 0.000000e+00 -8.548695e-02
0.000000e+00 7.315000e+00 1.089332e+00 8.406367e-01 0.000000e+00 -8.417236e-02
0.000000e+00 7.370000e+00 1.088706e+00 8.399930e-01 0.000000e+00 -8.286969e-02
0.000000e+00 7.425000e+00 1.088102e+00 8.393714e-01 0.000000e+00 -8.157938e-02
0.000000e+00 7.480000e+00 1.087518e+00 8.387708e-01 0.000000e+00 -8.030189e-02
0.000000e+00 7.535000e+00 1.086953e+00 8.381901e-01 0.000000e+00 -7.903761e-02
0.000000e+00 7.590000e+00 1.086407e+00 8.376281e-01 0.000000e+00 -7.778682e-02
0.000000e+00 7.645000e+00 1.085877e+00 8.370839e-01 0.000000e+00 -7.654973e-02
0.000000e+00 7.700000e+00 1.085364e+00 8.365563e-01 0.000000e+00 -7.532646e-02
0.000000e+00 7.755000e+00 1.084866e+00 8.360443e-01 0.000000e+00 -7.411712e-02
0.000000e+00 7.810000e+00 1.084382e+00 8.355470e-01 0.000000e+00 -7.292184e-02
0.000000e+00 7.865000e+00 1.083911e+00 8.350637e-01 0.000000e+00 -7.174073e-02
0.000000e+00 7.920000e+00 1.083454e+00 8.345936e-01 0.000000e+00 -7.057389e-02
0.000000e+00 7.975000e+00 1.083008e+00 8.341359e-01 0.000000e+00 -6.942137e-02
0.000000e+00 8.030000e+00 1.082574e+00 8.336900e-01 0.000000e+00 -6.828320e-02
0.000000e+00 8.085000e+00 1.082150e+00 8.332551e-01 0.000000e+00 -6.715937e-02
0.000000e+00 8.140000e+00 1.081737e+00 8.328308e-01 0.000000e+00 -6.604982e-02
0.000000e+00 8.195000e+00 1.081333e+00 8.324162e-01 0.000000e+00 -6.495448e-02
0.000000e+00 8.250000e+00 1.080938e+00 8.320111e-01 0.000000e+00 -6.387324e-02
0.000000e+00 8.305000e+00 1.080552e+00 8.316148e-01 0.000000e+00 -6.280601e-02
0.000000e+00 8.360000e+00 1.080174e+00 8.312271e-01 0.000000e+00 -6.175270e-02
0.000000e+00 8.415000e+00 1.079804e+00 8.308478e-01 0.000000e+00 -6.071322e-02
0.000000e+00 8.470000e+00 1.079443e+00 8.304765e-01 0.000000e+00 -5.968747e-02
0.000000e+00 8.525000e+00 1.079088e+00 8.301133e-01 0.000000e+00 -5.867529e-02
0.000000e+00 8.580000e+00 1.078742e+00 8.297578e-01 0.000000e+00 -5.767645e-02
0.000000e+00 8.635000e+00 1.078403e+00 8.294100e-01 0.000000e+00 -5.669064e-02
0.000000e+00 8.690000e+00 1.078071e+00 8.290696e-01 0.000000e+00 -5.571751e-02
0.000000e+00 8.745000e+00 1.077746e+00 8.287367e-01 0.000000e+00 -5.475673e-02
0.000000e+00 8.800000e+00 1.077429e+00 8.284113e-01 0.000000e+00 -5.380794e-02
0.000000e+00 8.855000e+00 1.077119e+00 8.280934e-01 0.000000e+00 -5.287075e-02
0.000000e+00 8.910000e+00 1.076816e+00 8.277833e-01 0.000000e+00 -5.194471e-02
0.000000e+00 8.965000e+00 1.076521e+00 8.274809e-01 0.000000e+00 -5.102927e-02
0.000000e+00 9.020000e+00 1.076234e+00 8.271864e-01 0.000000e+00 -5.012381e-02
0.000000e+00 9.075000e+00 1.075954e+00 8.268994e-01 0.000000e+00 -4.922764e-02
0.000000e+00 9.130000e+00 1.075681e+00 8.266199e-01 0.000000e+00 -4.834005e-02
0.000000e+00 9.185000e+00 1.075415e+00 8.263476e-01 0.000000e+00 -4.745986e-02
0.000000e+00 9.240000e+00 1.075156e+00 8.260818e-01 0.000000e+00 -4.658577e-02
0.000000e+00 9.295000e+00 1.074902e+00 8.258223e-01 0.000000e+00 -4.571601e-02
0.000000e+00 9.350000e+00 1.074654e+00 8.255682e-01 0.000000e+00 -4.485007e-02
0.000000e+00 9.405000e+00 1.074411e+00 8.253194e-01 0.000000e+00 -4.398732e-02
0.000000e+00 9.460000e+00 1.074171e+00 8.250738e-01 0.000000e+00 -4.312935e-02
0.000000e+00 9.515000e+00 1.073936e+00 8.248327e-01 0.000000e+00 -4.227250e-02
0.000000e+00 9.570000e+00 1.073701e+00 8.245911e-01 0.000000e+00 -4.141507e-02
0.000000e+00 9.625000e+00 1.073470e+00 8.243548e-01 0.000000e+00 -4.054282e-02
0.000000e+00 9.680000e+00 1.073232e+00 8.241110e-01 0.000000e+00 -3.966311e-02
0.000000e+00 9.735000e+00 1.073006e+00 8.238798e-01 0.000000e+00 -3.876661e-02
0.000000e+00 9.790000e+00 1.072754e+00 8.236243e-01 0.000000e+00 -3.791819e-02
0.000000e+00 9.845000e+00 1.072539e+00 8.234090e-01 0.000000e+00 -3.710405e-02
0.000000e+00 9.900000e+00 1.072247e+00 8.231203e-01 0.000000e+00 -3.646944e-02
0.000000e+00 9.955000e+00 1.072113e+00 8.229983e-01 0.000000e+00 -3.583018e-02
0.000000e+00 1.001000e+01 1.103350e+00 8.550910e-01 -0.000000e+00 -6.410000e-03
0.000000e+00 1.006500e+01 1.103350e+00 8.550910e-01 -0.000000e+00 -6.410000e-03
0.000000e+00 1.012000e+01 1.103350e+00 8.550910e-01 -0.000000e+00 -6.410000e-03
0.000000e+00 1.017500e+01 1.103350e+00 8.550910e-01 -0.000000e+00 -6.410000e-03
0.000000e+00 1.023000e+01 1.103350e+00 8.550910e-01 -0.000000e+00 -6.410000e-03
0.000000e+00 1.028500e+01 1.103350e+00 8.550910e-01 -0.000000e+00 -6.410000e-03
0.000000e+00 1.034000e+01 1.103350e+00 8.550910e-01 -0.000000e+00 -6.410000e-03
0.000000e+00 1.039500e+01 1.103350e+00 8.550910e-01 -0.000000e+00 -6.410000e-03
0.000000e+00 1.045000e+01 1.103350e+00 8.550910e-01 -0.000000e+00 -6.410000e-03
0.000000e+00 1.050500e+01 1.103350e+00 8.550910e-01 -0.000000e+00 -6.410000e-03
0.000000e+00 1.056000e+01 1.103350e+00 8.550910e-01 -0.000000e+00 -6.410000e-03
0.000000e+00 1.061500e+01 1.103350e+00 8.550910e-01 -0.000000e+00 -6.410000e-03
0.000000e+00 1.067000e+01 1.103350e+00 8.550910e-01 -0.000000e+00 -6.410000e-03
0.000000e+00 1.072500e+01 1.103350e+00 8.550910e-01 -0.000000e+00 -6.410000e-03
0.000000e+00 1.078000e+01 1.103350e+00 8.550910e-01 -0.000000e+00 -6.410000e-03
0.000000e+00 1.083500e+01 1.103350e+00 8.550910e-01 -0.000000e+00 -6.410000e-03
0.000000e+00 1.089000e+01 1.103350e+00 8.550910e-01 -0.000000e+00 -6.410000e-03
0.000000e+00 1.094500e+01 1.103350e+00 8.550910e-01 -0.000000e+00 -6.410000e-03
0.000000e+00 1.100000e+01 1.103350e+00 8.550910e-01 -0.000000e+00 -6.410000e-03
