#############TIME##################
8.607061e+00 
###################################
0.000000e+00 0.000000e+00 9.677613e+00 1.552024e+01 0.000000e+00 -1.421979e+00
0.000000e+00 5.500000e-02 9.677613e+00 1.552024e+01 0.000000e+00 -1.421979e+00
0.000000e+00 1.100000e-01 9.677613e+00 1.552024e+01 0.000000e+00 -1.421979e+00
0.000000e+00 1.650000e-01 9.677613e+00 1.552024e+01 0.000000e+00 -1.421979e+00
0.000000e+00 2.200000e-01 9.678201e+00 1.552160e+01 0.000000e+00 -1.421303e+00
0.000000e+00 2.750000e-01 7.520253e+00 1.101329e+01 0.000000e+00 -1.230752e+00
0.000000e+00 3.300000e-01 6.240527e+00 8.614662e+00 0.000000e+00 -1.053740e+00
0.000000e+00 3.850000e-01 5.375197e+00 7.063751e+00 0.000000e+00 -9.150677e-01
0.000000e+00 4.400000e-01 4.742734e+00 5.983189e+00 0.000000e+00 -8.010397e-01
0.000000e+00 4.950000e-01 4.265051e+00 5.195218e+00 0.000000e+00 -7.090570e-01
0.000000e+00 5.500000e-01 3.890721e+00 4.597370e+00 0.000000e+00 -6.325974e-01
0.000000e+00 6.050000e-01 3.591687e+00 4.133050e+00 0.000000e+00 -5.687315e-01
0.000000e+00 6.600000e-01 3.347347e+00 3.762654e+00 0.000000e+00 -5.144231e-01
0.000000e+00 7.150000e-01 3.144451e+00 3.461698e+00 0.000000e+00 -4.679495e-01
0.000000e+00 7.700000e-01 2.973124e+00 3.212384e+00 0.000000e+00 -4.276381e-01
0.000000e+00 8.250000e-01 2.826672e+00 3.002911e+00 0.000000e+00 -3.923820e-01
0.000000e+00 8.800000e-01 2.699972e+00 2.824489e+00 0.000000e+00 -3.612085e-01
0.000000e+00 9.350000e-01 2.589381e+00 2.670945e+00 0.000000e+00 -3.334727e-01
0.000000e+00 9.900000e-01 2.492091e+00 2.537606e+00 0.000000e+00 -3.086588e-01
0.000000e+00 1.045000e+00 2.405999e+00 2.421011e+00 0.000000e+00 -2.864008e-01
0.000000e+00 1.100000e+00 2.329405e+00 2.318415e+00 0.000000e+00 -2.663812e-01
0.000000e+00 1.155000e+00 2.260912e+00 2.227603e+00 0.000000e+00 -2.483261e-01
0.000000e+00 1.210000e+00 2.199310e+00 2.146708e+00 0.000000e+00 -2.319750e-01
0.000000e+00 1.265000e+00 2.143571e+00 2.074171e+00 0.000000e+00 -2.170925e-01
0.000000e+00 1.320000e+00 2.092840e+00 2.008714e+00 0.000000e+00 -2.034746e-01
0.000000e+00 1.375000e+00 2.046437e+00 1.949327e+00 0.000000e+00 -1.909606e-01
0.000000e+00 1.430000e+00 2.003833e+00 1.895222e+00 0.000000e+00 -1.794304e-01
0.000000e+00 1.485000e+00 1.964612e+00 1.845776e+00 0.000000e+00 -1.687938e-01
0.000000e+00 1.540000e+00 1.928422e+00 1.800465e+00 0.000000e+00 -1.589738e-01
0.000000e+00 1.595000e+00 1.894947e+00 1.758826e+00 0.000000e+00 -1.498951e-01
0.000000e+00 1.650000e+00 1.863894e+00 1.720436e+00 0.000000e+00 -1.414809e-01
0.000000e+00 1.705000e+00 1.835000e+00 1.684919e+00 0.000000e+00 -1.336573e-01
0.000000e+00 1.760000e+00 1.808036e+00 1.651957e+00 0.000000e+00 -1.263608e-01
0.000000e+00 1.815000e+00 1.782815e+00 1.621284e+00 0.000000e+00 -1.195413e-01
0.000000e+00 1.870000e+00 1.759182e+00 1.592682e+00 0.000000e+00 -1.131608e-01
0.000000e+00 1.925000e+00 1.737002e+00 1.565960e+00 0.000000e+00 -1.071871e-01
0.000000e+00 1.980000e+00 1.716152e+00 1.540948e+00 0.000000e+00 -1.015893e-01
0.000000e+00 2.035000e+00 1.696517e+00 1.517488e+00 0.000000e+00 -9.633611e-02
0.000000e+00 2.090000e+00 1.677993e+00 1.495439e+00 0.000000e+00 -9.139799e-02
0.000000e+00 2.145000e+00 1.660488e+00 1.474677e+00 0.000000e+00 -8.674877e-02
0.000000e+00 2.200000e+00 1.643921e+00 1.455095e+00 0.000000e+00 -8.236624e-02
0.000000e+00 2.255000e+00 1.628223e+00 1.436601e+00 0.000000e+00 -7.823098e-02
0.000000e+00 2.310000e+00 1.613329e+00 1.419109e+00 0.000000e+00 -7.432489e-02
0.000000e+00 2.365000e+00 1.599180e+00 1.402541e+00 0.000000e+00 -7.063079e-02
0.000000e+00 2.420000e+00 1.585721e+00 1.386826e+00 0.000000e+00 -6.713278e-02
0.000000e+00 2.475000e+00 1.572902e+00 1.371901e+00 0.000000e+00 -6.381661e-02
0.000000e+00 2.530000e+00 1.560681e+00 1.357709e+00 0.000000e+00 -6.066963e-02
0.000000e+00 2.585000e+00 1.549016e+00 1.344196e+00 0.000000e+00 -5.768033e-02
0.000000e+00 2.640000e+00 1.537870e+00 1.331317e+00 0.000000e+00 -5.483795e-02
0.000000e+00 2.695000e+00 1.527208e+00 1.319027e+00 0.000000e+00 -5.213241e-02
0.000000e+00 2.750000e+00 1.517000e+00 1.307286e+00 0.000000e+00 -4.955451e-02
0.000000e+00 2.805000e+00 1.507218e+00 1.296059e+00 0.000000e+00 -4.709597e-02
0.000000e+00 2.860000e+00 1.497834e+00 1.285313e+00 0.000000e+00 -4.474934e-02
0.000000e+00 2.915000e+00 1.488826e+00 1.275018e+00 0.000000e+00 -4.250779e-02
0.000000e+00 2.970000e+00 1.480172e+00 1.265146e+00 0.000000e+00 -4.036489e-02
0.000000e+00 3.025000e+00 1.471851e+00 1.255673e+00 0.000000e+00 -3.831470e-02
0.000000e+00 3.080000e+00 1.463844e+00 1.246575e+00 0.000000e+00 -3.635172e-02
0.000000e+00 3.135000e+00 1.456135e+00 1.237830e+00 0.000000e+00 -3.447098e-02
0.000000e+00 3.190000e+00 1.448707e+00 1.229418e+00 0.000000e+00 -3.266785e-02
0.000000e+00 3.245000e+00 1.441545e+00 1.221321e+00 0.000000e+00 -3.093803e-02
0.000000e+00 3.300000e+00 1.434634e+00 1.213522e+00 0.000000e+00 -2.927750e-02
0.000000e+00 3.355000e+00 1.427962e+00 1.206003e+00 0.000000e+00 -2.768250e-02
0.000000e+00 3.410000e+00 1.421515e+00 1.198749e+00 0.000000e+00 -2.614963e-02
0.000000e+00 3.465000e+00 1.415283e+00 1.191747e+00 0.000000e+00 -2.467585e-02
0.000000e+00 3.520000e+00 1.409253e+00 1.184983e+00 0.000000e+00 -2.325841e-02
0.000000e+00 3.575000e+00 1.403417e+00 1.178444e+00 0.000000e+00 -2.189474e-02
0.000000e+00 3.630000e+00 1.397765e+00 1.172120e+00 0.000000e+00 -2.058239e-02
0.000000e+00 3.685000e+00 1.392287e+00 1.166000e+00 0.000000e+00 -1.931896e-02
0.000000e+00 3.740000e+00 1.386975e+00 1.160072e+00 0.000000e+00 -1.810214e-02
0.000000e+00 3.795000e+00 1.381822e+00 1.154329e+00 0.000000e+00 -1.692983e-02
0.000000e+00 3.850000e+00 1.376819e+00 1.148760e+00 0.000000e+00 -1.580019e-02
0.000000e+00 3.905000e+00 1.371960e+00 1.143358e+00 0.000000e+00 -1.471156e-02
0.000000e+00 3.960000e+00 1.367238e+00 1.138115e+00 0.000000e+00 -1.366239e-02
0.000000e+00 4.015000e+00 1.362648e+00 1.133023e+00 0.000000e+00 -1.265115e-02
0.000000e+00 4.070000e+00 1.358183e+00 1.128076e+00 0.000000e+00 -1.167626e-02
0.000000e+00 4.125000e+00 1.353838e+00 1.123267e+00 0.000000e+00 -1.073620e-02
0.000000e+00 4.180000e+00 1.349609e+00 1.118591e+00 0.000000e+00 -9.829498e-03
0.000000e+00 4.235000e+00 1.345490e+00 1.114041e+00 0.000000e+00 -8.954820e-03
0.000000e+00 4.290000e+00 1.341476e+00 1.109612e+00 0.000000e+00 -8.110961e-03
0.000000e+00 4.345000e+00 1.337563e+00 1.105299e+00 0.000000e+00 -7.296877e-03
0.000000e+00 4.400000e+00 1.333746e+00 1.101095e+00 0.000000e+00 -6.511691e-03
0.000000e+00 4.455000e+00 1.330021e+00 1.096997e+00 0.000000e+00 -5.754674e-03
0.000000e+00 4.510000e+00 1.326385e+00 1.093000e+00 0.000000e+00 -5.025196e-03
0.000000e+00 4.565000e+00 1.322832e+00 1.089098e+00 0.000000e+00 -4.322681e-03
0.000000e+00 4.620000e+00 1.319358e+00 1.085287e+00 0.000000e+00 -3.646577e-03
0.000000e+00 4.675000e+00 1.315961e+00 1.081563e+00 0.000000e+00 -2.996364e-03
0.000000e+00 4.730000e+00 1.312636e+00 1.077920e+00 0.000000e+00 -2.371564e-03
0.000000e+00 4.785000e+00 1.309379e+00 1.074356e+00 0.000000e+00 -1.771764e-03
0.000000e+00 4.840000e+00 1.306188e+00 1.070866e+00 0.000000e+00 -1.196644e-03
0.000000e+00 4.895000e+00 1.303059e+00 1.067447e+00 0.000000e+00 -6.460110e-04
0.000000e+00 4.950000e+00 1.299988e+00 1.064094e+00 0.000000e+00 -1.198494e-04
0.000000e+00 5.005000e+00 1.296972e+00 1.060804e+00 0.000000e+00 3.816503e-04
0.000000e+00 5.060000e+00 1.294008e+00 1.057573e+00 0.000000e+00 8.581221e-04
0.000000e+00 5.115000e+00 1.291091e+00 1.054396e+00 0.000000e+00 1.309125e-03
0.000000e+00 5.170000e+00 1.288219e+00 1.051269e+00 0.000000e+00 1.734272e-03
0.000000e+00 5.225000e+00 1.285388e+00 1.048190e+00 0.000000e+00 2.133301e-03
0.000000e+00 5.280000e+00 1.282596e+00 1.045155e+00 0.000000e+00 2.506016e-03
0.000000e+00 5.335000e+00 1.279839e+00 1.042161e+00 0.000000e+00 2.852136e-03
0.000000e+00 5.390000e+00 1.277116e+00 1.039206e+00 0.000000e+00 3.171119e-03
0.000000e+00 5.445000e+00 1.274422e+00 1.036284e+00 0.000000e+00 3.462095e-03
0.000000e+00 5.500000e+00 1.271755e+00 1.033394e+00 0.000000e+00 3.723865e-03
0.000000e+00 5.555000e+00 1.269110e+00 1.030529e+00 0.000000e+00 3.954922e-03
0.000000e+00 5.610000e+00 1.266484e+00 1.027687e+00 0.000000e+00 4.153428e-03
0.000000e+00 5.665000e+00 1.263871e+00 1.024860e+00 0.000000e+00 4.317239e-03
0.000000e+00 5.720000e+00 1.261266e+00 1.022045e+00 0.000000e+00 4.444124e-03
0.000000e+00 5.775000e+00 1.258666e+00 1.019237e+00 0.000000e+00 4.532171e-03
0.000000e+00 5.830000e+00 1.256066e+00 1.016431e+00 0.000000e+00 4.580026e-03
0.000000e+00 5.885000e+00 1.253464e+00 1.013624e+00 0.000000e+00 4.586353e-03
0.000000e+00 5.940000e+00 1.250854e+00 1.010812e+00 0.000000e+00 4.548227e-03
0.000000e+00 5.995000e+00 1.248227e+00 1.007982e+00 0.000000e+00 4.459180e-03
0.000000e+00 6.050000e+00 1.245570e+00 1.005122e+00 0.000000e+00 4.308366e-03
0.000000e+00 6.105000e+00 1.242863e+00 1.002211e+00 0.000000e+00 4.081637e-03
0.000000e+00 6.160000e+00 1.240087e+00 9.992272e-01 0.000000e+00 3.763469e-03
0.000000e+00 6.215000e+00 1.237222e+00 9.961504e-01 0.000000e+00 3.337760e-03
0.000000e+00 6.270000e+00 1.234246e+00 9.929566e-01 0.000000e+00 2.786654e-03
0.000000e+00 6.325000e+00 1.231131e+00 9.896170e-01 0.000000e+00 2.087890e-03
0.000000e+00 6.380000e+00 1.227842e+00 9.860937e-01 0.000000e+00 1.211716e-03
0.000000e+00 6.435000e+00 1.224334e+00 9.823392e-01 0.000000e+00 1.206733e-04
0.000000e+00 6.490000e+00 1.220563e+00 9.783063e-01 0.000000e+00 -1.222840e-03
0.000000e+00 6.545000e+00 1.216491e+00 9.739575e-01 0.000000e+00 -2.848907e-03
0.000000e+00 6.600000e+00 1.212063e+00 9.692334e-01 0.000000e+00 -4.805239e-03
0.000000e+00 6.655000e+00 1.207106e+00 9.639521e-01 0.000000e+00 -7.237698e-03
0.000000e+00 6.710000e+00 1.201260e+00 9.577323e-01 0.000000e+00 -1.045591e-02
0.000000e+00 6.765000e+00 1.194102e+00 9.501315e-01 0.000000e+00 -1.482354e-02
0.000000e+00 6.820000e+00 1.185516e+00 9.410344e-01 0.000000e+00 -2.044773e-02
0.000000e+00 6.875000e+00 1.175928e+00 9.309000e-01 0.000000e+00 -2.697267e-02
0.000000e+00 6.930000e+00 1.166139e+00 9.205821e-01 0.000000e+00 -3.370652e-02
0.000000e+00 6.985000e+00 1.156967e+00 9.109401e-01 0.000000e+00 -3.993104e-02
0.000000e+00 7.040000e+00 1.148923e+00 9.025050e-01 0.000000e+00 -4.518531e-02
0.000000e+00 7.095000e+00 1.142092e+00 8.953574e-01 0.000000e+00 -4.938425e-02
0.000000e+00 7.150000e+00 1.136253e+00 8.892593e-01 0.000000e+00 -5.271695e-02
0.000000e+00 7.205000e+00 1.131120e+00 8.839068e-01 0.000000e+00 -5.543555e-02
0.000000e+00 7.260000e+00 1.126491e+00 8.790871e-01 0.000000e+00 -5.771892e-02
0.000000e+00 7.315000e+00 1.122262e+00 8.746893e-01 0.000000e+00 -5.966050e-02
0.000000e+00 7.370000e+00 1.118378e+00 8.706547e-01 0.000000e+00 -6.131021e-02
0.000000e+00 7.425000e+00 1.114796e+00 8.669385e-01 0.000000e+00 -6.270639e-02
0.000000e+00 7.480000e+00 1.111478e+00 8.635005e-01 0.000000e+00 -6.388420e-02
0.000000e+00 7.535000e+00 1.108393e+00 8.603063e-01 0.000000e+00 -6.487351e-02
0.000000e+00 7.590000e+00 1.105515e+00 8.573293e-01 0.000000e+00 -6.569762e-02
0.000000e+00 7.645000e+00 1.102825e+00 8.545488e-01 0.000000e+00 -6.637470e-02
0.000000e+00 7.700000e+00 1.100307e+00 8.519477e-01 0.000000e+00 -6.691990e-02
0.000000e+00 7.755000e+00 1.097945e+00 8.495108e-01 0.000000e+00 -6.734650e-02
0.000000e+00 7.810000e+00 1.095729e+00 8.472246e-01 0.000000e+00 -6.766622e-02
0.000000e+00 7.865000e+00 1.093645e+00 8.450769e-01 0.000000e+00 -6.788935e-02
0.000000e+00 7.920000e+00 1.091683e+00 8.430562e-01 0.000000e+00 -6.802487e-02
0.000000e+00 7.975000e+00 1.089833e+00 8.411520e-01 0.000000e+00 -6.808075e-02
0.000000e+00 8.030000e+00 1.088085e+00 8.393542e-01 0.000000e+00 -6.806422e-02
0.000000e+00 8.085000e+00 1.086432e+00 8.376536e-01 0.000000e+00 -6.798201e-02
0.000000e+00 8.140000e+00 1.084863e+00 8.360418e-01 0.000000e+00 -6.784034e-02
0.000000e+00 8.195000e+00 1.083374e+00 8.345113e-01 0.000000e+00 -6.764496e-02
0.000000e+00 8.250000e+00 1.081956e+00 8.330553e-01 0.000000e+00 -6.740106e-02
0.000000e+00 8.305000e+00 1.080604e+00 8.316679e-01 0.000000e+00 -6.711320e-02
0.000000e+00 8.360000e+00 1.079314e+00 8.303441e-01 0.000000e+00 -6.678533e-02
0.000000e+00 8.415000e+00 1.078080e+00 8.290795e-01 0.000000e+00 -6.642082e-02
0.000000e+00 8.470000e+00 1.076902e+00 8.278708e-01 0.000000e+00 -6.602255e-02
0.000000e+00 8.525000e+00 1.075774e+00 8.267156e-01 0.000000e+00 -6.559297e-02
0.000000e+00 8.580000e+00 1.074697e+00 8.256119e-01 0.000000e+00 -6.513419e-02
0.000000e+00 8.635000e+00 1.073669e+00 8.245586e-01 0.000000e+00 -6.464795e-02
0.000000e+00 8.690000e+00 1.072688e+00 8.235550e-01 0.000000e+00 -6.413572e-02
0.000000e+00 8.745000e+00 1.071755e+00 8.226003e-01 0.000000e+00 -6.359875e-02
0.000000e+00 8.800000e+00 1.070869e+00 8.216937e-01 0.000000e+00 -6.303814e-02
0.000000e+00 8.855000e+00 1.070029e+00 8.208343e-01 0.000000e+00 -6.245492e-02
0.000000e+00 8.910000e+00 1.069233e+00 8.200204e-01 0.000000e+00 -6.185004e-02
0.000000e+00 8.965000e+00 1.068480e+00 8.192499e-01 0.000000e+00 -6.122418e-02
0.000000e+00 9.020000e+00 1.067766e+00 8.185198e-01 0.000000e+00 -6.057780e-02
0.000000e+00 9.075000e+00 1.067088e+00 8.178268e-01 0.000000e+00 -5.991106e-02
0.000000e+00 9.130000e+00 1.066441e+00 8.171667e-01 0.000000e+00 -5.922452e-02
0.000000e+00 9.185000e+00 1.065823e+00 8.165351e-01 0.000000e+00 -5.851920e-02
0.000000e+00 9.240000e+00 1.065228e+00 8.159272e-01 0.000000e+00 -5.779722e-02
0.000000e+00 9.295000e+00 1.064652e+00 8.153390e-01 0.000000e+00 -5.705955e-02
0.000000e+00 9.350000e+00 1.064091e+00 8.147657e-01 0.000000e+00 -5.630630e-02
0.000000e+00 9.405000e+00 1.063542e+00 8.142056e-01 0.000000e+00 -5.553166e-02
0.000000e+00 9.460000e+00 1.063002e+00 8.136542e-01 0.000000e+00 -5.473116e-02
0.000000e+00 9.515000e+00 1.062475e+00 8.131154e-01 0.000000e+00 -5.389510e-02
0.000000e+00 9.570000e+00 1.061952e+00 8.125820e-01 0.000000e+00 -5.303391e-02
0.000000e+00 9.625000e+00 1.061449e+00 8.120697e-01 0.000000e+00 -5.215114e-02
0.000000e+00 9.680000e+00 1.060944e+00 8.115568e-01 0.000000e+00 -5.130130e-02
0.000000e+00 9.735000e+00 1.060479e+00 8.110889e-01 0.000000e+00 -5.048598e-02
0.000000e+00 9.790000e+00 1.059985e+00 8.105957e-01 0.000000e+00 -4.981445e-02
0.000000e+00 9.845000e+00 1.059589e+00 8.102077e-01 0.000000e+00 -4.919306e-02
0.000000e+00 9.900000e+00 1.059067e+00 8.096933e-01 0.000000e+00 -4.882044e-02
0.000000e+00 9.955000e+00 1.058914e+00 8.095582e-01 0.000000e+00 -4.826214e-02
0.000000e+00 1.001000e+01 1.103350e+00 8.550910e-01 -0.000000e+00 -6.410000e-03
0.000000e+00 1.006500e+01 1.103350e+00 8.550910e-01 -0.000000e+00 -6.410000e-03
0.000000e+00 1.012000e+01 1.103350e+00 8.550910e-01 -0.000000e+00 -6.410000e-03
0.000000e+00 1.017500e+01 1.103350e+00 8.550910e-01 -0.000000e+00 -6.410000e-03
0.000000e+00 1.023000e+01 1.103350e+00 8.550910e-01 -0.000000e+00 -6.410000e-03
0.000000e+00 1.028500e+01 1.103350e+00 8.550910e-01 -0.000000e+00 -6.410000e-03
0.000000e+00 1.034000e+01 1.103350e+00 8.550910e-01 -0.000000e+00 -6.410000e-03
0.000000e+00 1.039500e+01 1.103350e+00 8.550910e-01 -0.000000e+00 -6.410000e-03
0.000000e+00 1.045000e+01 1.103350e+00 8.550910e-01 -0.000000e+00 -6.410000e-03
0.000000e+00 1.050500e+01 1.103350e+00 8.550910e-01 -0.000000e+00 -6.410000e-03
0.000000e+00 1.056000e+01 1.103350e+00 8.550910e-01 -0.000000e+00 -6.410000e-03
0.000000e+00 1.061500e+01 1.103350e+00 8.550910e-01 -0.000000e+00 -6.410000e-03
0.000000e+00 1.067000e+01 1.103350e+00 8.550910e-01 -0.000000e+00 -6.410000e-03
0.000000e+00 1.072500e+01 1.103350e+00 8.550910e-01 -0.000000e+00 -6.410000e-03
0.000000e+00 1.078000e+01 1.103350e+00 8.550910e-01 -0.000000e+00 -6.410000e-03
0.000000e+00 1.083500e+01 1.103350e+00 8.550910e-01 -0.000000e+00 -6.410000e-03
0.000000e+00 1.089000e+01 1.103350e+00 8.550910e-01 -0.000000e+00 -6.410000e-03
0.000000e+00 1.094500e+01 1.103350e+00 8.550910e-01 -0.000000e+00 -6.410000e-03
0.000000e+00 1.100000e+01 1.103350e+00 8.550910e-01 -0.000000e+00 -6.410000e-03
