#############TIME##################
2.380133e+01 
###################################
0.000000e+00 0.000000e+00 8.966447e+00 1.402010e+01 0.000000e+00 -1.450763e+00
0.000000e+00 5.500000e-02 8.966447e+00 1.402010e+01 0.000000e+00 -1.450763e+00
0.000000e+00 1.100000e-01 8.966447e+00 1.402010e+01 0.000000e+00 -1.450763e+00
0.000000e+00 1.650000e-01 8.966447e+00 1.402010e+01 0.000000e+00 -1.450763e+00
0.000000e+00 2.200000e-01 8.966488e+00 1.402018e+01 0.000000e+00 -1.450754e+00
0.000000e+00 2.750000e-01 6.988442e+00 9.980689e+00 0.000000e+00 -1.253965e+00
0.000000e+00 3.300000e-01 5.814937e+00 7.832691e+00 0.000000e+00 -1.072252e+00
0.000000e+00 3.850000e-01 5.014385e+00 6.431740e+00 0.000000e+00 -9.316279e-01
0.000000e+00 4.400000e-01 4.427998e+00 5.453062e+00 0.000000e+00 -8.162208e-01
0.000000e+00 4.950000e-01 3.984539e+00 4.738579e+00 0.000000e+00 -7.233187e-01
0.000000e+00 5.500000e-01 3.636074e+00 4.194983e+00 0.000000e+00 -6.460976e-01
0.000000e+00 6.050000e-01 3.356959e+00 3.771718e+00 0.000000e+00 -5.816762e-01
0.000000e+00 6.600000e-01 3.128355e+00 3.433319e+00 0.000000e+00 -5.268807e-01
0.000000e+00 7.150000e-01 2.938367e+00 3.158212e+00 0.000000e+00 -4.799956e-01
0.000000e+00 7.700000e-01 2.777995e+00 2.930449e+00 0.000000e+00 -4.393658e-01
0.000000e+00 8.250000e-01 2.641117e+00 2.739436e+00 0.000000e+00 -4.039503e-01
0.000000e+00 8.800000e-01 2.522950e+00 2.577131e+00 0.000000e+00 -3.727956e-01
0.000000e+00 9.350000e-01 2.420042e+00 2.437817e+00 0.000000e+00 -3.452378e-01
0.000000e+00 9.900000e-01 2.329653e+00 2.317059e+00 0.000000e+00 -3.207001e-01
0.000000e+00 1.045000e+00 2.249692e+00 2.211526e+00 0.000000e+00 -2.987518e-01
0.000000e+00 1.100000e+00 2.178478e+00 2.118586e+00 0.000000e+00 -2.790255e-01
0.000000e+00 1.155000e+00 2.114686e+00 2.036192e+00 0.000000e+00 -2.612289e-01
0.000000e+00 1.210000e+00 2.057233e+00 1.962696e+00 0.000000e+00 -2.451118e-01
0.000000e+00 1.265000e+00 2.005241e+00 1.896775e+00 0.000000e+00 -2.304690e-01
0.000000e+00 1.320000e+00 1.957975e+00 1.837341e+00 0.000000e+00 -2.171272e-01
0.000000e+00 1.375000e+00 1.914827e+00 1.783498e+00 0.000000e+00 -2.049407e-01
0.000000e+00 1.430000e+00 1.875288e+00 1.734513e+00 0.000000e+00 -1.937801e-01
0.000000e+00 1.485000e+00 1.838937e+00 1.689779e+00 0.000000e+00 -1.835301e-01
0.000000e+00 1.540000e+00 1.805413e+00 1.648787e+00 0.000000e+00 -1.740904e-01
0.000000e+00 1.595000e+00 1.774396e+00 1.611088e+00 0.000000e+00 -1.653800e-01
0.000000e+00 1.650000e+00 1.745598e+00 1.576290e+00 0.000000e+00 -1.573338e-01
0.000000e+00 1.705000e+00 1.718780e+00 1.544065e+00 0.000000e+00 -1.498923e-01
0.000000e+00 1.760000e+00 1.693754e+00 1.514153e+00 0.000000e+00 -1.429913e-01
0.000000e+00 1.815000e+00 1.670377e+00 1.486352e+00 0.000000e+00 -1.365640e-01
0.000000e+00 1.870000e+00 1.648516e+00 1.460474e+00 0.000000e+00 -1.305561e-01
0.000000e+00 1.925000e+00 1.628020e+00 1.436318e+00 0.000000e+00 -1.249395e-01
0.000000e+00 1.980000e+00 1.608726e+00 1.413672e+00 0.000000e+00 -1.197085e-01
0.000000e+00 2.035000e+00 1.590493e+00 1.392354e+00 0.000000e+00 -1.148565e-01
0.000000e+00 2.090000e+00 1.573231e+00 1.372247e+00 0.000000e+00 -1.103532e-01
0.000000e+00 2.145000e+00 1.556901e+00 1.353293e+00 0.000000e+00 -1.061434e-01
0.000000e+00 2.200000e+00 1.541474e+00 1.335447e+00 0.000000e+00 -1.021739e-01
0.000000e+00 2.255000e+00 1.526881e+00 1.318621e+00 0.000000e+00 -9.842272e-02
0.000000e+00 2.310000e+00 1.513013e+00 1.302680e+00 0.000000e+00 -9.490416e-02
0.000000e+00 2.365000e+00 1.499756e+00 1.287487e+00 0.000000e+00 -9.164110e-02
0.000000e+00 2.420000e+00 1.487050e+00 1.272967e+00 0.000000e+00 -8.862619e-02
0.000000e+00 2.475000e+00 1.474908e+00 1.259130e+00 0.000000e+00 -8.580599e-02
0.000000e+00 2.530000e+00 1.463380e+00 1.246028e+00 0.000000e+00 -8.310452e-02
0.000000e+00 2.585000e+00 1.452485e+00 1.233676e+00 0.000000e+00 -8.046944e-02
0.000000e+00 2.640000e+00 1.442169e+00 1.222009e+00 0.000000e+00 -7.790428e-02
0.000000e+00 2.695000e+00 1.432313e+00 1.210888e+00 0.000000e+00 -7.546152e-02
0.000000e+00 2.750000e+00 1.422792e+00 1.200171e+00 0.000000e+00 -7.320151e-02
0.000000e+00 2.805000e+00 1.413540e+00 1.189777e+00 0.000000e+00 -7.114700e-02
0.000000e+00 2.860000e+00 1.404567e+00 1.179719e+00 0.000000e+00 -6.926490e-02
0.000000e+00 2.915000e+00 1.395934e+00 1.170063e+00 0.000000e+00 -6.748743e-02
0.000000e+00 2.970000e+00 1.387693e+00 1.160863e+00 0.000000e+00 -6.575402e-02
0.000000e+00 3.025000e+00 1.379847e+00 1.152121e+00 0.000000e+00 -6.404189e-02
0.000000e+00 3.080000e+00 1.372351e+00 1.143784e+00 0.000000e+00 -6.236648e-02
0.000000e+00 3.135000e+00 1.365143e+00 1.135782e+00 0.000000e+00 -6.075899e-02
0.000000e+00 3.190000e+00 1.358172e+00 1.128056e+00 0.000000e+00 -5.924293e-02
0.000000e+00 3.245000e+00 1.351406e+00 1.120571e+00 0.000000e+00 -5.782603e-02
0.000000e+00 3.300000e+00 1.344826e+00 1.113302e+00 0.000000e+00 -5.650683e-02
0.000000e+00 3.355000e+00 1.338409e+00 1.106226e+00 0.000000e+00 -5.528358e-02
0.000000e+00 3.410000e+00 1.332140e+00 1.099323e+00 0.000000e+00 -5.415451e-02
0.000000e+00 3.465000e+00 1.326019e+00 1.092593e+00 0.000000e+00 -5.311018e-02
0.000000e+00 3.520000e+00 1.320069e+00 1.086062e+00 0.000000e+00 -5.212782e-02
0.000000e+00 3.575000e+00 1.314327e+00 1.079769e+00 0.000000e+00 -5.117581e-02
0.000000e+00 3.630000e+00 1.308825e+00 1.073746e+00 0.000000e+00 -5.022670e-02
0.000000e+00 3.685000e+00 1.303567e+00 1.067999e+00 0.000000e+00 -4.926865e-02
0.000000e+00 3.740000e+00 1.298531e+00 1.062501e+00 0.000000e+00 -4.830721e-02
0.000000e+00 3.795000e+00 1.293682e+00 1.057214e+00 0.000000e+00 -4.735703e-02
0.000000e+00 3.850000e+00 1.288990e+00 1.052106e+00 0.000000e+00 -4.643092e-02
0.000000e+00 3.905000e+00 1.284440e+00 1.047157e+00 0.000000e+00 -4.553367e-02
0.000000e+00 3.960000e+00 1.280027e+00 1.042363e+00 0.000000e+00 -4.466345e-02
0.000000e+00 4.015000e+00 1.275749e+00 1.037721e+00 0.000000e+00 -4.381739e-02
0.000000e+00 4.070000e+00 1.271599e+00 1.033222e+00 0.000000e+00 -4.299618e-02
0.000000e+00 4.125000e+00 1.267562e+00 1.028851e+00 0.000000e+00 -4.220436e-02
0.000000e+00 4.180000e+00 1.263623e+00 1.024591e+00 0.000000e+00 -4.144712e-02
0.000000e+00 4.235000e+00 1.259770e+00 1.020427e+00 0.000000e+00 -4.072674e-02
0.000000e+00 4.290000e+00 1.255998e+00 1.016356e+00 0.000000e+00 -4.004117e-02
0.000000e+00 4.345000e+00 1.252309e+00 1.012378e+00 0.000000e+00 -3.938547e-02
0.000000e+00 4.400000e+00 1.248705e+00 1.008495e+00 0.000000e+00 -3.875446e-02
0.000000e+00 4.455000e+00 1.245188e+00 1.004710e+00 0.000000e+00 -3.814473e-02
0.000000e+00 4.510000e+00 1.241758e+00 1.001021e+00 0.000000e+00 -3.755531e-02
0.000000e+00 4.565000e+00 1.238408e+00 9.974228e-01 0.000000e+00 -3.698702e-02
0.000000e+00 4.620000e+00 1.235133e+00 9.939070e-01 0.000000e+00 -3.644133e-02
0.000000e+00 4.675000e+00 1.231922e+00 9.904640e-01 0.000000e+00 -3.591941e-02
0.000000e+00 4.730000e+00 1.228769e+00 9.870855e-01 0.000000e+00 -3.542121e-02
0.000000e+00 4.785000e+00 1.225672e+00 9.837691e-01 0.000000e+00 -3.494487e-02
0.000000e+00 4.840000e+00 1.222637e+00 9.805224e-01 0.000000e+00 -3.448657e-02
0.000000e+00 4.895000e+00 1.219683e+00 9.773650e-01 0.000000e+00 -3.404105e-02
0.000000e+00 4.950000e+00 1.216834e+00 9.743227e-01 0.000000e+00 -3.360272e-02
0.000000e+00 5.005000e+00 1.214111e+00 9.714165e-01 0.000000e+00 -3.316679e-02
0.000000e+00 5.060000e+00 1.211516e+00 9.686489e-01 0.000000e+00 -3.272980e-02
0.000000e+00 5.115000e+00 1.209027e+00 9.659974e-01 0.000000e+00 -3.229001e-02
0.000000e+00 5.170000e+00 1.206607e+00 9.634194e-01 0.000000e+00 -3.184805e-02
0.000000e+00 5.225000e+00 1.204210e+00 9.608688e-01 0.000000e+00 -3.140798e-02
0.000000e+00 5.280000e+00 1.201810e+00 9.583164e-01 0.000000e+00 -3.097736e-02
0.000000e+00 5.335000e+00 1.199406e+00 9.557614e-01 0.000000e+00 -3.056476e-02
0.000000e+00 5.390000e+00 1.197022e+00 9.532288e-01 0.000000e+00 -3.017518e-02
0.000000e+00 5.445000e+00 1.194689e+00 9.507533e-01 0.000000e+00 -2.980613e-02
0.000000e+00 5.500000e+00 1.192434e+00 9.483614e-01 0.000000e+00 -2.944760e-02
0.000000e+00 5.555000e+00 1.190264e+00 9.460601e-01 0.000000e+00 -2.908709e-02
0.000000e+00 5.610000e+00 1.188166e+00 9.438380e-01 0.000000e+00 -2.871716e-02
0.000000e+00 5.665000e+00 1.186122e+00 9.416739e-01 0.000000e+00 -2.834014e-02
0.000000e+00 5.720000e+00 1.184113e+00 9.395479e-01 0.000000e+00 -2.796662e-02
0.000000e+00 5.775000e+00 1.182127e+00 9.374469e-01 0.000000e+00 -2.760855e-02
0.000000e+00 5.830000e+00 1.180159e+00 9.353672e-01 0.000000e+00 -2.727208e-02
0.000000e+00 5.885000e+00 1.178214e+00 9.333124e-01 0.000000e+00 -2.695486e-02
0.000000e+00 5.940000e+00 1.176301e+00 9.312915e-01 0.000000e+00 -2.664869e-02
0.000000e+00 5.995000e+00 1.174428e+00 9.293153e-01 0.000000e+00 -2.634487e-02
0.000000e+00 6.050000e+00 1.172604e+00 9.273915e-01 0.000000e+00 -2.603820e-02
0.000000e+00 6.105000e+00 1.170831e+00 9.255223e-01 0.000000e+00 -2.572795e-02
0.000000e+00 6.160000e+00 1.169104e+00 9.237027e-01 0.000000e+00 -2.541636e-02
0.000000e+00 6.215000e+00 1.167416e+00 9.219243e-01 0.000000e+00 -2.510672e-02
0.000000e+00 6.270000e+00 1.165758e+00 9.201791e-01 0.000000e+00 -2.480185e-02
0.000000e+00 6.325000e+00 1.164127e+00 9.184629e-01 0.000000e+00 -2.450337e-02
0.000000e+00 6.380000e+00 1.162523e+00 9.167763e-01 0.000000e+00 -2.421124e-02
0.000000e+00 6.435000e+00 1.160950e+00 9.151223e-01 0.000000e+00 -2.392396e-02
0.000000e+00 6.490000e+00 1.159409e+00 9.135038e-01 0.000000e+00 -2.363917e-02
0.000000e+00 6.545000e+00 1.157904e+00 9.119223e-01 0.000000e+00 -2.335474e-02
0.000000e+00 6.600000e+00 1.156432e+00 9.103772e-01 0.000000e+00 -2.306968e-02
0.000000e+00 6.655000e+00 1.154992e+00 9.088663e-01 0.000000e+00 -2.278457e-02
0.000000e+00 6.710000e+00 1.153581e+00 9.073862e-01 0.000000e+00 -2.250140e-02
0.000000e+00 6.765000e+00 1.152195e+00 9.059331e-01 0.000000e+00 -2.222294e-02
0.000000e+00 6.820000e+00 1.150830e+00 9.045022e-01 0.000000e+00 -2.195209e-02
0.000000e+00 6.875000e+00 1.149480e+00 9.030881e-01 0.000000e+00 -2.169121e-02
0.000000e+00 6.930000e+00 1.148141e+00 9.016855e-01 0.000000e+00 -2.144172e-02
0.000000e+00 6.985000e+00 1.146808e+00 9.002903e-01 0.000000e+00 -2.120398e-02
0.000000e+00 7.040000e+00 1.145481e+00 8.989013e-01 0.000000e+00 -2.097735e-02
0.000000e+00 7.095000e+00 1.144162e+00 8.975211e-01 0.000000e+00 -2.076041e-02
0.000000e+00 7.150000e+00 1.142856e+00 8.961555e-01 0.000000e+00 -2.055108e-02
0.000000e+00 7.205000e+00 1.141570e+00 8.948114e-01 0.000000e+00 -2.034689e-02
0.000000e+00 7.260000e+00 1.140309e+00 8.934939e-01 0.000000e+00 -2.014552e-02
0.000000e+00 7.315000e+00 1.139074e+00 8.922037e-01 0.000000e+00 -1.994556e-02
0.000000e+00 7.370000e+00 1.137860e+00 8.909364e-01 0.000000e+00 -1.974738e-02
0.000000e+00 7.425000e+00 1.136660e+00 8.896836e-01 0.000000e+00 -1.955337e-02
0.000000e+00 7.480000e+00 1.135465e+00 8.884360e-01 0.000000e+00 -1.936741e-02
0.000000e+00 7.535000e+00 1.134267e+00 8.871874e-01 0.000000e+00 -1.919321e-02
0.000000e+00 7.590000e+00 1.133069e+00 8.859375e-01 0.000000e+00 -1.903226e-02
0.000000e+00 7.645000e+00 1.131875e+00 8.846936e-01 0.000000e+00 -1.888224e-02
0.000000e+00 7.700000e+00 1.130700e+00 8.834694e-01 0.000000e+00 -1.873684e-02
0.000000e+00 7.755000e+00 1.129559e+00 8.822809e-01 0.000000e+00 -1.858725e-02
0.000000e+00 7.810000e+00 1.128465e+00 8.811411e-01 0.000000e+00 -1.842530e-02
0.000000e+00 7.865000e+00 1.127421e+00 8.800542e-01 0.000000e+00 -1.824685e-02
0.000000e+00 7.920000e+00 1.126420e+00 8.790132e-01 0.000000e+00 -1.805419e-02
0.000000e+00 7.975000e+00 1.125447e+00 8.780001e-01 0.000000e+00 -1.785610e-02
0.000000e+00 8.030000e+00 1.124477e+00 8.769918e-01 0.000000e+00 -1.766517e-02
0.000000e+00 8.085000e+00 1.123492e+00 8.759673e-01 0.000000e+00 -1.749317e-02
0.000000e+00 8.140000e+00 1.122481e+00 8.749166e-01 0.000000e+00 -1.734620e-02
0.000000e+00 8.195000e+00 1.121449e+00 8.738449e-01 0.000000e+00 -1.722153e-02
0.000000e+00 8.250000e+00 1.120417e+00 8.727723e-01 0.000000e+00 -1.710786e-02
0.000000e+00 8.305000e+00 1.119411e+00 8.717273e-01 0.000000e+00 -1.698913e-02
0.000000e+00 8.360000e+00 1.118456e+00 8.707363e-01 0.000000e+00 -1.685050e-02
0.000000e+00 8.415000e+00 1.117567e+00 8.698137e-01 0.000000e+00 -1.668405e-02
0.000000e+00 8.470000e+00 1.116740e+00 8.689557e-01 0.000000e+00 -1.649208e-02
0.000000e+00 8.525000e+00 1.115955e+00 8.681411e-01 0.000000e+00 -1.628619e-02
0.000000e+00 8.580000e+00 1.115182e+00 8.673395e-01 0.000000e+00 -1.608281e-02
0.000000e+00 8.635000e+00 1.114394e+00 8.665226e-01 0.000000e+00 -1.589674e-02
0.000000e+00 8.690000e+00 1.113576e+00 8.656749e-01 0.000000e+00 -1.573564e-02
0.000000e+00 8.745000e+00 1.112731e+00 8.647987e-01 0.000000e+00 -1.559754e-02
0.000000e+00 8.800000e+00 1.111874e+00 8.639114e-01 0.000000e+00 -1.547236e-02
0.000000e+00 8.855000e+00 1.111029e+00 8.630361e-01 0.000000e+00 -1.534655e-02
0.000000e+00 8.910000e+00 1.110214e+00 8.621911e-01 0.000000e+00 -1.520883e-02
0.000000e+00 8.965000e+00 1.109432e+00 8.613819e-01 0.000000e+00 -1.505446e-02
0.000000e+00 9.020000e+00 1.108677e+00 8.606005e-01 0.000000e+00 -1.488648e-02
0.000000e+00 9.075000e+00 1.107934e+00 8.598310e-01 0.000000e+00 -1.471334e-02
0.000000e+00 9.130000e+00 1.107187e+00 8.590589e-01 0.000000e+00 -1.454403e-02
0.000000e+00 9.185000e+00 1.106432e+00 8.582785e-01 0.000000e+00 -1.438242e-02
0.000000e+00 9.240000e+00 1.105675e+00 8.574959e-01 0.000000e+00 -1.422304e-02
0.000000e+00 9.295000e+00 1.104929e+00 8.567246e-01 0.000000e+00 -1.405070e-02
0.000000e+00 9.350000e+00 1.104208e+00 8.559788e-01 0.000000e+00 -1.384580e-02
0.000000e+00 9.405000e+00 1.103520e+00 8.552654e-01 0.000000e+00 -1.359529e-02
0.000000e+00 9.460000e+00 1.102861e+00 8.545813e-01 0.000000e+00 -1.330469e-02
0.000000e+00 9.515000e+00 1.102216e+00 8.539151e-01 0.000000e+00 -1.300408e-02
0.000000e+00 9.570000e+00 1.101572e+00 8.532533e-01 0.000000e+00 -1.274059e-02
0.000000e+00 9.625000e+00 1.100918e+00 8.525866e-01 0.000000e+00 -1.255866e-02
0.000000e+00 9.680000e+00 1.100256e+00 8.519138e-01 0.000000e+00 -1.247625e-02
0.000000e+00 9.735000e+00 1.099594e+00 8.512408e-01 0.000000e+00 -1.247504e-02
0.000000e+00 9.790000e+00 1.098946e+00 8.505781e-01 0.000000e+00 -1.250813e-02
0.000000e+00 9.845000e+00 1.098320e+00 8.499321e-01 0.000000e+00 -1.253003e-02
0.000000e+00 9.900000e+00 1.097723e+00 8.493084e-01 0.000000e+00 -1.251412e-02
0.000000e+00 9.955000e+00 1.097146e+00 8.486986e-01 0.000000e+00 -1.246929e-02
0.000000e+00 1.001000e+01 1.103350e+00 8.550910e-01 -0.000000e+00 -6.410000e-03
0.000000e+00 1.006500e+01 1.103350e+00 8.550910e-01 -0.000000e+00 -6.410000e-03
0.000000e+00 1.012000e+01 1.103350e+00 8.550910e-01 -0.000000e+00 -6.410000e-03
0.000000e+00 1.017500e+01 1.103350e+00 8.550910e-01 -0.000000e+00 -6.410000e-03
0.000000e+00 1.023000e+01 1.103350e+00 8.550910e-01 -0.000000e+00 -6.410000e-03
0.000000e+00 1.028500e+01 1.103350e+00 8.550910e-01 -0.000000e+00 -6.410000e-03
0.000000e+00 1.034000e+01 1.103350e+00 8.550910e-01 -0.000000e+00 -6.410000e-03
0.000000e+00 1.039500e+01 1.103350e+00 8.550910e-01 -0.000000e+00 -6.410000e-03
0.000000e+00 1.045000e+01 1.103350e+00 8.550910e-01 -0.000000e+00 -6.410000e-03
0.000000e+00 1.050500e+01 1.103350e+00 8.550910e-01 -0.000000e+00 -6.410000e-03
0.000000e+00 1.056000e+01 1.103350e+00 8.550910e-01 -0.000000e+00 -6.410000e-03
0.000000e+00 1.061500e+01 1.103350e+00 8.550910e-01 -0.000000e+00 -6.410000e-03
0.000000e+00 1.067000e+01 1.103350e+00 8.550910e-01 -0.000000e+00 -6.410000e-03
0.000000e+00 1.072500e+01 1.103350e+00 8.550910e-01 -0.000000e+00 -6.410000e-03
0.000000e+00 1.078000e+01 1.103350e+00 8.550910e-01 -0.000000e+00 -6.410000e-03
0.000000e+00 1.083500e+01 1.103350e+00 8.550910e-01 -0.000000e+00 -6.410000e-03
0.000000e+00 1.089000e+01 1.103350e+00 8.550910e-01 -0.000000e+00 -6.410000e-03
0.000000e+00 1.094500e+01 1.103350e+00 8.550910e-01 -0.000000e+00 -6.410000e-03
0.000000e+00 1.100000e+01 1.103350e+00 8.550910e-01 -0.000000e+00 -6.410000e-03
