#############TIME##################
2.506528e+00 
###################################
0.000000e+00 0.000000e+00 8.697317e+00 1.346417e+01 0.000000e+00 -1.503110e+00
0.000000e+00 5.500000e-02 8.697317e+00 1.346417e+01 0.000000e+00 -1.503110e+00
0.000000e+00 1.100000e-01 8.697317e+00 1.346417e+01 0.000000e+00 -1.503110e+00
0.000000e+00 1.650000e-01 8.697317e+00 1.346417e+01 0.000000e+00 -1.503110e+00
0.000000e+00 2.200000e-01 8.706918e+00 1.348410e+01 0.000000e+00 -1.502307e+00
0.000000e+00 2.750000e-01 6.812474e+00 9.647346e+00 0.000000e+00 -1.300794e+00
0.000000e+00 3.300000e-01 5.693376e+00 7.610860e+00 0.000000e+00 -1.115272e+00
0.000000e+00 3.850000e-01 4.906614e+00 6.244159e+00 0.000000e+00 -9.761310e-01
0.000000e+00 4.400000e-01 4.321776e+00 5.275449e+00 0.000000e+00 -8.650246e-01
0.000000e+00 4.950000e-01 3.874635e+00 4.561207e+00 0.000000e+00 -7.771349e-01
0.000000e+00 5.500000e-01 3.519485e+00 4.013247e+00 0.000000e+00 -7.057596e-01
0.000000e+00 6.050000e-01 3.231644e+00 3.582127e+00 0.000000e+00 -6.477877e-01
0.000000e+00 6.600000e-01 2.992839e+00 3.233848e+00 0.000000e+00 -6.000279e-01
0.000000e+00 7.150000e-01 2.791809e+00 2.947712e+00 0.000000e+00 -5.605609e-01
0.000000e+00 7.700000e-01 2.619966e+00 2.708423e+00 0.000000e+00 -5.276330e-01
0.000000e+00 8.250000e-01 2.471182e+00 2.505401e+00 0.000000e+00 -5.001996e-01
0.000000e+00 8.800000e-01 2.340518e+00 2.330404e+00 0.000000e+00 -4.774151e-01
0.000000e+00 9.350000e-01 2.224373e+00 2.177548e+00 0.000000e+00 -4.587084e-01
0.000000e+00 9.900000e-01 2.120115e+00 2.042570e+00 0.000000e+00 -4.434841e-01
0.000000e+00 1.045000e+00 2.025995e+00 1.922594e+00 0.000000e+00 -4.311602e-01
0.000000e+00 1.100000e+00 1.940725e+00 1.815485e+00 0.000000e+00 -4.211659e-01
0.000000e+00 1.155000e+00 1.863235e+00 1.719494e+00 0.000000e+00 -4.130529e-01
0.000000e+00 1.210000e+00 1.792568e+00 1.633104e+00 0.000000e+00 -4.064749e-01
0.000000e+00 1.265000e+00 1.727979e+00 1.555125e+00 0.000000e+00 -4.011185e-01
0.000000e+00 1.320000e+00 1.668969e+00 1.484723e+00 0.000000e+00 -3.966345e-01
0.000000e+00 1.375000e+00 1.615207e+00 1.421296e+00 0.000000e+00 -3.926639e-01
0.000000e+00 1.430000e+00 1.566396e+00 1.364314e+00 0.000000e+00 -3.888981e-01
0.000000e+00 1.485000e+00 1.522208e+00 1.313234e+00 0.000000e+00 -3.851136e-01
0.000000e+00 1.540000e+00 1.482288e+00 1.267511e+00 0.000000e+00 -3.811627e-01
0.000000e+00 1.595000e+00 1.446276e+00 1.226616e+00 0.000000e+00 -3.769559e-01
0.000000e+00 1.650000e+00 1.413810e+00 1.190042e+00 0.000000e+00 -3.724522e-01
0.000000e+00 1.705000e+00 1.384531e+00 1.157300e+00 0.000000e+00 -3.676512e-01
0.000000e+00 1.760000e+00 1.358098e+00 1.127941e+00 0.000000e+00 -3.625771e-01
0.000000e+00 1.815000e+00 1.334205e+00 1.101568e+00 0.000000e+00 -3.572613e-01
0.000000e+00 1.870000e+00 1.312589e+00 1.077843e+00 0.000000e+00 -3.517319e-01
0.000000e+00 1.925000e+00 1.293023e+00 1.056479e+00 0.000000e+00 -3.460118e-01
0.000000e+00 1.980000e+00 1.275309e+00 1.037229e+00 0.000000e+00 -3.401224e-01
0.000000e+00 2.035000e+00 1.259269e+00 1.019875e+00 0.000000e+00 -3.340857e-01
0.000000e+00 2.090000e+00 1.244742e+00 1.004220e+00 0.000000e+00 -3.279253e-01
0.000000e+00 2.145000e+00 1.231581e+00 9.900901e-01 0.000000e+00 -3.216653e-01
0.000000e+00 2.200000e+00 1.219658e+00 9.773311e-01 0.000000e+00 -3.153285e-01
0.000000e+00 2.255000e+00 1.208853e+00 9.658056e-01 0.000000e+00 -3.089366e-01
0.000000e+00 2.310000e+00 1.199063e+00 9.553917e-01 0.000000e+00 -3.025098e-01
0.000000e+00 2.365000e+00 1.190193e+00 9.459805e-01 0.000000e+00 -2.960671e-01
0.000000e+00 2.420000e+00 1.182156e+00 9.374742e-01 0.000000e+00 -2.896264e-01
0.000000e+00 2.475000e+00 1.174876e+00 9.297849e-01 0.000000e+00 -2.832041e-01
0.000000e+00 2.530000e+00 1.168282e+00 9.228334e-01 0.000000e+00 -2.768157e-01
0.000000e+00 2.585000e+00 1.162309e+00 9.165485e-01 0.000000e+00 -2.704752e-01
0.000000e+00 2.640000e+00 1.156899e+00 9.108658e-01 0.000000e+00 -2.641953e-01
0.000000e+00 2.695000e+00 1.152001e+00 9.057272e-01 0.000000e+00 -2.579875e-01
0.000000e+00 2.750000e+00 1.147565e+00 9.010805e-01 0.000000e+00 -2.518619e-01
0.000000e+00 2.805000e+00 1.143549e+00 8.968780e-01 0.000000e+00 -2.458275e-01
0.000000e+00 2.860000e+00 1.139912e+00 8.930772e-01 0.000000e+00 -2.398920e-01
0.000000e+00 2.915000e+00 1.136619e+00 8.896390e-01 0.000000e+00 -2.340623e-01
0.000000e+00 2.970000e+00 1.133637e+00 8.865285e-01 0.000000e+00 -2.283440e-01
0.000000e+00 3.025000e+00 1.130936e+00 8.837140e-01 0.000000e+00 -2.227418e-01
0.000000e+00 3.080000e+00 1.128490e+00 8.811667e-01 0.000000e+00 -2.172595e-01
0.000000e+00 3.135000e+00 1.126275e+00 8.788607e-01 0.000000e+00 -2.119002e-01
0.000000e+00 3.190000e+00 1.124267e+00 8.767725e-01 0.000000e+00 -2.066661e-01
0.000000e+00 3.245000e+00 1.122447e+00 8.748809e-01 0.000000e+00 -2.015586e-01
0.000000e+00 3.300000e+00 1.120797e+00 8.731668e-01 0.000000e+00 -1.965787e-01
0.000000e+00 3.355000e+00 1.119301e+00 8.716129e-01 0.000000e+00 -1.917266e-01
0.000000e+00 3.410000e+00 1.117943e+00 8.702036e-01 0.000000e+00 -1.870020e-01
0.000000e+00 3.465000e+00 1.116711e+00 8.689249e-01 0.000000e+00 -1.824044e-01
0.000000e+00 3.520000e+00 1.115592e+00 8.677639e-01 0.000000e+00 -1.779326e-01
0.000000e+00 3.575000e+00 1.114575e+00 8.667094e-01 0.000000e+00 -1.735851e-01
0.000000e+00 3.630000e+00 1.113650e+00 8.657510e-01 0.000000e+00 -1.693603e-01
0.000000e+00 3.685000e+00 1.112809e+00 8.648794e-01 0.000000e+00 -1.652560e-01
0.000000e+00 3.740000e+00 1.112044e+00 8.640863e-01 0.000000e+00 -1.612702e-01
0.000000e+00 3.795000e+00 1.111347e+00 8.633641e-01 0.000000e+00 -1.574003e-01
0.000000e+00 3.850000e+00 1.110711e+00 8.627060e-01 0.000000e+00 -1.536440e-01
0.000000e+00 3.905000e+00 1.110132e+00 8.621060e-01 0.000000e+00 -1.499984e-01
0.000000e+00 3.960000e+00 1.109603e+00 8.615585e-01 0.000000e+00 -1.464609e-01
0.000000e+00 4.015000e+00 1.109120e+00 8.610586e-01 0.000000e+00 -1.430287e-01
0.000000e+00 4.070000e+00 1.108679e+00 8.606018e-01 0.000000e+00 -1.396989e-01
0.000000e+00 4.125000e+00 1.108275e+00 8.601841e-01 0.000000e+00 -1.364687e-01
0.000000e+00 4.180000e+00 1.107906e+00 8.598018e-01 0.000000e+00 -1.333353e-01
0.000000e+00 4.235000e+00 1.107567e+00 8.594517e-01 0.000000e+00 -1.302956e-01
0.000000e+00 4.290000e+00 1.107257e+00 8.591308e-01 0.000000e+00 -1.273470e-01
0.000000e+00 4.345000e+00 1.106973e+00 8.588364e-01 0.000000e+00 -1.244866e-01
0.000000e+00 4.400000e+00 1.106711e+00 8.585663e-01 0.000000e+00 -1.217116e-01
0.000000e+00 4.455000e+00 1.106472e+00 8.583180e-01 0.000000e+00 -1.190194e-01
0.000000e+00 4.510000e+00 1.106251e+00 8.580899e-01 0.000000e+00 -1.164072e-01
0.000000e+00 4.565000e+00 1.106048e+00 8.578799e-01 0.000000e+00 -1.138725e-01
0.000000e+00 4.620000e+00 1.105861e+00 8.576866e-01 0.000000e+00 -1.114128e-01
0.000000e+00 4.675000e+00 1.105689e+00 8.575085e-01 0.000000e+00 -1.090254e-01
0.000000e+00 4.730000e+00 1.105530e+00 8.573442e-01 0.000000e+00 -1.067081e-01
0.000000e+00 4.785000e+00 1.105383e+00 8.571926e-01 0.000000e+00 -1.044585e-01
0.000000e+00 4.840000e+00 1.105248e+00 8.570526e-01 0.000000e+00 -1.022743e-01
0.000000e+00 4.895000e+00 1.105123e+00 8.569232e-01 0.000000e+00 -1.001533e-01
0.000000e+00 4.950000e+00 1.105007e+00 8.568036e-01 0.000000e+00 -9.809336e-02
0.000000e+00 5.005000e+00 1.104900e+00 8.566928e-01 0.000000e+00 -9.609244e-02
0.000000e+00 5.060000e+00 1.104801e+00 8.565902e-01 0.000000e+00 -9.414851e-02
0.000000e+00 5.115000e+00 1.104709e+00 8.564951e-01 0.000000e+00 -9.225966e-02
0.000000e+00 5.170000e+00 1.104623e+00 8.564069e-01 0.000000e+00 -9.042400e-02
0.000000e+00 5.225000e+00 1.104544e+00 8.563250e-01 0.000000e+00 -8.863975e-02
0.000000e+00 5.280000e+00 1.104470e+00 8.562489e-01 0.000000e+00 -8.690516e-02
0.000000e+00 5.335000e+00 1.104402e+00 8.561782e-01 0.000000e+00 -8.521856e-02
0.000000e+00 5.390000e+00 1.104338e+00 8.561125e-01 0.000000e+00 -8.357832e-02
0.000000e+00 5.445000e+00 1.104279e+00 8.560513e-01 0.000000e+00 -8.198290e-02
0.000000e+00 5.500000e+00 1.104224e+00 8.559943e-01 0.000000e+00 -8.043078e-02
0.000000e+00 5.555000e+00 1.104173e+00 8.559412e-01 0.000000e+00 -7.892051e-02
0.000000e+00 5.610000e+00 1.104125e+00 8.558916e-01 0.000000e+00 -7.745072e-02
0.000000e+00 5.665000e+00 1.104080e+00 8.558454e-01 0.000000e+00 -7.602004e-02
0.000000e+00 5.720000e+00 1.104038e+00 8.558023e-01 0.000000e+00 -7.462719e-02
0.000000e+00 5.775000e+00 1.103999e+00 8.557619e-01 0.000000e+00 -7.327092e-02
0.000000e+00 5.830000e+00 1.103963e+00 8.557242e-01 0.000000e+00 -7.195004e-02
0.000000e+00 5.885000e+00 1.103929e+00 8.556890e-01 0.000000e+00 -7.066337e-02
0.000000e+00 5.940000e+00 1.103897e+00 8.556560e-01 0.000000e+00 -6.940983e-02
0.000000e+00 5.995000e+00 1.103867e+00 8.556250e-01 0.000000e+00 -6.818832e-02
0.000000e+00 6.050000e+00 1.103839e+00 8.555961e-01 0.000000e+00 -6.699782e-02
0.000000e+00 6.105000e+00 1.103812e+00 8.555689e-01 0.000000e+00 -6.583733e-02
0.000000e+00 6.160000e+00 1.103788e+00 8.555434e-01 0.000000e+00 -6.470591e-02
0.000000e+00 6.215000e+00 1.103765e+00 8.555195e-01 0.000000e+00 -6.360262e-02
0.000000e+00 6.270000e+00 1.103743e+00 8.554971e-01 0.000000e+00 -6.252658e-02
0.000000e+00 6.325000e+00 1.103723e+00 8.554760e-01 0.000000e+00 -6.147695e-02
0.000000e+00 6.380000e+00 1.103703e+00 8.554562e-01 0.000000e+00 -6.045287e-02
0.000000e+00 6.435000e+00 1.103685e+00 8.554374e-01 0.000000e+00 -5.945351e-02
0.000000e+00 6.490000e+00 1.103668e+00 8.554198e-01 0.000000e+00 -5.847815e-02
0.000000e+00 6.545000e+00 1.103652e+00 8.554034e-01 0.000000e+00 -5.752621e-02
0.000000e+00 6.600000e+00 1.103638e+00 8.553881e-01 0.000000e+00 -5.659708e-02
0.000000e+00 6.655000e+00 1.103624e+00 8.553738e-01 0.000000e+00 -5.568981e-02
0.000000e+00 6.710000e+00 1.103610e+00 8.553595e-01 0.000000e+00 -5.480297e-02
0.000000e+00 6.765000e+00 1.103595e+00 8.553444e-01 0.000000e+00 -5.393537e-02
0.000000e+00 6.820000e+00 1.103581e+00 8.553301e-01 0.000000e+00 -5.308781e-02
0.000000e+00 6.875000e+00 1.103573e+00 8.553209e-01 0.000000e+00 -5.226367e-02
0.000000e+00 6.930000e+00 1.103572e+00 8.553204e-01 0.000000e+00 -5.146539e-02
0.000000e+00 6.985000e+00 1.103574e+00 8.553223e-01 0.000000e+00 -5.068684e-02
0.000000e+00 7.040000e+00 1.103559e+00 8.553065e-01 0.000000e+00 -4.990958e-02
0.000000e+00 7.095000e+00 1.103507e+00 8.552529e-01 0.000000e+00 -4.911532e-02
0.000000e+00 7.150000e+00 1.103432e+00 8.551753e-01 0.000000e+00 -4.831657e-02
0.000000e+00 7.205000e+00 1.103411e+00 8.551543e-01 0.000000e+00 -4.758486e-02
0.000000e+00 7.260000e+00 1.103585e+00 8.553341e-01 0.000000e+00 -4.704756e-02
0.000000e+00 7.315000e+00 1.104090e+00 8.558562e-01 0.000000e+00 -4.682819e-02
0.000000e+00 7.370000e+00 1.104926e+00 8.567200e-01 0.000000e+00 -4.692145e-02
0.000000e+00 7.425000e+00 1.105908e+00 8.577349e-01 0.000000e+00 -4.715537e-02
0.000000e+00 7.480000e+00 1.106753e+00 8.586093e-01 0.000000e+00 -4.726877e-02
0.000000e+00 7.535000e+00 1.107172e+00 8.590423e-01 0.000000e+00 -4.699916e-02
0.000000e+00 7.590000e+00 1.107057e+00 8.589235e-01 0.000000e+00 -4.625107e-02
0.000000e+00 7.645000e+00 1.106581e+00 8.584311e-01 0.000000e+00 -4.518775e-02
0.000000e+00 7.700000e+00 1.106000e+00 8.578303e-01 0.000000e+00 -4.404295e-02
0.000000e+00 7.755000e+00 1.105503e+00 8.573168e-01 0.000000e+00 -4.299239e-02
0.000000e+00 7.810000e+00 1.105137e+00 8.569381e-01 0.000000e+00 -4.208070e-02
0.000000e+00 7.865000e+00 1.104821e+00 8.566114e-01 0.000000e+00 -4.123690e-02
0.000000e+00 7.920000e+00 1.104460e+00 8.562387e-01 0.000000e+00 -4.037511e-02
0.000000e+00 7.975000e+00 1.104037e+00 8.558006e-01 0.000000e+00 -3.947449e-02
0.000000e+00 8.030000e+00 1.103603e+00 8.553527e-01 0.000000e+00 -3.857544e-02
0.000000e+00 8.085000e+00 1.103223e+00 8.549596e-01 0.000000e+00 -3.772446e-02
0.000000e+00 8.140000e+00 1.102919e+00 8.546458e-01 0.000000e+00 -3.693502e-02
0.000000e+00 8.195000e+00 1.102672e+00 8.543908e-01 0.000000e+00 -3.618892e-02
0.000000e+00 8.250000e+00 1.102443e+00 8.541538e-01 0.000000e+00 -3.545888e-02
0.000000e+00 8.305000e+00 1.102193e+00 8.538956e-01 0.000000e+00 -3.472432e-02
0.000000e+00 8.360000e+00 1.101897e+00 8.535901e-01 0.000000e+00 -3.397507e-02
0.000000e+00 8.415000e+00 1.101550e+00 8.532320e-01 0.000000e+00 -3.321165e-02
0.000000e+00 8.470000e+00 1.101169e+00 8.528380e-01 0.000000e+00 -3.244458e-02
0.000000e+00 8.525000e+00 1.100780e+00 8.524367e-01 0.000000e+00 -3.168903e-02
0.000000e+00 8.580000e+00 1.100409e+00 8.520535e-01 0.000000e+00 -3.095674e-02
0.000000e+00 8.635000e+00 1.100066e+00 8.516994e-01 0.000000e+00 -3.025094e-02
0.000000e+00 8.690000e+00 1.099748e+00 8.513713e-01 0.000000e+00 -2.956756e-02
0.000000e+00 8.745000e+00 1.099445e+00 8.510583e-01 0.000000e+00 -2.889993e-02
0.000000e+00 8.800000e+00 1.099146e+00 8.507496e-01 0.000000e+00 -2.824262e-02
0.000000e+00 8.855000e+00 1.098845e+00 8.504389e-01 0.000000e+00 -2.759301e-02
0.000000e+00 8.910000e+00 1.098540e+00 8.501246e-01 0.000000e+00 -2.695102e-02
0.000000e+00 8.965000e+00 1.098234e+00 8.498088e-01 0.000000e+00 -2.631785e-02
0.000000e+00 9.020000e+00 1.097929e+00 8.494937e-01 0.000000e+00 -2.569442e-02
0.000000e+00 9.075000e+00 1.097625e+00 8.491808e-01 0.000000e+00 -2.508079e-02
0.000000e+00 9.130000e+00 1.097325e+00 8.488707e-01 0.000000e+00 -2.447653e-02
0.000000e+00 9.185000e+00 1.097027e+00 8.485639e-01 0.000000e+00 -2.388127e-02
0.000000e+00 9.240000e+00 1.096733e+00 8.482608e-01 0.000000e+00 -2.329465e-02
0.000000e+00 9.295000e+00 1.096443e+00 8.479616e-01 0.000000e+00 -2.271619e-02
0.000000e+00 9.350000e+00 1.096157e+00 8.476660e-01 0.000000e+00 -2.214527e-02
0.000000e+00 9.405000e+00 1.095873e+00 8.473735e-01 0.000000e+00 -2.158112e-02
0.000000e+00 9.460000e+00 1.095592e+00 8.470838e-01 0.000000e+00 -2.102277e-02
0.000000e+00 9.515000e+00 1.095313e+00 8.467969e-01 0.000000e+00 -2.046915e-02
0.000000e+00 9.570000e+00 1.095037e+00 8.465123e-01 0.000000e+00 -1.992007e-02
0.000000e+00 9.625000e+00 1.094764e+00 8.462304e-01 0.000000e+00 -1.937607e-02
0.000000e+00 9.680000e+00 1.094493e+00 8.459503e-01 0.000000e+00 -1.883746e-02
0.000000e+00 9.735000e+00 1.094224e+00 8.456728e-01 0.000000e+00 -1.829924e-02
0.000000e+00 9.790000e+00 1.093955e+00 8.453960e-01 0.000000e+00 -1.775599e-02
0.000000e+00 9.845000e+00 1.093688e+00 8.451230e-01 0.000000e+00 -1.720549e-02
0.000000e+00 9.900000e+00 1.093418e+00 8.448468e-01 0.000000e+00 -1.667541e-02
0.000000e+00 9.955000e+00 1.093157e+00 8.445798e-01 0.000000e+00 -1.619151e-02
0.000000e+00 1.001000e+01 1.103350e+00 8.550910e-01 -0.000000e+00 -6.410000e-03
0.000000e+00 1.006500e+01 1.103350e+00 8.550910e-01 -0.000000e+00 -6.410000e-03
0.000000e+00 1.012000e+01 1.103350e+00 8.550910e-01 -0.000000e+00 -6.410000e-03
0.000000e+00 1.017500e+01 1.103350e+00 8.550910e-01 -0.000000e+00 -6.410000e-03
0.000000e+00 1.023000e+01 1.103350e+00 8.550910e-01 -0.000000e+00 -6.410000e-03
0.000000e+00 1.028500e+01 1.103350e+00 8.550910e-01 -0.000000e+00 -6.410000e-03
0.000000e+00 1.034000e+01 1.103350e+00 8.550910e-01 -0.000000e+00 -6.410000e-03
0.000000e+00 1.039500e+01 1.103350e+00 8.550910e-01 -0.000000e+00 -6.410000e-03
0.000000e+00 1.045000e+01 1.103350e+00 8.550910e-01 -0.000000e+00 -6.410000e-03
0.000000e+00 1.050500e+01 1.103350e+00 8.550910e-01 -0.000000e+00 -6.410000e-03
0.000000e+00 1.056000e+01 1.103350e+00 8.550910e-01 -0.000000e+00 -6.410000e-03
0.000000e+00 1.061500e+01 1.103350e+00 8.550910e-01 -0.000000e+00 -6.410000e-03
0.000000e+00 1.067000e+01 1.103350e+00 8.550910e-01 -0.000000e+00 -6.410000e-03
0.000000e+00 1.072500e+01 1.103350e+00 8.550910e-01 -0.000000e+00 -6.410000e-03
0.000000e+00 1.078000e+01 1.103350e+00 8.550910e-01 -0.000000e+00 -6.410000e-03
0.000000e+00 1.083500e+01 1.103350e+00 8.550910e-01 -0.000000e+00 -6.410000e-03
0.000000e+00 1.089000e+01 1.103350e+00 8.550910e-01 -0.000000e+00 -6.410000e-03
0.000000e+00 1.094500e+01 1.103350e+00 8.550910e-01 -0.000000e+00 -6.410000e-03
0.000000e+00 1.100000e+01 1.103350e+00 8.550910e-01 -0.000000e+00 -6.410000e-03
