#############TIME##################
1.060489e+01 
###################################
0.000000e+00 0.000000e+00 9.044986e+00 1.419434e+01 0.000000e+00 -1.439820e+00
0.000000e+00 5.500000e-02 9.044986e+00 1.419434e+01 0.000000e+00 -1.439820e+00
0.000000e+00 1.100000e-01 9.044986e+00 1.419434e+01 0.000000e+00 -1.439820e+00
0.000000e+00 1.650000e-01 9.044986e+00 1.419434e+01 0.000000e+00 -1.439820e+00
0.000000e+00 2.200000e-01 9.043513e+00 1.419128e+01 0.000000e+00 -1.439927e+00
0.000000e+00 2.750000e-01 7.040361e+00 1.009356e+01 0.000000e+00 -1.244046e+00
0.000000e+00 3.300000e-01 5.851209e+00 7.913103e+00 0.000000e+00 -1.063303e+00
0.000000e+00 3.850000e-01 5.044446e+00 6.496671e+00 0.000000e+00 -9.227559e-01
0.000000e+00 4.400000e-01 4.454885e+00 5.509377e+00 0.000000e+00 -8.072005e-01
0.000000e+00 4.950000e-01 4.009980e+00 4.789390e+00 0.000000e+00 -7.140058e-01
0.000000e+00 5.500000e-01 3.660723e+00 4.241980e+00 0.000000e+00 -6.364804e-01
0.000000e+00 6.050000e-01 3.381158e+00 3.815772e+00 0.000000e+00 -5.717422e-01
0.000000e+00 6.600000e-01 3.152342e+00 3.475123e+00 0.000000e+00 -5.166328e-01
0.000000e+00 7.150000e-01 2.962379e+00 3.198360e+00 0.000000e+00 -4.693890e-01
0.000000e+00 7.700000e-01 2.802283e+00 2.969500e+00 0.000000e+00 -4.283398e-01
0.000000e+00 8.250000e-01 2.665871e+00 2.777816e+00 0.000000e+00 -3.924374e-01
0.000000e+00 8.800000e-01 2.548302e+00 2.615153e+00 0.000000e+00 -3.607469e-01
0.000000e+00 9.350000e-01 2.446074e+00 2.475705e+00 0.000000e+00 -3.326150e-01
0.000000e+00 9.900000e-01 2.356412e+00 2.354975e+00 0.000000e+00 -3.074787e-01
0.000000e+00 1.045000e+00 2.277172e+00 2.249552e+00 0.000000e+00 -2.849280e-01
0.000000e+00 1.100000e+00 2.206606e+00 2.156711e+00 0.000000e+00 -2.646272e-01
0.000000e+00 1.155000e+00 2.143354e+00 2.074353e+00 0.000000e+00 -2.463023e-01
0.000000e+00 1.210000e+00 2.086372e+00 2.000876e+00 0.000000e+00 -2.296874e-01
0.000000e+00 1.265000e+00 2.034876e+00 1.935070e+00 0.000000e+00 -2.145303e-01
0.000000e+00 1.320000e+00 1.988216e+00 1.875939e+00 0.000000e+00 -2.006134e-01
0.000000e+00 1.375000e+00 1.945792e+00 1.822588e+00 0.000000e+00 -1.877846e-01
0.000000e+00 1.430000e+00 1.907026e+00 1.774183e+00 0.000000e+00 -1.759520e-01
0.000000e+00 1.485000e+00 1.871405e+00 1.729998e+00 0.000000e+00 -1.650522e-01
0.000000e+00 1.540000e+00 1.838523e+00 1.689466e+00 0.000000e+00 -1.550132e-01
0.000000e+00 1.595000e+00 1.808084e+00 1.652173e+00 0.000000e+00 -1.457399e-01
0.000000e+00 1.650000e+00 1.779868e+00 1.617806e+00 0.000000e+00 -1.371288e-01
0.000000e+00 1.705000e+00 1.753675e+00 1.586088e+00 0.000000e+00 -1.290931e-01
0.000000e+00 1.760000e+00 1.729305e+00 1.556739e+00 0.000000e+00 -1.215769e-01
0.000000e+00 1.815000e+00 1.706560e+00 1.529483e+00 0.000000e+00 -1.145490e-01
0.000000e+00 1.870000e+00 1.685264e+00 1.504083e+00 0.000000e+00 -1.079841e-01
0.000000e+00 1.925000e+00 1.665285e+00 1.480353e+00 0.000000e+00 -1.018481e-01
0.000000e+00 1.980000e+00 1.646523e+00 1.458158e+00 0.000000e+00 -9.609671e-02
0.000000e+00 2.035000e+00 1.628892e+00 1.437378e+00 0.000000e+00 -9.068731e-02
0.000000e+00 2.090000e+00 1.612295e+00 1.417885e+00 0.000000e+00 -8.559248e-02
0.000000e+00 2.145000e+00 1.596615e+00 1.399531e+00 0.000000e+00 -8.080541e-02
0.000000e+00 2.200000e+00 1.581729e+00 1.382162e+00 0.000000e+00 -7.633116e-02
0.000000e+00 2.255000e+00 1.567537e+00 1.365654e+00 0.000000e+00 -7.216898e-02
0.000000e+00 2.310000e+00 1.553984e+00 1.349936e+00 0.000000e+00 -6.829736e-02
0.000000e+00 2.365000e+00 1.541060e+00 1.334990e+00 0.000000e+00 -6.467268e-02
0.000000e+00 2.420000e+00 1.528774e+00 1.320820e+00 0.000000e+00 -6.124309e-02
0.000000e+00 2.475000e+00 1.517124e+00 1.307419e+00 0.000000e+00 -5.796785e-02
0.000000e+00 2.530000e+00 1.506077e+00 1.294742e+00 0.000000e+00 -5.482892e-02
0.000000e+00 2.585000e+00 1.495572e+00 1.282717e+00 0.000000e+00 -5.182830e-02
0.000000e+00 2.640000e+00 1.485544e+00 1.271263e+00 0.000000e+00 -4.897572e-02
0.000000e+00 2.695000e+00 1.475933e+00 1.260311e+00 0.000000e+00 -4.627670e-02
0.000000e+00 2.750000e+00 1.466701e+00 1.249812e+00 0.000000e+00 -4.372832e-02
0.000000e+00 2.805000e+00 1.457818e+00 1.239731e+00 0.000000e+00 -4.132218e-02
0.000000e+00 2.860000e+00 1.449261e+00 1.230039e+00 0.000000e+00 -3.904909e-02
0.000000e+00 2.915000e+00 1.441012e+00 1.220714e+00 0.000000e+00 -3.690050e-02
0.000000e+00 2.970000e+00 1.433057e+00 1.211738e+00 0.000000e+00 -3.486633e-02
0.000000e+00 3.025000e+00 1.425397e+00 1.203111e+00 0.000000e+00 -3.293223e-02
0.000000e+00 3.080000e+00 1.418040e+00 1.194839e+00 0.000000e+00 -3.107992e-02
0.000000e+00 3.135000e+00 1.410993e+00 1.186929e+00 0.000000e+00 -2.929085e-02
0.000000e+00 3.190000e+00 1.404256e+00 1.179380e+00 0.000000e+00 -2.755135e-02
0.000000e+00 3.245000e+00 1.397816e+00 1.172173e+00 0.000000e+00 -2.585610e-02
0.000000e+00 3.300000e+00 1.391642e+00 1.165276e+00 0.000000e+00 -2.420845e-02
0.000000e+00 3.355000e+00 1.385696e+00 1.158643e+00 0.000000e+00 -2.261762e-02
0.000000e+00 3.410000e+00 1.379938e+00 1.152229e+00 0.000000e+00 -2.109443e-02
0.000000e+00 3.465000e+00 1.374338e+00 1.145999e+00 0.000000e+00 -1.964711e-02
0.000000e+00 3.520000e+00 1.368873e+00 1.139927e+00 0.000000e+00 -1.827854e-02
0.000000e+00 3.575000e+00 1.363537e+00 1.134007e+00 0.000000e+00 -1.698534e-02
0.000000e+00 3.630000e+00 1.358335e+00 1.128242e+00 0.000000e+00 -1.575879e-02
0.000000e+00 3.685000e+00 1.353278e+00 1.122645e+00 0.000000e+00 -1.458703e-02
0.000000e+00 3.740000e+00 1.348379e+00 1.117230e+00 0.000000e+00 -1.345778e-02
0.000000e+00 3.795000e+00 1.343647e+00 1.112006e+00 0.000000e+00 -1.236061e-02
0.000000e+00 3.850000e+00 1.339088e+00 1.106978e+00 0.000000e+00 -1.128827e-02
0.000000e+00 3.905000e+00 1.334699e+00 1.102143e+00 0.000000e+00 -1.023707e-02
0.000000e+00 3.960000e+00 1.330472e+00 1.097492e+00 0.000000e+00 -9.206265e-03
0.000000e+00 4.015000e+00 1.326394e+00 1.093010e+00 0.000000e+00 -8.197287e-03
0.000000e+00 4.070000e+00 1.322451e+00 1.088679e+00 0.000000e+00 -7.212910e-03
0.000000e+00 4.125000e+00 1.318624e+00 1.084480e+00 0.000000e+00 -6.256710e-03
0.000000e+00 4.180000e+00 1.314895e+00 1.080394e+00 0.000000e+00 -5.332679e-03
0.000000e+00 4.235000e+00 1.311248e+00 1.076400e+00 0.000000e+00 -4.444825e-03
0.000000e+00 4.290000e+00 1.307667e+00 1.072483e+00 0.000000e+00 -3.596605e-03
0.000000e+00 4.345000e+00 1.304142e+00 1.068630e+00 0.000000e+00 -2.790222e-03
0.000000e+00 4.400000e+00 1.300666e+00 1.064834e+00 0.000000e+00 -2.025936e-03
0.000000e+00 4.455000e+00 1.297240e+00 1.061096e+00 0.000000e+00 -1.301626e-03
0.000000e+00 4.510000e+00 1.293869e+00 1.057421e+00 0.000000e+00 -6.127753e-04
0.000000e+00 4.565000e+00 1.290562e+00 1.053819e+00 0.000000e+00 4.708953e-05
0.000000e+00 4.620000e+00 1.287333e+00 1.050305e+00 0.000000e+00 6.855979e-04
0.000000e+00 4.675000e+00 1.284193e+00 1.046891e+00 0.000000e+00 1.310575e-03
0.000000e+00 4.730000e+00 1.281155e+00 1.043590e+00 0.000000e+00 1.929119e-03
0.000000e+00 4.785000e+00 1.278227e+00 1.040411e+00 0.000000e+00 2.546850e-03
0.000000e+00 4.840000e+00 1.275413e+00 1.037358e+00 0.000000e+00 3.167419e-03
0.000000e+00 4.895000e+00 1.272712e+00 1.034431e+00 0.000000e+00 3.792283e-03
0.000000e+00 4.950000e+00 1.270120e+00 1.031622e+00 0.000000e+00 4.420759e-03
0.000000e+00 5.005000e+00 1.267625e+00 1.028922e+00 0.000000e+00 5.050326e-03
0.000000e+00 5.060000e+00 1.265217e+00 1.026316e+00 0.000000e+00 5.677121e-03
0.000000e+00 5.115000e+00 1.262880e+00 1.023789e+00 0.000000e+00 6.296533e-03
0.000000e+00 5.170000e+00 1.260600e+00 1.021326e+00 0.000000e+00 6.903804e-03
0.000000e+00 5.225000e+00 1.258365e+00 1.018912e+00 0.000000e+00 7.494518e-03
0.000000e+00 5.280000e+00 1.256163e+00 1.016535e+00 0.000000e+00 8.064897e-03
0.000000e+00 5.335000e+00 1.253983e+00 1.014184e+00 0.000000e+00 8.611890e-03
0.000000e+00 5.390000e+00 1.251818e+00 1.011850e+00 0.000000e+00 9.133107e-03
0.000000e+00 5.445000e+00 1.249659e+00 1.009524e+00 0.000000e+00 9.626745e-03
0.000000e+00 5.500000e+00 1.247503e+00 1.007202e+00 0.000000e+00 1.009167e-02
0.000000e+00 5.555000e+00 1.245347e+00 1.004882e+00 0.000000e+00 1.052773e-02
0.000000e+00 5.610000e+00 1.243194e+00 1.002566e+00 0.000000e+00 1.093628e-02
0.000000e+00 5.665000e+00 1.241052e+00 1.000264e+00 0.000000e+00 1.132059e-02
0.000000e+00 5.720000e+00 1.238932e+00 9.979859e-01 0.000000e+00 1.168590e-02
0.000000e+00 5.775000e+00 1.236847e+00 9.957475e-01 0.000000e+00 1.203897e-02
0.000000e+00 5.830000e+00 1.234812e+00 9.935639e-01 0.000000e+00 1.238706e-02
0.000000e+00 5.885000e+00 1.232839e+00 9.914477e-01 0.000000e+00 1.273666e-02
0.000000e+00 5.940000e+00 1.230935e+00 9.894067e-01 0.000000e+00 1.309228e-02
0.000000e+00 5.995000e+00 1.229101e+00 9.874416e-01 0.000000e+00 1.345561e-02
0.000000e+00 6.050000e+00 1.227331e+00 9.855463e-01 0.000000e+00 1.382527e-02
0.000000e+00 6.105000e+00 1.225614e+00 9.837084e-01 0.000000e+00 1.419719e-02
0.000000e+00 6.160000e+00 1.223936e+00 9.819125e-01 0.000000e+00 1.456556e-02
0.000000e+00 6.215000e+00 1.222282e+00 9.801436e-01 0.000000e+00 1.492419e-02
0.000000e+00 6.270000e+00 1.220641e+00 9.783898e-01 0.000000e+00 1.526793e-02
0.000000e+00 6.325000e+00 1.219008e+00 9.766456e-01 0.000000e+00 1.559389e-02
0.000000e+00 6.380000e+00 1.217385e+00 9.749115e-01 0.000000e+00 1.590213e-02
0.000000e+00 6.435000e+00 1.215776e+00 9.731939e-01 0.000000e+00 1.619548e-02
0.000000e+00 6.490000e+00 1.214190e+00 9.715019e-01 0.000000e+00 1.647856e-02
0.000000e+00 6.545000e+00 1.212636e+00 9.698445e-01 0.000000e+00 1.675626e-02
0.000000e+00 6.600000e+00 1.211120e+00 9.682275e-01 0.000000e+00 1.703210e-02
0.000000e+00 6.655000e+00 1.209640e+00 9.666507e-01 0.000000e+00 1.730710e-02
0.000000e+00 6.710000e+00 1.208192e+00 9.651083e-01 0.000000e+00 1.757943e-02
0.000000e+00 6.765000e+00 1.206766e+00 9.635896e-01 0.000000e+00 1.784496e-02
0.000000e+00 6.820000e+00 1.205349e+00 9.620819e-01 0.000000e+00 1.809845e-02
0.000000e+00 6.875000e+00 1.203932e+00 9.605736e-01 0.000000e+00 1.833497e-02
0.000000e+00 6.930000e+00 1.202507e+00 9.590576e-01 0.000000e+00 1.855117e-02
0.000000e+00 6.985000e+00 1.201072e+00 9.575322e-01 0.000000e+00 1.874596e-02
0.000000e+00 7.040000e+00 1.199632e+00 9.560017e-01 0.000000e+00 1.892063e-02
0.000000e+00 7.095000e+00 1.198194e+00 9.544742e-01 0.000000e+00 1.907837e-02
0.000000e+00 7.150000e+00 1.196767e+00 9.529595e-01 0.000000e+00 1.922334e-02
0.000000e+00 7.205000e+00 1.195361e+00 9.514663e-01 0.000000e+00 1.935967e-02
0.000000e+00 7.260000e+00 1.193979e+00 9.500004e-01 0.000000e+00 1.949050e-02
0.000000e+00 7.315000e+00 1.192625e+00 9.485635e-01 0.000000e+00 1.961728e-02
0.000000e+00 7.370000e+00 1.191294e+00 9.471530e-01 0.000000e+00 1.973946e-02
0.000000e+00 7.425000e+00 1.189983e+00 9.457627e-01 0.000000e+00 1.985446e-02
0.000000e+00 7.480000e+00 1.188681e+00 9.443834e-01 0.000000e+00 1.995811e-02
0.000000e+00 7.535000e+00 1.187379e+00 9.430044e-01 0.000000e+00 2.004533e-02
0.000000e+00 7.590000e+00 1.186067e+00 9.416154e-01 0.000000e+00 2.011088e-02
0.000000e+00 7.645000e+00 1.184737e+00 9.402078e-01 0.000000e+00 2.015012e-02
0.000000e+00 7.700000e+00 1.183383e+00 9.387760e-01 0.000000e+00 2.015951e-02
0.000000e+00 7.755000e+00 1.182004e+00 9.373178e-01 0.000000e+00 2.013706e-02
0.000000e+00 7.810000e+00 1.180601e+00 9.358347e-01 0.000000e+00 2.008258e-02
0.000000e+00 7.865000e+00 1.179179e+00 9.343313e-01 0.000000e+00 1.999753e-02
0.000000e+00 7.920000e+00 1.177741e+00 9.328133e-01 0.000000e+00 1.988416e-02
0.000000e+00 7.975000e+00 1.176294e+00 9.312851e-01 0.000000e+00 1.974411e-02
0.000000e+00 8.030000e+00 1.174837e+00 9.297475e-01 0.000000e+00 1.957685e-02
0.000000e+00 8.085000e+00 1.173366e+00 9.281955e-01 0.000000e+00 1.937825e-02
0.000000e+00 8.140000e+00 1.171869e+00 9.266169e-01 0.000000e+00 1.913890e-02
0.000000e+00 8.195000e+00 1.170327e+00 9.249921e-01 0.000000e+00 1.884401e-02
0.000000e+00 8.250000e+00 1.168721e+00 9.232995e-01 0.000000e+00 1.847715e-02
0.000000e+00 8.305000e+00 1.167033e+00 9.215216e-01 0.000000e+00 1.802499e-02
0.000000e+00 8.360000e+00 1.165245e+00 9.196397e-01 0.000000e+00 1.747308e-02
0.000000e+00 8.415000e+00 1.163320e+00 9.176145e-01 0.000000e+00 1.678960e-02
0.000000e+00 8.470000e+00 1.161193e+00 9.153786e-01 0.000000e+00 1.591891e-02
0.000000e+00 8.525000e+00 1.158810e+00 9.128751e-01 0.000000e+00 1.481428e-02
0.000000e+00 8.580000e+00 1.156178e+00 9.101107e-01 0.000000e+00 1.348225e-02
0.000000e+00 8.635000e+00 1.153309e+00 9.071012e-01 0.000000e+00 1.193633e-02
0.000000e+00 8.690000e+00 1.150014e+00 9.036471e-01 0.000000e+00 1.001196e-02
0.000000e+00 8.745000e+00 1.145731e+00 8.991629e-01 0.000000e+00 7.205014e-03
0.000000e+00 8.800000e+00 1.139729e+00 8.928888e-01 0.000000e+00 2.863750e-03
0.000000e+00 8.855000e+00 1.131895e+00 8.847158e-01 0.000000e+00 -3.122180e-03
0.000000e+00 8.910000e+00 1.123042e+00 8.755017e-01 0.000000e+00 -1.003803e-02
0.000000e+00 8.965000e+00 1.114365e+00 8.664932e-01 0.000000e+00 -1.680922e-02
0.000000e+00 9.020000e+00 1.106850e+00 8.587104e-01 0.000000e+00 -2.252969e-02
0.000000e+00 9.075000e+00 1.100892e+00 8.525525e-01 0.000000e+00 -2.682825e-02
0.000000e+00 9.130000e+00 1.096249e+00 8.477623e-01 0.000000e+00 -2.992045e-02
0.000000e+00 9.185000e+00 1.092427e+00 8.438236e-01 0.000000e+00 -3.225908e-02
0.000000e+00 9.240000e+00 1.089067e+00 8.403646e-01 0.000000e+00 -3.417263e-02
0.000000e+00 9.295000e+00 1.086022e+00 8.372325e-01 0.000000e+00 -3.578898e-02
0.000000e+00 9.350000e+00 1.083253e+00 8.343873e-01 0.000000e+00 -3.713108e-02
0.000000e+00 9.405000e+00 1.080739e+00 8.318059e-01 0.000000e+00 -3.820799e-02
0.000000e+00 9.460000e+00 1.078438e+00 8.294452e-01 0.000000e+00 -3.905595e-02
0.000000e+00 9.515000e+00 1.076312e+00 8.272655e-01 0.000000e+00 -3.972348e-02
0.000000e+00 9.570000e+00 1.074317e+00 8.252241e-01 0.000000e+00 -4.027730e-02
0.000000e+00 9.625000e+00 1.072445e+00 8.233122e-01 0.000000e+00 -4.076427e-02
0.000000e+00 9.680000e+00 1.070659e+00 8.214949e-01 0.000000e+00 -4.125515e-02
0.000000e+00 9.735000e+00 1.068990e+00 8.198016e-01 0.000000e+00 -4.175309e-02
0.000000e+00 9.790000e+00 1.067371e+00 8.181653e-01 0.000000e+00 -4.233537e-02
0.000000e+00 9.845000e+00 1.065908e+00 8.166885e-01 0.000000e+00 -4.290334e-02
0.000000e+00 9.900000e+00 1.064431e+00 8.151898e-01 0.000000e+00 -4.360964e-02
0.000000e+00 9.955000e+00 1.063339e+00 8.140741e-01 0.000000e+00 -4.404066e-02
0.000000e+00 1.001000e+01 1.103350e+00 8.550910e-01 -0.000000e+00 -6.410000e-03
0.000000e+00 1.006500e+01 1.103350e+00 8.550910e-01 -0.000000e+00 -6.410000e-03
0.000000e+00 1.012000e+01 1.103350e+00 8.550910e-01 -0.000000e+00 -6.410000e-03
0.000000e+00 1.017500e+01 1.103350e+00 8.550910e-01 -0.000000e+00 -6.410000e-03
0.000000e+00 1.023000e+01 1.103350e+00 8.550910e-01 -0.000000e+00 -6.410000e-03
0.000000e+00 1.028500e+01 1.103350e+00 8.550910e-01 -0.000000e+00 -6.410000e-03
0.000000e+00 1.034000e+01 1.103350e+00 8.550910e-01 -0.000000e+00 -6.410000e-03
0.000000e+00 1.039500e+01 1.103350e+00 8.550910e-01 -0.000000e+00 -6.410000e-03
0.000000e+00 1.045000e+01 1.103350e+00 8.550910e-01 -0.000000e+00 -6.410000e-03
0.000000e+00 1.050500e+01 1.103350e+00 8.550910e-01 -0.000000e+00 -6.410000e-03
0.000000e+00 1.056000e+01 1.103350e+00 8.550910e-01 -0.000000e+00 -6.410000e-03
0.000000e+00 1.061500e+01 1.103350e+00 8.550910e-01 -0.000000e+00 -6.410000e-03
0.000000e+00 1.067000e+01 1.103350e+00 8.550910e-01 -0.000000e+00 -6.410000e-03
0.000000e+00 1.072500e+01 1.103350e+00 8.550910e-01 -0.000000e+00 -6.410000e-03
0.000000e+00 1.078000e+01 1.103350e+00 8.550910e-01 -0.000000e+00 -6.410000e-03
0.000000e+00 1.083500e+01 1.103350e+00 8.550910e-01 -0.000000e+00 -6.410000e-03
0.000000e+00 1.089000e+01 1.103350e+00 8.550910e-01 -0.000000e+00 -6.410000e-03
0.000000e+00 1.094500e+01 1.103350e+00 8.550910e-01 -0.000000e+00 -6.410000e-03
0.000000e+00 1.100000e+01 1.103350e+00 8.550910e-01 -0.000000e+00 -6.410000e-03
