#############TIME##################
1.801837e+00 
###################################
0.000000e+00 0.000000e+00 7.432224e+00 1.090552e+01 0.000000e+00 -1.600740e+00
0.000000e+00 5.500000e-02 7.432224e+00 1.090552e+01 0.000000e+00 -1.600740e+00
0.000000e+00 1.100000e-01 7.432224e+00 1.090552e+01 0.000000e+00 -1.600740e+00
0.000000e+00 1.650000e-01 7.432224e+00 1.090552e+01 0.000000e+00 -1.600740e+00
0.000000e+00 2.200000e-01 7.449887e+00 1.094024e+01 0.000000e+00 -1.599405e+00
0.000000e+00 2.750000e-01 5.872001e+00 7.914721e+00 0.000000e+00 -1.387273e+00
0.000000e+00 3.300000e-01 4.880583e+00 6.201753e+00 0.000000e+00 -1.205905e+00
0.000000e+00 3.850000e-01 4.164976e+00 5.018616e+00 0.000000e+00 -1.076703e+00
0.000000e+00 4.400000e-01 3.630520e+00 4.182176e+00 0.000000e+00 -9.746616e-01
0.000000e+00 4.950000e-01 3.226980e+00 3.574224e+00 0.000000e+00 -8.941926e-01
0.000000e+00 5.500000e-01 2.906438e+00 3.109424e+00 0.000000e+00 -8.288893e-01
0.000000e+00 6.050000e-01 2.647916e+00 2.746570e+00 0.000000e+00 -7.766023e-01
0.000000e+00 6.600000e-01 2.434346e+00 2.455347e+00 0.000000e+00 -7.334003e-01
0.000000e+00 7.150000e-01 2.256027e+00 2.218695e+00 0.000000e+00 -6.977280e-01
0.000000e+00 7.700000e-01 2.104901e+00 2.022826e+00 0.000000e+00 -6.675734e-01
0.000000e+00 8.250000e-01 1.975879e+00 1.859294e+00 0.000000e+00 -6.418921e-01
0.000000e+00 8.800000e-01 1.865032e+00 1.721571e+00 0.000000e+00 -6.193889e-01
0.000000e+00 9.350000e-01 1.769636e+00 1.605207e+00 0.000000e+00 -5.992263e-01
0.000000e+00 9.900000e-01 1.687327e+00 1.506460e+00 0.000000e+00 -5.806543e-01
0.000000e+00 1.045000e+00 1.616173e+00 1.422375e+00 0.000000e+00 -5.632406e-01
0.000000e+00 1.100000e+00 1.554447e+00 1.350418e+00 0.000000e+00 -5.466713e-01
0.000000e+00 1.155000e+00 1.500715e+00 1.288545e+00 0.000000e+00 -5.307770e-01
0.000000e+00 1.210000e+00 1.453769e+00 1.235084e+00 0.000000e+00 -5.154294e-01
0.000000e+00 1.265000e+00 1.412641e+00 1.188718e+00 0.000000e+00 -5.005386e-01
0.000000e+00 1.320000e+00 1.376539e+00 1.148385e+00 0.000000e+00 -4.860246e-01
0.000000e+00 1.375000e+00 1.344805e+00 1.113225e+00 0.000000e+00 -4.718288e-01
0.000000e+00 1.430000e+00 1.316879e+00 1.082514e+00 0.000000e+00 -4.579127e-01
0.000000e+00 1.485000e+00 1.292274e+00 1.055639e+00 0.000000e+00 -4.442602e-01
0.000000e+00 1.540000e+00 1.270572e+00 1.032076e+00 0.000000e+00 -4.308683e-01
0.000000e+00 1.595000e+00 1.251410e+00 1.011382e+00 0.000000e+00 -4.177398e-01
0.000000e+00 1.650000e+00 1.234479e+00 9.931853e-01 0.000000e+00 -4.048784e-01
0.000000e+00 1.705000e+00 1.219514e+00 9.771688e-01 0.000000e+00 -3.922878e-01
0.000000e+00 1.760000e+00 1.206284e+00 9.630624e-01 0.000000e+00 -3.799726e-01
0.000000e+00 1.815000e+00 1.194585e+00 9.506323e-01 0.000000e+00 -3.679383e-01
0.000000e+00 1.870000e+00 1.184242e+00 9.396751e-01 0.000000e+00 -3.561912e-01
0.000000e+00 1.925000e+00 1.175096e+00 9.300132e-01 0.000000e+00 -3.447379e-01
0.000000e+00 1.980000e+00 1.167010e+00 9.214911e-01 0.000000e+00 -3.335848e-01
0.000000e+00 2.035000e+00 1.159860e+00 9.139725e-01 0.000000e+00 -3.227374e-01
0.000000e+00 2.090000e+00 1.153539e+00 9.073377e-01 0.000000e+00 -3.122002e-01
0.000000e+00 2.145000e+00 1.147950e+00 9.014815e-01 0.000000e+00 -3.019765e-01
0.000000e+00 2.200000e+00 1.143008e+00 8.963113e-01 0.000000e+00 -2.920681e-01
0.000000e+00 2.255000e+00 1.138638e+00 8.917454e-01 0.000000e+00 -2.824758e-01
0.000000e+00 2.310000e+00 1.134773e+00 8.877121e-01 0.000000e+00 -2.731988e-01
0.000000e+00 2.365000e+00 1.131354e+00 8.841478e-01 0.000000e+00 -2.642351e-01
0.000000e+00 2.420000e+00 1.128328e+00 8.809968e-01 0.000000e+00 -2.555818e-01
0.000000e+00 2.475000e+00 1.125649e+00 8.782097e-01 0.000000e+00 -2.472346e-01
0.000000e+00 2.530000e+00 1.123277e+00 8.757433e-01 0.000000e+00 -2.391883e-01
0.000000e+00 2.585000e+00 1.121176e+00 8.735593e-01 0.000000e+00 -2.314371e-01
0.000000e+00 2.640000e+00 1.119312e+00 8.716241e-01 0.000000e+00 -2.239742e-01
0.000000e+00 2.695000e+00 1.117659e+00 8.699082e-01 0.000000e+00 -2.167923e-01
0.000000e+00 2.750000e+00 1.116191e+00 8.683855e-01 0.000000e+00 -2.098838e-01
0.000000e+00 2.805000e+00 1.114887e+00 8.670331e-01 0.000000e+00 -2.032405e-01
0.000000e+00 2.860000e+00 1.113728e+00 8.658309e-01 0.000000e+00 -1.968539e-01
0.000000e+00 2.915000e+00 1.112696e+00 8.647613e-01 0.000000e+00 -1.907156e-01
0.000000e+00 2.970000e+00 1.111776e+00 8.638086e-01 0.000000e+00 -1.848167e-01
0.000000e+00 3.025000e+00 1.110956e+00 8.629594e-01 0.000000e+00 -1.791487e-01
0.000000e+00 3.080000e+00 1.110224e+00 8.622015e-01 0.000000e+00 -1.737027e-01
0.000000e+00 3.135000e+00 1.109570e+00 8.615244e-01 0.000000e+00 -1.684702e-01
0.000000e+00 3.190000e+00 1.108985e+00 8.609188e-01 0.000000e+00 -1.634427e-01
0.000000e+00 3.245000e+00 1.108461e+00 8.603766e-01 0.000000e+00 -1.586118e-01
0.000000e+00 3.300000e+00 1.107992e+00 8.598906e-01 0.000000e+00 -1.539696e-01
0.000000e+00 3.355000e+00 1.107570e+00 8.594545e-01 0.000000e+00 -1.495080e-01
0.000000e+00 3.410000e+00 1.107192e+00 8.590628e-01 0.000000e+00 -1.452195e-01
0.000000e+00 3.465000e+00 1.106851e+00 8.587104e-01 0.000000e+00 -1.410966e-01
0.000000e+00 3.520000e+00 1.106544e+00 8.583931e-01 0.000000e+00 -1.371321e-01
0.000000e+00 3.575000e+00 1.106268e+00 8.581071e-01 0.000000e+00 -1.333191e-01
0.000000e+00 3.630000e+00 1.106018e+00 8.578490e-01 0.000000e+00 -1.296511e-01
0.000000e+00 3.685000e+00 1.105792e+00 8.576157e-01 0.000000e+00 -1.261217e-01
0.000000e+00 3.740000e+00 1.105588e+00 8.574048e-01 0.000000e+00 -1.227248e-01
0.000000e+00 3.795000e+00 1.105404e+00 8.572137e-01 0.000000e+00 -1.194545e-01
0.000000e+00 3.850000e+00 1.105236e+00 8.570405e-01 0.000000e+00 -1.163053e-01
0.000000e+00 3.905000e+00 1.105084e+00 8.568833e-01 0.000000e+00 -1.132719e-01
0.000000e+00 3.960000e+00 1.104946e+00 8.567405e-01 0.000000e+00 -1.103490e-01
0.000000e+00 4.015000e+00 1.104820e+00 8.566106e-01 0.000000e+00 -1.075320e-01
0.000000e+00 4.070000e+00 1.104706e+00 8.564923e-01 0.000000e+00 -1.048161e-01
0.000000e+00 4.125000e+00 1.104602e+00 8.563845e-01 0.000000e+00 -1.021970e-01
0.000000e+00 4.180000e+00 1.104506e+00 8.562862e-01 0.000000e+00 -9.967037e-02
0.000000e+00 4.235000e+00 1.104419e+00 8.561963e-01 0.000000e+00 -9.723227e-02
0.000000e+00 4.290000e+00 1.104340e+00 8.561142e-01 0.000000e+00 -9.487888e-02
0.000000e+00 4.345000e+00 1.104267e+00 8.560390e-01 0.000000e+00 -9.260655e-02
0.000000e+00 4.400000e+00 1.104201e+00 8.559701e-01 0.000000e+00 -9.041183e-02
0.000000e+00 4.455000e+00 1.104140e+00 8.559069e-01 0.000000e+00 -8.829141e-02
0.000000e+00 4.510000e+00 1.104083e+00 8.558489e-01 0.000000e+00 -8.624215e-02
0.000000e+00 4.565000e+00 1.104032e+00 8.557957e-01 0.000000e+00 -8.426107e-02
0.000000e+00 4.620000e+00 1.103984e+00 8.557467e-01 0.000000e+00 -8.234533e-02
0.000000e+00 4.675000e+00 1.103941e+00 8.557016e-01 0.000000e+00 -8.049220e-02
0.000000e+00 4.730000e+00 1.103901e+00 8.556601e-01 0.000000e+00 -7.869912e-02
0.000000e+00 4.785000e+00 1.103864e+00 8.556218e-01 0.000000e+00 -7.696363e-02
0.000000e+00 4.840000e+00 1.103829e+00 8.555864e-01 0.000000e+00 -7.528338e-02
0.000000e+00 4.895000e+00 1.103798e+00 8.555538e-01 0.000000e+00 -7.365614e-02
0.000000e+00 4.950000e+00 1.103769e+00 8.555236e-01 0.000000e+00 -7.207980e-02
0.000000e+00 5.005000e+00 1.103742e+00 8.554957e-01 0.000000e+00 -7.055232e-02
0.000000e+00 5.060000e+00 1.103717e+00 8.554698e-01 0.000000e+00 -6.907177e-02
0.000000e+00 5.115000e+00 1.103693e+00 8.554459e-01 0.000000e+00 -6.763632e-02
0.000000e+00 5.170000e+00 1.103672e+00 8.554237e-01 0.000000e+00 -6.624421e-02
0.000000e+00 5.225000e+00 1.103652e+00 8.554030e-01 0.000000e+00 -6.489376e-02
0.000000e+00 5.280000e+00 1.103633e+00 8.553839e-01 0.000000e+00 -6.358337e-02
0.000000e+00 5.335000e+00 1.103616e+00 8.553661e-01 0.000000e+00 -6.231152e-02
0.000000e+00 5.390000e+00 1.103600e+00 8.553495e-01 0.000000e+00 -6.107675e-02
0.000000e+00 5.445000e+00 1.103585e+00 8.553341e-01 0.000000e+00 -5.987768e-02
0.000000e+00 5.500000e+00 1.103571e+00 8.553198e-01 0.000000e+00 -5.871296e-02
0.000000e+00 5.555000e+00 1.103558e+00 8.553064e-01 0.000000e+00 -5.758135e-02
0.000000e+00 5.610000e+00 1.103546e+00 8.552939e-01 0.000000e+00 -5.648161e-02
0.000000e+00 5.665000e+00 1.103535e+00 8.552823e-01 0.000000e+00 -5.541259e-02
0.000000e+00 5.720000e+00 1.103525e+00 8.552714e-01 0.000000e+00 -5.437318e-02
0.000000e+00 5.775000e+00 1.103515e+00 8.552613e-01 0.000000e+00 -5.336233e-02
0.000000e+00 5.830000e+00 1.103506e+00 8.552518e-01 0.000000e+00 -5.237900e-02
0.000000e+00 5.885000e+00 1.103497e+00 8.552429e-01 0.000000e+00 -5.142225e-02
0.000000e+00 5.940000e+00 1.103489e+00 8.552346e-01 0.000000e+00 -5.049112e-02
0.000000e+00 5.995000e+00 1.103481e+00 8.552268e-01 0.000000e+00 -4.958473e-02
0.000000e+00 6.050000e+00 1.103474e+00 8.552195e-01 0.000000e+00 -4.870224e-02
0.000000e+00 6.105000e+00 1.103468e+00 8.552126e-01 0.000000e+00 -4.784281e-02
0.000000e+00 6.160000e+00 1.103461e+00 8.552062e-01 0.000000e+00 -4.700567e-02
0.000000e+00 6.215000e+00 1.103456e+00 8.552001e-01 0.000000e+00 -4.619006e-02
0.000000e+00 6.270000e+00 1.103450e+00 8.551945e-01 0.000000e+00 -4.539527e-02
0.000000e+00 6.325000e+00 1.103445e+00 8.551891e-01 0.000000e+00 -4.462059e-02
0.000000e+00 6.380000e+00 1.103440e+00 8.551841e-01 0.000000e+00 -4.386537e-02
0.000000e+00 6.435000e+00 1.103436e+00 8.551794e-01 0.000000e+00 -4.312898e-02
0.000000e+00 6.490000e+00 1.103431e+00 8.551749e-01 0.000000e+00 -4.241079e-02
0.000000e+00 6.545000e+00 1.103427e+00 8.551708e-01 0.000000e+00 -4.171022e-02
0.000000e+00 6.600000e+00 1.103423e+00 8.551668e-01 0.000000e+00 -4.102671e-02
0.000000e+00 6.655000e+00 1.103420e+00 8.551631e-01 0.000000e+00 -4.035972e-02
0.000000e+00 6.710000e+00 1.103416e+00 8.551596e-01 0.000000e+00 -3.970871e-02
0.000000e+00 6.765000e+00 1.103413e+00 8.551563e-01 0.000000e+00 -3.907320e-02
0.000000e+00 6.820000e+00 1.103410e+00 8.551532e-01 0.000000e+00 -3.845270e-02
0.000000e+00 6.875000e+00 1.103407e+00 8.551502e-01 0.000000e+00 -3.784674e-02
0.000000e+00 6.930000e+00 1.103405e+00 8.551474e-01 0.000000e+00 -3.725488e-02
0.000000e+00 6.985000e+00 1.103402e+00 8.551448e-01 0.000000e+00 -3.667669e-02
0.000000e+00 7.040000e+00 1.103400e+00 8.551423e-01 0.000000e+00 -3.611176e-02
0.000000e+00 7.095000e+00 1.103397e+00 8.551399e-01 0.000000e+00 -3.555970e-02
0.000000e+00 7.150000e+00 1.103395e+00 8.551377e-01 0.000000e+00 -3.502010e-02
0.000000e+00 7.205000e+00 1.103393e+00 8.551355e-01 0.000000e+00 -3.449258e-02
0.000000e+00 7.260000e+00 1.103391e+00 8.551335e-01 0.000000e+00 -3.397678e-02
0.000000e+00 7.315000e+00 1.103389e+00 8.551316e-01 0.000000e+00 -3.347247e-02
0.000000e+00 7.370000e+00 1.103388e+00 8.551301e-01 0.000000e+00 -3.297943e-02
0.000000e+00 7.425000e+00 1.103386e+00 8.551286e-01 0.000000e+00 -3.249717e-02
0.000000e+00 7.480000e+00 1.103384e+00 8.551266e-01 0.000000e+00 -3.202473e-02
0.000000e+00 7.535000e+00 1.103381e+00 8.551234e-01 0.000000e+00 -3.156138e-02
0.000000e+00 7.590000e+00 1.103379e+00 8.551207e-01 0.000000e+00 -3.110821e-02
0.000000e+00 7.645000e+00 1.103380e+00 8.551224e-01 0.000000e+00 -3.066852e-02
0.000000e+00 7.700000e+00 1.103388e+00 8.551304e-01 0.000000e+00 -3.024375e-02
0.000000e+00 7.755000e+00 1.103394e+00 8.551364e-01 0.000000e+00 -2.982621e-02
0.000000e+00 7.810000e+00 1.103379e+00 8.551210e-01 0.000000e+00 -2.939829e-02
0.000000e+00 7.865000e+00 1.103334e+00 8.550740e-01 0.000000e+00 -2.895020e-02
0.000000e+00 7.920000e+00 1.103290e+00 8.550292e-01 0.000000e+00 -2.851219e-02
0.000000e+00 7.975000e+00 1.103345e+00 8.550857e-01 0.000000e+00 -2.817351e-02
0.000000e+00 8.030000e+00 1.103632e+00 8.553825e-01 0.000000e+00 -2.805905e-02
0.000000e+00 8.085000e+00 1.104232e+00 8.560028e-01 0.000000e+00 -2.824068e-02
0.000000e+00 8.140000e+00 1.105070e+00 8.568691e-01 0.000000e+00 -2.864268e-02
0.000000e+00 8.195000e+00 1.105939e+00 8.577676e-01 0.000000e+00 -2.906656e-02
0.000000e+00 8.250000e+00 1.106581e+00 8.584313e-01 0.000000e+00 -2.927233e-02
0.000000e+00 8.305000e+00 1.106784e+00 8.586413e-01 0.000000e+00 -2.907645e-02
0.000000e+00 8.360000e+00 1.106533e+00 8.583814e-01 0.000000e+00 -2.848210e-02
0.000000e+00 8.415000e+00 1.105990e+00 8.578197e-01 0.000000e+00 -2.765137e-02
0.000000e+00 8.470000e+00 1.105372e+00 8.571807e-01 0.000000e+00 -2.677412e-02
0.000000e+00 8.525000e+00 1.104877e+00 8.566697e-01 0.000000e+00 -2.600712e-02
0.000000e+00 8.580000e+00 1.104609e+00 8.563919e-01 0.000000e+00 -2.542182e-02
0.000000e+00 8.635000e+00 1.104506e+00 8.562859e-01 0.000000e+00 -2.496685e-02
0.000000e+00 8.690000e+00 1.104394e+00 8.561704e-01 0.000000e+00 -2.451440e-02
0.000000e+00 8.745000e+00 1.104115e+00 8.558815e-01 0.000000e+00 -2.395338e-02
0.000000e+00 8.800000e+00 1.103648e+00 8.553985e-01 0.000000e+00 -2.327266e-02
0.000000e+00 8.855000e+00 1.103112e+00 8.548452e-01 0.000000e+00 -2.255680e-02
0.000000e+00 8.910000e+00 1.102654e+00 8.543722e-01 0.000000e+00 -2.190274e-02
0.000000e+00 8.965000e+00 1.102335e+00 8.540428e-01 0.000000e+00 -2.134514e-02
0.000000e+00 9.020000e+00 1.102112e+00 8.538120e-01 0.000000e+00 -2.084700e-02
0.000000e+00 9.075000e+00 1.101905e+00 8.535980e-01 0.000000e+00 -2.035376e-02
0.000000e+00 9.130000e+00 1.101666e+00 8.533511e-01 0.000000e+00 -1.983963e-02
0.000000e+00 9.185000e+00 1.101389e+00 8.530650e-01 0.000000e+00 -1.930977e-02
0.000000e+00 9.240000e+00 1.101086e+00 8.527525e-01 0.000000e+00 -1.877788e-02
0.000000e+00 9.295000e+00 1.100770e+00 8.524266e-01 0.000000e+00 -1.825220e-02
0.000000e+00 9.350000e+00 1.100450e+00 8.520960e-01 0.000000e+00 -1.773533e-02
0.000000e+00 9.405000e+00 1.100131e+00 8.517664e-01 0.000000e+00 -1.722775e-02
0.000000e+00 9.460000e+00 1.099816e+00 8.514407e-01 0.000000e+00 -1.672842e-02
0.000000e+00 9.515000e+00 1.099504e+00 8.511193e-01 0.000000e+00 -1.623584e-02
0.000000e+00 9.570000e+00 1.099198e+00 8.508033e-01 0.000000e+00 -1.574797e-02
0.000000e+00 9.625000e+00 1.098896e+00 8.504926e-01 0.000000e+00 -1.526516e-02
0.000000e+00 9.680000e+00 1.098603e+00 8.501888e-01 0.000000e+00 -1.478714e-02
0.000000e+00 9.735000e+00 1.098314e+00 8.498903e-01 0.000000e+00 -1.431490e-02
0.000000e+00 9.790000e+00 1.098033e+00 8.495998e-01 0.000000e+00 -1.384051e-02
0.000000e+00 9.845000e+00 1.097752e+00 8.493117e-01 0.000000e+00 -1.336323e-02
0.000000e+00 9.900000e+00 1.097477e+00 8.490320e-01 0.000000e+00 -1.288393e-02
0.000000e+00 9.955000e+00 1.097196e+00 8.487427e-01 0.000000e+00 -1.244237e-02
0.000000e+00 1.001000e+01 1.103350e+00 8.550910e-01 -0.000000e+00 -6.410000e-03
0.000000e+00 1.006500e+01 1.103350e+00 8.550910e-01 -0.000000e+00 -6.410000e-03
0.000000e+00 1.012000e+01 1.103350e+00 8.550910e-01 -0.000000e+00 -6.410000e-03
0.000000e+00 1.017500e+01 1.103350e+00 8.550910e-01 -0.000000e+00 -6.410000e-03
0.000000e+00 1.023000e+01 1.103350e+00 8.550910e-01 -0.000000e+00 -6.410000e-03
0.000000e+00 1.028500e+01 1.103350e+00 8.550910e-01 -0.000000e+00 -6.410000e-03
0.000000e+00 1.034000e+01 1.103350e+00 8.550910e-01 -0.000000e+00 -6.410000e-03
0.000000e+00 1.039500e+01 1.103350e+00 8.550910e-01 -0.000000e+00 -6.410000e-03
0.000000e+00 1.045000e+01 1.103350e+00 8.550910e-01 -0.000000e+00 -6.410000e-03
0.000000e+00 1.050500e+01 1.103350e+00 8.550910e-01 -0.000000e+00 -6.410000e-03
0.000000e+00 1.056000e+01 1.103350e+00 8.550910e-01 -0.000000e+00 -6.410000e-03
0.000000e+00 1.061500e+01 1.103350e+00 8.550910e-01 -0.000000e+00 -6.410000e-03
0.000000e+00 1.067000e+01 1.103350e+00 8.550910e-01 -0.000000e+00 -6.410000e-03
0.000000e+00 1.072500e+01 1.103350e+00 8.550910e-01 -0.000000e+00 -6.410000e-03
0.000000e+00 1.078000e+01 1.103350e+00 8.550910e-01 -0.000000e+00 -6.410000e-03
0.000000e+00 1.083500e+01 1.103350e+00 8.550910e-01 -0.000000e+00 -6.410000e-03
0.000000e+00 1.089000e+01 1.103350e+00 8.550910e-01 -0.000000e+00 -6.410000e-03
0.000000e+00 1.094500e+01 1.103350e+00 8.550910e-01 -0.000000e+00 -6.410000e-03
0.000000e+00 1.100000e+01 1.103350e+00 8.550910e-01 -0.000000e+00 -6.410000e-03
