#############TIME##################
1.340423e+01 
###################################
0.000000e+00 0.000000e+00 8.778909e+00 1.364090e+01 0.000000e+00 -1.458232e+00
0.000000e+00 5.500000e-02 8.778909e+00 1.364090e+01 0.000000e+00 -1.458232e+00
0.000000e+00 1.100000e-01 8.778909e+00 1.364090e+01 0.000000e+00 -1.458232e+00
0.000000e+00 1.650000e-01 8.778909e+00 1.364090e+01 0.000000e+00 -1.458232e+00
0.000000e+00 2.200000e-01 8.778530e+00 1.364012e+01 0.000000e+00 -1.458253e+00
0.000000e+00 2.750000e-01 6.844094e+00 9.717888e+00 0.000000e+00 -1.259167e+00
0.000000e+00 3.300000e-01 5.696235e+00 7.631776e+00 0.000000e+00 -1.075697e+00
0.000000e+00 3.850000e-01 4.911386e+00 6.266686e+00 0.000000e+00 -9.341564e-01
0.000000e+00 4.400000e-01 4.335854e+00 5.311866e+00 0.000000e+00 -8.181788e-01
0.000000e+00 4.950000e-01 3.900829e+00 4.614613e+00 0.000000e+00 -7.248467e-01
0.000000e+00 5.500000e-01 3.558989e+00 4.084123e+00 0.000000e+00 -6.472531e-01
0.000000e+00 6.050000e-01 3.285325e+00 3.671125e+00 0.000000e+00 -5.825020e-01
0.000000e+00 6.600000e-01 3.061252e+00 3.340979e+00 0.000000e+00 -5.273973e-01
0.000000e+00 7.150000e-01 2.875110e+00 3.072639e+00 0.000000e+00 -4.802200e-01
0.000000e+00 7.700000e-01 2.718054e+00 2.850529e+00 0.000000e+00 -4.393050e-01
0.000000e+00 8.250000e-01 2.584076e+00 2.664312e+00 0.000000e+00 -4.036085e-01
0.000000e+00 8.800000e-01 2.468474e+00 2.506134e+00 0.000000e+00 -3.721740e-01
0.000000e+00 9.350000e-01 2.367859e+00 2.370411e+00 0.000000e+00 -3.443378e-01
0.000000e+00 9.900000e-01 2.279533e+00 2.252813e+00 0.000000e+00 -3.195223e-01
0.000000e+00 1.045000e+00 2.201444e+00 2.150091e+00 0.000000e+00 -2.972953e-01
0.000000e+00 1.100000e+00 2.131935e+00 2.059676e+00 0.000000e+00 -2.772880e-01
0.000000e+00 1.155000e+00 2.069700e+00 1.979566e+00 0.000000e+00 -2.592075e-01
0.000000e+00 1.210000e+00 2.013668e+00 1.908149e+00 0.000000e+00 -2.428040e-01
0.000000e+00 1.265000e+00 1.962973e+00 1.844132e+00 0.000000e+00 -2.278715e-01
0.000000e+00 1.320000e+00 1.916901e+00 1.786458e+00 0.000000e+00 -2.142337e-01
0.000000e+00 1.375000e+00 1.874860e+00 1.734258e+00 0.000000e+00 -2.017422e-01
0.000000e+00 1.430000e+00 1.836356e+00 1.686813e+00 0.000000e+00 -1.902691e-01
0.000000e+00 1.485000e+00 1.800972e+00 1.643521e+00 0.000000e+00 -1.797044e-01
0.000000e+00 1.540000e+00 1.768352e+00 1.603877e+00 0.000000e+00 -1.699518e-01
0.000000e+00 1.595000e+00 1.738193e+00 1.567453e+00 0.000000e+00 -1.609261e-01
0.000000e+00 1.650000e+00 1.710233e+00 1.533887e+00 0.000000e+00 -1.525520e-01
0.000000e+00 1.705000e+00 1.684248e+00 1.502868e+00 0.000000e+00 -1.447641e-01
0.000000e+00 1.760000e+00 1.660043e+00 1.474128e+00 0.000000e+00 -1.375070e-01
0.000000e+00 1.815000e+00 1.637448e+00 1.447432e+00 0.000000e+00 -1.307334e-01
0.000000e+00 1.870000e+00 1.616313e+00 1.422576e+00 0.000000e+00 -1.244019e-01
0.000000e+00 1.925000e+00 1.596506e+00 1.399383e+00 0.000000e+00 -1.184750e-01
0.000000e+00 1.980000e+00 1.577909e+00 1.377694e+00 0.000000e+00 -1.129185e-01
0.000000e+00 2.035000e+00 1.560418e+00 1.357373e+00 0.000000e+00 -1.077012e-01
0.000000e+00 2.090000e+00 1.543940e+00 1.338298e+00 0.000000e+00 -1.027948e-01
0.000000e+00 2.145000e+00 1.528392e+00 1.320363e+00 0.000000e+00 -9.817373e-02
0.000000e+00 2.200000e+00 1.513700e+00 1.303470e+00 0.000000e+00 -9.381483e-02
0.000000e+00 2.255000e+00 1.499799e+00 1.287536e+00 0.000000e+00 -8.969709e-02
0.000000e+00 2.310000e+00 1.486628e+00 1.272486e+00 0.000000e+00 -8.580124e-02
0.000000e+00 2.365000e+00 1.474135e+00 1.258250e+00 0.000000e+00 -8.210959e-02
0.000000e+00 2.420000e+00 1.462271e+00 1.244769e+00 0.000000e+00 -7.860607e-02
0.000000e+00 2.475000e+00 1.450993e+00 1.231987e+00 0.000000e+00 -7.527639e-02
0.000000e+00 2.530000e+00 1.440260e+00 1.219853e+00 0.000000e+00 -7.210810e-02
0.000000e+00 2.585000e+00 1.430034e+00 1.208321e+00 0.000000e+00 -6.909028e-02
0.000000e+00 2.640000e+00 1.420281e+00 1.197347e+00 0.000000e+00 -6.621297e-02
0.000000e+00 2.695000e+00 1.410970e+00 1.186895e+00 0.000000e+00 -6.346668e-02
0.000000e+00 2.750000e+00 1.402074e+00 1.176929e+00 0.000000e+00 -6.084226e-02
0.000000e+00 2.805000e+00 1.393567e+00 1.167419e+00 0.000000e+00 -5.833115e-02
0.000000e+00 2.860000e+00 1.385426e+00 1.158336e+00 0.000000e+00 -5.592563e-02
0.000000e+00 2.915000e+00 1.377630e+00 1.149654e+00 0.000000e+00 -5.361844e-02
0.000000e+00 2.970000e+00 1.370161e+00 1.141351e+00 0.000000e+00 -5.140199e-02
0.000000e+00 3.025000e+00 1.363001e+00 1.133408e+00 0.000000e+00 -4.926806e-02
0.000000e+00 3.080000e+00 1.356139e+00 1.125806e+00 0.000000e+00 -4.720868e-02
0.000000e+00 3.135000e+00 1.349558e+00 1.118529e+00 0.000000e+00 -4.521815e-02
0.000000e+00 3.190000e+00 1.343241e+00 1.111554e+00 0.000000e+00 -4.329455e-02
0.000000e+00 3.245000e+00 1.337167e+00 1.104858e+00 0.000000e+00 -4.143896e-02
0.000000e+00 3.300000e+00 1.331318e+00 1.098419e+00 0.000000e+00 -3.965237e-02
0.000000e+00 3.355000e+00 1.325680e+00 1.092222e+00 0.000000e+00 -3.793218e-02
0.000000e+00 3.410000e+00 1.320248e+00 1.086259e+00 0.000000e+00 -3.627096e-02
0.000000e+00 3.465000e+00 1.315020e+00 1.080527e+00 0.000000e+00 -3.465862e-02
0.000000e+00 3.520000e+00 1.309993e+00 1.075024e+00 0.000000e+00 -3.308625e-02
0.000000e+00 3.575000e+00 1.305161e+00 1.069740e+00 0.000000e+00 -3.154876e-02
0.000000e+00 3.630000e+00 1.300514e+00 1.064665e+00 0.000000e+00 -3.004456e-02
0.000000e+00 3.685000e+00 1.296041e+00 1.059786e+00 0.000000e+00 -2.857349e-02
0.000000e+00 3.740000e+00 1.291733e+00 1.055092e+00 0.000000e+00 -2.713540e-02
0.000000e+00 3.795000e+00 1.287580e+00 1.050572e+00 0.000000e+00 -2.573077e-02
0.000000e+00 3.850000e+00 1.283570e+00 1.046212e+00 0.000000e+00 -2.436210e-02
0.000000e+00 3.905000e+00 1.279688e+00 1.041996e+00 0.000000e+00 -2.303350e-02
0.000000e+00 3.960000e+00 1.275924e+00 1.037912e+00 0.000000e+00 -2.174762e-02
0.000000e+00 4.015000e+00 1.272274e+00 1.033954e+00 0.000000e+00 -2.050191e-02
0.000000e+00 4.070000e+00 1.268740e+00 1.030126e+00 0.000000e+00 -1.928752e-02
0.000000e+00 4.125000e+00 1.265330e+00 1.026437e+00 0.000000e+00 -1.809277e-02
0.000000e+00 4.180000e+00 1.262049e+00 1.022890e+00 0.000000e+00 -1.690922e-02
0.000000e+00 4.235000e+00 1.258892e+00 1.019480e+00 0.000000e+00 -1.573630e-02
0.000000e+00 4.290000e+00 1.255843e+00 1.016189e+00 0.000000e+00 -1.458110e-02
0.000000e+00 4.345000e+00 1.252886e+00 1.013000e+00 0.000000e+00 -1.345364e-02
0.000000e+00 4.400000e+00 1.250007e+00 1.009897e+00 0.000000e+00 -1.236081e-02
0.000000e+00 4.455000e+00 1.247200e+00 1.006875e+00 0.000000e+00 -1.130279e-02
0.000000e+00 4.510000e+00 1.244469e+00 1.003936e+00 0.000000e+00 -1.027382e-02
0.000000e+00 4.565000e+00 1.241818e+00 1.001086e+00 0.000000e+00 -9.265992e-03
0.000000e+00 4.620000e+00 1.239251e+00 9.983286e-01 0.000000e+00 -8.273325e-03
0.000000e+00 4.675000e+00 1.236767e+00 9.956614e-01 0.000000e+00 -7.293913e-03
0.000000e+00 4.730000e+00 1.234360e+00 9.930780e-01 0.000000e+00 -6.329923e-03
0.000000e+00 4.785000e+00 1.232019e+00 9.905677e-01 0.000000e+00 -5.386421e-03
0.000000e+00 4.840000e+00 1.229733e+00 9.881187e-01 0.000000e+00 -4.469877e-03
0.000000e+00 4.895000e+00 1.227493e+00 9.857194e-01 0.000000e+00 -3.586282e-03
0.000000e+00 4.950000e+00 1.225292e+00 9.833627e-01 0.000000e+00 -2.738548e-03
0.000000e+00 5.005000e+00 1.223129e+00 9.810491e-01 0.000000e+00 -1.923881e-03
0.000000e+00 5.060000e+00 1.221013e+00 9.787874e-01 0.000000e+00 -1.133181e-03
0.000000e+00 5.115000e+00 1.218958e+00 9.765908e-01 0.000000e+00 -3.543345e-04
0.000000e+00 5.170000e+00 1.216969e+00 9.744677e-01 0.000000e+00 4.211181e-04
0.000000e+00 5.225000e+00 1.215044e+00 9.724129e-01 0.000000e+00 1.191567e-03
0.000000e+00 5.280000e+00 1.213164e+00 9.704064e-01 0.000000e+00 1.943979e-03
0.000000e+00 5.335000e+00 1.211302e+00 9.684213e-01 0.000000e+00 2.659903e-03
0.000000e+00 5.390000e+00 1.209440e+00 9.664378e-01 0.000000e+00 3.326103e-03
0.000000e+00 5.445000e+00 1.207579e+00 9.644550e-01 0.000000e+00 3.943113e-03
0.000000e+00 5.500000e+00 1.205734e+00 9.624906e-01 0.000000e+00 4.525635e-03
0.000000e+00 5.555000e+00 1.203928e+00 9.605696e-01 0.000000e+00 5.094183e-03
0.000000e+00 5.610000e+00 1.202179e+00 9.587089e-01 0.000000e+00 5.663608e-03
0.000000e+00 5.665000e+00 1.200486e+00 9.569088e-01 0.000000e+00 6.236217e-03
0.000000e+00 5.720000e+00 1.198836e+00 9.551558e-01 0.000000e+00 6.803709e-03
0.000000e+00 5.775000e+00 1.197215e+00 9.534347e-01 0.000000e+00 7.355621e-03
0.000000e+00 5.830000e+00 1.195618e+00 9.517389e-01 0.000000e+00 7.887509e-03
0.000000e+00 5.885000e+00 1.194048e+00 9.500732e-01 0.000000e+00 8.402992e-03
0.000000e+00 5.940000e+00 1.192514e+00 9.484463e-01 0.000000e+00 8.909030e-03
0.000000e+00 5.995000e+00 1.191019e+00 9.468612e-01 0.000000e+00 9.408962e-03
0.000000e+00 6.050000e+00 1.189556e+00 9.453105e-01 0.000000e+00 9.899070e-03
0.000000e+00 6.105000e+00 1.188112e+00 9.437806e-01 0.000000e+00 1.037119e-02
0.000000e+00 6.160000e+00 1.186676e+00 9.422606e-01 0.000000e+00 1.081909e-02
0.000000e+00 6.215000e+00 1.185250e+00 9.407506e-01 0.000000e+00 1.124366e-02
0.000000e+00 6.270000e+00 1.183842e+00 9.392613e-01 0.000000e+00 1.165304e-02
0.000000e+00 6.325000e+00 1.182468e+00 9.378077e-01 0.000000e+00 1.205794e-02
0.000000e+00 6.380000e+00 1.181136e+00 9.363995e-01 0.000000e+00 1.246549e-02
0.000000e+00 6.435000e+00 1.179845e+00 9.350355e-01 0.000000e+00 1.287553e-02
0.000000e+00 6.490000e+00 1.178586e+00 9.337050e-01 0.000000e+00 1.328161e-02
0.000000e+00 6.545000e+00 1.177345e+00 9.323944e-01 0.000000e+00 1.367540e-02
0.000000e+00 6.600000e+00 1.176114e+00 9.310945e-01 0.000000e+00 1.405165e-02
0.000000e+00 6.655000e+00 1.174892e+00 9.298047e-01 0.000000e+00 1.441059e-02
0.000000e+00 6.710000e+00 1.173685e+00 9.285314e-01 0.000000e+00 1.475679e-02
0.000000e+00 6.765000e+00 1.172500e+00 9.272822e-01 0.000000e+00 1.509545e-02
0.000000e+00 6.820000e+00 1.171341e+00 9.260598e-01 0.000000e+00 1.542866e-02
0.000000e+00 6.875000e+00 1.170202e+00 9.248599e-01 0.000000e+00 1.575391e-02
0.000000e+00 6.930000e+00 1.169076e+00 9.236737e-01 0.000000e+00 1.606592e-02
0.000000e+00 6.985000e+00 1.167956e+00 9.224940e-01 0.000000e+00 1.636065e-02
0.000000e+00 7.040000e+00 1.166843e+00 9.213220e-01 0.000000e+00 1.663921e-02
0.000000e+00 7.095000e+00 1.165748e+00 9.201686e-01 0.000000e+00 1.690924e-02
0.000000e+00 7.150000e+00 1.164686e+00 9.190515e-01 0.000000e+00 1.718255e-02
0.000000e+00 7.205000e+00 1.163674e+00 9.179868e-01 0.000000e+00 1.747001e-02
0.000000e+00 7.260000e+00 1.162717e+00 9.169804e-01 0.000000e+00 1.777606e-02
0.000000e+00 7.315000e+00 1.161807e+00 9.160239e-01 0.000000e+00 1.809564e-02
0.000000e+00 7.370000e+00 1.160924e+00 9.150960e-01 0.000000e+00 1.841534e-02
0.000000e+00 7.425000e+00 1.160044e+00 9.141713e-01 0.000000e+00 1.871837e-02
0.000000e+00 7.480000e+00 1.159149e+00 9.132302e-01 0.000000e+00 1.899142e-02
0.000000e+00 7.535000e+00 1.158232e+00 9.122674e-01 0.000000e+00 1.923020e-02
0.000000e+00 7.590000e+00 1.157304e+00 9.112933e-01 0.000000e+00 1.944114e-02
0.000000e+00 7.645000e+00 1.156386e+00 9.103289e-01 0.000000e+00 1.963836e-02
0.000000e+00 7.700000e+00 1.155496e+00 9.093955e-01 0.000000e+00 1.983701e-02
0.000000e+00 7.755000e+00 1.154648e+00 9.085054e-01 0.000000e+00 2.004630e-02
0.000000e+00 7.810000e+00 1.153838e+00 9.076555e-01 0.000000e+00 2.026558e-02
0.000000e+00 7.865000e+00 1.153050e+00 9.068295e-01 0.000000e+00 2.048536e-02
0.000000e+00 7.920000e+00 1.152266e+00 9.060070e-01 0.000000e+00 2.069171e-02
0.000000e+00 7.975000e+00 1.151474e+00 9.051774e-01 0.000000e+00 2.087111e-02
0.000000e+00 8.030000e+00 1.150684e+00 9.043493e-01 0.000000e+00 2.101481e-02
0.000000e+00 8.085000e+00 1.149917e+00 9.035460e-01 0.000000e+00 2.112452e-02
0.000000e+00 8.140000e+00 1.149192e+00 9.027859e-01 0.000000e+00 2.121861e-02
0.000000e+00 8.195000e+00 1.148504e+00 9.020659e-01 0.000000e+00 2.132993e-02
0.000000e+00 8.250000e+00 1.147836e+00 9.013658e-01 0.000000e+00 2.148624e-02
0.000000e+00 8.305000e+00 1.147175e+00 9.006744e-01 0.000000e+00 2.168217e-02
0.000000e+00 8.360000e+00 1.146539e+00 9.000086e-01 0.000000e+00 2.187091e-02
0.000000e+00 8.415000e+00 1.145955e+00 8.993971e-01 0.000000e+00 2.199464e-02
0.000000e+00 8.470000e+00 1.145425e+00 8.988431e-01 0.000000e+00 2.203423e-02
0.000000e+00 8.525000e+00 1.144915e+00 8.983096e-01 0.000000e+00 2.202926e-02
0.000000e+00 8.580000e+00 1.144387e+00 8.977570e-01 0.000000e+00 2.204187e-02
0.000000e+00 8.635000e+00 1.143846e+00 8.971910e-01 0.000000e+00 2.209955e-02
0.000000e+00 8.690000e+00 1.143338e+00 8.966596e-01 0.000000e+00 2.217872e-02
0.000000e+00 8.745000e+00 1.142893e+00 8.961950e-01 0.000000e+00 2.224089e-02
0.000000e+00 8.800000e+00 1.142486e+00 8.957694e-01 0.000000e+00 2.227290e-02
0.000000e+00 8.855000e+00 1.142054e+00 8.953172e-01 0.000000e+00 2.228490e-02
0.000000e+00 8.910000e+00 1.141556e+00 8.947973e-01 0.000000e+00 2.228098e-02
0.000000e+00 8.965000e+00 1.141009e+00 8.942253e-01 0.000000e+00 2.224950e-02
0.000000e+00 9.020000e+00 1.140457e+00 8.936487e-01 0.000000e+00 2.218493e-02
0.000000e+00 9.075000e+00 1.139937e+00 8.931050e-01 0.000000e+00 2.210723e-02
0.000000e+00 9.130000e+00 1.139458e+00 8.926054e-01 0.000000e+00 2.205273e-02
0.000000e+00 9.185000e+00 1.139019e+00 8.921463e-01 0.000000e+00 2.204656e-02
0.000000e+00 9.240000e+00 1.138611e+00 8.917212e-01 0.000000e+00 2.208866e-02
0.000000e+00 9.295000e+00 1.138231e+00 8.913235e-01 0.000000e+00 2.216185e-02
0.000000e+00 9.350000e+00 1.137869e+00 8.909457e-01 0.000000e+00 2.224953e-02
0.000000e+00 9.405000e+00 1.137518e+00 8.905791e-01 0.000000e+00 2.234431e-02
0.000000e+00 9.460000e+00 1.137172e+00 8.902172e-01 0.000000e+00 2.244853e-02
0.000000e+00 9.515000e+00 1.136822e+00 8.898508e-01 0.000000e+00 2.256193e-02
0.000000e+00 9.570000e+00 1.136463e+00 8.894760e-01 0.000000e+00 2.267884e-02
0.000000e+00 9.625000e+00 1.136084e+00 8.890842e-01 0.000000e+00 2.277238e-02
0.000000e+00 9.680000e+00 1.135695e+00 8.886873e-01 0.000000e+00 2.280978e-02
0.000000e+00 9.735000e+00 1.135287e+00 8.882785e-01 0.000000e+00 2.271643e-02
0.000000e+00 9.790000e+00 1.134901e+00 8.878984e-01 0.000000e+00 2.245872e-02
0.000000e+00 9.845000e+00 1.134506e+00 8.875053e-01 0.000000e+00 2.200117e-02
0.000000e+00 9.900000e+00 1.134199e+00 8.871908e-01 0.000000e+00 2.156184e-02
0.000000e+00 9.955000e+00 1.133841e+00 8.868035e-01 0.000000e+00 2.122547e-02
0.000000e+00 1.001000e+01 1.103350e+00 8.550910e-01 -0.000000e+00 -6.410000e-03
0.000000e+00 1.006500e+01 1.103350e+00 8.550910e-01 -0.000000e+00 -6.410000e-03
0.000000e+00 1.012000e+01 1.103350e+00 8.550910e-01 -0.000000e+00 -6.410000e-03
0.000000e+00 1.017500e+01 1.103350e+00 8.550910e-01 -0.000000e+00 -6.410000e-03
0.000000e+00 1.023000e+01 1.103350e+00 8.550910e-01 -0.000000e+00 -6.410000e-03
0.000000e+00 1.028500e+01 1.103350e+00 8.550910e-01 -0.000000e+00 -6.410000e-03
0.000000e+00 1.034000e+01 1.103350e+00 8.550910e-01 -0.000000e+00 -6.410000e-03
0.000000e+00 1.039500e+01 1.103350e+00 8.550910e-01 -0.000000e+00 -6.410000e-03
0.000000e+00 1.045000e+01 1.103350e+00 8.550910e-01 -0.000000e+00 -6.410000e-03
0.000000e+00 1.050500e+01 1.103350e+00 8.550910e-01 -0.000000e+00 -6.410000e-03
0.000000e+00 1.056000e+01 1.103350e+00 8.550910e-01 -0.000000e+00 -6.410000e-03
0.000000e+00 1.061500e+01 1.103350e+00 8.550910e-01 -0.000000e+00 -6.410000e-03
0.000000e+00 1.067000e+01 1.103350e+00 8.550910e-01 -0.000000e+00 -6.410000e-03
0.000000e+00 1.072500e+01 1.103350e+00 8.550910e-01 -0.000000e+00 -6.410000e-03
0.000000e+00 1.078000e+01 1.103350e+00 8.550910e-01 -0.000000e+00 -6.410000e-03
0.000000e+00 1.083500e+01 1.103350e+00 8.550910e-01 -0.000000e+00 -6.410000e-03
0.000000e+00 1.089000e+01 1.103350e+00 8.550910e-01 -0.000000e+00 -6.410000e-03
0.000000e+00 1.094500e+01 1.103350e+00 8.550910e-01 -0.000000e+00 -6.410000e-03
0.000000e+00 1.100000e+01 1.103350e+00 8.550910e-01 -0.000000e+00 -6.410000e-03
