#############TIME##################
9.001802e+00 
###################################
0.000000e+00 0.000000e+00 9.575595e+00 1.530147e+01 0.000000e+00 -1.411078e+00
0.000000e+00 5.500000e-02 9.575595e+00 1.530147e+01 0.000000e+00 -1.411078e+00
0.000000e+00 1.100000e-01 9.575595e+00 1.530147e+01 0.000000e+00 -1.411078e+00
0.000000e+00 1.650000e-01 9.575595e+00 1.530147e+01 0.000000e+00 -1.411078e+00
0.000000e+00 2.200000e-01 9.573754e+00 1.529756e+01 0.000000e+00 -1.410985e+00
0.000000e+00 2.750000e-01 7.426149e+00 1.083224e+01 0.000000e+00 -1.222187e+00
0.000000e+00 3.300000e-01 6.159686e+00 8.468369e+00 0.000000e+00 -1.046145e+00
0.000000e+00 3.850000e-01 5.309649e+00 6.951774e+00 0.000000e+00 -9.072555e-01
0.000000e+00 4.400000e-01 4.691788e+00 5.899855e+00 0.000000e+00 -7.924665e-01
0.000000e+00 4.950000e-01 4.224298e+00 5.131057e+00 0.000000e+00 -6.998938e-01
0.000000e+00 5.500000e-01 3.855913e+00 4.544192e+00 0.000000e+00 -6.233227e-01
0.000000e+00 6.050000e-01 3.559936e+00 4.085676e+00 0.000000e+00 -5.595952e-01
0.000000e+00 6.600000e-01 3.317687e+00 3.719291e+00 0.000000e+00 -5.053872e-01
0.000000e+00 7.150000e-01 3.116724e+00 3.421870e+00 0.000000e+00 -4.588248e-01
0.000000e+00 7.700000e-01 2.947240e+00 3.175772e+00 0.000000e+00 -4.183881e-01
0.000000e+00 8.250000e-01 2.802322e+00 2.968924e+00 0.000000e+00 -3.831534e-01
0.000000e+00 8.800000e-01 2.676869e+00 2.792622e+00 0.000000e+00 -3.522404e-01
0.000000e+00 9.350000e-01 2.567395e+00 2.640945e+00 0.000000e+00 -3.249448e-01
0.000000e+00 9.900000e-01 2.471217e+00 2.509411e+00 0.000000e+00 -3.006360e-01
0.000000e+00 1.045000e+00 2.386202e+00 2.394528e+00 0.000000e+00 -2.788460e-01
0.000000e+00 1.100000e+00 2.310545e+00 2.293417e+00 0.000000e+00 -2.592100e-01
0.000000e+00 1.155000e+00 2.242776e+00 2.203781e+00 0.000000e+00 -2.414489e-01
0.000000e+00 1.210000e+00 2.181717e+00 2.123800e+00 0.000000e+00 -2.253239e-01
0.000000e+00 1.265000e+00 2.126432e+00 2.052044e+00 0.000000e+00 -2.106325e-01
0.000000e+00 1.320000e+00 2.076157e+00 1.987354e+00 0.000000e+00 -1.972033e-01
0.000000e+00 1.375000e+00 2.030249e+00 1.928765e+00 0.000000e+00 -1.848957e-01
0.000000e+00 1.430000e+00 1.988158e+00 1.875462e+00 0.000000e+00 -1.735903e-01
0.000000e+00 1.485000e+00 1.949418e+00 1.826760e+00 0.000000e+00 -1.631826e-01
0.000000e+00 1.540000e+00 1.913640e+00 1.782088e+00 0.000000e+00 -1.535781e-01
0.000000e+00 1.595000e+00 1.880499e+00 1.740973e+00 0.000000e+00 -1.446931e-01
0.000000e+00 1.650000e+00 1.849721e+00 1.703020e+00 0.000000e+00 -1.364543e-01
0.000000e+00 1.705000e+00 1.821073e+00 1.667894e+00 0.000000e+00 -1.287981e-01
0.000000e+00 1.760000e+00 1.794348e+00 1.635306e+00 0.000000e+00 -1.216694e-01
0.000000e+00 1.815000e+00 1.769367e+00 1.605003e+00 0.000000e+00 -1.150199e-01
0.000000e+00 1.870000e+00 1.745972e+00 1.576762e+00 0.000000e+00 -1.088072e-01
0.000000e+00 1.925000e+00 1.724023e+00 1.550386e+00 0.000000e+00 -1.029934e-01
0.000000e+00 1.980000e+00 1.703396e+00 1.525703e+00 0.000000e+00 -9.754475e-02
0.000000e+00 2.035000e+00 1.683982e+00 1.502563e+00 0.000000e+00 -9.243095e-02
0.000000e+00 2.090000e+00 1.665683e+00 1.480833e+00 0.000000e+00 -8.762456e-02
0.000000e+00 2.145000e+00 1.648408e+00 1.460393e+00 0.000000e+00 -8.310061e-02
0.000000e+00 2.200000e+00 1.632076e+00 1.441134e+00 0.000000e+00 -7.883635e-02
0.000000e+00 2.255000e+00 1.616612e+00 1.422959e+00 0.000000e+00 -7.481133e-02
0.000000e+00 2.310000e+00 1.601949e+00 1.405779e+00 0.000000e+00 -7.100732e-02
0.000000e+00 2.365000e+00 1.588026e+00 1.389513e+00 0.000000e+00 -6.740817e-02
0.000000e+00 2.420000e+00 1.574786e+00 1.374090e+00 0.000000e+00 -6.399945e-02
0.000000e+00 2.475000e+00 1.562178e+00 1.359444e+00 0.000000e+00 -6.076804e-02
0.000000e+00 2.530000e+00 1.550157e+00 1.345515e+00 0.000000e+00 -5.770191e-02
0.000000e+00 2.585000e+00 1.538680e+00 1.332251e+00 0.000000e+00 -5.479005e-02
0.000000e+00 2.640000e+00 1.527711e+00 1.319604e+00 0.000000e+00 -5.202235e-02
0.000000e+00 2.695000e+00 1.517214e+00 1.307531e+00 0.000000e+00 -4.938950e-02
0.000000e+00 2.750000e+00 1.507161e+00 1.295993e+00 0.000000e+00 -4.688287e-02
0.000000e+00 2.805000e+00 1.497523e+00 1.284955e+00 0.000000e+00 -4.449435e-02
0.000000e+00 2.860000e+00 1.488275e+00 1.274388e+00 0.000000e+00 -4.221632e-02
0.000000e+00 2.915000e+00 1.479396e+00 1.264262e+00 0.000000e+00 -4.004170e-02
0.000000e+00 2.970000e+00 1.470865e+00 1.254551e+00 0.000000e+00 -3.796387e-02
0.000000e+00 3.025000e+00 1.462663e+00 1.245233e+00 0.000000e+00 -3.597670e-02
0.000000e+00 3.080000e+00 1.454772e+00 1.236284e+00 0.000000e+00 -3.407452e-02
0.000000e+00 3.135000e+00 1.447176e+00 1.227686e+00 0.000000e+00 -3.225210e-02
0.000000e+00 3.190000e+00 1.439860e+00 1.219418e+00 0.000000e+00 -3.050461e-02
0.000000e+00 3.245000e+00 1.432810e+00 1.211464e+00 0.000000e+00 -2.882758e-02
0.000000e+00 3.300000e+00 1.426011e+00 1.203805e+00 0.000000e+00 -2.721689e-02
0.000000e+00 3.355000e+00 1.419451e+00 1.196428e+00 0.000000e+00 -2.566875e-02
0.000000e+00 3.410000e+00 1.413118e+00 1.189316e+00 0.000000e+00 -2.417974e-02
0.000000e+00 3.465000e+00 1.407001e+00 1.182457e+00 0.000000e+00 -2.274674e-02
0.000000e+00 3.520000e+00 1.401088e+00 1.175837e+00 0.000000e+00 -2.136694e-02
0.000000e+00 3.575000e+00 1.395371e+00 1.169444e+00 0.000000e+00 -2.003771e-02
0.000000e+00 3.630000e+00 1.389838e+00 1.163266e+00 0.000000e+00 -1.875648e-02
0.000000e+00 3.685000e+00 1.384483e+00 1.157293e+00 0.000000e+00 -1.752076e-02
0.000000e+00 3.740000e+00 1.379295e+00 1.151515e+00 0.000000e+00 -1.632822e-02
0.000000e+00 3.795000e+00 1.374267e+00 1.145922e+00 0.000000e+00 -1.517674e-02
0.000000e+00 3.850000e+00 1.369391e+00 1.140504e+00 0.000000e+00 -1.406456e-02
0.000000e+00 3.905000e+00 1.364660e+00 1.135254e+00 0.000000e+00 -1.299012e-02
0.000000e+00 3.960000e+00 1.360068e+00 1.130164e+00 0.000000e+00 -1.195201e-02
0.000000e+00 4.015000e+00 1.355609e+00 1.125226e+00 0.000000e+00 -1.094884e-02
0.000000e+00 4.070000e+00 1.351275e+00 1.120432e+00 0.000000e+00 -9.979193e-03
0.000000e+00 4.125000e+00 1.347063e+00 1.115778e+00 0.000000e+00 -9.041677e-03
0.000000e+00 4.180000e+00 1.342965e+00 1.111254e+00 0.000000e+00 -8.135013e-03
0.000000e+00 4.235000e+00 1.338977e+00 1.106857e+00 0.000000e+00 -7.258065e-03
0.000000e+00 4.290000e+00 1.335093e+00 1.102579e+00 0.000000e+00 -6.409839e-03
0.000000e+00 4.345000e+00 1.331310e+00 1.098415e+00 0.000000e+00 -5.589436e-03
0.000000e+00 4.400000e+00 1.327622e+00 1.094359e+00 0.000000e+00 -4.796004e-03
0.000000e+00 4.455000e+00 1.324025e+00 1.090408e+00 0.000000e+00 -4.028699e-03
0.000000e+00 4.510000e+00 1.320514e+00 1.086555e+00 0.000000e+00 -3.286683e-03
0.000000e+00 4.565000e+00 1.317086e+00 1.082795e+00 0.000000e+00 -2.569160e-03
0.000000e+00 4.620000e+00 1.313736e+00 1.079125e+00 0.000000e+00 -1.875416e-03
0.000000e+00 4.675000e+00 1.310460e+00 1.075539e+00 0.000000e+00 -1.204858e-03
0.000000e+00 4.730000e+00 1.307255e+00 1.072034e+00 0.000000e+00 -5.570139e-04
0.000000e+00 4.785000e+00 1.304118e+00 1.068604e+00 0.000000e+00 6.848486e-05
0.000000e+00 4.840000e+00 1.301044e+00 1.065247e+00 0.000000e+00 6.719214e-04
0.000000e+00 4.895000e+00 1.298030e+00 1.061958e+00 0.000000e+00 1.253508e-03
0.000000e+00 4.950000e+00 1.295073e+00 1.058734e+00 0.000000e+00 1.813398e-03
0.000000e+00 5.005000e+00 1.292170e+00 1.055571e+00 0.000000e+00 2.351720e-03
0.000000e+00 5.060000e+00 1.289319e+00 1.052467e+00 0.000000e+00 2.868629e-03
0.000000e+00 5.115000e+00 1.286517e+00 1.049418e+00 0.000000e+00 3.364368e-03
0.000000e+00 5.170000e+00 1.283763e+00 1.046424e+00 0.000000e+00 3.839280e-03
0.000000e+00 5.225000e+00 1.281055e+00 1.043482e+00 0.000000e+00 4.293779e-03
0.000000e+00 5.280000e+00 1.278392e+00 1.040591e+00 0.000000e+00 4.728250e-03
0.000000e+00 5.335000e+00 1.275772e+00 1.037748e+00 0.000000e+00 5.142942e-03
0.000000e+00 5.390000e+00 1.273195e+00 1.034954e+00 0.000000e+00 5.537892e-03
0.000000e+00 5.445000e+00 1.270658e+00 1.032205e+00 0.000000e+00 5.912934e-03
0.000000e+00 5.500000e+00 1.268160e+00 1.029501e+00 0.000000e+00 6.267778e-03
0.000000e+00 5.555000e+00 1.265700e+00 1.026838e+00 0.000000e+00 6.602134e-03
0.000000e+00 5.610000e+00 1.263275e+00 1.024216e+00 0.000000e+00 6.915790e-03
0.000000e+00 5.665000e+00 1.260883e+00 1.021631e+00 0.000000e+00 7.208589e-03
0.000000e+00 5.720000e+00 1.258522e+00 1.019082e+00 0.000000e+00 7.480291e-03
0.000000e+00 5.775000e+00 1.256189e+00 1.016564e+00 0.000000e+00 7.730401e-03
0.000000e+00 5.830000e+00 1.253882e+00 1.014075e+00 0.000000e+00 7.958046e-03
0.000000e+00 5.885000e+00 1.251596e+00 1.011611e+00 0.000000e+00 8.161951e-03
0.000000e+00 5.940000e+00 1.249326e+00 1.009166e+00 0.000000e+00 8.340437e-03
0.000000e+00 5.995000e+00 1.247069e+00 1.006736e+00 0.000000e+00 8.491425e-03
0.000000e+00 6.050000e+00 1.244820e+00 1.004315e+00 0.000000e+00 8.612443e-03
0.000000e+00 6.105000e+00 1.242572e+00 1.001897e+00 0.000000e+00 8.700789e-03
0.000000e+00 6.160000e+00 1.240321e+00 9.994784e-01 0.000000e+00 8.753942e-03
0.000000e+00 6.215000e+00 1.238064e+00 9.970538e-01 0.000000e+00 8.770010e-03
0.000000e+00 6.270000e+00 1.235797e+00 9.946208e-01 0.000000e+00 8.747654e-03
0.000000e+00 6.325000e+00 1.233518e+00 9.921763e-01 0.000000e+00 8.684966e-03
0.000000e+00 6.380000e+00 1.231222e+00 9.897143e-01 0.000000e+00 8.577632e-03
0.000000e+00 6.435000e+00 1.228898e+00 9.872242e-01 0.000000e+00 8.417607e-03
0.000000e+00 6.490000e+00 1.226532e+00 9.846911e-01 0.000000e+00 8.193261e-03
0.000000e+00 6.545000e+00 1.224108e+00 9.820970e-01 0.000000e+00 7.890606e-03
0.000000e+00 6.600000e+00 1.221607e+00 9.794224e-01 0.000000e+00 7.494393e-03
0.000000e+00 6.655000e+00 1.219009e+00 9.766462e-01 0.000000e+00 6.988239e-03
0.000000e+00 6.710000e+00 1.216291e+00 9.737435e-01 0.000000e+00 6.352973e-03
0.000000e+00 6.765000e+00 1.213420e+00 9.706801e-01 0.000000e+00 5.562125e-03
0.000000e+00 6.820000e+00 1.210350e+00 9.674072e-01 0.000000e+00 4.577917e-03
0.000000e+00 6.875000e+00 1.207029e+00 9.638700e-01 0.000000e+00 3.357760e-03
0.000000e+00 6.930000e+00 1.203419e+00 9.600285e-01 0.000000e+00 1.870944e-03
0.000000e+00 6.985000e+00 1.199486e+00 9.558472e-01 0.000000e+00 8.981455e-05
0.000000e+00 7.040000e+00 1.195105e+00 9.511946e-01 0.000000e+00 -2.090822e-03
0.000000e+00 7.095000e+00 1.189938e+00 9.457156e-01 0.000000e+00 -4.960996e-03
0.000000e+00 7.150000e+00 1.183494e+00 9.388943e-01 0.000000e+00 -8.948009e-03
0.000000e+00 7.205000e+00 1.175505e+00 9.304541e-01 0.000000e+00 -1.429095e-02
0.000000e+00 7.260000e+00 1.166294e+00 9.207460e-01 0.000000e+00 -2.072264e-02
0.000000e+00 7.315000e+00 1.156676e+00 9.106352e-01 0.000000e+00 -2.754128e-02
0.000000e+00 7.370000e+00 1.147561e+00 9.010790e-01 0.000000e+00 -3.394565e-02
0.000000e+00 7.425000e+00 1.139577e+00 8.927295e-01 0.000000e+00 -3.937111e-02
0.000000e+00 7.480000e+00 1.132884e+00 8.857450e-01 0.000000e+00 -4.366662e-02
0.000000e+00 7.535000e+00 1.127264e+00 8.798909e-01 0.000000e+00 -4.702095e-02
0.000000e+00 7.590000e+00 1.122392e+00 8.748246e-01 0.000000e+00 -4.972280e-02
0.000000e+00 7.645000e+00 1.118036e+00 8.703004e-01 0.000000e+00 -5.198203e-02
0.000000e+00 7.700000e+00 1.114079e+00 8.661960e-01 0.000000e+00 -5.390310e-02
0.000000e+00 7.755000e+00 1.110467e+00 8.624531e-01 0.000000e+00 -5.553499e-02
0.000000e+00 7.810000e+00 1.107158e+00 8.590283e-01 0.000000e+00 -5.691372e-02
0.000000e+00 7.865000e+00 1.104112e+00 8.558787e-01 0.000000e+00 -5.807462e-02
0.000000e+00 7.920000e+00 1.101292e+00 8.529652e-01 0.000000e+00 -5.904947e-02
0.000000e+00 7.975000e+00 1.098668e+00 8.502561e-01 0.000000e+00 -5.986364e-02
0.000000e+00 8.030000e+00 1.096215e+00 8.477261e-01 0.000000e+00 -6.053696e-02
0.000000e+00 8.085000e+00 1.093914e+00 8.453543e-01 0.000000e+00 -6.108588e-02
0.000000e+00 8.140000e+00 1.091747e+00 8.431226e-01 0.000000e+00 -6.152464e-02
0.000000e+00 8.195000e+00 1.089700e+00 8.410155e-01 0.000000e+00 -6.186564e-02
0.000000e+00 8.250000e+00 1.087761e+00 8.390203e-01 0.000000e+00 -6.211939e-02
0.000000e+00 8.305000e+00 1.085919e+00 8.371269e-01 0.000000e+00 -6.229463e-02
0.000000e+00 8.360000e+00 1.084168e+00 8.353274e-01 0.000000e+00 -6.239864e-02
0.000000e+00 8.415000e+00 1.082502e+00 8.336162e-01 0.000000e+00 -6.243743e-02
0.000000e+00 8.470000e+00 1.080917e+00 8.319890e-01 0.000000e+00 -6.241595e-02
0.000000e+00 8.525000e+00 1.079410e+00 8.304429e-01 0.000000e+00 -6.233831e-02
0.000000e+00 8.580000e+00 1.077979e+00 8.289752e-01 0.000000e+00 -6.220789e-02
0.000000e+00 8.635000e+00 1.076622e+00 8.275840e-01 0.000000e+00 -6.202754e-02
0.000000e+00 8.690000e+00 1.075336e+00 8.262667e-01 0.000000e+00 -6.179983e-02
0.000000e+00 8.745000e+00 1.074120e+00 8.250207e-01 0.000000e+00 -6.152724e-02
0.000000e+00 8.800000e+00 1.072969e+00 8.238426e-01 0.000000e+00 -6.121230e-02
0.000000e+00 8.855000e+00 1.071881e+00 8.227286e-01 0.000000e+00 -6.085768e-02
0.000000e+00 8.910000e+00 1.070850e+00 8.216742e-01 0.000000e+00 -6.046600e-02
0.000000e+00 8.965000e+00 1.069873e+00 8.206747e-01 0.000000e+00 -6.003963e-02
0.000000e+00 9.020000e+00 1.068945e+00 8.197251e-01 0.000000e+00 -5.958056e-02
0.000000e+00 9.075000e+00 1.068060e+00 8.188208e-01 0.000000e+00 -5.909038e-02
0.000000e+00 9.130000e+00 1.067215e+00 8.179567e-01 0.000000e+00 -5.857091e-02
0.000000e+00 9.185000e+00 1.066404e+00 8.171286e-01 0.000000e+00 -5.802396e-02
0.000000e+00 9.240000e+00 1.065624e+00 8.163322e-01 0.000000e+00 -5.745165e-02
0.000000e+00 9.295000e+00 1.064873e+00 8.155646e-01 0.000000e+00 -5.685371e-02
0.000000e+00 9.350000e+00 1.064146e+00 8.148223e-01 0.000000e+00 -5.622803e-02
0.000000e+00 9.405000e+00 1.063444e+00 8.141052e-01 0.000000e+00 -5.556657e-02
0.000000e+00 9.460000e+00 1.062763e+00 8.134098e-01 0.000000e+00 -5.486461e-02
0.000000e+00 9.515000e+00 1.062108e+00 8.127413e-01 0.000000e+00 -5.411492e-02
0.000000e+00 9.570000e+00 1.061472e+00 8.120922e-01 0.000000e+00 -5.333403e-02
0.000000e+00 9.625000e+00 1.060869e+00 8.114784e-01 0.000000e+00 -5.253176e-02
0.000000e+00 9.680000e+00 1.060275e+00 8.108764e-01 0.000000e+00 -5.176885e-02
0.000000e+00 9.735000e+00 1.059733e+00 8.103316e-01 0.000000e+00 -5.104614e-02
0.000000e+00 9.790000e+00 1.059169e+00 8.097692e-01 0.000000e+00 -5.047205e-02
0.000000e+00 9.845000e+00 1.058713e+00 8.093215e-01 0.000000e+00 -4.994325e-02
0.000000e+00 9.900000e+00 1.058134e+00 8.087488e-01 0.000000e+00 -4.966114e-02
0.000000e+00 9.955000e+00 1.057944e+00 8.085745e-01 0.000000e+00 -4.916708e-02
0.000000e+00 1.001000e+01 1.103350e+00 8.550910e-01 -0.000000e+00 -6.410000e-03
0.000000e+00 1.006500e+01 1.103350e+00 8.550910e-01 -0.000000e+00 -6.410000e-03
0.000000e+00 1.012000e+01 1.103350e+00 8.550910e-01 -0.000000e+00 -6.410000e-03
0.000000e+00 1.017500e+01 1.103350e+00 8.550910e-01 -0.000000e+00 -6.410000e-03
0.000000e+00 1.023000e+01 1.103350e+00 8.550910e-01 -0.000000e+00 -6.410000e-03
0.000000e+00 1.028500e+01 1.103350e+00 8.550910e-01 -0.000000e+00 -6.410000e-03
0.000000e+00 1.034000e+01 1.103350e+00 8.550910e-01 -0.000000e+00 -6.410000e-03
0.000000e+00 1.039500e+01 1.103350e+00 8.550910e-01 -0.000000e+00 -6.410000e-03
0.000000e+00 1.045000e+01 1.103350e+00 8.550910e-01 -0.000000e+00 -6.410000e-03
0.000000e+00 1.050500e+01 1.103350e+00 8.550910e-01 -0.000000e+00 -6.410000e-03
0.000000e+00 1.056000e+01 1.103350e+00 8.550910e-01 -0.000000e+00 -6.410000e-03
0.000000e+00 1.061500e+01 1.103350e+00 8.550910e-01 -0.000000e+00 -6.410000e-03
0.000000e+00 1.067000e+01 1.103350e+00 8.550910e-01 -0.000000e+00 -6.410000e-03
0.000000e+00 1.072500e+01 1.103350e+00 8.550910e-01 -0.000000e+00 -6.410000e-03
0.000000e+00 1.078000e+01 1.103350e+00 8.550910e-01 -0.000000e+00 -6.410000e-03
0.000000e+00 1.083500e+01 1.103350e+00 8.550910e-01 -0.000000e+00 -6.410000e-03
0.000000e+00 1.089000e+01 1.103350e+00 8.550910e-01 -0.000000e+00 -6.410000e-03
0.000000e+00 1.094500e+01 1.103350e+00 8.550910e-01 -0.000000e+00 -6.410000e-03
0.000000e+00 1.100000e+01 1.103350e+00 8.550910e-01 -0.000000e+00 -6.410000e-03
