#############TIME##################
1.930603e+01 
###################################
0.000000e+00 0.000000e+00 8.582708e+00 1.322899e+01 0.000000e+00 -1.470292e+00
0.000000e+00 5.500000e-02 8.582708e+00 1.322899e+01 0.000000e+00 -1.470292e+00
0.000000e+00 1.100000e-01 8.582708e+00 1.322899e+01 0.000000e+00 -1.470292e+00
0.000000e+00 1.650000e-01 8.582708e+00 1.322899e+01 0.000000e+00 -1.470292e+00
0.000000e+00 2.200000e-01 8.582675e+00 1.322891e+01 0.000000e+00 -1.470298e+00
0.000000e+00 2.750000e-01 6.699805e+00 9.436960e+00 0.000000e+00 -1.268865e+00
0.000000e+00 3.300000e-01 5.582866e+00 7.420254e+00 0.000000e+00 -1.083519e+00
0.000000e+00 3.850000e-01 4.814156e+00 6.093254e+00 0.000000e+00 -9.412349e-01
0.000000e+00 4.400000e-01 4.249358e+00 5.163316e+00 0.000000e+00 -8.249064e-01
0.000000e+00 4.950000e-01 3.821861e+00 4.483763e+00 0.000000e+00 -7.313028e-01
0.000000e+00 5.500000e-01 3.485809e+00 3.966690e+00 0.000000e+00 -6.534881e-01
0.000000e+00 6.050000e-01 3.216681e+00 3.564137e+00 0.000000e+00 -5.885417e-01
0.000000e+00 6.600000e-01 2.996271e+00 3.242364e+00 0.000000e+00 -5.332720e-01
0.000000e+00 7.150000e-01 2.813131e+00 2.980854e+00 0.000000e+00 -4.859562e-01
0.000000e+00 7.700000e-01 2.658584e+00 2.764425e+00 0.000000e+00 -4.449292e-01
0.000000e+00 8.250000e-01 2.526725e+00 2.583001e+00 0.000000e+00 -4.091457e-01
0.000000e+00 8.800000e-01 2.412941e+00 2.428920e+00 0.000000e+00 -3.776478e-01
0.000000e+00 9.350000e-01 2.313898e+00 2.296738e+00 0.000000e+00 -3.497694e-01
0.000000e+00 9.900000e-01 2.226950e+00 2.182228e+00 0.000000e+00 -3.249300e-01
0.000000e+00 1.045000e+00 2.150079e+00 2.082221e+00 0.000000e+00 -3.026945e-01
0.000000e+00 1.100000e+00 2.081662e+00 1.994208e+00 0.000000e+00 -2.826914e-01
0.000000e+00 1.155000e+00 2.020414e+00 1.916236e+00 0.000000e+00 -2.646265e-01
0.000000e+00 1.210000e+00 1.965289e+00 1.846735e+00 0.000000e+00 -2.482507e-01
0.000000e+00 1.265000e+00 1.915442e+00 1.784449e+00 0.000000e+00 -2.333612e-01
0.000000e+00 1.320000e+00 1.870176e+00 1.728359e+00 0.000000e+00 -2.197868e-01
0.000000e+00 1.375000e+00 1.828914e+00 1.677629e+00 0.000000e+00 -2.073835e-01
0.000000e+00 1.430000e+00 1.791169e+00 1.631558e+00 0.000000e+00 -1.960237e-01
0.000000e+00 1.485000e+00 1.756516e+00 1.589550e+00 0.000000e+00 -1.855909e-01
0.000000e+00 1.540000e+00 1.724585e+00 1.551092e+00 0.000000e+00 -1.759757e-01
0.000000e+00 1.595000e+00 1.695053e+00 1.515743e+00 0.000000e+00 -1.670792e-01
0.000000e+00 1.650000e+00 1.667656e+00 1.483142e+00 0.000000e+00 -1.588220e-01
0.000000e+00 1.705000e+00 1.642192e+00 1.453011e+00 0.000000e+00 -1.511525e-01
0.000000e+00 1.760000e+00 1.618518e+00 1.425146e+00 0.000000e+00 -1.440478e-01
0.000000e+00 1.815000e+00 1.596526e+00 1.399386e+00 0.000000e+00 -1.374991e-01
0.000000e+00 1.870000e+00 1.576100e+00 1.375570e+00 0.000000e+00 -1.314869e-01
0.000000e+00 1.925000e+00 1.557080e+00 1.353485e+00 0.000000e+00 -1.259532e-01
0.000000e+00 1.980000e+00 1.539243e+00 1.332857e+00 0.000000e+00 -1.207944e-01
0.000000e+00 2.035000e+00 1.522345e+00 1.313387e+00 0.000000e+00 -1.158847e-01
0.000000e+00 2.090000e+00 1.506192e+00 1.294843e+00 0.000000e+00 -1.111282e-01
0.000000e+00 2.145000e+00 1.490708e+00 1.277129e+00 0.000000e+00 -1.065047e-01
0.000000e+00 2.200000e+00 1.475952e+00 1.260304e+00 0.000000e+00 -1.020819e-01
0.000000e+00 2.255000e+00 1.462066e+00 1.244524e+00 0.000000e+00 -9.798222e-02
0.000000e+00 2.310000e+00 1.449188e+00 1.229932e+00 0.000000e+00 -9.431862e-02
0.000000e+00 2.365000e+00 1.437340e+00 1.216546e+00 0.000000e+00 -9.112367e-02
0.000000e+00 2.420000e+00 1.426378e+00 1.204194e+00 0.000000e+00 -8.830961e-02
0.000000e+00 2.475000e+00 1.416030e+00 1.192563e+00 0.000000e+00 -8.569991e-02
0.000000e+00 2.530000e+00 1.406033e+00 1.181352e+00 0.000000e+00 -8.312525e-02
0.000000e+00 2.585000e+00 1.396263e+00 1.170422e+00 0.000000e+00 -8.051552e-02
0.000000e+00 2.640000e+00 1.386767e+00 1.159822e+00 0.000000e+00 -7.792052e-02
0.000000e+00 2.695000e+00 1.377687e+00 1.149710e+00 0.000000e+00 -7.545504e-02
0.000000e+00 2.750000e+00 1.369149e+00 1.140221e+00 0.000000e+00 -7.321635e-02
0.000000e+00 2.805000e+00 1.361173e+00 1.131375e+00 0.000000e+00 -7.122389e-02
0.000000e+00 2.860000e+00 1.353664e+00 1.123063e+00 0.000000e+00 -6.941376e-02
0.000000e+00 2.915000e+00 1.346477e+00 1.115120e+00 0.000000e+00 -6.768917e-02
0.000000e+00 2.970000e+00 1.339507e+00 1.107431e+00 0.000000e+00 -6.598568e-02
0.000000e+00 3.025000e+00 1.332732e+00 1.099970e+00 0.000000e+00 -6.430121e-02
0.000000e+00 3.080000e+00 1.326197e+00 1.092785e+00 0.000000e+00 -6.267667e-02
0.000000e+00 3.135000e+00 1.319950e+00 1.085929e+00 0.000000e+00 -6.115319e-02
0.000000e+00 3.190000e+00 1.314003e+00 1.079411e+00 0.000000e+00 -5.974099e-02
0.000000e+00 3.245000e+00 1.308322e+00 1.073194e+00 0.000000e+00 -5.841756e-02
0.000000e+00 3.300000e+00 1.302855e+00 1.067219e+00 0.000000e+00 -5.714906e-02
0.000000e+00 3.355000e+00 1.297564e+00 1.061444e+00 0.000000e+00 -5.591365e-02
0.000000e+00 3.410000e+00 1.292437e+00 1.055856e+00 0.000000e+00 -5.470914e-02
0.000000e+00 3.465000e+00 1.287480e+00 1.050461e+00 0.000000e+00 -5.354497e-02
0.000000e+00 3.520000e+00 1.282701e+00 1.045265e+00 0.000000e+00 -5.242966e-02
0.000000e+00 3.575000e+00 1.278096e+00 1.040265e+00 0.000000e+00 -5.136430e-02
0.000000e+00 3.630000e+00 1.273652e+00 1.035445e+00 0.000000e+00 -5.034357e-02
0.000000e+00 3.685000e+00 1.269351e+00 1.030786e+00 0.000000e+00 -4.936030e-02
0.000000e+00 3.740000e+00 1.265176e+00 1.026268e+00 0.000000e+00 -4.840847e-02
0.000000e+00 3.795000e+00 1.261113e+00 1.021877e+00 0.000000e+00 -4.748376e-02
0.000000e+00 3.850000e+00 1.257155e+00 1.017603e+00 0.000000e+00 -4.658319e-02
0.000000e+00 3.905000e+00 1.253297e+00 1.013442e+00 0.000000e+00 -4.570542e-02
0.000000e+00 3.960000e+00 1.249541e+00 1.009394e+00 0.000000e+00 -4.485115e-02
0.000000e+00 4.015000e+00 1.245888e+00 1.005462e+00 0.000000e+00 -4.402266e-02
0.000000e+00 4.070000e+00 1.242342e+00 1.001648e+00 0.000000e+00 -4.322232e-02
0.000000e+00 4.125000e+00 1.238903e+00 9.979527e-01 0.000000e+00 -4.245104e-02
0.000000e+00 4.180000e+00 1.235568e+00 9.943731e-01 0.000000e+00 -4.170770e-02
0.000000e+00 4.235000e+00 1.232335e+00 9.909049e-01 0.000000e+00 -4.098987e-02
0.000000e+00 4.290000e+00 1.229197e+00 9.875430e-01 0.000000e+00 -4.029500e-02
0.000000e+00 4.345000e+00 1.226152e+00 9.842825e-01 0.000000e+00 -3.962130e-02
0.000000e+00 4.400000e+00 1.223195e+00 9.811189e-01 0.000000e+00 -3.896770e-02
0.000000e+00 4.455000e+00 1.220322e+00 9.780472e-01 0.000000e+00 -3.833348e-02
0.000000e+00 4.510000e+00 1.217527e+00 9.750623e-01 0.000000e+00 -3.771775e-02
0.000000e+00 4.565000e+00 1.214807e+00 9.721590e-01 0.000000e+00 -3.711929e-02
0.000000e+00 4.620000e+00 1.212157e+00 9.693325e-01 0.000000e+00 -3.653678e-02
0.000000e+00 4.675000e+00 1.209573e+00 9.665785e-01 0.000000e+00 -3.596902e-02
0.000000e+00 4.730000e+00 1.207052e+00 9.638936e-01 0.000000e+00 -3.541515e-02
0.000000e+00 4.785000e+00 1.204592e+00 9.612746e-01 0.000000e+00 -3.487457e-02
0.000000e+00 4.840000e+00 1.202188e+00 9.587183e-01 0.000000e+00 -3.434678e-02
0.000000e+00 4.895000e+00 1.199839e+00 9.562215e-01 0.000000e+00 -3.383124e-02
0.000000e+00 4.950000e+00 1.197542e+00 9.537810e-01 0.000000e+00 -3.332735e-02
0.000000e+00 5.005000e+00 1.195294e+00 9.513945e-01 0.000000e+00 -3.283459e-02
0.000000e+00 5.060000e+00 1.193094e+00 9.490606e-01 0.000000e+00 -3.235257e-02
0.000000e+00 5.115000e+00 1.190942e+00 9.467788e-01 0.000000e+00 -3.188109e-02
0.000000e+00 5.170000e+00 1.188838e+00 9.445490e-01 0.000000e+00 -3.142003e-02
0.000000e+00 5.225000e+00 1.186781e+00 9.423707e-01 0.000000e+00 -3.096929e-02
0.000000e+00 5.280000e+00 1.184771e+00 9.402433e-01 0.000000e+00 -3.052873e-02
0.000000e+00 5.335000e+00 1.182807e+00 9.381657e-01 0.000000e+00 -3.009818e-02
0.000000e+00 5.390000e+00 1.180887e+00 9.361365e-01 0.000000e+00 -2.967744e-02
0.000000e+00 5.445000e+00 1.179012e+00 9.341547e-01 0.000000e+00 -2.926626e-02
0.000000e+00 5.500000e+00 1.177179e+00 9.322189e-01 0.000000e+00 -2.886436e-02
0.000000e+00 5.555000e+00 1.175388e+00 9.303281e-01 0.000000e+00 -2.847129e-02
0.000000e+00 5.610000e+00 1.173637e+00 9.284810e-01 0.000000e+00 -2.808653e-02
0.000000e+00 5.665000e+00 1.171925e+00 9.266760e-01 0.000000e+00 -2.770946e-02
0.000000e+00 5.720000e+00 1.170251e+00 9.249115e-01 0.000000e+00 -2.733956e-02
0.000000e+00 5.775000e+00 1.168613e+00 9.231857e-01 0.000000e+00 -2.697640e-02
0.000000e+00 5.830000e+00 1.167010e+00 9.214970e-01 0.000000e+00 -2.661968e-02
0.000000e+00 5.885000e+00 1.165439e+00 9.198438e-01 0.000000e+00 -2.626920e-02
0.000000e+00 5.940000e+00 1.163900e+00 9.182247e-01 0.000000e+00 -2.592473e-02
0.000000e+00 5.995000e+00 1.162392e+00 9.166386e-01 0.000000e+00 -2.558598e-02
0.000000e+00 6.050000e+00 1.160913e+00 9.150842e-01 0.000000e+00 -2.525264e-02
0.000000e+00 6.105000e+00 1.159464e+00 9.135608e-01 0.000000e+00 -2.492442e-02
0.000000e+00 6.160000e+00 1.158042e+00 9.120676e-01 0.000000e+00 -2.460112e-02
0.000000e+00 6.215000e+00 1.156648e+00 9.106037e-01 0.000000e+00 -2.428258e-02
0.000000e+00 6.270000e+00 1.155280e+00 9.091682e-01 0.000000e+00 -2.396863e-02
0.000000e+00 6.325000e+00 1.153938e+00 9.077603e-01 0.000000e+00 -2.365907e-02
0.000000e+00 6.380000e+00 1.152621e+00 9.063790e-01 0.000000e+00 -2.335363e-02
0.000000e+00 6.435000e+00 1.151328e+00 9.050235e-01 0.000000e+00 -2.305205e-02
0.000000e+00 6.490000e+00 1.150058e+00 9.036934e-01 0.000000e+00 -2.275418e-02
0.000000e+00 6.545000e+00 1.148812e+00 9.023885e-01 0.000000e+00 -2.245999e-02
0.000000e+00 6.600000e+00 1.147590e+00 9.011089e-01 0.000000e+00 -2.216964e-02
0.000000e+00 6.655000e+00 1.146392e+00 8.998547e-01 0.000000e+00 -2.188332e-02
0.000000e+00 6.710000e+00 1.145218e+00 8.986258e-01 0.000000e+00 -2.160120e-02
0.000000e+00 6.765000e+00 1.144067e+00 8.974217e-01 0.000000e+00 -2.132337e-02
0.000000e+00 6.820000e+00 1.142938e+00 8.962418e-01 0.000000e+00 -2.104978e-02
0.000000e+00 6.875000e+00 1.141832e+00 8.950851e-01 0.000000e+00 -2.078020e-02
0.000000e+00 6.930000e+00 1.140746e+00 8.939507e-01 0.000000e+00 -2.051420e-02
0.000000e+00 6.985000e+00 1.139681e+00 8.928374e-01 0.000000e+00 -2.025114e-02
0.000000e+00 7.040000e+00 1.138634e+00 8.917439e-01 0.000000e+00 -1.999018e-02
0.000000e+00 7.095000e+00 1.137604e+00 8.906686e-01 0.000000e+00 -1.973041e-02
0.000000e+00 7.150000e+00 1.136590e+00 8.896104e-01 0.000000e+00 -1.947104e-02
0.000000e+00 7.205000e+00 1.135591e+00 8.885682e-01 0.000000e+00 -1.921160e-02
0.000000e+00 7.260000e+00 1.134608e+00 8.875423e-01 0.000000e+00 -1.895217e-02
0.000000e+00 7.315000e+00 1.133640e+00 8.865334e-01 0.000000e+00 -1.869333e-02
0.000000e+00 7.370000e+00 1.132690e+00 8.855431e-01 0.000000e+00 -1.843610e-02
0.000000e+00 7.425000e+00 1.131760e+00 8.845731e-01 0.000000e+00 -1.818157e-02
0.000000e+00 7.480000e+00 1.130849e+00 8.836245e-01 0.000000e+00 -1.793062e-02
0.000000e+00 7.535000e+00 1.129960e+00 8.826977e-01 0.000000e+00 -1.768355e-02
0.000000e+00 7.590000e+00 1.129089e+00 8.817914e-01 0.000000e+00 -1.743993e-02
0.000000e+00 7.645000e+00 1.128237e+00 8.809035e-01 0.000000e+00 -1.719860e-02
0.000000e+00 7.700000e+00 1.127399e+00 8.800312e-01 0.000000e+00 -1.695798e-02
0.000000e+00 7.755000e+00 1.126573e+00 8.791719e-01 0.000000e+00 -1.671654e-02
0.000000e+00 7.810000e+00 1.125758e+00 8.783237e-01 0.000000e+00 -1.647330e-02
0.000000e+00 7.865000e+00 1.124953e+00 8.774863e-01 0.000000e+00 -1.622824e-02
0.000000e+00 7.920000e+00 1.124158e+00 8.766605e-01 0.000000e+00 -1.598224e-02
0.000000e+00 7.975000e+00 1.123377e+00 8.758477e-01 0.000000e+00 -1.573680e-02
0.000000e+00 8.030000e+00 1.122609e+00 8.750495e-01 0.000000e+00 -1.549339e-02
0.000000e+00 8.085000e+00 1.121855e+00 8.742665e-01 0.000000e+00 -1.525289e-02
0.000000e+00 8.140000e+00 1.121116e+00 8.734982e-01 0.000000e+00 -1.501527e-02
0.000000e+00 8.195000e+00 1.120389e+00 8.727432e-01 0.000000e+00 -1.477966e-02
0.000000e+00 8.250000e+00 1.119673e+00 8.719999e-01 0.000000e+00 -1.454480e-02
0.000000e+00 8.305000e+00 1.118967e+00 8.712670e-01 0.000000e+00 -1.430954e-02
0.000000e+00 8.360000e+00 1.118271e+00 8.705441e-01 0.000000e+00 -1.407325e-02
0.000000e+00 8.415000e+00 1.117584e+00 8.698315e-01 0.000000e+00 -1.383592e-02
0.000000e+00 8.470000e+00 1.116908e+00 8.691302e-01 0.000000e+00 -1.359793e-02
0.000000e+00 8.525000e+00 1.116244e+00 8.684412e-01 0.000000e+00 -1.335967e-02
0.000000e+00 8.580000e+00 1.115593e+00 8.677654e-01 0.000000e+00 -1.312115e-02
0.000000e+00 8.635000e+00 1.114954e+00 8.671032e-01 0.000000e+00 -1.288201e-02
0.000000e+00 8.690000e+00 1.114329e+00 8.664549e-01 0.000000e+00 -1.264165e-02
0.000000e+00 8.745000e+00 1.113717e+00 8.658205e-01 0.000000e+00 -1.239948e-02
0.000000e+00 8.800000e+00 1.113118e+00 8.652003e-01 0.000000e+00 -1.215503e-02
0.000000e+00 8.855000e+00 1.112534e+00 8.645949e-01 0.000000e+00 -1.190763e-02
0.000000e+00 8.910000e+00 1.111965e+00 8.640054e-01 0.000000e+00 -1.165620e-02
0.000000e+00 8.965000e+00 1.111412e+00 8.634328e-01 0.000000e+00 -1.139912e-02
0.000000e+00 9.020000e+00 1.110877e+00 8.628781e-01 0.000000e+00 -1.113471e-02
0.000000e+00 9.075000e+00 1.110359e+00 8.623415e-01 0.000000e+00 -1.086185e-02
0.000000e+00 9.130000e+00 1.109857e+00 8.618218e-01 0.000000e+00 -1.058050e-02
0.000000e+00 9.185000e+00 1.109369e+00 8.613169e-01 0.000000e+00 -1.029157e-02
0.000000e+00 9.240000e+00 1.108893e+00 8.608241e-01 0.000000e+00 -9.996454e-03
0.000000e+00 9.295000e+00 1.108426e+00 8.603413e-01 0.000000e+00 -9.695002e-03
0.000000e+00 9.350000e+00 1.107967e+00 8.598668e-01 0.000000e+00 -9.384302e-03
0.000000e+00 9.405000e+00 1.107518e+00 8.594018e-01 0.000000e+00 -9.054900e-03
0.000000e+00 9.460000e+00 1.107078e+00 8.589453e-01 0.000000e+00 -8.695919e-03
0.000000e+00 9.515000e+00 1.106651e+00 8.585016e-01 0.000000e+00 -8.296048e-03
0.000000e+00 9.570000e+00 1.106231e+00 8.580653e-01 0.000000e+00 -7.870658e-03
0.000000e+00 9.625000e+00 1.105828e+00 8.576493e-01 0.000000e+00 -7.447876e-03
0.000000e+00 9.680000e+00 1.105419e+00 8.572339e-01 0.000000e+00 -7.109858e-03
0.000000e+00 9.735000e+00 1.105045e+00 8.568632e-01 0.000000e+00 -6.876807e-03
0.000000e+00 9.790000e+00 1.104647e+00 8.564680e-01 0.000000e+00 -6.822444e-03
0.000000e+00 9.845000e+00 1.104358e+00 8.561739e-01 0.000000e+00 -6.778516e-03
0.000000e+00 9.900000e+00 1.103969e+00 8.557565e-01 0.000000e+00 -6.824770e-03
0.000000e+00 9.955000e+00 1.103772e+00 8.555319e-01 0.000000e+00 -6.555818e-03
0.000000e+00 1.001000e+01 1.103350e+00 8.550910e-01 -0.000000e+00 -6.410000e-03
0.000000e+00 1.006500e+01 1.103350e+00 8.550910e-01 -0.000000e+00 -6.410000e-03
0.000000e+00 1.012000e+01 1.103350e+00 8.550910e-01 -0.000000e+00 -6.410000e-03
0.000000e+00 1.017500e+01 1.103350e+00 8.550910e-01 -0.000000e+00 -6.410000e-03
0.000000e+00 1.023000e+01 1.103350e+00 8.550910e-01 -0.000000e+00 -6.410000e-03
0.000000e+00 1.028500e+01 1.103350e+00 8.550910e-01 -0.000000e+00 -6.410000e-03
0.000000e+00 1.034000e+01 1.103350e+00 8.550910e-01 -0.000000e+00 -6.410000e-03
0.000000e+00 1.039500e+01 1.103350e+00 8.550910e-01 -0.000000e+00 -6.410000e-03
0.000000e+00 1.045000e+01 1.103350e+00 8.550910e-01 -0.000000e+00 -6.410000e-03
0.000000e+00 1.050500e+01 1.103350e+00 8.550910e-01 -0.000000e+00 -6.410000e-03
0.000000e+00 1.056000e+01 1.103350e+00 8.550910e-01 -0.000000e+00 -6.410000e-03
0.000000e+00 1.061500e+01 1.103350e+00 8.550910e-01 -0.000000e+00 -6.410000e-03
0.000000e+00 1.067000e+01 1.103350e+00 8.550910e-01 -0.000000e+00 -6.410000e-03
0.000000e+00 1.072500e+01 1.103350e+00 8.550910e-01 -0.000000e+00 -6.410000e-03
0.000000e+00 1.078000e+01 1.103350e+00 8.550910e-01 -0.000000e+00 -6.410000e-03
0.000000e+00 1.083500e+01 1.103350e+00 8.550910e-01 -0.000000e+00 -6.410000e-03
0.000000e+00 1.089000e+01 1.103350e+00 8.550910e-01 -0.000000e+00 -6.410000e-03
0.000000e+00 1.094500e+01 1.103350e+00 8.550910e-01 -0.000000e+00 -6.410000e-03
0.000000e+00 1.100000e+01 1.103350e+00 8.550910e-01 -0.000000e+00 -6.410000e-03
