#############TIME##################
1.501344e+00 
###################################
0.000000e+00 0.000000e+00 6.611108e+00 9.324945e+00 0.000000e+00 -1.663597e+00
0.000000e+00 5.500000e-02 6.611108e+00 9.324945e+00 0.000000e+00 -1.663597e+00
0.000000e+00 1.100000e-01 6.611108e+00 9.324945e+00 0.000000e+00 -1.663597e+00
0.000000e+00 1.650000e-01 6.611108e+00 9.324945e+00 0.000000e+00 -1.663597e+00
0.000000e+00 2.200000e-01 6.633382e+00 9.366969e+00 0.000000e+00 -1.661875e+00
0.000000e+00 2.750000e-01 5.224442e+00 6.772638e+00 0.000000e+00 -1.448858e+00
0.000000e+00 3.300000e-01 4.315436e+00 5.264450e+00 0.000000e+00 -1.272791e+00
0.000000e+00 3.850000e-01 3.668322e+00 4.237228e+00 0.000000e+00 -1.146614e+00
0.000000e+00 4.400000e-01 3.189218e+00 3.518400e+00 0.000000e+00 -1.044782e+00
0.000000e+00 4.950000e-01 2.827423e+00 2.996845e+00 0.000000e+00 -9.651965e-01
0.000000e+00 5.500000e-01 2.541656e+00 2.600215e+00 0.000000e+00 -8.997555e-01
0.000000e+00 6.050000e-01 2.313371e+00 2.293975e+00 0.000000e+00 -8.464590e-01
0.000000e+00 6.600000e-01 2.127169e+00 2.051167e+00 0.000000e+00 -8.011180e-01
0.000000e+00 7.150000e-01 1.974147e+00 1.857007e+00 0.000000e+00 -7.622938e-01
0.000000e+00 7.700000e-01 1.847254e+00 1.699612e+00 0.000000e+00 -7.277850e-01
0.000000e+00 8.250000e-01 1.741460e+00 1.571154e+00 0.000000e+00 -6.967042e-01
0.000000e+00 8.800000e-01 1.652531e+00 1.465126e+00 0.000000e+00 -6.681191e-01
0.000000e+00 9.350000e-01 1.577295e+00 1.376900e+00 0.000000e+00 -6.416165e-01
0.000000e+00 9.900000e-01 1.513217e+00 1.302843e+00 0.000000e+00 -6.167663e-01
0.000000e+00 1.045000e+00 1.458402e+00 1.240314e+00 0.000000e+00 -5.933045e-01
0.000000e+00 1.100000e+00 1.411333e+00 1.187236e+00 0.000000e+00 -5.709829e-01
0.000000e+00 1.155000e+00 1.370813e+00 1.142011e+00 0.000000e+00 -5.496351e-01
0.000000e+00 1.210000e+00 1.335851e+00 1.103344e+00 0.000000e+00 -5.291271e-01
0.000000e+00 1.265000e+00 1.305630e+00 1.070194e+00 0.000000e+00 -5.093695e-01
0.000000e+00 1.320000e+00 1.279465e+00 1.041702e+00 0.000000e+00 -4.902984e-01
0.000000e+00 1.375000e+00 1.256779e+00 1.017156e+00 0.000000e+00 -4.718761e-01
0.000000e+00 1.430000e+00 1.237082e+00 9.959659e-01 0.000000e+00 -4.540776e-01
0.000000e+00 1.485000e+00 1.219966e+00 9.776419e-01 0.000000e+00 -4.368848e-01
0.000000e+00 1.540000e+00 1.205082e+00 9.617773e-01 0.000000e+00 -4.202817e-01
0.000000e+00 1.595000e+00 1.192137e+00 9.480305e-01 0.000000e+00 -4.042547e-01
0.000000e+00 1.650000e+00 1.180876e+00 9.361119e-01 0.000000e+00 -3.887926e-01
0.000000e+00 1.705000e+00 1.171079e+00 9.257735e-01 0.000000e+00 -3.738861e-01
0.000000e+00 1.760000e+00 1.162555e+00 9.168022e-01 0.000000e+00 -3.595276e-01
0.000000e+00 1.815000e+00 1.155139e+00 9.090145e-01 0.000000e+00 -3.457095e-01
0.000000e+00 1.870000e+00 1.148687e+00 9.022515e-01 0.000000e+00 -3.324241e-01
0.000000e+00 1.925000e+00 1.143071e+00 8.963761e-01 0.000000e+00 -3.196630e-01
0.000000e+00 1.980000e+00 1.138183e+00 8.912696e-01 0.000000e+00 -3.074166e-01
0.000000e+00 2.035000e+00 1.133927e+00 8.868291e-01 0.000000e+00 -2.956743e-01
0.000000e+00 2.090000e+00 1.130219e+00 8.829657e-01 0.000000e+00 -2.844242e-01
0.000000e+00 2.145000e+00 1.126989e+00 8.796022e-01 0.000000e+00 -2.736535e-01
0.000000e+00 2.200000e+00 1.124171e+00 8.766720e-01 0.000000e+00 -2.633483e-01
0.000000e+00 2.255000e+00 1.121713e+00 8.741172e-01 0.000000e+00 -2.534941e-01
0.000000e+00 2.310000e+00 1.119567e+00 8.718878e-01 0.000000e+00 -2.440754e-01
0.000000e+00 2.365000e+00 1.117691e+00 8.699406e-01 0.000000e+00 -2.350767e-01
0.000000e+00 2.420000e+00 1.116050e+00 8.682381e-01 0.000000e+00 -2.264819e-01
0.000000e+00 2.475000e+00 1.114612e+00 8.667479e-01 0.000000e+00 -2.182748e-01
0.000000e+00 2.530000e+00 1.113353e+00 8.654421e-01 0.000000e+00 -2.104392e-01
0.000000e+00 2.585000e+00 1.112247e+00 8.642964e-01 0.000000e+00 -2.029591e-01
0.000000e+00 2.640000e+00 1.111275e+00 8.632900e-01 0.000000e+00 -1.958186e-01
0.000000e+00 2.695000e+00 1.110421e+00 8.624048e-01 0.000000e+00 -1.890021e-01
0.000000e+00 2.750000e+00 1.109668e+00 8.616251e-01 0.000000e+00 -1.824945e-01
0.000000e+00 2.805000e+00 1.109003e+00 8.609374e-01 0.000000e+00 -1.762810e-01
0.000000e+00 2.860000e+00 1.108416e+00 8.603301e-01 0.000000e+00 -1.703473e-01
0.000000e+00 2.915000e+00 1.107897e+00 8.597929e-01 0.000000e+00 -1.646797e-01
0.000000e+00 2.970000e+00 1.107437e+00 8.593171e-01 0.000000e+00 -1.592650e-01
0.000000e+00 3.025000e+00 1.107029e+00 8.588951e-01 0.000000e+00 -1.540906e-01
0.000000e+00 3.080000e+00 1.106667e+00 8.585202e-01 0.000000e+00 -1.491444e-01
0.000000e+00 3.135000e+00 1.106345e+00 8.581868e-01 0.000000e+00 -1.444148e-01
0.000000e+00 3.190000e+00 1.106057e+00 8.578897e-01 0.000000e+00 -1.398908e-01
0.000000e+00 3.245000e+00 1.105801e+00 8.576247e-01 0.000000e+00 -1.355620e-01
0.000000e+00 3.300000e+00 1.105572e+00 8.573880e-01 0.000000e+00 -1.314185e-01
0.000000e+00 3.355000e+00 1.105367e+00 8.571762e-01 0.000000e+00 -1.274509e-01
0.000000e+00 3.410000e+00 1.105184e+00 8.569865e-01 0.000000e+00 -1.236502e-01
0.000000e+00 3.465000e+00 1.105019e+00 8.568162e-01 0.000000e+00 -1.200080e-01
0.000000e+00 3.520000e+00 1.104871e+00 8.566633e-01 0.000000e+00 -1.165164e-01
0.000000e+00 3.575000e+00 1.104738e+00 8.565257e-01 0.000000e+00 -1.131677e-01
0.000000e+00 3.630000e+00 1.104618e+00 8.564018e-01 0.000000e+00 -1.099548e-01
0.000000e+00 3.685000e+00 1.104510e+00 8.562901e-01 0.000000e+00 -1.068710e-01
0.000000e+00 3.740000e+00 1.104413e+00 8.561891e-01 0.000000e+00 -1.039098e-01
0.000000e+00 3.795000e+00 1.104324e+00 8.560979e-01 0.000000e+00 -1.010652e-01
0.000000e+00 3.850000e+00 1.104244e+00 8.560152e-01 0.000000e+00 -9.833163e-02
0.000000e+00 3.905000e+00 1.104172e+00 8.559403e-01 0.000000e+00 -9.570356e-02
0.000000e+00 3.960000e+00 1.104106e+00 8.558723e-01 0.000000e+00 -9.317594e-02
0.000000e+00 4.015000e+00 1.104046e+00 8.558105e-01 0.000000e+00 -9.074397e-02
0.000000e+00 4.070000e+00 1.103992e+00 8.557543e-01 0.000000e+00 -8.840309e-02
0.000000e+00 4.125000e+00 1.103942e+00 8.557032e-01 0.000000e+00 -8.614901e-02
0.000000e+00 4.180000e+00 1.103897e+00 8.556565e-01 0.000000e+00 -8.397767e-02
0.000000e+00 4.235000e+00 1.103856e+00 8.556139e-01 0.000000e+00 -8.188522e-02
0.000000e+00 4.290000e+00 1.103818e+00 8.555749e-01 0.000000e+00 -7.986803e-02
0.000000e+00 4.345000e+00 1.103784e+00 8.555393e-01 0.000000e+00 -7.792266e-02
0.000000e+00 4.400000e+00 1.103752e+00 8.555067e-01 0.000000e+00 -7.604587e-02
0.000000e+00 4.455000e+00 1.103723e+00 8.554768e-01 0.000000e+00 -7.423456e-02
0.000000e+00 4.510000e+00 1.103697e+00 8.554494e-01 0.000000e+00 -7.248582e-02
0.000000e+00 4.565000e+00 1.103672e+00 8.554242e-01 0.000000e+00 -7.079688e-02
0.000000e+00 4.620000e+00 1.103650e+00 8.554010e-01 0.000000e+00 -6.916514e-02
0.000000e+00 4.675000e+00 1.103629e+00 8.553797e-01 0.000000e+00 -6.758809e-02
0.000000e+00 4.730000e+00 1.103610e+00 8.553601e-01 0.000000e+00 -6.606340e-02
0.000000e+00 4.785000e+00 1.103593e+00 8.553420e-01 0.000000e+00 -6.458882e-02
0.000000e+00 4.840000e+00 1.103577e+00 8.553253e-01 0.000000e+00 -6.316224e-02
0.000000e+00 4.895000e+00 1.103562e+00 8.553099e-01 0.000000e+00 -6.178164e-02
0.000000e+00 4.950000e+00 1.103548e+00 8.552956e-01 0.000000e+00 -6.044511e-02
0.000000e+00 5.005000e+00 1.103535e+00 8.552824e-01 0.000000e+00 -5.915084e-02
0.000000e+00 5.060000e+00 1.103523e+00 8.552702e-01 0.000000e+00 -5.789709e-02
0.000000e+00 5.115000e+00 1.103512e+00 8.552589e-01 0.000000e+00 -5.668223e-02
0.000000e+00 5.170000e+00 1.103502e+00 8.552484e-01 0.000000e+00 -5.550469e-02
0.000000e+00 5.225000e+00 1.103493e+00 8.552387e-01 0.000000e+00 -5.436300e-02
0.000000e+00 5.280000e+00 1.103484e+00 8.552296e-01 0.000000e+00 -5.325573e-02
0.000000e+00 5.335000e+00 1.103476e+00 8.552212e-01 0.000000e+00 -5.218153e-02
0.000000e+00 5.390000e+00 1.103468e+00 8.552134e-01 0.000000e+00 -5.113914e-02
0.000000e+00 5.445000e+00 1.103461e+00 8.552061e-01 0.000000e+00 -5.012731e-02
0.000000e+00 5.500000e+00 1.103455e+00 8.551993e-01 0.000000e+00 -4.914489e-02
0.000000e+00 5.555000e+00 1.103449e+00 8.551930e-01 0.000000e+00 -4.819077e-02
0.000000e+00 5.610000e+00 1.103443e+00 8.551871e-01 0.000000e+00 -4.726387e-02
0.000000e+00 5.665000e+00 1.103438e+00 8.551816e-01 0.000000e+00 -4.636320e-02
0.000000e+00 5.720000e+00 1.103433e+00 8.551765e-01 0.000000e+00 -4.548779e-02
0.000000e+00 5.775000e+00 1.103428e+00 8.551717e-01 0.000000e+00 -4.463670e-02
0.000000e+00 5.830000e+00 1.103424e+00 8.551672e-01 0.000000e+00 -4.380906e-02
0.000000e+00 5.885000e+00 1.103420e+00 8.551630e-01 0.000000e+00 -4.300403e-02
0.000000e+00 5.940000e+00 1.103416e+00 8.551590e-01 0.000000e+00 -4.222080e-02
0.000000e+00 5.995000e+00 1.103412e+00 8.551554e-01 0.000000e+00 -4.145859e-02
0.000000e+00 6.050000e+00 1.103409e+00 8.551519e-01 0.000000e+00 -4.071668e-02
0.000000e+00 6.105000e+00 1.103406e+00 8.551487e-01 0.000000e+00 -3.999434e-02
0.000000e+00 6.160000e+00 1.103403e+00 8.551456e-01 0.000000e+00 -3.929092e-02
0.000000e+00 6.215000e+00 1.103400e+00 8.551428e-01 0.000000e+00 -3.860576e-02
0.000000e+00 6.270000e+00 1.103397e+00 8.551401e-01 0.000000e+00 -3.793823e-02
0.000000e+00 6.325000e+00 1.103395e+00 8.551376e-01 0.000000e+00 -3.728775e-02
0.000000e+00 6.380000e+00 1.103393e+00 8.551352e-01 0.000000e+00 -3.665375e-02
0.000000e+00 6.435000e+00 1.103391e+00 8.551329e-01 0.000000e+00 -3.603567e-02
0.000000e+00 6.490000e+00 1.103389e+00 8.551308e-01 0.000000e+00 -3.543299e-02
0.000000e+00 6.545000e+00 1.103387e+00 8.551289e-01 0.000000e+00 -3.484522e-02
0.000000e+00 6.600000e+00 1.103385e+00 8.551270e-01 0.000000e+00 -3.427186e-02
0.000000e+00 6.655000e+00 1.103383e+00 8.551252e-01 0.000000e+00 -3.371246e-02
0.000000e+00 6.710000e+00 1.103382e+00 8.551236e-01 0.000000e+00 -3.316656e-02
0.000000e+00 6.765000e+00 1.103380e+00 8.551220e-01 0.000000e+00 -3.263374e-02
0.000000e+00 6.820000e+00 1.103379e+00 8.551205e-01 0.000000e+00 -3.211359e-02
0.000000e+00 6.875000e+00 1.103377e+00 8.551191e-01 0.000000e+00 -3.160571e-02
0.000000e+00 6.930000e+00 1.103376e+00 8.551178e-01 0.000000e+00 -3.110972e-02
0.000000e+00 6.985000e+00 1.103375e+00 8.551166e-01 0.000000e+00 -3.062526e-02
0.000000e+00 7.040000e+00 1.103374e+00 8.551154e-01 0.000000e+00 -3.015197e-02
0.000000e+00 7.095000e+00 1.103372e+00 8.551142e-01 0.000000e+00 -2.968951e-02
0.000000e+00 7.150000e+00 1.103371e+00 8.551132e-01 0.000000e+00 -2.923757e-02
0.000000e+00 7.205000e+00 1.103371e+00 8.551122e-01 0.000000e+00 -2.879582e-02
0.000000e+00 7.260000e+00 1.103370e+00 8.551112e-01 0.000000e+00 -2.836396e-02
0.000000e+00 7.315000e+00 1.103369e+00 8.551103e-01 0.000000e+00 -2.794170e-02
0.000000e+00 7.370000e+00 1.103368e+00 8.551095e-01 0.000000e+00 -2.752876e-02
0.000000e+00 7.425000e+00 1.103367e+00 8.551087e-01 0.000000e+00 -2.712488e-02
0.000000e+00 7.480000e+00 1.103366e+00 8.551079e-01 0.000000e+00 -2.672978e-02
0.000000e+00 7.535000e+00 1.103366e+00 8.551072e-01 0.000000e+00 -2.634320e-02
0.000000e+00 7.590000e+00 1.103365e+00 8.551064e-01 0.000000e+00 -2.596488e-02
0.000000e+00 7.645000e+00 1.103364e+00 8.551058e-01 0.000000e+00 -2.559467e-02
0.000000e+00 7.700000e+00 1.103364e+00 8.551053e-01 0.000000e+00 -2.523249e-02
0.000000e+00 7.755000e+00 1.103364e+00 8.551050e-01 0.000000e+00 -2.487797e-02
0.000000e+00 7.810000e+00 1.103363e+00 8.551041e-01 0.000000e+00 -2.453028e-02
0.000000e+00 7.865000e+00 1.103361e+00 8.551020e-01 0.000000e+00 -2.418871e-02
0.000000e+00 7.920000e+00 1.103359e+00 8.551003e-01 0.000000e+00 -2.385448e-02
0.000000e+00 7.975000e+00 1.103362e+00 8.551033e-01 0.000000e+00 -2.353123e-02
0.000000e+00 8.030000e+00 1.103371e+00 8.551127e-01 0.000000e+00 -2.322032e-02
0.000000e+00 8.085000e+00 1.103376e+00 8.551181e-01 0.000000e+00 -2.291234e-02
0.000000e+00 8.140000e+00 1.103356e+00 8.550976e-01 0.000000e+00 -2.258761e-02
0.000000e+00 8.195000e+00 1.103306e+00 8.550452e-01 0.000000e+00 -2.224031e-02
0.000000e+00 8.250000e+00 1.103275e+00 8.550135e-01 0.000000e+00 -2.191686e-02
0.000000e+00 8.305000e+00 1.103386e+00 8.551283e-01 0.000000e+00 -2.172956e-02
0.000000e+00 8.360000e+00 1.103777e+00 8.555323e-01 0.000000e+00 -2.180705e-02
0.000000e+00 8.415000e+00 1.104466e+00 8.562442e-01 0.000000e+00 -2.216679e-02
0.000000e+00 8.470000e+00 1.105289e+00 8.570954e-01 0.000000e+00 -2.265612e-02
0.000000e+00 8.525000e+00 1.105997e+00 8.578277e-01 0.000000e+00 -2.303587e-02
0.000000e+00 8.580000e+00 1.106386e+00 8.582294e-01 0.000000e+00 -2.310571e-02
0.000000e+00 8.635000e+00 1.106438e+00 8.582833e-01 0.000000e+00 -2.284479e-02
0.000000e+00 8.690000e+00 1.106274e+00 8.581142e-01 0.000000e+00 -2.237878e-02
0.000000e+00 8.745000e+00 1.105974e+00 8.578032e-01 0.000000e+00 -2.181241e-02
0.000000e+00 8.800000e+00 1.105531e+00 8.573450e-01 0.000000e+00 -2.117024e-02
0.000000e+00 8.855000e+00 1.104953e+00 8.567478e-01 0.000000e+00 -2.046031e-02
0.000000e+00 8.910000e+00 1.104356e+00 8.561310e-01 0.000000e+00 -1.975300e-02
0.000000e+00 8.965000e+00 1.103914e+00 8.556743e-01 0.000000e+00 -1.915744e-02
0.000000e+00 9.020000e+00 1.103705e+00 8.554577e-01 0.000000e+00 -1.871648e-02
0.000000e+00 9.075000e+00 1.103635e+00 8.553851e-01 0.000000e+00 -1.835536e-02
0.000000e+00 9.130000e+00 1.103543e+00 8.552908e-01 0.000000e+00 -1.796488e-02
0.000000e+00 9.185000e+00 1.103340e+00 8.550806e-01 0.000000e+00 -1.749708e-02
0.000000e+00 9.240000e+00 1.103036e+00 8.547669e-01 0.000000e+00 -1.697873e-02
0.000000e+00 9.295000e+00 1.102683e+00 8.544022e-01 0.000000e+00 -1.645225e-02
0.000000e+00 9.350000e+00 1.102315e+00 8.540216e-01 0.000000e+00 -1.593509e-02
0.000000e+00 9.405000e+00 1.101946e+00 8.536404e-01 0.000000e+00 -1.542921e-02
0.000000e+00 9.460000e+00 1.101588e+00 8.532709e-01 0.000000e+00 -1.493662e-02
0.000000e+00 9.515000e+00 1.101248e+00 8.529193e-01 0.000000e+00 -1.446054e-02
0.000000e+00 9.570000e+00 1.100925e+00 8.525857e-01 0.000000e+00 -1.399628e-02
0.000000e+00 9.625000e+00 1.100611e+00 8.522624e-01 0.000000e+00 -1.354019e-02
0.000000e+00 9.680000e+00 1.100308e+00 8.519499e-01 0.000000e+00 -1.308745e-02
0.000000e+00 9.735000e+00 1.100012e+00 8.516421e-01 0.000000e+00 -1.264344e-02
0.000000e+00 9.790000e+00 1.099728e+00 8.513482e-01 0.000000e+00 -1.219721e-02
0.000000e+00 9.845000e+00 1.099441e+00 8.510539e-01 0.000000e+00 -1.175475e-02
0.000000e+00 9.900000e+00 1.099168e+00 8.507773e-01 0.000000e+00 -1.129859e-02
0.000000e+00 9.955000e+00 1.098874e+00 8.504760e-01 0.000000e+00 -1.088283e-02
0.000000e+00 1.001000e+01 1.103350e+00 8.550910e-01 -0.000000e+00 -6.410000e-03
0.000000e+00 1.006500e+01 1.103350e+00 8.550910e-01 -0.000000e+00 -6.410000e-03
0.000000e+00 1.012000e+01 1.103350e+00 8.550910e-01 -0.000000e+00 -6.410000e-03
0.000000e+00 1.017500e+01 1.103350e+00 8.550910e-01 -0.000000e+00 -6.410000e-03
0.000000e+00 1.023000e+01 1.103350e+00 8.550910e-01 -0.000000e+00 -6.410000e-03
0.000000e+00 1.028500e+01 1.103350e+00 8.550910e-01 -0.000000e+00 -6.410000e-03
0.000000e+00 1.034000e+01 1.103350e+00 8.550910e-01 -0.000000e+00 -6.410000e-03
0.000000e+00 1.039500e+01 1.103350e+00 8.550910e-01 -0.000000e+00 -6.410000e-03
0.000000e+00 1.045000e+01 1.103350e+00 8.550910e-01 -0.000000e+00 -6.410000e-03
0.000000e+00 1.050500e+01 1.103350e+00 8.550910e-01 -0.000000e+00 -6.410000e-03
0.000000e+00 1.056000e+01 1.103350e+00 8.550910e-01 -0.000000e+00 -6.410000e-03
0.000000e+00 1.061500e+01 1.103350e+00 8.550910e-01 -0.000000e+00 -6.410000e-03
0.000000e+00 1.067000e+01 1.103350e+00 8.550910e-01 -0.000000e+00 -6.410000e-03
0.000000e+00 1.072500e+01 1.103350e+00 8.550910e-01 -0.000000e+00 -6.410000e-03
0.000000e+00 1.078000e+01 1.103350e+00 8.550910e-01 -0.000000e+00 -6.410000e-03
0.000000e+00 1.083500e+01 1.103350e+00 8.550910e-01 -0.000000e+00 -6.410000e-03
0.000000e+00 1.089000e+01 1.103350e+00 8.550910e-01 -0.000000e+00 -6.410000e-03
0.000000e+00 1.094500e+01 1.103350e+00 8.550910e-01 -0.000000e+00 -6.410000e-03
0.000000e+00 1.100000e+01 1.103350e+00 8.550910e-01 -0.000000e+00 -6.410000e-03
