#############TIME##################
4.205599e+00 
###################################
0.000000e+00 0.000000e+00 9.568479e+00 1.527765e+01 0.000000e+00 -1.422383e+00
0.000000e+00 5.500000e-02 9.568479e+00 1.527765e+01 0.000000e+00 -1.422383e+00
0.000000e+00 1.100000e-01 9.568479e+00 1.527765e+01 0.000000e+00 -1.422383e+00
0.000000e+00 1.650000e-01 9.568479e+00 1.527765e+01 0.000000e+00 -1.422383e+00
0.000000e+00 2.200000e-01 9.569150e+00 1.527904e+01 0.000000e+00 -1.422303e+00
0.000000e+00 2.750000e-01 7.441044e+00 1.084662e+01 0.000000e+00 -1.232448e+00
0.000000e+00 3.300000e-01 6.180182e+00 8.490063e+00 0.000000e+00 -1.056344e+00
0.000000e+00 3.850000e-01 5.328398e+00 6.969064e+00 0.000000e+00 -9.184920e-01
0.000000e+00 4.400000e-01 4.707442e+00 5.911549e+00 0.000000e+00 -8.049949e-01
0.000000e+00 4.950000e-01 4.238152e+00 5.140416e+00 0.000000e+00 -7.134611e-01
0.000000e+00 5.500000e-01 3.869725e+00 4.554174e+00 0.000000e+00 -6.374660e-01
0.000000e+00 6.050000e-01 3.574438e+00 4.097484e+00 0.000000e+00 -5.741010e-01
0.000000e+00 6.600000e-01 3.332510e+00 3.732265e+00 0.000000e+00 -5.203091e-01
0.000000e+00 7.150000e-01 3.131266e+00 3.435081e+00 0.000000e+00 -4.743616e-01
0.000000e+00 7.700000e-01 2.961247e+00 3.188840e+00 0.000000e+00 -4.346457e-01
0.000000e+00 8.250000e-01 2.815966e+00 2.982087e+00 0.000000e+00 -4.001158e-01
0.000000e+00 8.800000e-01 2.690399e+00 2.806201e+00 0.000000e+00 -3.698361e-01
0.000000e+00 9.350000e-01 2.580889e+00 2.655007e+00 0.000000e+00 -3.431442e-01
0.000000e+00 9.900000e-01 2.484549e+00 2.523738e+00 0.000000e+00 -3.194738e-01
0.000000e+00 1.045000e+00 2.399163e+00 2.408797e+00 0.000000e+00 -2.983990e-01
0.000000e+00 1.100000e+00 2.322954e+00 2.307348e+00 0.000000e+00 -2.795608e-01
0.000000e+00 1.155000e+00 2.254511e+00 2.217173e+00 0.000000e+00 -2.626734e-01
0.000000e+00 1.210000e+00 2.192683e+00 2.136492e+00 0.000000e+00 -2.474933e-01
0.000000e+00 1.265000e+00 2.136538e+00 2.063877e+00 0.000000e+00 -2.338191e-01
0.000000e+00 1.320000e+00 2.085301e+00 1.998160e+00 0.000000e+00 -2.214780e-01
0.000000e+00 1.375000e+00 2.038332e+00 1.938384e+00 0.000000e+00 -2.103241e-01
0.000000e+00 1.430000e+00 1.995091e+00 1.883754e+00 0.000000e+00 -2.002327e-01
0.000000e+00 1.485000e+00 1.955115e+00 1.833594e+00 0.000000e+00 -1.911010e-01
0.000000e+00 1.540000e+00 1.917994e+00 1.787318e+00 0.000000e+00 -1.828496e-01
0.000000e+00 1.595000e+00 1.883354e+00 1.744399e+00 0.000000e+00 -1.754221e-01
0.000000e+00 1.650000e+00 1.850859e+00 1.704373e+00 0.000000e+00 -1.687798e-01
0.000000e+00 1.705000e+00 1.820213e+00 1.666837e+00 0.000000e+00 -1.628904e-01
0.000000e+00 1.760000e+00 1.791175e+00 1.631464e+00 0.000000e+00 -1.577190e-01
0.000000e+00 1.815000e+00 1.763546e+00 1.597984e+00 0.000000e+00 -1.532278e-01
0.000000e+00 1.870000e+00 1.737147e+00 1.566160e+00 0.000000e+00 -1.493863e-01
0.000000e+00 1.925000e+00 1.711801e+00 1.535761e+00 0.000000e+00 -1.461810e-01
0.000000e+00 1.980000e+00 1.687333e+00 1.506556e+00 0.000000e+00 -1.436143e-01
0.000000e+00 2.035000e+00 1.663579e+00 1.478342e+00 0.000000e+00 -1.416928e-01
0.000000e+00 2.090000e+00 1.640409e+00 1.450952e+00 0.000000e+00 -1.404139e-01
0.000000e+00 2.145000e+00 1.617725e+00 1.424261e+00 0.000000e+00 -1.397656e-01
0.000000e+00 2.200000e+00 1.595430e+00 1.398150e+00 0.000000e+00 -1.397420e-01
0.000000e+00 2.255000e+00 1.573395e+00 1.372464e+00 0.000000e+00 -1.403668e-01
0.000000e+00 2.310000e+00 1.551443e+00 1.346994e+00 0.000000e+00 -1.417076e-01
0.000000e+00 2.365000e+00 1.529378e+00 1.321513e+00 0.000000e+00 -1.438512e-01
0.000000e+00 2.420000e+00 1.507082e+00 1.295891e+00 0.000000e+00 -1.468401e-01
0.000000e+00 2.475000e+00 1.484581e+00 1.270160e+00 0.000000e+00 -1.506230e-01
0.000000e+00 2.530000e+00 1.462019e+00 1.244491e+00 0.000000e+00 -1.550658e-01
0.000000e+00 2.585000e+00 1.439594e+00 1.219108e+00 0.000000e+00 -1.599972e-01
0.000000e+00 2.640000e+00 1.417510e+00 1.194239e+00 0.000000e+00 -1.652364e-01
0.000000e+00 2.695000e+00 1.395992e+00 1.170131e+00 0.000000e+00 -1.705863e-01
0.000000e+00 2.750000e+00 1.375293e+00 1.147057e+00 0.000000e+00 -1.758249e-01
0.000000e+00 2.805000e+00 1.355657e+00 1.125274e+00 0.000000e+00 -1.807310e-01
0.000000e+00 2.860000e+00 1.337261e+00 1.104961e+00 0.000000e+00 -1.851328e-01
0.000000e+00 2.915000e+00 1.320175e+00 1.086179e+00 0.000000e+00 -1.889392e-01
0.000000e+00 2.970000e+00 1.304378e+00 1.068885e+00 0.000000e+00 -1.921325e-01
0.000000e+00 3.025000e+00 1.289798e+00 1.052985e+00 0.000000e+00 -1.947372e-01
0.000000e+00 3.080000e+00 1.276351e+00 1.038373e+00 0.000000e+00 -1.967931e-01
0.000000e+00 3.135000e+00 1.263947e+00 1.024941e+00 0.000000e+00 -1.983449e-01
0.000000e+00 3.190000e+00 1.252500e+00 1.012583e+00 0.000000e+00 -1.994403e-01
0.000000e+00 3.245000e+00 1.241922e+00 1.001197e+00 0.000000e+00 -2.001277e-01
0.000000e+00 3.300000e+00 1.232137e+00 9.906927e-01 0.000000e+00 -2.004523e-01
0.000000e+00 3.355000e+00 1.223074e+00 9.809885e-01 0.000000e+00 -2.004536e-01
0.000000e+00 3.410000e+00 1.214674e+00 9.720159e-01 0.000000e+00 -2.001647e-01
0.000000e+00 3.465000e+00 1.206885e+00 9.637146e-01 0.000000e+00 -1.996147e-01
0.000000e+00 3.520000e+00 1.199661e+00 9.560307e-01 0.000000e+00 -1.988293e-01
0.000000e+00 3.575000e+00 1.192957e+00 9.489150e-01 0.000000e+00 -1.978327e-01
0.000000e+00 3.630000e+00 1.186736e+00 9.423225e-01 0.000000e+00 -1.966468e-01
0.000000e+00 3.685000e+00 1.180960e+00 9.362121e-01 0.000000e+00 -1.952921e-01
0.000000e+00 3.740000e+00 1.175596e+00 9.305468e-01 0.000000e+00 -1.937868e-01
0.000000e+00 3.795000e+00 1.170614e+00 9.252924e-01 0.000000e+00 -1.921479e-01
0.000000e+00 3.850000e+00 1.165986e+00 9.204182e-01 0.000000e+00 -1.903907e-01
0.000000e+00 3.905000e+00 1.161686e+00 9.158956e-01 0.000000e+00 -1.885291e-01
0.000000e+00 3.960000e+00 1.157691e+00 9.116987e-01 0.000000e+00 -1.865761e-01
0.000000e+00 4.015000e+00 1.153980e+00 9.078034e-01 0.000000e+00 -1.845435e-01
0.000000e+00 4.070000e+00 1.150530e+00 9.041875e-01 0.000000e+00 -1.824423e-01
0.000000e+00 4.125000e+00 1.147325e+00 9.008307e-01 0.000000e+00 -1.802824e-01
0.000000e+00 4.180000e+00 1.144347e+00 8.977140e-01 0.000000e+00 -1.780731e-01
0.000000e+00 4.235000e+00 1.141579e+00 8.948200e-01 0.000000e+00 -1.758228e-01
0.000000e+00 4.290000e+00 1.139007e+00 8.921325e-01 0.000000e+00 -1.735393e-01
0.000000e+00 4.345000e+00 1.136616e+00 8.896365e-01 0.000000e+00 -1.712296e-01
0.000000e+00 4.400000e+00 1.134393e+00 8.873182e-01 0.000000e+00 -1.689001e-01
0.000000e+00 4.455000e+00 1.132328e+00 8.851644e-01 0.000000e+00 -1.665569e-01
0.000000e+00 4.510000e+00 1.130407e+00 8.831635e-01 0.000000e+00 -1.642053e-01
0.000000e+00 4.565000e+00 1.128622e+00 8.813046e-01 0.000000e+00 -1.618506e-01
0.000000e+00 4.620000e+00 1.126963e+00 8.795776e-01 0.000000e+00 -1.594976e-01
0.000000e+00 4.675000e+00 1.125421e+00 8.779729e-01 0.000000e+00 -1.571500e-01
0.000000e+00 4.730000e+00 1.123986e+00 8.764805e-01 0.000000e+00 -1.548107e-01
0.000000e+00 4.785000e+00 1.122649e+00 8.750907e-01 0.000000e+00 -1.524816e-01
0.000000e+00 4.840000e+00 1.121403e+00 8.737958e-01 0.000000e+00 -1.501656e-01
0.000000e+00 4.895000e+00 1.120244e+00 8.725921e-01 0.000000e+00 -1.478685e-01
0.000000e+00 4.950000e+00 1.119173e+00 8.714801e-01 0.000000e+00 -1.455987e-01
0.000000e+00 5.005000e+00 1.118188e+00 8.704581e-01 0.000000e+00 -1.433620e-01
0.000000e+00 5.060000e+00 1.117278e+00 8.695128e-01 0.000000e+00 -1.411535e-01
0.000000e+00 5.115000e+00 1.116412e+00 8.686146e-01 0.000000e+00 -1.389534e-01
0.000000e+00 5.170000e+00 1.115558e+00 8.677293e-01 0.000000e+00 -1.367376e-01
0.000000e+00 5.225000e+00 1.114709e+00 8.668484e-01 0.000000e+00 -1.345043e-01
0.000000e+00 5.280000e+00 1.113912e+00 8.660225e-01 0.000000e+00 -1.323028e-01
0.000000e+00 5.335000e+00 1.113285e+00 8.653720e-01 0.000000e+00 -1.302430e-01
0.000000e+00 5.390000e+00 1.112985e+00 8.650610e-01 0.000000e+00 -1.284711e-01
0.000000e+00 5.445000e+00 1.113129e+00 8.652103e-01 0.000000e+00 -1.270952e-01
0.000000e+00 5.500000e+00 1.113664e+00 8.657653e-01 0.000000e+00 -1.260642e-01
0.000000e+00 5.555000e+00 1.114357e+00 8.664835e-01 0.000000e+00 -1.251670e-01
0.000000e+00 5.610000e+00 1.114891e+00 8.670368e-01 0.000000e+00 -1.241198e-01
0.000000e+00 5.665000e+00 1.114964e+00 8.671133e-01 0.000000e+00 -1.226527e-01
0.000000e+00 5.720000e+00 1.114472e+00 8.666033e-01 0.000000e+00 -1.206715e-01
0.000000e+00 5.775000e+00 1.113571e+00 8.656687e-01 0.000000e+00 -1.183289e-01
0.000000e+00 5.830000e+00 1.112518e+00 8.645775e-01 0.000000e+00 -1.158621e-01
0.000000e+00 5.885000e+00 1.111538e+00 8.635626e-01 0.000000e+00 -1.134796e-01
0.000000e+00 5.940000e+00 1.110748e+00 8.627438e-01 0.000000e+00 -1.112886e-01
0.000000e+00 5.995000e+00 1.110125e+00 8.620992e-01 0.000000e+00 -1.092681e-01
0.000000e+00 6.050000e+00 1.109569e+00 8.615236e-01 0.000000e+00 -1.073234e-01
0.000000e+00 6.105000e+00 1.108993e+00 8.609273e-01 0.000000e+00 -1.053745e-01
0.000000e+00 6.160000e+00 1.108373e+00 8.602852e-01 0.000000e+00 -1.034017e-01
0.000000e+00 6.215000e+00 1.107726e+00 8.596160e-01 0.000000e+00 -1.014274e-01
0.000000e+00 6.270000e+00 1.107070e+00 8.589372e-01 0.000000e+00 -9.947423e-02
0.000000e+00 6.325000e+00 1.106403e+00 8.582475e-01 0.000000e+00 -9.754601e-02
0.000000e+00 6.380000e+00 1.105721e+00 8.575415e-01 0.000000e+00 -9.563802e-02
0.000000e+00 6.435000e+00 1.105033e+00 8.568307e-01 0.000000e+00 -9.375528e-02
0.000000e+00 6.490000e+00 1.104367e+00 8.561424e-01 0.000000e+00 -9.191470e-02
0.000000e+00 6.545000e+00 1.103747e+00 8.555008e-01 0.000000e+00 -9.013148e-02
0.000000e+00 6.600000e+00 1.103177e+00 8.549120e-01 0.000000e+00 -8.840767e-02
0.000000e+00 6.655000e+00 1.102650e+00 8.543681e-01 0.000000e+00 -8.673471e-02
0.000000e+00 6.710000e+00 1.102159e+00 8.538607e-01 0.000000e+00 -8.510438e-02
0.000000e+00 6.765000e+00 1.101703e+00 8.533892e-01 0.000000e+00 -8.351488e-02
0.000000e+00 6.820000e+00 1.101282e+00 8.529545e-01 0.000000e+00 -8.196717e-02
0.000000e+00 6.875000e+00 1.100891e+00 8.525507e-01 0.000000e+00 -8.045825e-02
0.000000e+00 6.930000e+00 1.100514e+00 8.521622e-01 0.000000e+00 -7.897961e-02
0.000000e+00 6.985000e+00 1.100135e+00 8.517704e-01 0.000000e+00 -7.752138e-02
0.000000e+00 7.040000e+00 1.099739e+00 8.513614e-01 0.000000e+00 -7.607724e-02
0.000000e+00 7.095000e+00 1.099320e+00 8.509294e-01 0.000000e+00 -7.464573e-02
0.000000e+00 7.150000e+00 1.098880e+00 8.504755e-01 0.000000e+00 -7.322864e-02
0.000000e+00 7.205000e+00 1.098425e+00 8.500053e-01 0.000000e+00 -7.182898e-02
0.000000e+00 7.260000e+00 1.097961e+00 8.495265e-01 0.000000e+00 -7.045008e-02
0.000000e+00 7.315000e+00 1.097496e+00 8.490473e-01 0.000000e+00 -6.909512e-02
0.000000e+00 7.370000e+00 1.097039e+00 8.485759e-01 0.000000e+00 -6.776672e-02
0.000000e+00 7.425000e+00 1.096595e+00 8.481183e-01 0.000000e+00 -6.646643e-02
0.000000e+00 7.480000e+00 1.096169e+00 8.476785e-01 0.000000e+00 -6.519469e-02
0.000000e+00 7.535000e+00 1.095761e+00 8.472586e-01 0.000000e+00 -6.395108e-02
0.000000e+00 7.590000e+00 1.095373e+00 8.468584e-01 0.000000e+00 -6.273464e-02
0.000000e+00 7.645000e+00 1.095003e+00 8.464768e-01 0.000000e+00 -6.154403e-02
0.000000e+00 7.700000e+00 1.094649e+00 8.461115e-01 0.000000e+00 -6.037775e-02
0.000000e+00 7.755000e+00 1.094307e+00 8.457596e-01 0.000000e+00 -5.923425e-02
0.000000e+00 7.810000e+00 1.093976e+00 8.454183e-01 0.000000e+00 -5.811210e-02
0.000000e+00 7.865000e+00 1.093652e+00 8.450850e-01 0.000000e+00 -5.701009e-02
0.000000e+00 7.920000e+00 1.093334e+00 8.447573e-01 0.000000e+00 -5.592724e-02
0.000000e+00 7.975000e+00 1.093020e+00 8.444337e-01 0.000000e+00 -5.486280e-02
0.000000e+00 8.030000e+00 1.092709e+00 8.441128e-01 0.000000e+00 -5.381621e-02
0.000000e+00 8.085000e+00 1.092399e+00 8.437939e-01 0.000000e+00 -5.278702e-02
0.000000e+00 8.140000e+00 1.092091e+00 8.434765e-01 0.000000e+00 -5.177486e-02
0.000000e+00 8.195000e+00 1.091784e+00 8.431603e-01 0.000000e+00 -5.077941e-02
0.000000e+00 8.250000e+00 1.091478e+00 8.428453e-01 0.000000e+00 -4.980036e-02
0.000000e+00 8.305000e+00 1.091173e+00 8.425316e-01 0.000000e+00 -4.883741e-02
0.000000e+00 8.360000e+00 1.090870e+00 8.422192e-01 0.000000e+00 -4.789026e-02
0.000000e+00 8.415000e+00 1.090568e+00 8.419084e-01 0.000000e+00 -4.695862e-02
0.000000e+00 8.470000e+00 1.090268e+00 8.415995e-01 0.000000e+00 -4.604223e-02
0.000000e+00 8.525000e+00 1.089970e+00 8.412929e-01 0.000000e+00 -4.514087e-02
0.000000e+00 8.580000e+00 1.089674e+00 8.409887e-01 0.000000e+00 -4.425429e-02
0.000000e+00 8.635000e+00 1.089381e+00 8.406873e-01 0.000000e+00 -4.338222e-02
0.000000e+00 8.690000e+00 1.089091e+00 8.403887e-01 0.000000e+00 -4.252430e-02
0.000000e+00 8.745000e+00 1.088804e+00 8.400930e-01 0.000000e+00 -4.168014e-02
0.000000e+00 8.800000e+00 1.088519e+00 8.398000e-01 0.000000e+00 -4.084933e-02
0.000000e+00 8.855000e+00 1.088237e+00 8.395098e-01 0.000000e+00 -4.003152e-02
0.000000e+00 8.910000e+00 1.087957e+00 8.392224e-01 0.000000e+00 -3.922633e-02
0.000000e+00 8.965000e+00 1.087681e+00 8.389380e-01 0.000000e+00 -3.843338e-02
0.000000e+00 9.020000e+00 1.087407e+00 8.386564e-01 0.000000e+00 -3.765216e-02
0.000000e+00 9.075000e+00 1.087136e+00 8.383775e-01 0.000000e+00 -3.688205e-02
0.000000e+00 9.130000e+00 1.086867e+00 8.381010e-01 0.000000e+00 -3.612240e-02
0.000000e+00 9.185000e+00 1.086600e+00 8.378270e-01 0.000000e+00 -3.537258e-02
0.000000e+00 9.240000e+00 1.086336e+00 8.375550e-01 0.000000e+00 -3.463204e-02
0.000000e+00 9.295000e+00 1.086073e+00 8.372852e-01 0.000000e+00 -3.389997e-02
0.000000e+00 9.350000e+00 1.085813e+00 8.370174e-01 0.000000e+00 -3.317539e-02
0.000000e+00 9.405000e+00 1.085554e+00 8.367515e-01 0.000000e+00 -3.245677e-02
0.000000e+00 9.460000e+00 1.085296e+00 8.364870e-01 0.000000e+00 -3.174393e-02
0.000000e+00 9.515000e+00 1.085041e+00 8.362243e-01 0.000000e+00 -3.103654e-02
0.000000e+00 9.570000e+00 1.084785e+00 8.359615e-01 0.000000e+00 -3.033636e-02
0.000000e+00 9.625000e+00 1.084532e+00 8.357010e-01 0.000000e+00 -2.963836e-02
0.000000e+00 9.680000e+00 1.084276e+00 8.354376e-01 0.000000e+00 -2.893994e-02
0.000000e+00 9.735000e+00 1.084025e+00 8.351795e-01 0.000000e+00 -2.822656e-02
0.000000e+00 9.790000e+00 1.083763e+00 8.349119e-01 0.000000e+00 -2.751561e-02
0.000000e+00 9.845000e+00 1.083516e+00 8.346606e-01 0.000000e+00 -2.680931e-02
0.000000e+00 9.900000e+00 1.083240e+00 8.343809e-01 0.000000e+00 -2.619324e-02
0.000000e+00 9.955000e+00 1.083025e+00 8.341664e-01 0.000000e+00 -2.562441e-02
0.000000e+00 1.001000e+01 1.103350e+00 8.550910e-01 -0.000000e+00 -6.410000e-03
0.000000e+00 1.006500e+01 1.103350e+00 8.550910e-01 -0.000000e+00 -6.410000e-03
0.000000e+00 1.012000e+01 1.103350e+00 8.550910e-01 -0.000000e+00 -6.410000e-03
0.000000e+00 1.017500e+01 1.103350e+00 8.550910e-01 -0.000000e+00 -6.410000e-03
0.000000e+00 1.023000e+01 1.103350e+00 8.550910e-01 -0.000000e+00 -6.410000e-03
0.000000e+00 1.028500e+01 1.103350e+00 8.550910e-01 -0.000000e+00 -6.410000e-03
0.000000e+00 1.034000e+01 1.103350e+00 8.550910e-01 -0.000000e+00 -6.410000e-03
0.000000e+00 1.039500e+01 1.103350e+00 8.550910e-01 -0.000000e+00 -6.410000e-03
0.000000e+00 1.045000e+01 1.103350e+00 8.550910e-01 -0.000000e+00 -6.410000e-03
0.000000e+00 1.050500e+01 1.103350e+00 8.550910e-01 -0.000000e+00 -6.410000e-03
0.000000e+00 1.056000e+01 1.103350e+00 8.550910e-01 -0.000000e+00 -6.410000e-03
0.000000e+00 1.061500e+01 1.103350e+00 8.550910e-01 -0.000000e+00 -6.410000e-03
0.000000e+00 1.067000e+01 1.103350e+00 8.550910e-01 -0.000000e+00 -6.410000e-03
0.000000e+00 1.072500e+01 1.103350e+00 8.550910e-01 -0.000000e+00 -6.410000e-03
0.000000e+00 1.078000e+01 1.103350e+00 8.550910e-01 -0.000000e+00 -6.410000e-03
0.000000e+00 1.083500e+01 1.103350e+00 8.550910e-01 -0.000000e+00 -6.410000e-03
0.000000e+00 1.089000e+01 1.103350e+00 8.550910e-01 -0.000000e+00 -6.410000e-03
0.000000e+00 1.094500e+01 1.103350e+00 8.550910e-01 -0.000000e+00 -6.410000e-03
0.000000e+00 1.100000e+01 1.103350e+00 8.550910e-01 -0.000000e+00 -6.410000e-03
