#############TIME##################
6.804782e+00 
###################################
0.000000e+00 0.000000e+00 9.564751e+00 1.526944e+01 0.000000e+00 -1.419028e+00
0.000000e+00 5.500000e-02 9.564751e+00 1.526944e+01 0.000000e+00 -1.419028e+00
0.000000e+00 1.100000e-01 9.564751e+00 1.526944e+01 0.000000e+00 -1.419028e+00
0.000000e+00 1.650000e-01 9.564751e+00 1.526944e+01 0.000000e+00 -1.419028e+00
0.000000e+00 2.200000e-01 9.564603e+00 1.526915e+01 0.000000e+00 -1.419035e+00
0.000000e+00 2.750000e-01 7.436708e+00 1.083982e+01 0.000000e+00 -1.229005e+00
0.000000e+00 3.300000e-01 6.175440e+00 8.483775e+00 0.000000e+00 -1.052917e+00
0.000000e+00 3.850000e-01 5.324261e+00 6.964365e+00 0.000000e+00 -9.148509e-01
0.000000e+00 4.400000e-01 4.704224e+00 5.908773e+00 0.000000e+00 -8.011144e-01
0.000000e+00 4.950000e-01 4.235975e+00 5.139438e+00 0.000000e+00 -7.092767e-01
0.000000e+00 5.500000e-01 3.868649e+00 4.554952e+00 0.000000e+00 -6.329675e-01
0.000000e+00 6.050000e-01 3.574464e+00 4.099883e+00 0.000000e+00 -5.692536e-01
0.000000e+00 6.600000e-01 3.333663e+00 3.736243e+00 0.000000e+00 -5.150935e-01
0.000000e+00 7.150000e-01 3.133561e+00 3.440587e+00 0.000000e+00 -4.687438e-01
0.000000e+00 7.700000e-01 2.964713e+00 3.195864e+00 0.000000e+00 -4.285966e-01
0.000000e+00 8.250000e-01 2.820627e+00 2.990617e+00 0.000000e+00 -3.936004e-01
0.000000e+00 8.800000e-01 2.696285e+00 2.816240e+00 0.000000e+00 -3.628223e-01
0.000000e+00 9.350000e-01 2.588034e+00 2.666566e+00 0.000000e+00 -3.355974e-01
0.000000e+00 9.900000e-01 2.492996e+00 2.536843e+00 0.000000e+00 -3.113595e-01
0.000000e+00 1.045000e+00 2.408970e+00 2.423491e+00 0.000000e+00 -2.896789e-01
0.000000e+00 1.100000e+00 2.334190e+00 2.323688e+00 0.000000e+00 -2.701937e-01
0.000000e+00 1.155000e+00 2.267255e+00 2.235227e+00 0.000000e+00 -2.526145e-01
0.000000e+00 1.210000e+00 2.207024e+00 2.156338e+00 0.000000e+00 -2.366957e-01
0.000000e+00 1.265000e+00 2.152565e+00 2.085596e+00 0.000000e+00 -2.222333e-01
0.000000e+00 1.320000e+00 2.103109e+00 2.021836e+00 0.000000e+00 -2.090525e-01
0.000000e+00 1.375000e+00 2.058011e+00 1.964105e+00 0.000000e+00 -1.970051e-01
0.000000e+00 1.430000e+00 2.016730e+00 1.911609e+00 0.000000e+00 -1.859632e-01
0.000000e+00 1.485000e+00 1.978805e+00 1.863687e+00 0.000000e+00 -1.758169e-01
0.000000e+00 1.540000e+00 1.943844e+00 1.819781e+00 0.000000e+00 -1.664702e-01
0.000000e+00 1.595000e+00 1.911509e+00 1.779417e+00 0.000000e+00 -1.578383e-01
0.000000e+00 1.650000e+00 1.881511e+00 1.742190e+00 0.000000e+00 -1.498457e-01
0.000000e+00 1.705000e+00 1.853601e+00 1.707756e+00 0.000000e+00 -1.424266e-01
0.000000e+00 1.760000e+00 1.827575e+00 1.675820e+00 0.000000e+00 -1.355269e-01
0.000000e+00 1.815000e+00 1.803261e+00 1.646138e+00 0.000000e+00 -1.291049e-01
0.000000e+00 1.870000e+00 1.780516e+00 1.618502e+00 0.000000e+00 -1.231293e-01
0.000000e+00 1.925000e+00 1.759211e+00 1.592728e+00 0.000000e+00 -1.175707e-01
0.000000e+00 1.980000e+00 1.739212e+00 1.568632e+00 0.000000e+00 -1.123911e-01
0.000000e+00 2.035000e+00 1.720370e+00 1.546015e+00 0.000000e+00 -1.075365e-01
0.000000e+00 2.090000e+00 1.702523e+00 1.524669e+00 0.000000e+00 -1.029407e-01
0.000000e+00 2.145000e+00 1.685532e+00 1.504417e+00 0.000000e+00 -9.854638e-02
0.000000e+00 2.200000e+00 1.669333e+00 1.485172e+00 0.000000e+00 -9.433980e-02
0.000000e+00 2.255000e+00 1.653981e+00 1.466990e+00 0.000000e+00 -9.038351e-02
0.000000e+00 2.310000e+00 1.639668e+00 1.450090e+00 0.000000e+00 -8.682786e-02
0.000000e+00 2.365000e+00 1.626675e+00 1.434791e+00 0.000000e+00 -8.387952e-02
0.000000e+00 2.420000e+00 1.615220e+00 1.421337e+00 0.000000e+00 -8.170309e-02
0.000000e+00 2.475000e+00 1.605220e+00 1.409619e+00 0.000000e+00 -8.025964e-02
0.000000e+00 2.530000e+00 1.596174e+00 1.399039e+00 0.000000e+00 -7.923353e-02
0.000000e+00 2.585000e+00 1.587388e+00 1.388782e+00 0.000000e+00 -7.816650e-02
0.000000e+00 2.640000e+00 1.578172e+00 1.378043e+00 0.000000e+00 -7.661193e-02
0.000000e+00 2.695000e+00 1.568141e+00 1.366378e+00 0.000000e+00 -7.432562e-02
0.000000e+00 2.750000e+00 1.557436e+00 1.353957e+00 0.000000e+00 -7.141329e-02
0.000000e+00 2.805000e+00 1.546516e+00 1.341314e+00 0.000000e+00 -6.820452e-02
0.000000e+00 2.860000e+00 1.535863e+00 1.329010e+00 0.000000e+00 -6.504391e-02
0.000000e+00 2.915000e+00 1.525801e+00 1.317414e+00 0.000000e+00 -6.216698e-02
0.000000e+00 2.970000e+00 1.516429e+00 1.306636e+00 0.000000e+00 -5.965324e-02
0.000000e+00 3.025000e+00 1.507636e+00 1.296545e+00 0.000000e+00 -5.743550e-02
0.000000e+00 3.080000e+00 1.499204e+00 1.286886e+00 0.000000e+00 -5.536927e-02
0.000000e+00 3.135000e+00 1.490954e+00 1.277453e+00 0.000000e+00 -5.333422e-02
0.000000e+00 3.190000e+00 1.482830e+00 1.268180e+00 0.000000e+00 -5.129684e-02
0.000000e+00 3.245000e+00 1.474879e+00 1.259122e+00 0.000000e+00 -4.929786e-02
0.000000e+00 3.300000e+00 1.467175e+00 1.250362e+00 0.000000e+00 -4.739837e-02
0.000000e+00 3.355000e+00 1.459756e+00 1.241939e+00 0.000000e+00 -4.563402e-02
0.000000e+00 3.410000e+00 1.452595e+00 1.233823e+00 0.000000e+00 -4.399799e-02
0.000000e+00 3.465000e+00 1.445630e+00 1.225941e+00 0.000000e+00 -4.245481e-02
0.000000e+00 3.520000e+00 1.438803e+00 1.218228e+00 0.000000e+00 -4.097238e-02
0.000000e+00 3.575000e+00 1.432100e+00 1.210667e+00 0.000000e+00 -3.954472e-02
0.000000e+00 3.630000e+00 1.425539e+00 1.203277e+00 0.000000e+00 -3.818840e-02
0.000000e+00 3.685000e+00 1.419145e+00 1.196087e+00 0.000000e+00 -3.692341e-02
0.000000e+00 3.740000e+00 1.412932e+00 1.189110e+00 0.000000e+00 -3.576026e-02
0.000000e+00 3.795000e+00 1.406893e+00 1.182339e+00 0.000000e+00 -3.469963e-02
0.000000e+00 3.850000e+00 1.401014e+00 1.175756e+00 0.000000e+00 -3.373733e-02
0.000000e+00 3.905000e+00 1.395273e+00 1.169337e+00 0.000000e+00 -3.286820e-02
0.000000e+00 3.960000e+00 1.389649e+00 1.163057e+00 0.000000e+00 -3.208738e-02
0.000000e+00 4.015000e+00 1.384121e+00 1.156892e+00 0.000000e+00 -3.139028e-02
0.000000e+00 4.070000e+00 1.378665e+00 1.150816e+00 0.000000e+00 -3.077370e-02
0.000000e+00 4.125000e+00 1.373255e+00 1.144798e+00 0.000000e+00 -3.023927e-02
0.000000e+00 4.180000e+00 1.367858e+00 1.138804e+00 0.000000e+00 -2.979630e-02
0.000000e+00 4.235000e+00 1.362445e+00 1.132799e+00 0.000000e+00 -2.946087e-02
0.000000e+00 4.290000e+00 1.356984e+00 1.126748e+00 0.000000e+00 -2.925184e-02
0.000000e+00 4.345000e+00 1.351447e+00 1.120622e+00 0.000000e+00 -2.918701e-02
0.000000e+00 4.400000e+00 1.345810e+00 1.114395e+00 0.000000e+00 -2.928314e-02
0.000000e+00 4.455000e+00 1.340048e+00 1.108037e+00 0.000000e+00 -2.956028e-02
0.000000e+00 4.510000e+00 1.334127e+00 1.101514e+00 0.000000e+00 -3.004645e-02
0.000000e+00 4.565000e+00 1.328006e+00 1.094782e+00 0.000000e+00 -3.077650e-02
0.000000e+00 4.620000e+00 1.321646e+00 1.087797e+00 0.000000e+00 -3.178470e-02
0.000000e+00 4.675000e+00 1.315013e+00 1.080524e+00 0.000000e+00 -3.310095e-02
0.000000e+00 4.730000e+00 1.308062e+00 1.072915e+00 0.000000e+00 -3.476274e-02
0.000000e+00 4.785000e+00 1.300705e+00 1.064877e+00 0.000000e+00 -3.684247e-02
0.000000e+00 4.840000e+00 1.292779e+00 1.056234e+00 0.000000e+00 -3.947225e-02
0.000000e+00 4.895000e+00 1.284058e+00 1.046745e+00 0.000000e+00 -4.283631e-02
0.000000e+00 4.950000e+00 1.274336e+00 1.036191e+00 0.000000e+00 -4.710486e-02
0.000000e+00 5.005000e+00 1.263566e+00 1.024532e+00 0.000000e+00 -5.232211e-02
0.000000e+00 5.060000e+00 1.251965e+00 1.012010e+00 0.000000e+00 -5.831726e-02
0.000000e+00 5.115000e+00 1.240002e+00 9.991373e-01 0.000000e+00 -6.471072e-02
0.000000e+00 5.170000e+00 1.228253e+00 9.865343e-01 0.000000e+00 -7.102295e-02
0.000000e+00 5.225000e+00 1.217217e+00 9.747327e-01 0.000000e+00 -7.682880e-02
0.000000e+00 5.280000e+00 1.207179e+00 9.640295e-01 0.000000e+00 -8.187697e-02
0.000000e+00 5.335000e+00 1.198186e+00 9.544658e-01 0.000000e+00 -8.611658e-02
0.000000e+00 5.390000e+00 1.190127e+00 9.459156e-01 0.000000e+00 -8.963299e-02
0.000000e+00 5.445000e+00 1.182844e+00 9.382054e-01 0.000000e+00 -9.255391e-02
0.000000e+00 5.500000e+00 1.176203e+00 9.311887e-01 0.000000e+00 -9.498904e-02
0.000000e+00 5.555000e+00 1.170108e+00 9.247603e-01 0.000000e+00 -9.701682e-02
0.000000e+00 5.610000e+00 1.164488e+00 9.188428e-01 0.000000e+00 -9.869465e-02
0.000000e+00 5.665000e+00 1.159285e+00 9.133733e-01 0.000000e+00 -1.000691e-01
0.000000e+00 5.720000e+00 1.154452e+00 9.082991e-01 0.000000e+00 -1.011797e-01
0.000000e+00 5.775000e+00 1.149946e+00 9.035761e-01 0.000000e+00 -1.020590e-01
0.000000e+00 5.830000e+00 1.145737e+00 8.991686e-01 0.000000e+00 -1.027335e-01
0.000000e+00 5.885000e+00 1.141796e+00 8.950467e-01 0.000000e+00 -1.032252e-01
0.000000e+00 5.940000e+00 1.138099e+00 8.911847e-01 0.000000e+00 -1.035530e-01
0.000000e+00 5.995000e+00 1.134625e+00 8.875600e-01 0.000000e+00 -1.037335e-01
0.000000e+00 6.050000e+00 1.131357e+00 8.841528e-01 0.000000e+00 -1.037815e-01
0.000000e+00 6.105000e+00 1.128278e+00 8.809458e-01 0.000000e+00 -1.037100e-01
0.000000e+00 6.160000e+00 1.125373e+00 8.779235e-01 0.000000e+00 -1.035305e-01
0.000000e+00 6.215000e+00 1.122631e+00 8.750722e-01 0.000000e+00 -1.032531e-01
0.000000e+00 6.270000e+00 1.120039e+00 8.723795e-01 0.000000e+00 -1.028871e-01
0.000000e+00 6.325000e+00 1.117587e+00 8.698342e-01 0.000000e+00 -1.024404e-01
0.000000e+00 6.380000e+00 1.115266e+00 8.674261e-01 0.000000e+00 -1.019207e-01
0.000000e+00 6.435000e+00 1.113067e+00 8.651461e-01 0.000000e+00 -1.013347e-01
0.000000e+00 6.490000e+00 1.110981e+00 8.629858e-01 0.000000e+00 -1.006888e-01
0.000000e+00 6.545000e+00 1.109003e+00 8.609376e-01 0.000000e+00 -9.998872e-02
0.000000e+00 6.600000e+00 1.107125e+00 8.589943e-01 0.000000e+00 -9.923966e-02
0.000000e+00 6.655000e+00 1.105341e+00 8.571494e-01 0.000000e+00 -9.844643e-02
0.000000e+00 6.710000e+00 1.103646e+00 8.553966e-01 0.000000e+00 -9.761337e-02
0.000000e+00 6.765000e+00 1.102033e+00 8.537304e-01 0.000000e+00 -9.674450e-02
0.000000e+00 6.820000e+00 1.100498e+00 8.521454e-01 0.000000e+00 -9.584359e-02
0.000000e+00 6.875000e+00 1.099037e+00 8.506368e-01 0.000000e+00 -9.491413e-02
0.000000e+00 6.930000e+00 1.097644e+00 8.492001e-01 0.000000e+00 -9.395941e-02
0.000000e+00 6.985000e+00 1.096317e+00 8.478312e-01 0.000000e+00 -9.298245e-02
0.000000e+00 7.040000e+00 1.095051e+00 8.465261e-01 0.000000e+00 -9.198601e-02
0.000000e+00 7.095000e+00 1.093843e+00 8.452811e-01 0.000000e+00 -9.097263e-02
0.000000e+00 7.150000e+00 1.092689e+00 8.440926e-01 0.000000e+00 -8.994462e-02
0.000000e+00 7.205000e+00 1.091587e+00 8.429574e-01 0.000000e+00 -8.890410e-02
0.000000e+00 7.260000e+00 1.090533e+00 8.418723e-01 0.000000e+00 -8.785304e-02
0.000000e+00 7.315000e+00 1.089524e+00 8.408344e-01 0.000000e+00 -8.679327e-02
0.000000e+00 7.370000e+00 1.088559e+00 8.398412e-01 0.000000e+00 -8.572654e-02
0.000000e+00 7.425000e+00 1.087634e+00 8.388901e-01 0.000000e+00 -8.465445e-02
0.000000e+00 7.480000e+00 1.086748e+00 8.379788e-01 0.000000e+00 -8.357854e-02
0.000000e+00 7.535000e+00 1.085898e+00 8.371053e-01 0.000000e+00 -8.250016e-02
0.000000e+00 7.590000e+00 1.085083e+00 8.362675e-01 0.000000e+00 -8.142056e-02
0.000000e+00 7.645000e+00 1.084301e+00 8.354635e-01 0.000000e+00 -8.034082e-02
0.000000e+00 7.700000e+00 1.083549e+00 8.346914e-01 0.000000e+00 -7.926195e-02
0.000000e+00 7.755000e+00 1.082827e+00 8.339497e-01 0.000000e+00 -7.818486e-02
0.000000e+00 7.810000e+00 1.082132e+00 8.332368e-01 0.000000e+00 -7.711042e-02
0.000000e+00 7.865000e+00 1.081465e+00 8.325514e-01 0.000000e+00 -7.603944e-02
0.000000e+00 7.920000e+00 1.080822e+00 8.318922e-01 0.000000e+00 -7.497262e-02
0.000000e+00 7.975000e+00 1.080205e+00 8.312582e-01 0.000000e+00 -7.391058e-02
0.000000e+00 8.030000e+00 1.079610e+00 8.306482e-01 0.000000e+00 -7.285381e-02
0.000000e+00 8.085000e+00 1.079038e+00 8.300614e-01 0.000000e+00 -7.180278e-02
0.000000e+00 8.140000e+00 1.078487e+00 8.294968e-01 0.000000e+00 -7.075788e-02
0.000000e+00 8.195000e+00 1.077958e+00 8.289539e-01 0.000000e+00 -6.971946e-02
0.000000e+00 8.250000e+00 1.077449e+00 8.284321e-01 0.000000e+00 -6.868783e-02
0.000000e+00 8.305000e+00 1.076960e+00 8.279307e-01 0.000000e+00 -6.766324e-02
0.000000e+00 8.360000e+00 1.076490e+00 8.274491e-01 0.000000e+00 -6.664584e-02
0.000000e+00 8.415000e+00 1.076039e+00 8.269868e-01 0.000000e+00 -6.563571e-02
0.000000e+00 8.470000e+00 1.075606e+00 8.265431e-01 0.000000e+00 -6.463289e-02
0.000000e+00 8.525000e+00 1.075190e+00 8.261173e-01 0.000000e+00 -6.363740e-02
0.000000e+00 8.580000e+00 1.074792e+00 8.257088e-01 0.000000e+00 -6.264930e-02
0.000000e+00 8.635000e+00 1.074409e+00 8.253169e-01 0.000000e+00 -6.166867e-02
0.000000e+00 8.690000e+00 1.074042e+00 8.249408e-01 0.000000e+00 -6.069560e-02
0.000000e+00 8.745000e+00 1.073689e+00 8.245798e-01 0.000000e+00 -5.973019e-02
0.000000e+00 8.800000e+00 1.073350e+00 8.242327e-01 0.000000e+00 -5.877247e-02
0.000000e+00 8.855000e+00 1.073024e+00 8.238985e-01 0.000000e+00 -5.782236e-02
0.000000e+00 8.910000e+00 1.072709e+00 8.235758e-01 0.000000e+00 -5.687971e-02
0.000000e+00 8.965000e+00 1.072403e+00 8.232631e-01 0.000000e+00 -5.594433e-02
0.000000e+00 9.020000e+00 1.072106e+00 8.229590e-01 0.000000e+00 -5.501601e-02
0.000000e+00 9.075000e+00 1.071816e+00 8.226618e-01 0.000000e+00 -5.409437e-02
0.000000e+00 9.130000e+00 1.071531e+00 8.223701e-01 0.000000e+00 -5.317883e-02
0.000000e+00 9.185000e+00 1.071250e+00 8.220827e-01 0.000000e+00 -5.226824e-02
0.000000e+00 9.240000e+00 1.070972e+00 8.217982e-01 0.000000e+00 -5.136166e-02
0.000000e+00 9.295000e+00 1.070696e+00 8.215161e-01 0.000000e+00 -5.045809e-02
0.000000e+00 9.350000e+00 1.070421e+00 8.212349e-01 0.000000e+00 -4.955821e-02
0.000000e+00 9.405000e+00 1.070147e+00 8.209548e-01 0.000000e+00 -4.866137e-02
0.000000e+00 9.460000e+00 1.069872e+00 8.206735e-01 0.000000e+00 -4.776783e-02
0.000000e+00 9.515000e+00 1.069598e+00 8.203932e-01 0.000000e+00 -4.686980e-02
0.000000e+00 9.570000e+00 1.069320e+00 8.201078e-01 0.000000e+00 -4.596435e-02
0.000000e+00 9.625000e+00 1.069044e+00 8.198261e-01 0.000000e+00 -4.503697e-02
0.000000e+00 9.680000e+00 1.068756e+00 8.195315e-01 0.000000e+00 -4.410730e-02
0.000000e+00 9.735000e+00 1.068481e+00 8.192522e-01 0.000000e+00 -4.317136e-02
0.000000e+00 9.790000e+00 1.068172e+00 8.189398e-01 0.000000e+00 -4.231559e-02
0.000000e+00 9.845000e+00 1.067912e+00 8.186820e-01 0.000000e+00 -4.150651e-02
0.000000e+00 9.900000e+00 1.067552e+00 8.183258e-01 0.000000e+00 -4.091147e-02
0.000000e+00 9.955000e+00 1.067406e+00 8.181964e-01 0.000000e+00 -4.026433e-02
0.000000e+00 1.001000e+01 1.103350e+00 8.550910e-01 -0.000000e+00 -6.410000e-03
0.000000e+00 1.006500e+01 1.103350e+00 8.550910e-01 -0.000000e+00 -6.410000e-03
0.000000e+00 1.012000e+01 1.103350e+00 8.550910e-01 -0.000000e+00 -6.410000e-03
0.000000e+00 1.017500e+01 1.103350e+00 8.550910e-01 -0.000000e+00 -6.410000e-03
0.000000e+00 1.023000e+01 1.103350e+00 8.550910e-01 -0.000000e+00 -6.410000e-03
0.000000e+00 1.028500e+01 1.103350e+00 8.550910e-01 -0.000000e+00 -6.410000e-03
0.000000e+00 1.034000e+01 1.103350e+00 8.550910e-01 -0.000000e+00 -6.410000e-03
0.000000e+00 1.039500e+01 1.103350e+00 8.550910e-01 -0.000000e+00 -6.410000e-03
0.000000e+00 1.045000e+01 1.103350e+00 8.550910e-01 -0.000000e+00 -6.410000e-03
0.000000e+00 1.050500e+01 1.103350e+00 8.550910e-01 -0.000000e+00 -6.410000e-03
0.000000e+00 1.056000e+01 1.103350e+00 8.550910e-01 -0.000000e+00 -6.410000e-03
0.000000e+00 1.061500e+01 1.103350e+00 8.550910e-01 -0.000000e+00 -6.410000e-03
0.000000e+00 1.067000e+01 1.103350e+00 8.550910e-01 -0.000000e+00 -6.410000e-03
0.000000e+00 1.072500e+01 1.103350e+00 8.550910e-01 -0.000000e+00 -6.410000e-03
0.000000e+00 1.078000e+01 1.103350e+00 8.550910e-01 -0.000000e+00 -6.410000e-03
0.000000e+00 1.083500e+01 1.103350e+00 8.550910e-01 -0.000000e+00 -6.410000e-03
0.000000e+00 1.089000e+01 1.103350e+00 8.550910e-01 -0.000000e+00 -6.410000e-03
0.000000e+00 1.094500e+01 1.103350e+00 8.550910e-01 -0.000000e+00 -6.410000e-03
0.000000e+00 1.100000e+01 1.103350e+00 8.550910e-01 -0.000000e+00 -6.410000e-03
