#############TIME##################
3.504406e+00 
###################################
0.000000e+00 0.000000e+00 5.572223e+01 5.572694e+01 0.000000e+00 -3.071429e+00
0.000000e+00 5.500000e-02 5.572223e+01 5.572694e+01 0.000000e+00 -3.071429e+00
0.000000e+00 1.100000e-01 2.112652e+01 2.112723e+01 0.000000e+00 -3.071441e+00
0.000000e+00 1.650000e-01 1.371825e+01 1.371859e+01 0.000000e+00 -2.322678e+00
0.000000e+00 2.200000e-01 1.016827e+01 1.016849e+01 0.000000e+00 -1.952784e+00
0.000000e+00 2.750000e-01 7.952698e+00 7.952854e+00 0.000000e+00 -1.667396e+00
0.000000e+00 3.300000e-01 6.563485e+00 6.563601e+00 0.000000e+00 -1.448275e+00
0.000000e+00 3.850000e-01 5.566726e+00 5.566816e+00 0.000000e+00 -1.279700e+00
0.000000e+00 4.400000e-01 4.861360e+00 4.861432e+00 0.000000e+00 -1.139505e+00
0.000000e+00 4.950000e-01 4.317967e+00 4.318025e+00 0.000000e+00 -1.027157e+00
0.000000e+00 5.500000e-01 3.898600e+00 3.898649e+00 0.000000e+00 -9.320008e-01
0.000000e+00 6.050000e-01 3.564364e+00 3.564406e+00 0.000000e+00 -8.520422e-01
0.000000e+00 6.600000e-01 3.291309e+00 3.291345e+00 0.000000e+00 -7.836711e-01
0.000000e+00 7.150000e-01 3.065171e+00 3.065202e+00 0.000000e+00 -7.250304e-01
0.000000e+00 7.700000e-01 2.874678e+00 2.874705e+00 0.000000e+00 -6.741136e-01
0.000000e+00 8.250000e-01 2.712377e+00 2.712401e+00 0.000000e+00 -6.297676e-01
0.000000e+00 8.800000e-01 2.572381e+00 2.572403e+00 0.000000e+00 -5.908486e-01
0.000000e+00 9.350000e-01 2.450489e+00 2.450509e+00 0.000000e+00 -5.565762e-01
0.000000e+00 9.900000e-01 2.343363e+00 2.343381e+00 0.000000e+00 -5.262421e-01
0.000000e+00 1.045000e+00 2.248478e+00 2.248494e+00 0.000000e+00 -4.993114e-01
0.000000e+00 1.100000e+00 2.163804e+00 2.163819e+00 0.000000e+00 -4.753210e-01
0.000000e+00 1.155000e+00 2.087748e+00 2.087761e+00 0.000000e+00 -4.539010e-01
0.000000e+00 1.210000e+00 2.019012e+00 2.019024e+00 0.000000e+00 -4.347354e-01
0.000000e+00 1.265000e+00 1.956550e+00 1.956561e+00 0.000000e+00 -4.175618e-01
0.000000e+00 1.320000e+00 1.899501e+00 1.899511e+00 0.000000e+00 -4.021539e-01
0.000000e+00 1.375000e+00 1.847157e+00 1.847166e+00 0.000000e+00 -3.883187e-01
0.000000e+00 1.430000e+00 1.798924e+00 1.798933e+00 0.000000e+00 -3.758884e-01
0.000000e+00 1.485000e+00 1.754303e+00 1.754311e+00 0.000000e+00 -3.647191e-01
0.000000e+00 1.540000e+00 1.712866e+00 1.712874e+00 0.000000e+00 -3.546865e-01
0.000000e+00 1.595000e+00 1.674246e+00 1.674253e+00 0.000000e+00 -3.456831e-01
0.000000e+00 1.650000e+00 1.638131e+00 1.638137e+00 0.000000e+00 -3.376132e-01
0.000000e+00 1.705000e+00 1.604262e+00 1.604268e+00 0.000000e+00 -3.303863e-01
0.000000e+00 1.760000e+00 1.572433e+00 1.572438e+00 0.000000e+00 -3.239127e-01
0.000000e+00 1.815000e+00 1.542481e+00 1.542487e+00 0.000000e+00 -3.181018e-01
0.000000e+00 1.870000e+00 1.514279e+00 1.514283e+00 0.000000e+00 -3.128644e-01
0.000000e+00 1.925000e+00 1.487714e+00 1.487718e+00 0.000000e+00 -3.081174e-01
0.000000e+00 1.980000e+00 1.462686e+00 1.462690e+00 0.000000e+00 -3.037866e-01
0.000000e+00 2.035000e+00 1.439103e+00 1.439107e+00 0.000000e+00 -2.998066e-01
0.000000e+00 2.090000e+00 1.416884e+00 1.416887e+00 0.000000e+00 -2.961173e-01
0.000000e+00 2.145000e+00 1.395958e+00 1.395962e+00 0.000000e+00 -2.926612e-01
0.000000e+00 2.200000e+00 1.376272e+00 1.376275e+00 0.000000e+00 -2.893822e-01
0.000000e+00 2.255000e+00 1.357774e+00 1.357777e+00 0.000000e+00 -2.862288e-01
0.000000e+00 2.310000e+00 1.340416e+00 1.340419e+00 0.000000e+00 -2.831568e-01
0.000000e+00 2.365000e+00 1.324145e+00 1.324147e+00 0.000000e+00 -2.801317e-01
0.000000e+00 2.420000e+00 1.308903e+00 1.308905e+00 0.000000e+00 -2.771281e-01
0.000000e+00 2.475000e+00 1.294634e+00 1.294636e+00 0.000000e+00 -2.741270e-01
0.000000e+00 2.530000e+00 1.281283e+00 1.281285e+00 0.000000e+00 -2.711134e-01
0.000000e+00 2.585000e+00 1.268800e+00 1.268801e+00 0.000000e+00 -2.680748e-01
0.000000e+00 2.640000e+00 1.257136e+00 1.257138e+00 0.000000e+00 -2.650006e-01
0.000000e+00 2.695000e+00 1.246248e+00 1.246250e+00 0.000000e+00 -2.618829e-01
0.000000e+00 2.750000e+00 1.236093e+00 1.236094e+00 0.000000e+00 -2.587159e-01
0.000000e+00 2.805000e+00 1.226629e+00 1.226630e+00 0.000000e+00 -2.554970e-01
0.000000e+00 2.860000e+00 1.217815e+00 1.217816e+00 0.000000e+00 -2.522256e-01
0.000000e+00 2.915000e+00 1.209612e+00 1.209613e+00 0.000000e+00 -2.489027e-01
0.000000e+00 2.970000e+00 1.201983e+00 1.201984e+00 0.000000e+00 -2.455310e-01
0.000000e+00 3.025000e+00 1.194892e+00 1.194893e+00 0.000000e+00 -2.421139e-01
0.000000e+00 3.080000e+00 1.188306e+00 1.188306e+00 0.000000e+00 -2.386557e-01
0.000000e+00 3.135000e+00 1.182191e+00 1.182191e+00 0.000000e+00 -2.351613e-01
0.000000e+00 3.190000e+00 1.176517e+00 1.176518e+00 0.000000e+00 -2.316361e-01
0.000000e+00 3.245000e+00 1.171255e+00 1.171256e+00 0.000000e+00 -2.280857e-01
0.000000e+00 3.300000e+00 1.166378e+00 1.166379e+00 0.000000e+00 -2.245162e-01
0.000000e+00 3.355000e+00 1.161860e+00 1.161860e+00 0.000000e+00 -2.209333e-01
0.000000e+00 3.410000e+00 1.157675e+00 1.157675e+00 0.000000e+00 -2.173431e-01
0.000000e+00 3.465000e+00 1.153801e+00 1.153801e+00 0.000000e+00 -2.137513e-01
0.000000e+00 3.520000e+00 1.150216e+00 1.150216e+00 0.000000e+00 -2.101637e-01
0.000000e+00 3.575000e+00 1.146899e+00 1.146900e+00 0.000000e+00 -2.065857e-01
0.000000e+00 3.630000e+00 1.143832e+00 1.143832e+00 0.000000e+00 -2.030224e-01
0.000000e+00 3.685000e+00 1.140996e+00 1.140996e+00 0.000000e+00 -1.994787e-01
0.000000e+00 3.740000e+00 1.138374e+00 1.138374e+00 0.000000e+00 -1.959593e-01
0.000000e+00 3.795000e+00 1.135951e+00 1.135951e+00 0.000000e+00 -1.924683e-01
0.000000e+00 3.850000e+00 1.133711e+00 1.133712e+00 0.000000e+00 -1.890097e-01
0.000000e+00 3.905000e+00 1.131642e+00 1.131642e+00 0.000000e+00 -1.855871e-01
0.000000e+00 3.960000e+00 1.129730e+00 1.129730e+00 0.000000e+00 -1.822038e-01
0.000000e+00 4.015000e+00 1.127963e+00 1.127963e+00 0.000000e+00 -1.788626e-01
0.000000e+00 4.070000e+00 1.126331e+00 1.126331e+00 0.000000e+00 -1.755661e-01
0.000000e+00 4.125000e+00 1.124822e+00 1.124822e+00 0.000000e+00 -1.723167e-01
0.000000e+00 4.180000e+00 1.123428e+00 1.123428e+00 0.000000e+00 -1.691162e-01
0.000000e+00 4.235000e+00 1.122140e+00 1.122140e+00 0.000000e+00 -1.659665e-01
0.000000e+00 4.290000e+00 1.120949e+00 1.120949e+00 0.000000e+00 -1.628689e-01
0.000000e+00 4.345000e+00 1.119848e+00 1.119848e+00 0.000000e+00 -1.598245e-01
0.000000e+00 4.400000e+00 1.118829e+00 1.118829e+00 0.000000e+00 -1.568344e-01
0.000000e+00 4.455000e+00 1.117887e+00 1.117887e+00 0.000000e+00 -1.538991e-01
0.000000e+00 4.510000e+00 1.117016e+00 1.117016e+00 0.000000e+00 -1.510193e-01
0.000000e+00 4.565000e+00 1.116209e+00 1.116209e+00 0.000000e+00 -1.481952e-01
0.000000e+00 4.620000e+00 1.115463e+00 1.115463e+00 0.000000e+00 -1.454269e-01
0.000000e+00 4.675000e+00 1.114771e+00 1.114771e+00 0.000000e+00 -1.427145e-01
0.000000e+00 4.730000e+00 1.114130e+00 1.114130e+00 0.000000e+00 -1.400579e-01
0.000000e+00 4.785000e+00 1.113537e+00 1.113537e+00 0.000000e+00 -1.374566e-01
0.000000e+00 4.840000e+00 1.112986e+00 1.112986e+00 0.000000e+00 -1.349104e-01
0.000000e+00 4.895000e+00 1.112475e+00 1.112475e+00 0.000000e+00 -1.324187e-01
0.000000e+00 4.950000e+00 1.112001e+00 1.112002e+00 0.000000e+00 -1.299810e-01
0.000000e+00 5.005000e+00 1.111562e+00 1.111562e+00 0.000000e+00 -1.275966e-01
0.000000e+00 5.060000e+00 1.111153e+00 1.111153e+00 0.000000e+00 -1.252648e-01
0.000000e+00 5.115000e+00 1.110773e+00 1.110773e+00 0.000000e+00 -1.229848e-01
0.000000e+00 5.170000e+00 1.110420e+00 1.110420e+00 0.000000e+00 -1.207558e-01
0.000000e+00 5.225000e+00 1.110092e+00 1.110092e+00 0.000000e+00 -1.185770e-01
0.000000e+00 5.280000e+00 1.109787e+00 1.109787e+00 0.000000e+00 -1.164473e-01
0.000000e+00 5.335000e+00 1.109502e+00 1.109502e+00 0.000000e+00 -1.143659e-01
0.000000e+00 5.390000e+00 1.109237e+00 1.109237e+00 0.000000e+00 -1.123318e-01
0.000000e+00 5.445000e+00 1.108990e+00 1.108990e+00 0.000000e+00 -1.103442e-01
0.000000e+00 5.500000e+00 1.108760e+00 1.108760e+00 0.000000e+00 -1.084024e-01
0.000000e+00 5.555000e+00 1.108546e+00 1.108546e+00 0.000000e+00 -1.065054e-01
0.000000e+00 5.610000e+00 1.108346e+00 1.108346e+00 0.000000e+00 -1.046513e-01
0.000000e+00 5.665000e+00 1.108157e+00 1.108157e+00 0.000000e+00 -1.028378e-01
0.000000e+00 5.720000e+00 1.107978e+00 1.107978e+00 0.000000e+00 -1.010639e-01
0.000000e+00 5.775000e+00 1.107812e+00 1.107812e+00 0.000000e+00 -9.933211e-02
0.000000e+00 5.830000e+00 1.107666e+00 1.107666e+00 0.000000e+00 -9.764806e-02
0.000000e+00 5.885000e+00 1.107542e+00 1.107542e+00 0.000000e+00 -9.601356e-02
0.000000e+00 5.940000e+00 1.107427e+00 1.107427e+00 0.000000e+00 -9.441620e-02
0.000000e+00 5.995000e+00 1.107288e+00 1.107288e+00 0.000000e+00 -9.282681e-02
0.000000e+00 6.050000e+00 1.107097e+00 1.107097e+00 0.000000e+00 -9.121900e-02
0.000000e+00 6.105000e+00 1.106873e+00 1.106873e+00 0.000000e+00 -8.961018e-02
0.000000e+00 6.160000e+00 1.106723e+00 1.106723e+00 0.000000e+00 -8.809772e-02
0.000000e+00 6.215000e+00 1.106853e+00 1.106853e+00 0.000000e+00 -8.686473e-02
0.000000e+00 6.270000e+00 1.107523e+00 1.107523e+00 0.000000e+00 -8.614305e-02
0.000000e+00 6.325000e+00 1.108831e+00 1.108831e+00 0.000000e+00 -8.601185e-02
0.000000e+00 6.380000e+00 1.110539e+00 1.110539e+00 0.000000e+00 -8.625469e-02
0.000000e+00 6.435000e+00 1.112249e+00 1.112249e+00 0.000000e+00 -8.650423e-02
0.000000e+00 6.490000e+00 1.113484e+00 1.113484e+00 0.000000e+00 -8.633389e-02
0.000000e+00 6.545000e+00 1.113798e+00 1.113799e+00 0.000000e+00 -8.536716e-02
0.000000e+00 6.600000e+00 1.113283e+00 1.113283e+00 0.000000e+00 -8.368946e-02
0.000000e+00 6.655000e+00 1.112366e+00 1.112366e+00 0.000000e+00 -8.168325e-02
0.000000e+00 6.710000e+00 1.111459e+00 1.111459e+00 0.000000e+00 -7.970870e-02
0.000000e+00 6.765000e+00 1.110839e+00 1.110839e+00 0.000000e+00 -7.800912e-02
0.000000e+00 6.820000e+00 1.110529e+00 1.110529e+00 0.000000e+00 -7.660209e-02
0.000000e+00 6.875000e+00 1.110329e+00 1.110329e+00 0.000000e+00 -7.531352e-02
0.000000e+00 6.930000e+00 1.110012e+00 1.110012e+00 0.000000e+00 -7.395385e-02
0.000000e+00 6.985000e+00 1.109492e+00 1.109492e+00 0.000000e+00 -7.245376e-02
0.000000e+00 7.040000e+00 1.108849e+00 1.108849e+00 0.000000e+00 -7.088552e-02
0.000000e+00 7.095000e+00 1.108231e+00 1.108231e+00 0.000000e+00 -6.936596e-02
0.000000e+00 7.150000e+00 1.107740e+00 1.107740e+00 0.000000e+00 -6.797005e-02
0.000000e+00 7.205000e+00 1.107391e+00 1.107391e+00 0.000000e+00 -6.669960e-02
0.000000e+00 7.260000e+00 1.107128e+00 1.107128e+00 0.000000e+00 -6.550714e-02
0.000000e+00 7.315000e+00 1.106879e+00 1.106879e+00 0.000000e+00 -6.433879e-02
0.000000e+00 7.370000e+00 1.106587e+00 1.106587e+00 0.000000e+00 -6.315903e-02
0.000000e+00 7.425000e+00 1.106228e+00 1.106228e+00 0.000000e+00 -6.195438e-02
0.000000e+00 7.480000e+00 1.105807e+00 1.105807e+00 0.000000e+00 -6.072902e-02
0.000000e+00 7.535000e+00 1.105347e+00 1.105347e+00 0.000000e+00 -5.949935e-02
0.000000e+00 7.590000e+00 1.104876e+00 1.104876e+00 0.000000e+00 -5.828611e-02
0.000000e+00 7.645000e+00 1.104419e+00 1.104419e+00 0.000000e+00 -5.710480e-02
0.000000e+00 7.700000e+00 1.103984e+00 1.103984e+00 0.000000e+00 -5.596018e-02
0.000000e+00 7.755000e+00 1.103571e+00 1.103571e+00 0.000000e+00 -5.484831e-02
0.000000e+00 7.810000e+00 1.103172e+00 1.103172e+00 0.000000e+00 -5.376302e-02
0.000000e+00 7.865000e+00 1.102783e+00 1.102783e+00 0.000000e+00 -5.270061e-02
0.000000e+00 7.920000e+00 1.102401e+00 1.102400e+00 0.000000e+00 -5.165976e-02
0.000000e+00 7.975000e+00 1.102024e+00 1.102024e+00 0.000000e+00 -5.063962e-02
0.000000e+00 8.030000e+00 1.101652e+00 1.101652e+00 0.000000e+00 -4.963916e-02
0.000000e+00 8.085000e+00 1.101286e+00 1.101286e+00 0.000000e+00 -4.865792e-02
0.000000e+00 8.140000e+00 1.100927e+00 1.100927e+00 0.000000e+00 -4.769614e-02
0.000000e+00 8.195000e+00 1.100575e+00 1.100575e+00 0.000000e+00 -4.675370e-02
0.000000e+00 8.250000e+00 1.100228e+00 1.100228e+00 0.000000e+00 -4.582923e-02
0.000000e+00 8.305000e+00 1.099885e+00 1.099885e+00 0.000000e+00 -4.492071e-02
0.000000e+00 8.360000e+00 1.099544e+00 1.099543e+00 0.000000e+00 -4.402675e-02
0.000000e+00 8.415000e+00 1.099204e+00 1.099204e+00 0.000000e+00 -4.314725e-02
0.000000e+00 8.470000e+00 1.098869e+00 1.098869e+00 0.000000e+00 -4.228276e-02
0.000000e+00 8.525000e+00 1.098538e+00 1.098538e+00 0.000000e+00 -4.143354e-02
0.000000e+00 8.580000e+00 1.098213e+00 1.098212e+00 0.000000e+00 -4.059919e-02
0.000000e+00 8.635000e+00 1.097892e+00 1.097892e+00 0.000000e+00 -3.977904e-02
0.000000e+00 8.690000e+00 1.097575e+00 1.097575e+00 0.000000e+00 -3.897256e-02
0.000000e+00 8.745000e+00 1.097263e+00 1.097263e+00 0.000000e+00 -3.817949e-02
0.000000e+00 8.800000e+00 1.096955e+00 1.096955e+00 0.000000e+00 -3.739961e-02
0.000000e+00 8.855000e+00 1.096651e+00 1.096651e+00 0.000000e+00 -3.663260e-02
0.000000e+00 8.910000e+00 1.096351e+00 1.096351e+00 0.000000e+00 -3.587800e-02
0.000000e+00 8.965000e+00 1.096054e+00 1.096054e+00 0.000000e+00 -3.513533e-02
0.000000e+00 9.020000e+00 1.095761e+00 1.095761e+00 0.000000e+00 -3.440407e-02
0.000000e+00 9.075000e+00 1.095470e+00 1.095470e+00 0.000000e+00 -3.368370e-02
0.000000e+00 9.130000e+00 1.095183e+00 1.095183e+00 0.000000e+00 -3.297367e-02
0.000000e+00 9.185000e+00 1.094898e+00 1.094898e+00 0.000000e+00 -3.227335e-02
0.000000e+00 9.240000e+00 1.094617e+00 1.094617e+00 0.000000e+00 -3.158220e-02
0.000000e+00 9.295000e+00 1.094338e+00 1.094338e+00 0.000000e+00 -3.089966e-02
0.000000e+00 9.350000e+00 1.094061e+00 1.094061e+00 0.000000e+00 -3.022509e-02
0.000000e+00 9.405000e+00 1.093787e+00 1.093787e+00 0.000000e+00 -2.955733e-02
0.000000e+00 9.460000e+00 1.093516e+00 1.093516e+00 0.000000e+00 -2.889537e-02
0.000000e+00 9.515000e+00 1.093247e+00 1.093246e+00 0.000000e+00 -2.823844e-02
0.000000e+00 9.570000e+00 1.092979e+00 1.092979e+00 0.000000e+00 -2.758784e-02
0.000000e+00 9.625000e+00 1.092713e+00 1.092713e+00 0.000000e+00 -2.694273e-02
0.000000e+00 9.680000e+00 1.092448e+00 1.092448e+00 0.000000e+00 -2.630164e-02
0.000000e+00 9.735000e+00 1.092188e+00 1.092187e+00 0.000000e+00 -2.565381e-02
0.000000e+00 9.790000e+00 1.091925e+00 1.091923e+00 0.000000e+00 -2.500104e-02
0.000000e+00 9.845000e+00 1.091672e+00 1.091668e+00 0.000000e+00 -2.434488e-02
0.000000e+00 9.900000e+00 1.091406e+00 1.091400e+00 0.000000e+00 -2.373831e-02
0.000000e+00 9.955000e+00 1.091171e+00 1.091163e+00 0.000000e+00 -2.317981e-02
0.000000e+00 1.001000e+01 1.105114e+00 1.105104e+00 -0.000000e+00 -1.013850e-02
0.000000e+00 1.006500e+01 1.105114e+00 1.105104e+00 -0.000000e+00 -1.013850e-02
0.000000e+00 1.012000e+01 1.105114e+00 1.105104e+00 -0.000000e+00 -1.013850e-02
0.000000e+00 1.017500e+01 1.105114e+00 1.105104e+00 -0.000000e+00 -1.013850e-02
0.000000e+00 1.023000e+01 1.105114e+00 1.105104e+00 -0.000000e+00 -1.013850e-02
0.000000e+00 1.028500e+01 1.105114e+00 1.105104e+00 -0.000000e+00 -1.013850e-02
0.000000e+00 1.034000e+01 1.105114e+00 1.105104e+00 -0.000000e+00 -1.013850e-02
0.000000e+00 1.039500e+01 1.105114e+00 1.105104e+00 -0.000000e+00 -1.013850e-02
0.000000e+00 1.045000e+01 1.105114e+00 1.105104e+00 -0.000000e+00 -1.013850e-02
0.000000e+00 1.050500e+01 1.105114e+00 1.105104e+00 -0.000000e+00 -1.013850e-02
0.000000e+00 1.056000e+01 1.105114e+00 1.105104e+00 -0.000000e+00 -1.013850e-02
0.000000e+00 1.061500e+01 1.105114e+00 1.105104e+00 -0.000000e+00 -1.013850e-02
0.000000e+00 1.067000e+01 1.105114e+00 1.105104e+00 -0.000000e+00 -1.013850e-02
0.000000e+00 1.072500e+01 1.105114e+00 1.105104e+00 -0.000000e+00 -1.013850e-02
0.000000e+00 1.078000e+01 1.105114e+00 1.105104e+00 -0.000000e+00 -1.013850e-02
0.000000e+00 1.083500e+01 1.105114e+00 1.105104e+00 -0.000000e+00 -1.013850e-02
0.000000e+00 1.089000e+01 1.105114e+00 1.105104e+00 -0.000000e+00 -1.013850e-02
0.000000e+00 1.094500e+01 1.105114e+00 1.105104e+00 -0.000000e+00 -1.013850e-02
0.000000e+00 1.100000e+01 1.105114e+00 1.105104e+00 -0.000000e+00 -1.013850e-02
