#############TIME##################
2.020220e+01 
###################################
0.000000e+00 0.000000e+00 5.547021e+01 5.547488e+01 0.000000e+00 -3.063409e+00
0.000000e+00 5.500000e-02 5.547021e+01 5.547488e+01 0.000000e+00 -3.063409e+00
0.000000e+00 1.100000e-01 2.100556e+01 2.100625e+01 0.000000e+00 -3.063422e+00
0.000000e+00 1.650000e-01 1.365154e+01 1.365187e+01 0.000000e+00 -2.308373e+00
0.000000e+00 2.200000e-01 1.012832e+01 1.012854e+01 0.000000e+00 -1.934848e+00
0.000000e+00 2.750000e-01 7.925469e+00 7.925624e+00 0.000000e+00 -1.646120e+00
0.000000e+00 3.300000e-01 6.546952e+00 6.547068e+00 0.000000e+00 -1.423529e+00
0.000000e+00 3.850000e-01 5.556537e+00 5.556626e+00 0.000000e+00 -1.251723e+00
0.000000e+00 4.400000e-01 4.857366e+00 4.857438e+00 0.000000e+00 -1.108118e+00
0.000000e+00 4.950000e-01 4.319187e+00 4.319246e+00 0.000000e+00 -9.924016e-01
0.000000e+00 5.500000e-01 3.903164e+00 3.903213e+00 0.000000e+00 -8.941704e-01
0.000000e+00 6.050000e-01 3.572715e+00 3.572757e+00 0.000000e+00 -8.110224e-01
0.000000e+00 6.600000e-01 3.303443e+00 3.303479e+00 0.000000e+00 -7.394209e-01
0.000000e+00 7.150000e-01 3.081045e+00 3.081077e+00 0.000000e+00 -6.775526e-01
0.000000e+00 7.700000e-01 2.894291e+00 2.894319e+00 0.000000e+00 -6.234078e-01
0.000000e+00 8.250000e-01 2.735770e+00 2.735795e+00 0.000000e+00 -5.758221e-01
0.000000e+00 8.800000e-01 2.599610e+00 2.599632e+00 0.000000e+00 -5.336520e-01
0.000000e+00 9.350000e-01 2.481623e+00 2.481643e+00 0.000000e+00 -4.961125e-01
0.000000e+00 9.900000e-01 2.378477e+00 2.378495e+00 0.000000e+00 -4.624942e-01
0.000000e+00 1.045000e+00 2.287657e+00 2.287674e+00 0.000000e+00 -4.322583e-01
0.000000e+00 1.100000e+00 2.207143e+00 2.207158e+00 0.000000e+00 -4.049389e-01
0.000000e+00 1.155000e+00 2.135349e+00 2.135363e+00 0.000000e+00 -3.801642e-01
0.000000e+00 1.210000e+00 2.070985e+00 2.070998e+00 0.000000e+00 -3.576183e-01
0.000000e+00 1.265000e+00 2.013008e+00 2.013020e+00 0.000000e+00 -3.370416e-01
0.000000e+00 1.320000e+00 1.960554e+00 1.960565e+00 0.000000e+00 -3.182130e-01
0.000000e+00 1.375000e+00 1.912907e+00 1.912917e+00 0.000000e+00 -3.009439e-01
0.000000e+00 1.430000e+00 1.869456e+00 1.869466e+00 0.000000e+00 -2.850668e-01
0.000000e+00 1.485000e+00 1.829677e+00 1.829686e+00 0.000000e+00 -2.704294e-01
0.000000e+00 1.540000e+00 1.793114e+00 1.793122e+00 0.000000e+00 -2.568904e-01
0.000000e+00 1.595000e+00 1.759371e+00 1.759379e+00 0.000000e+00 -2.443215e-01
0.000000e+00 1.650000e+00 1.728117e+00 1.728125e+00 0.000000e+00 -2.326139e-01
0.000000e+00 1.705000e+00 1.699089e+00 1.699096e+00 0.000000e+00 -2.216854e-01
0.000000e+00 1.760000e+00 1.672088e+00 1.672095e+00 0.000000e+00 -2.114828e-01
0.000000e+00 1.815000e+00 1.646967e+00 1.646973e+00 0.000000e+00 -2.019763e-01
0.000000e+00 1.870000e+00 1.623606e+00 1.623612e+00 0.000000e+00 -1.931437e-01
0.000000e+00 1.925000e+00 1.601877e+00 1.601883e+00 0.000000e+00 -1.849511e-01
0.000000e+00 1.980000e+00 1.581618e+00 1.581623e+00 0.000000e+00 -1.773367e-01
0.000000e+00 2.035000e+00 1.562628e+00 1.562634e+00 0.000000e+00 -1.702109e-01
0.000000e+00 2.090000e+00 1.544707e+00 1.544712e+00 0.000000e+00 -1.634753e-01
0.000000e+00 2.145000e+00 1.527692e+00 1.527697e+00 0.000000e+00 -1.570547e-01
0.000000e+00 2.200000e+00 1.511506e+00 1.511511e+00 0.000000e+00 -1.509219e-01
0.000000e+00 2.255000e+00 1.496151e+00 1.496156e+00 0.000000e+00 -1.451001e-01
0.000000e+00 2.310000e+00 1.481675e+00 1.481679e+00 0.000000e+00 -1.396395e-01
0.000000e+00 2.365000e+00 1.468112e+00 1.468116e+00 0.000000e+00 -1.345803e-01
0.000000e+00 2.420000e+00 1.455436e+00 1.455440e+00 0.000000e+00 -1.299196e-01
0.000000e+00 2.475000e+00 1.443544e+00 1.443548e+00 0.000000e+00 -1.256015e-01
0.000000e+00 2.530000e+00 1.432289e+00 1.432293e+00 0.000000e+00 -1.215388e-01
0.000000e+00 2.585000e+00 1.421538e+00 1.421542e+00 0.000000e+00 -1.176532e-01
0.000000e+00 2.640000e+00 1.411219e+00 1.411222e+00 0.000000e+00 -1.139070e-01
0.000000e+00 2.695000e+00 1.401322e+00 1.401325e+00 0.000000e+00 -1.103063e-01
0.000000e+00 2.750000e+00 1.391869e+00 1.391873e+00 0.000000e+00 -1.068785e-01
0.000000e+00 2.805000e+00 1.382872e+00 1.382875e+00 0.000000e+00 -1.036420e-01
0.000000e+00 2.860000e+00 1.374306e+00 1.374309e+00 0.000000e+00 -1.005896e-01
0.000000e+00 2.915000e+00 1.366121e+00 1.366123e+00 0.000000e+00 -9.769295e-02
0.000000e+00 2.970000e+00 1.358261e+00 1.358264e+00 0.000000e+00 -9.492118e-02
0.000000e+00 3.025000e+00 1.350695e+00 1.350698e+00 0.000000e+00 -9.225711e-02
0.000000e+00 3.080000e+00 1.343416e+00 1.343419e+00 0.000000e+00 -8.970088e-02
0.000000e+00 3.135000e+00 1.336431e+00 1.336434e+00 0.000000e+00 -8.726104e-02
0.000000e+00 3.190000e+00 1.329745e+00 1.329748e+00 0.000000e+00 -8.494303e-02
0.000000e+00 3.245000e+00 1.323351e+00 1.323354e+00 0.000000e+00 -8.274344e-02
0.000000e+00 3.300000e+00 1.317232e+00 1.317234e+00 0.000000e+00 -8.065196e-02
0.000000e+00 3.355000e+00 1.311367e+00 1.311369e+00 0.000000e+00 -7.865678e-02
0.000000e+00 3.410000e+00 1.305734e+00 1.305737e+00 0.000000e+00 -7.674840e-02
0.000000e+00 3.465000e+00 1.300317e+00 1.300319e+00 0.000000e+00 -7.491995e-02
0.000000e+00 3.520000e+00 1.295095e+00 1.295097e+00 0.000000e+00 -7.316566e-02
0.000000e+00 3.575000e+00 1.290055e+00 1.290057e+00 0.000000e+00 -7.147991e-02
0.000000e+00 3.630000e+00 1.285181e+00 1.285183e+00 0.000000e+00 -6.985747e-02
0.000000e+00 3.685000e+00 1.280466e+00 1.280468e+00 0.000000e+00 -6.829411e-02
0.000000e+00 3.740000e+00 1.275902e+00 1.275904e+00 0.000000e+00 -6.678681e-02
0.000000e+00 3.795000e+00 1.271484e+00 1.271486e+00 0.000000e+00 -6.533320e-02
0.000000e+00 3.850000e+00 1.267206e+00 1.267208e+00 0.000000e+00 -6.393104e-02
0.000000e+00 3.905000e+00 1.263061e+00 1.263063e+00 0.000000e+00 -6.257797e-02
0.000000e+00 3.960000e+00 1.259041e+00 1.259043e+00 0.000000e+00 -6.127166e-02
0.000000e+00 4.015000e+00 1.255140e+00 1.255142e+00 0.000000e+00 -6.000985e-02
0.000000e+00 4.070000e+00 1.251353e+00 1.251355e+00 0.000000e+00 -5.879047e-02
0.000000e+00 4.125000e+00 1.247678e+00 1.247680e+00 0.000000e+00 -5.761159e-02
0.000000e+00 4.180000e+00 1.244112e+00 1.244113e+00 0.000000e+00 -5.647146e-02
0.000000e+00 4.235000e+00 1.240652e+00 1.240653e+00 0.000000e+00 -5.536854e-02
0.000000e+00 4.290000e+00 1.237294e+00 1.237295e+00 0.000000e+00 -5.430143e-02
0.000000e+00 4.345000e+00 1.234035e+00 1.234036e+00 0.000000e+00 -5.326875e-02
0.000000e+00 4.400000e+00 1.230868e+00 1.230870e+00 0.000000e+00 -5.226895e-02
0.000000e+00 4.455000e+00 1.227791e+00 1.227792e+00 0.000000e+00 -5.130033e-02
0.000000e+00 4.510000e+00 1.224798e+00 1.224799e+00 0.000000e+00 -5.036104e-02
0.000000e+00 4.565000e+00 1.221887e+00 1.221888e+00 0.000000e+00 -4.944930e-02
0.000000e+00 4.620000e+00 1.219055e+00 1.219056e+00 0.000000e+00 -4.856355e-02
0.000000e+00 4.675000e+00 1.216299e+00 1.216300e+00 0.000000e+00 -4.770262e-02
0.000000e+00 4.730000e+00 1.213618e+00 1.213619e+00 0.000000e+00 -4.686571e-02
0.000000e+00 4.785000e+00 1.211008e+00 1.211009e+00 0.000000e+00 -4.605225e-02
0.000000e+00 4.840000e+00 1.208466e+00 1.208467e+00 0.000000e+00 -4.526151e-02
0.000000e+00 4.895000e+00 1.205989e+00 1.205991e+00 0.000000e+00 -4.449243e-02
0.000000e+00 4.950000e+00 1.203575e+00 1.203576e+00 0.000000e+00 -4.374357e-02
0.000000e+00 5.005000e+00 1.201221e+00 1.201222e+00 0.000000e+00 -4.301341e-02
0.000000e+00 5.060000e+00 1.198924e+00 1.198925e+00 0.000000e+00 -4.230073e-02
0.000000e+00 5.115000e+00 1.196683e+00 1.196684e+00 0.000000e+00 -4.160479e-02
0.000000e+00 5.170000e+00 1.194495e+00 1.194496e+00 0.000000e+00 -4.092527e-02
0.000000e+00 5.225000e+00 1.192360e+00 1.192361e+00 0.000000e+00 -4.026199e-02
0.000000e+00 5.280000e+00 1.190276e+00 1.190276e+00 0.000000e+00 -3.961463e-02
0.000000e+00 5.335000e+00 1.188239e+00 1.188240e+00 0.000000e+00 -3.898264e-02
0.000000e+00 5.390000e+00 1.186250e+00 1.186251e+00 0.000000e+00 -3.836532e-02
0.000000e+00 5.445000e+00 1.184306e+00 1.184307e+00 0.000000e+00 -3.776198e-02
0.000000e+00 5.500000e+00 1.182406e+00 1.182407e+00 0.000000e+00 -3.717198e-02
0.000000e+00 5.555000e+00 1.180550e+00 1.180551e+00 0.000000e+00 -3.659472e-02
0.000000e+00 5.610000e+00 1.178736e+00 1.178737e+00 0.000000e+00 -3.602961e-02
0.000000e+00 5.665000e+00 1.176964e+00 1.176964e+00 0.000000e+00 -3.547599e-02
0.000000e+00 5.720000e+00 1.175230e+00 1.175231e+00 0.000000e+00 -3.493326e-02
0.000000e+00 5.775000e+00 1.173534e+00 1.173535e+00 0.000000e+00 -3.440095e-02
0.000000e+00 5.830000e+00 1.171875e+00 1.171875e+00 0.000000e+00 -3.387871e-02
0.000000e+00 5.885000e+00 1.170251e+00 1.170251e+00 0.000000e+00 -3.336639e-02
0.000000e+00 5.940000e+00 1.168661e+00 1.168661e+00 0.000000e+00 -3.286393e-02
0.000000e+00 5.995000e+00 1.167105e+00 1.167105e+00 0.000000e+00 -3.237134e-02
0.000000e+00 6.050000e+00 1.165582e+00 1.165582e+00 0.000000e+00 -3.188860e-02
0.000000e+00 6.105000e+00 1.164092e+00 1.164093e+00 0.000000e+00 -3.141554e-02
0.000000e+00 6.160000e+00 1.162634e+00 1.162635e+00 0.000000e+00 -3.095178e-02
0.000000e+00 6.215000e+00 1.161208e+00 1.161209e+00 0.000000e+00 -3.049669e-02
0.000000e+00 6.270000e+00 1.159813e+00 1.159813e+00 0.000000e+00 -3.004947e-02
0.000000e+00 6.325000e+00 1.158447e+00 1.158447e+00 0.000000e+00 -2.960933e-02
0.000000e+00 6.380000e+00 1.157109e+00 1.157109e+00 0.000000e+00 -2.917557e-02
0.000000e+00 6.435000e+00 1.155798e+00 1.155799e+00 0.000000e+00 -2.874762e-02
0.000000e+00 6.490000e+00 1.154513e+00 1.154514e+00 0.000000e+00 -2.832494e-02
0.000000e+00 6.545000e+00 1.153253e+00 1.153253e+00 0.000000e+00 -2.790692e-02
0.000000e+00 6.600000e+00 1.152015e+00 1.152016e+00 0.000000e+00 -2.749287e-02
0.000000e+00 6.655000e+00 1.150799e+00 1.150800e+00 0.000000e+00 -2.708220e-02
0.000000e+00 6.710000e+00 1.149603e+00 1.149603e+00 0.000000e+00 -2.667462e-02
0.000000e+00 6.765000e+00 1.148426e+00 1.148426e+00 0.000000e+00 -2.627033e-02
0.000000e+00 6.820000e+00 1.147269e+00 1.147270e+00 0.000000e+00 -2.587008e-02
0.000000e+00 6.875000e+00 1.146135e+00 1.146135e+00 0.000000e+00 -2.547502e-02
0.000000e+00 6.930000e+00 1.145024e+00 1.145025e+00 0.000000e+00 -2.508648e-02
0.000000e+00 6.985000e+00 1.143940e+00 1.143941e+00 0.000000e+00 -2.470563e-02
0.000000e+00 7.040000e+00 1.142883e+00 1.142884e+00 0.000000e+00 -2.433313e-02
0.000000e+00 7.095000e+00 1.141853e+00 1.141853e+00 0.000000e+00 -2.396894e-02
0.000000e+00 7.150000e+00 1.140846e+00 1.140847e+00 0.000000e+00 -2.361209e-02
0.000000e+00 7.205000e+00 1.139861e+00 1.139861e+00 0.000000e+00 -2.326083e-02
0.000000e+00 7.260000e+00 1.138891e+00 1.138891e+00 0.000000e+00 -2.291293e-02
0.000000e+00 7.315000e+00 1.137932e+00 1.137932e+00 0.000000e+00 -2.256620e-02
0.000000e+00 7.370000e+00 1.136983e+00 1.136983e+00 0.000000e+00 -2.221910e-02
0.000000e+00 7.425000e+00 1.136041e+00 1.136042e+00 0.000000e+00 -2.187130e-02
0.000000e+00 7.480000e+00 1.135110e+00 1.135110e+00 0.000000e+00 -2.152372e-02
0.000000e+00 7.535000e+00 1.134192e+00 1.134193e+00 0.000000e+00 -2.117823e-02
0.000000e+00 7.590000e+00 1.133292e+00 1.133293e+00 0.000000e+00 -2.083695e-02
0.000000e+00 7.645000e+00 1.132414e+00 1.132414e+00 0.000000e+00 -2.050139e-02
0.000000e+00 7.700000e+00 1.131557e+00 1.131558e+00 0.000000e+00 -2.017182e-02
0.000000e+00 7.755000e+00 1.130723e+00 1.130723e+00 0.000000e+00 -1.984715e-02
0.000000e+00 7.810000e+00 1.129907e+00 1.129907e+00 0.000000e+00 -1.952534e-02
0.000000e+00 7.865000e+00 1.129107e+00 1.129107e+00 0.000000e+00 -1.920427e-02
0.000000e+00 7.920000e+00 1.128318e+00 1.128318e+00 0.000000e+00 -1.888256e-02
0.000000e+00 7.975000e+00 1.127539e+00 1.127539e+00 0.000000e+00 -1.856011e-02
0.000000e+00 8.030000e+00 1.126771e+00 1.126771e+00 0.000000e+00 -1.823802e-02
0.000000e+00 8.085000e+00 1.126014e+00 1.126014e+00 0.000000e+00 -1.791789e-02
0.000000e+00 8.140000e+00 1.125271e+00 1.125271e+00 0.000000e+00 -1.760098e-02
0.000000e+00 8.195000e+00 1.124543e+00 1.124543e+00 0.000000e+00 -1.728752e-02
0.000000e+00 8.250000e+00 1.123832e+00 1.123832e+00 0.000000e+00 -1.697652e-02
0.000000e+00 8.305000e+00 1.123137e+00 1.123137e+00 0.000000e+00 -1.666619e-02
0.000000e+00 8.360000e+00 1.122458e+00 1.122458e+00 0.000000e+00 -1.635461e-02
0.000000e+00 8.415000e+00 1.121796e+00 1.121796e+00 0.000000e+00 -1.604040e-02
0.000000e+00 8.470000e+00 1.121150e+00 1.121150e+00 0.000000e+00 -1.572312e-02
0.000000e+00 8.525000e+00 1.120521e+00 1.120522e+00 0.000000e+00 -1.540325e-02
0.000000e+00 8.580000e+00 1.119910e+00 1.119910e+00 0.000000e+00 -1.508192e-02
0.000000e+00 8.635000e+00 1.119316e+00 1.119316e+00 0.000000e+00 -1.476050e-02
0.000000e+00 8.690000e+00 1.118736e+00 1.118736e+00 0.000000e+00 -1.444019e-02
0.000000e+00 8.745000e+00 1.118170e+00 1.118170e+00 0.000000e+00 -1.412168e-02
0.000000e+00 8.800000e+00 1.117616e+00 1.117616e+00 0.000000e+00 -1.380499e-02
0.000000e+00 8.855000e+00 1.117072e+00 1.117072e+00 0.000000e+00 -1.348948e-02
0.000000e+00 8.910000e+00 1.116539e+00 1.116539e+00 0.000000e+00 -1.317403e-02
0.000000e+00 8.965000e+00 1.116016e+00 1.116016e+00 0.000000e+00 -1.285743e-02
0.000000e+00 9.020000e+00 1.115506e+00 1.115506e+00 0.000000e+00 -1.253849e-02
0.000000e+00 9.075000e+00 1.115007e+00 1.115007e+00 0.000000e+00 -1.221575e-02
0.000000e+00 9.130000e+00 1.114522e+00 1.114522e+00 0.000000e+00 -1.188691e-02
0.000000e+00 9.185000e+00 1.114051e+00 1.114051e+00 0.000000e+00 -1.154838e-02
0.000000e+00 9.240000e+00 1.113593e+00 1.113593e+00 0.000000e+00 -1.119553e-02
0.000000e+00 9.295000e+00 1.113147e+00 1.113148e+00 0.000000e+00 -1.082336e-02
0.000000e+00 9.350000e+00 1.112712e+00 1.112712e+00 0.000000e+00 -1.042720e-02
0.000000e+00 9.405000e+00 1.112284e+00 1.112284e+00 0.000000e+00 -1.000360e-02
0.000000e+00 9.460000e+00 1.111860e+00 1.111859e+00 0.000000e+00 -9.553598e-03
0.000000e+00 9.515000e+00 1.111438e+00 1.111435e+00 0.000000e+00 -9.088995e-03
0.000000e+00 9.570000e+00 1.111014e+00 1.111010e+00 0.000000e+00 -8.641583e-03
0.000000e+00 9.625000e+00 1.110590e+00 1.110583e+00 0.000000e+00 -8.262670e-03
0.000000e+00 9.680000e+00 1.110162e+00 1.110154e+00 0.000000e+00 -8.010919e-03
0.000000e+00 9.735000e+00 1.109738e+00 1.109728e+00 0.000000e+00 -7.910586e-03
0.000000e+00 9.790000e+00 1.109309e+00 1.109299e+00 0.000000e+00 -7.935382e-03
0.000000e+00 9.845000e+00 1.108894e+00 1.108884e+00 0.000000e+00 -7.975744e-03
0.000000e+00 9.900000e+00 1.108470e+00 1.108460e+00 0.000000e+00 -7.946910e-03
0.000000e+00 9.955000e+00 1.108104e+00 1.108094e+00 0.000000e+00 -7.728630e-03
0.000000e+00 1.001000e+01 1.105114e+00 1.105104e+00 -0.000000e+00 -1.013850e-02
0.000000e+00 1.006500e+01 1.105114e+00 1.105104e+00 -0.000000e+00 -1.013850e-02
0.000000e+00 1.012000e+01 1.105114e+00 1.105104e+00 -0.000000e+00 -1.013850e-02
0.000000e+00 1.017500e+01 1.105114e+00 1.105104e+00 -0.000000e+00 -1.013850e-02
0.000000e+00 1.023000e+01 1.105114e+00 1.105104e+00 -0.000000e+00 -1.013850e-02
0.000000e+00 1.028500e+01 1.105114e+00 1.105104e+00 -0.000000e+00 -1.013850e-02
0.000000e+00 1.034000e+01 1.105114e+00 1.105104e+00 -0.000000e+00 -1.013850e-02
0.000000e+00 1.039500e+01 1.105114e+00 1.105104e+00 -0.000000e+00 -1.013850e-02
0.000000e+00 1.045000e+01 1.105114e+00 1.105104e+00 -0.000000e+00 -1.013850e-02
0.000000e+00 1.050500e+01 1.105114e+00 1.105104e+00 -0.000000e+00 -1.013850e-02
0.000000e+00 1.056000e+01 1.105114e+00 1.105104e+00 -0.000000e+00 -1.013850e-02
0.000000e+00 1.061500e+01 1.105114e+00 1.105104e+00 -0.000000e+00 -1.013850e-02
0.000000e+00 1.067000e+01 1.105114e+00 1.105104e+00 -0.000000e+00 -1.013850e-02
0.000000e+00 1.072500e+01 1.105114e+00 1.105104e+00 -0.000000e+00 -1.013850e-02
0.000000e+00 1.078000e+01 1.105114e+00 1.105104e+00 -0.000000e+00 -1.013850e-02
0.000000e+00 1.083500e+01 1.105114e+00 1.105104e+00 -0.000000e+00 -1.013850e-02
0.000000e+00 1.089000e+01 1.105114e+00 1.105104e+00 -0.000000e+00 -1.013850e-02
0.000000e+00 1.094500e+01 1.105114e+00 1.105104e+00 -0.000000e+00 -1.013850e-02
0.000000e+00 1.100000e+01 1.105114e+00 1.105104e+00 -0.000000e+00 -1.013850e-02
