#############TIME##################
2.300300e+01 
###################################
0.000000e+00 0.000000e+00 5.693641e+01 5.694122e+01 0.000000e+00 -3.064338e+00
0.000000e+00 5.500000e-02 5.693641e+01 5.694122e+01 0.000000e+00 -3.064338e+00
0.000000e+00 1.100000e-01 2.156227e+01 2.156299e+01 0.000000e+00 -3.064351e+00
0.000000e+00 1.650000e-01 1.401180e+01 1.401215e+01 0.000000e+00 -2.310135e+00
0.000000e+00 2.200000e-01 1.039564e+01 1.039587e+01 0.000000e+00 -1.937000e+00
0.000000e+00 2.750000e-01 8.135467e+00 8.135628e+00 0.000000e+00 -1.648609e+00
0.000000e+00 3.300000e-01 6.720693e+00 6.720813e+00 0.000000e+00 -1.426374e+00
0.000000e+00 3.850000e-01 5.704452e+00 5.704546e+00 0.000000e+00 -1.254889e+00
0.000000e+00 4.400000e-01 4.986764e+00 4.986839e+00 0.000000e+00 -1.111626e+00
0.000000e+00 4.950000e-01 4.434179e+00 4.434240e+00 0.000000e+00 -9.962723e-01
0.000000e+00 5.500000e-01 4.007183e+00 4.007235e+00 0.000000e+00 -8.983643e-01
0.000000e+00 6.050000e-01 3.668051e+00 3.668095e+00 0.000000e+00 -8.155228e-01
0.000000e+00 6.600000e-01 3.391742e+00 3.391780e+00 0.000000e+00 -7.442101e-01
0.000000e+00 7.150000e-01 3.163457e+00 3.163491e+00 0.000000e+00 -6.826300e-01
0.000000e+00 7.700000e-01 2.971592e+00 2.971621e+00 0.000000e+00 -6.287923e-01
0.000000e+00 8.250000e-01 2.808555e+00 2.808581e+00 0.000000e+00 -5.815397e-01
0.000000e+00 8.800000e-01 2.668410e+00 2.668433e+00 0.000000e+00 -5.397121e-01
0.000000e+00 9.350000e-01 2.546979e+00 2.547000e+00 0.000000e+00 -5.024960e-01
0.000000e+00 9.900000e-01 2.440928e+00 2.440947e+00 0.000000e+00 -4.691543e-01
0.000000e+00 1.045000e+00 2.347692e+00 2.347710e+00 0.000000e+00 -4.391355e-01
0.000000e+00 1.100000e+00 2.265140e+00 2.265156e+00 0.000000e+00 -4.119809e-01
0.000000e+00 1.155000e+00 2.191543e+00 2.191558e+00 0.000000e+00 -3.873426e-01
0.000000e+00 1.210000e+00 2.125474e+00 2.125488e+00 0.000000e+00 -3.649333e-01
0.000000e+00 1.265000e+00 2.065801e+00 2.065814e+00 0.000000e+00 -3.445134e-01
0.000000e+00 1.320000e+00 2.011638e+00 2.011650e+00 0.000000e+00 -3.258634e-01
0.000000e+00 1.375000e+00 1.962296e+00 1.962307e+00 0.000000e+00 -3.087797e-01
0.000000e+00 1.430000e+00 1.917228e+00 1.917238e+00 0.000000e+00 -2.930744e-01
0.000000e+00 1.485000e+00 1.875970e+00 1.875980e+00 0.000000e+00 -2.785827e-01
0.000000e+00 1.540000e+00 1.838106e+00 1.838115e+00 0.000000e+00 -2.651679e-01
0.000000e+00 1.595000e+00 1.803251e+00 1.803260e+00 0.000000e+00 -2.527204e-01
0.000000e+00 1.650000e+00 1.771059e+00 1.771068e+00 0.000000e+00 -2.411524e-01
0.000000e+00 1.705000e+00 1.741226e+00 1.741233e+00 0.000000e+00 -2.303897e-01
0.000000e+00 1.760000e+00 1.713497e+00 1.713504e+00 0.000000e+00 -2.203650e-01
0.000000e+00 1.815000e+00 1.687665e+00 1.687672e+00 0.000000e+00 -2.110138e-01
0.000000e+00 1.870000e+00 1.663556e+00 1.663563e+00 0.000000e+00 -2.022754e-01
0.000000e+00 1.925000e+00 1.641016e+00 1.641023e+00 0.000000e+00 -1.940955e-01
0.000000e+00 1.980000e+00 1.619902e+00 1.619909e+00 0.000000e+00 -1.864284e-01
0.000000e+00 2.035000e+00 1.600081e+00 1.600087e+00 0.000000e+00 -1.792354e-01
0.000000e+00 2.090000e+00 1.581431e+00 1.581437e+00 0.000000e+00 -1.724825e-01
0.000000e+00 2.145000e+00 1.563851e+00 1.563857e+00 0.000000e+00 -1.661369e-01
0.000000e+00 2.200000e+00 1.547257e+00 1.547262e+00 0.000000e+00 -1.601657e-01
0.000000e+00 2.255000e+00 1.531579e+00 1.531584e+00 0.000000e+00 -1.545360e-01
0.000000e+00 2.310000e+00 1.516757e+00 1.516762e+00 0.000000e+00 -1.492170e-01
0.000000e+00 2.365000e+00 1.502732e+00 1.502737e+00 0.000000e+00 -1.441817e-01
0.000000e+00 2.420000e+00 1.489444e+00 1.489448e+00 0.000000e+00 -1.394081e-01
0.000000e+00 2.475000e+00 1.476832e+00 1.476836e+00 0.000000e+00 -1.348798e-01
0.000000e+00 2.530000e+00 1.464832e+00 1.464836e+00 0.000000e+00 -1.305844e-01
0.000000e+00 2.585000e+00 1.453387e+00 1.453391e+00 0.000000e+00 -1.265122e-01
0.000000e+00 2.640000e+00 1.442443e+00 1.442447e+00 0.000000e+00 -1.226542e-01
0.000000e+00 2.695000e+00 1.431959e+00 1.431963e+00 0.000000e+00 -1.190003e-01
0.000000e+00 2.750000e+00 1.421903e+00 1.421906e+00 0.000000e+00 -1.155384e-01
0.000000e+00 2.805000e+00 1.412251e+00 1.412255e+00 0.000000e+00 -1.122545e-01
0.000000e+00 2.860000e+00 1.402989e+00 1.402992e+00 0.000000e+00 -1.091333e-01
0.000000e+00 2.915000e+00 1.394104e+00 1.394107e+00 0.000000e+00 -1.061600e-01
0.000000e+00 2.970000e+00 1.385583e+00 1.385586e+00 0.000000e+00 -1.033212e-01
0.000000e+00 3.025000e+00 1.377415e+00 1.377418e+00 0.000000e+00 -1.006057e-01
0.000000e+00 3.080000e+00 1.369582e+00 1.369585e+00 0.000000e+00 -9.800498e-02
0.000000e+00 3.135000e+00 1.362067e+00 1.362070e+00 0.000000e+00 -9.551211e-02
0.000000e+00 3.190000e+00 1.354853e+00 1.354855e+00 0.000000e+00 -9.312138e-02
0.000000e+00 3.245000e+00 1.347919e+00 1.347922e+00 0.000000e+00 -9.082746e-02
0.000000e+00 3.300000e+00 1.341251e+00 1.341253e+00 0.000000e+00 -8.862517e-02
0.000000e+00 3.355000e+00 1.334830e+00 1.334832e+00 0.000000e+00 -8.650949e-02
0.000000e+00 3.410000e+00 1.328643e+00 1.328646e+00 0.000000e+00 -8.447579e-02
0.000000e+00 3.465000e+00 1.322677e+00 1.322680e+00 0.000000e+00 -8.251997e-02
0.000000e+00 3.520000e+00 1.316921e+00 1.316923e+00 0.000000e+00 -8.063840e-02
0.000000e+00 3.575000e+00 1.311364e+00 1.311366e+00 0.000000e+00 -7.882776e-02
0.000000e+00 3.630000e+00 1.305996e+00 1.305998e+00 0.000000e+00 -7.708483e-02
0.000000e+00 3.685000e+00 1.300809e+00 1.300811e+00 0.000000e+00 -7.540639e-02
0.000000e+00 3.740000e+00 1.295793e+00 1.295795e+00 0.000000e+00 -7.378931e-02
0.000000e+00 3.795000e+00 1.290939e+00 1.290941e+00 0.000000e+00 -7.223067e-02
0.000000e+00 3.850000e+00 1.286237e+00 1.286239e+00 0.000000e+00 -7.072786e-02
0.000000e+00 3.905000e+00 1.281678e+00 1.281680e+00 0.000000e+00 -6.927855e-02
0.000000e+00 3.960000e+00 1.277254e+00 1.277256e+00 0.000000e+00 -6.788052e-02
0.000000e+00 4.015000e+00 1.272956e+00 1.272958e+00 0.000000e+00 -6.653152e-02
0.000000e+00 4.070000e+00 1.268778e+00 1.268780e+00 0.000000e+00 -6.522930e-02
0.000000e+00 4.125000e+00 1.264713e+00 1.264715e+00 0.000000e+00 -6.397162e-02
0.000000e+00 4.180000e+00 1.260756e+00 1.260758e+00 0.000000e+00 -6.275649e-02
0.000000e+00 4.235000e+00 1.256902e+00 1.256903e+00 0.000000e+00 -6.158228e-02
0.000000e+00 4.290000e+00 1.253145e+00 1.253146e+00 0.000000e+00 -6.044759e-02
0.000000e+00 4.345000e+00 1.249481e+00 1.249483e+00 0.000000e+00 -5.935112e-02
0.000000e+00 4.400000e+00 1.245909e+00 1.245911e+00 0.000000e+00 -5.829127e-02
0.000000e+00 4.455000e+00 1.242428e+00 1.242429e+00 0.000000e+00 -5.726600e-02
0.000000e+00 4.510000e+00 1.239036e+00 1.239037e+00 0.000000e+00 -5.627283e-02
0.000000e+00 4.565000e+00 1.235734e+00 1.235736e+00 0.000000e+00 -5.530907e-02
0.000000e+00 4.620000e+00 1.232523e+00 1.232524e+00 0.000000e+00 -5.437222e-02
0.000000e+00 4.675000e+00 1.229401e+00 1.229402e+00 0.000000e+00 -5.346019e-02
0.000000e+00 4.730000e+00 1.226367e+00 1.226368e+00 0.000000e+00 -5.257143e-02
0.000000e+00 4.785000e+00 1.223416e+00 1.223418e+00 0.000000e+00 -5.170484e-02
0.000000e+00 4.840000e+00 1.220547e+00 1.220548e+00 0.000000e+00 -5.085959e-02
0.000000e+00 4.895000e+00 1.217754e+00 1.217755e+00 0.000000e+00 -5.003503e-02
0.000000e+00 4.950000e+00 1.215032e+00 1.215033e+00 0.000000e+00 -4.923074e-02
0.000000e+00 5.005000e+00 1.212378e+00 1.212379e+00 0.000000e+00 -4.844653e-02
0.000000e+00 5.060000e+00 1.209786e+00 1.209787e+00 0.000000e+00 -4.768246e-02
0.000000e+00 5.115000e+00 1.207252e+00 1.207253e+00 0.000000e+00 -4.693875e-02
0.000000e+00 5.170000e+00 1.204772e+00 1.204773e+00 0.000000e+00 -4.621550e-02
0.000000e+00 5.225000e+00 1.202342e+00 1.202343e+00 0.000000e+00 -4.551251e-02
0.000000e+00 5.280000e+00 1.199961e+00 1.199962e+00 0.000000e+00 -4.482908e-02
0.000000e+00 5.335000e+00 1.197626e+00 1.197627e+00 0.000000e+00 -4.416410e-02
0.000000e+00 5.390000e+00 1.195338e+00 1.195339e+00 0.000000e+00 -4.351612e-02
0.000000e+00 5.445000e+00 1.193097e+00 1.193098e+00 0.000000e+00 -4.288359e-02
0.000000e+00 5.500000e+00 1.190905e+00 1.190906e+00 0.000000e+00 -4.226504e-02
0.000000e+00 5.555000e+00 1.188761e+00 1.188761e+00 0.000000e+00 -4.165926e-02
0.000000e+00 5.610000e+00 1.186665e+00 1.186666e+00 0.000000e+00 -4.106545e-02
0.000000e+00 5.665000e+00 1.184617e+00 1.184617e+00 0.000000e+00 -4.048321e-02
0.000000e+00 5.720000e+00 1.182615e+00 1.182616e+00 0.000000e+00 -3.991248e-02
0.000000e+00 5.775000e+00 1.180658e+00 1.180659e+00 0.000000e+00 -3.935334e-02
0.000000e+00 5.830000e+00 1.178744e+00 1.178745e+00 0.000000e+00 -3.880586e-02
0.000000e+00 5.885000e+00 1.176870e+00 1.176871e+00 0.000000e+00 -3.826992e-02
0.000000e+00 5.940000e+00 1.175034e+00 1.175035e+00 0.000000e+00 -3.774528e-02
0.000000e+00 5.995000e+00 1.173234e+00 1.173234e+00 0.000000e+00 -3.723159e-02
0.000000e+00 6.050000e+00 1.171467e+00 1.171468e+00 0.000000e+00 -3.672844e-02
0.000000e+00 6.105000e+00 1.169734e+00 1.169734e+00 0.000000e+00 -3.623537e-02
0.000000e+00 6.160000e+00 1.168033e+00 1.168034e+00 0.000000e+00 -3.575175e-02
0.000000e+00 6.215000e+00 1.166366e+00 1.166367e+00 0.000000e+00 -3.527681e-02
0.000000e+00 6.270000e+00 1.164732e+00 1.164733e+00 0.000000e+00 -3.480978e-02
0.000000e+00 6.325000e+00 1.163133e+00 1.163134e+00 0.000000e+00 -3.435003e-02
0.000000e+00 6.380000e+00 1.161567e+00 1.161568e+00 0.000000e+00 -3.389724e-02
0.000000e+00 6.435000e+00 1.160034e+00 1.160034e+00 0.000000e+00 -3.345138e-02
0.000000e+00 6.490000e+00 1.158532e+00 1.158532e+00 0.000000e+00 -3.301253e-02
0.000000e+00 6.545000e+00 1.157058e+00 1.157059e+00 0.000000e+00 -3.258074e-02
0.000000e+00 6.600000e+00 1.155613e+00 1.155614e+00 0.000000e+00 -3.215591e-02
0.000000e+00 6.655000e+00 1.154194e+00 1.154195e+00 0.000000e+00 -3.173785e-02
0.000000e+00 6.710000e+00 1.152800e+00 1.152801e+00 0.000000e+00 -3.132639e-02
0.000000e+00 6.765000e+00 1.151431e+00 1.151432e+00 0.000000e+00 -3.092146e-02
0.000000e+00 6.820000e+00 1.150086e+00 1.150087e+00 0.000000e+00 -3.052305e-02
0.000000e+00 6.875000e+00 1.148764e+00 1.148764e+00 0.000000e+00 -3.013115e-02
0.000000e+00 6.930000e+00 1.147463e+00 1.147464e+00 0.000000e+00 -2.974564e-02
0.000000e+00 6.985000e+00 1.146184e+00 1.146184e+00 0.000000e+00 -2.936625e-02
0.000000e+00 7.040000e+00 1.144924e+00 1.144925e+00 0.000000e+00 -2.899256e-02
0.000000e+00 7.095000e+00 1.143684e+00 1.143684e+00 0.000000e+00 -2.862418e-02
0.000000e+00 7.150000e+00 1.142463e+00 1.142463e+00 0.000000e+00 -2.826090e-02
0.000000e+00 7.205000e+00 1.141259e+00 1.141259e+00 0.000000e+00 -2.790278e-02
0.000000e+00 7.260000e+00 1.140072e+00 1.140072e+00 0.000000e+00 -2.755000e-02
0.000000e+00 7.315000e+00 1.138899e+00 1.138900e+00 0.000000e+00 -2.720287e-02
0.000000e+00 7.370000e+00 1.137742e+00 1.137742e+00 0.000000e+00 -2.686236e-02
0.000000e+00 7.425000e+00 1.136601e+00 1.136601e+00 0.000000e+00 -2.653123e-02
0.000000e+00 7.480000e+00 1.135483e+00 1.135483e+00 0.000000e+00 -2.621460e-02
0.000000e+00 7.535000e+00 1.134394e+00 1.134394e+00 0.000000e+00 -2.591813e-02
0.000000e+00 7.590000e+00 1.133338e+00 1.133339e+00 0.000000e+00 -2.564330e-02
0.000000e+00 7.645000e+00 1.132310e+00 1.132310e+00 0.000000e+00 -2.538287e-02
0.000000e+00 7.700000e+00 1.131294e+00 1.131295e+00 0.000000e+00 -2.512144e-02
0.000000e+00 7.755000e+00 1.130278e+00 1.130278e+00 0.000000e+00 -2.484351e-02
0.000000e+00 7.810000e+00 1.129259e+00 1.129259e+00 0.000000e+00 -2.454374e-02
0.000000e+00 7.865000e+00 1.128250e+00 1.128250e+00 0.000000e+00 -2.423026e-02
0.000000e+00 7.920000e+00 1.127269e+00 1.127270e+00 0.000000e+00 -2.391730e-02
0.000000e+00 7.975000e+00 1.126328e+00 1.126328e+00 0.000000e+00 -2.361326e-02
0.000000e+00 8.030000e+00 1.125421e+00 1.125422e+00 0.000000e+00 -2.331533e-02
0.000000e+00 8.085000e+00 1.124538e+00 1.124538e+00 0.000000e+00 -2.301533e-02
0.000000e+00 8.140000e+00 1.123669e+00 1.123669e+00 0.000000e+00 -2.270970e-02
0.000000e+00 8.195000e+00 1.122812e+00 1.122813e+00 0.000000e+00 -2.240305e-02
0.000000e+00 8.250000e+00 1.121970e+00 1.121971e+00 0.000000e+00 -2.210290e-02
0.000000e+00 8.305000e+00 1.121139e+00 1.121139e+00 0.000000e+00 -2.181306e-02
0.000000e+00 8.360000e+00 1.120311e+00 1.120311e+00 0.000000e+00 -2.153268e-02
0.000000e+00 8.415000e+00 1.119479e+00 1.119479e+00 0.000000e+00 -2.126000e-02
0.000000e+00 8.470000e+00 1.118641e+00 1.118641e+00 0.000000e+00 -2.099497e-02
0.000000e+00 8.525000e+00 1.117799e+00 1.117799e+00 0.000000e+00 -2.073820e-02
0.000000e+00 8.580000e+00 1.116958e+00 1.116958e+00 0.000000e+00 -2.048891e-02
0.000000e+00 8.635000e+00 1.116121e+00 1.116121e+00 0.000000e+00 -2.024463e-02
0.000000e+00 8.690000e+00 1.115296e+00 1.115297e+00 0.000000e+00 -2.000224e-02
0.000000e+00 8.745000e+00 1.114490e+00 1.114491e+00 0.000000e+00 -1.975853e-02
0.000000e+00 8.800000e+00 1.113709e+00 1.113709e+00 0.000000e+00 -1.951020e-02
0.000000e+00 8.855000e+00 1.112956e+00 1.112956e+00 0.000000e+00 -1.925431e-02
0.000000e+00 8.910000e+00 1.112232e+00 1.112232e+00 0.000000e+00 -1.898915e-02
0.000000e+00 8.965000e+00 1.111536e+00 1.111536e+00 0.000000e+00 -1.871470e-02
0.000000e+00 9.020000e+00 1.110863e+00 1.110863e+00 0.000000e+00 -1.843216e-02
0.000000e+00 9.075000e+00 1.110208e+00 1.110208e+00 0.000000e+00 -1.814325e-02
0.000000e+00 9.130000e+00 1.109563e+00 1.109563e+00 0.000000e+00 -1.784937e-02
0.000000e+00 9.185000e+00 1.108922e+00 1.108922e+00 0.000000e+00 -1.755083e-02
0.000000e+00 9.240000e+00 1.108281e+00 1.108282e+00 0.000000e+00 -1.724554e-02
0.000000e+00 9.295000e+00 1.107639e+00 1.107639e+00 0.000000e+00 -1.692814e-02
0.000000e+00 9.350000e+00 1.106997e+00 1.106996e+00 0.000000e+00 -1.659083e-02
0.000000e+00 9.405000e+00 1.106358e+00 1.106357e+00 0.000000e+00 -1.622896e-02
0.000000e+00 9.460000e+00 1.105728e+00 1.105725e+00 0.000000e+00 -1.584936e-02
0.000000e+00 9.515000e+00 1.105109e+00 1.105105e+00 0.000000e+00 -1.547906e-02
0.000000e+00 9.570000e+00 1.104506e+00 1.104500e+00 0.000000e+00 -1.516232e-02
0.000000e+00 9.625000e+00 1.103917e+00 1.103909e+00 0.000000e+00 -1.494613e-02
0.000000e+00 9.680000e+00 1.103341e+00 1.103332e+00 0.000000e+00 -1.485007e-02
0.000000e+00 9.735000e+00 1.102773e+00 1.102763e+00 0.000000e+00 -1.485162e-02
0.000000e+00 9.790000e+00 1.102211e+00 1.102201e+00 0.000000e+00 -1.488187e-02
0.000000e+00 9.845000e+00 1.101647e+00 1.101637e+00 0.000000e+00 -1.487624e-02
0.000000e+00 9.900000e+00 1.101088e+00 1.101078e+00 0.000000e+00 -1.479026e-02
0.000000e+00 9.955000e+00 1.100506e+00 1.100496e+00 0.000000e+00 -1.464922e-02
0.000000e+00 1.001000e+01 1.105114e+00 1.105104e+00 -0.000000e+00 -1.013850e-02
0.000000e+00 1.006500e+01 1.105114e+00 1.105104e+00 -0.000000e+00 -1.013850e-02
0.000000e+00 1.012000e+01 1.105114e+00 1.105104e+00 -0.000000e+00 -1.013850e-02
0.000000e+00 1.017500e+01 1.105114e+00 1.105104e+00 -0.000000e+00 -1.013850e-02
0.000000e+00 1.023000e+01 1.105114e+00 1.105104e+00 -0.000000e+00 -1.013850e-02
0.000000e+00 1.028500e+01 1.105114e+00 1.105104e+00 -0.000000e+00 -1.013850e-02
0.000000e+00 1.034000e+01 1.105114e+00 1.105104e+00 -0.000000e+00 -1.013850e-02
0.000000e+00 1.039500e+01 1.105114e+00 1.105104e+00 -0.000000e+00 -1.013850e-02
0.000000e+00 1.045000e+01 1.105114e+00 1.105104e+00 -0.000000e+00 -1.013850e-02
0.000000e+00 1.050500e+01 1.105114e+00 1.105104e+00 -0.000000e+00 -1.013850e-02
0.000000e+00 1.056000e+01 1.105114e+00 1.105104e+00 -0.000000e+00 -1.013850e-02
0.000000e+00 1.061500e+01 1.105114e+00 1.105104e+00 -0.000000e+00 -1.013850e-02
0.000000e+00 1.067000e+01 1.105114e+00 1.105104e+00 -0.000000e+00 -1.013850e-02
0.000000e+00 1.072500e+01 1.105114e+00 1.105104e+00 -0.000000e+00 -1.013850e-02
0.000000e+00 1.078000e+01 1.105114e+00 1.105104e+00 -0.000000e+00 -1.013850e-02
0.000000e+00 1.083500e+01 1.105114e+00 1.105104e+00 -0.000000e+00 -1.013850e-02
0.000000e+00 1.089000e+01 1.105114e+00 1.105104e+00 -0.000000e+00 -1.013850e-02
0.000000e+00 1.094500e+01 1.105114e+00 1.105104e+00 -0.000000e+00 -1.013850e-02
0.000000e+00 1.100000e+01 1.105114e+00 1.105104e+00 -0.000000e+00 -1.013850e-02
