#############TIME##################
1.760391e+01 
###################################
0.000000e+00 0.000000e+00 5.597525e+01 5.597996e+01 0.000000e+00 -3.063142e+00
0.000000e+00 5.500000e-02 5.597525e+01 5.597996e+01 0.000000e+00 -3.063142e+00
0.000000e+00 1.100000e-01 2.119478e+01 2.119549e+01 0.000000e+00 -3.063155e+00
0.000000e+00 1.650000e-01 1.377438e+01 1.377472e+01 0.000000e+00 -2.307889e+00
0.000000e+00 2.200000e-01 1.021929e+01 1.021951e+01 0.000000e+00 -1.934242e+00
0.000000e+00 2.750000e-01 7.996330e+00 7.996487e+00 0.000000e+00 -1.645405e+00
0.000000e+00 3.300000e-01 6.605343e+00 6.605460e+00 0.000000e+00 -1.422694e+00
0.000000e+00 3.850000e-01 5.605848e+00 5.605939e+00 0.000000e+00 -1.250780e+00
0.000000e+00 4.400000e-01 4.900280e+00 4.900353e+00 0.000000e+00 -1.107052e+00
0.000000e+00 4.950000e-01 4.357158e+00 4.357218e+00 0.000000e+00 -9.912158e-01
0.000000e+00 5.500000e-01 3.937280e+00 3.937330e+00 0.000000e+00 -8.928688e-01
0.000000e+00 6.050000e-01 3.603747e+00 3.603789e+00 0.000000e+00 -8.095981e-01
0.000000e+00 6.600000e-01 3.331946e+00 3.331983e+00 0.000000e+00 -7.378716e-01
0.000000e+00 7.150000e-01 3.107435e+00 3.107467e+00 0.000000e+00 -6.758778e-01
0.000000e+00 7.700000e-01 2.918875e+00 2.918904e+00 0.000000e+00 -6.216057e-01
0.000000e+00 8.250000e-01 2.758796e+00 2.758822e+00 0.000000e+00 -5.738921e-01
0.000000e+00 8.800000e-01 2.621273e+00 2.621296e+00 0.000000e+00 -5.315925e-01
0.000000e+00 9.350000e-01 2.502083e+00 2.502104e+00 0.000000e+00 -4.939211e-01
0.000000e+00 9.900000e-01 2.397865e+00 2.397883e+00 0.000000e+00 -4.601679e-01
0.000000e+00 1.045000e+00 2.306079e+00 2.306096e+00 0.000000e+00 -4.297939e-01
0.000000e+00 1.100000e+00 2.224685e+00 2.224701e+00 0.000000e+00 -4.023327e-01
0.000000e+00 1.155000e+00 2.152078e+00 2.152093e+00 0.000000e+00 -3.774111e-01
0.000000e+00 1.210000e+00 2.086952e+00 2.086965e+00 0.000000e+00 -3.547108e-01
0.000000e+00 1.265000e+00 2.028247e+00 2.028259e+00 0.000000e+00 -3.339685e-01
0.000000e+00 1.320000e+00 1.975089e+00 1.975100e+00 0.000000e+00 -3.149588e-01
0.000000e+00 1.375000e+00 1.926754e+00 1.926765e+00 0.000000e+00 -2.974914e-01
0.000000e+00 1.430000e+00 1.882636e+00 1.882646e+00 0.000000e+00 -2.814019e-01
0.000000e+00 1.485000e+00 1.842223e+00 1.842233e+00 0.000000e+00 -2.665480e-01
0.000000e+00 1.540000e+00 1.805084e+00 1.805093e+00 0.000000e+00 -2.528048e-01
0.000000e+00 1.595000e+00 1.770850e+00 1.770858e+00 0.000000e+00 -2.400623e-01
0.000000e+00 1.650000e+00 1.739205e+00 1.739213e+00 0.000000e+00 -2.282236e-01
0.000000e+00 1.705000e+00 1.709879e+00 1.709886e+00 0.000000e+00 -2.172040e-01
0.000000e+00 1.760000e+00 1.682633e+00 1.682640e+00 0.000000e+00 -2.069294e-01
0.000000e+00 1.815000e+00 1.657260e+00 1.657267e+00 0.000000e+00 -1.973347e-01
0.000000e+00 1.870000e+00 1.633579e+00 1.633585e+00 0.000000e+00 -1.883617e-01
0.000000e+00 1.925000e+00 1.611428e+00 1.611434e+00 0.000000e+00 -1.799584e-01
0.000000e+00 1.980000e+00 1.590668e+00 1.590674e+00 0.000000e+00 -1.720776e-01
0.000000e+00 2.035000e+00 1.571176e+00 1.571182e+00 0.000000e+00 -1.646771e-01
0.000000e+00 2.090000e+00 1.552844e+00 1.552849e+00 0.000000e+00 -1.577185e-01
0.000000e+00 2.145000e+00 1.535575e+00 1.535580e+00 0.000000e+00 -1.511673e-01
0.000000e+00 2.200000e+00 1.519284e+00 1.519289e+00 0.000000e+00 -1.449921e-01
0.000000e+00 2.255000e+00 1.503893e+00 1.503898e+00 0.000000e+00 -1.391647e-01
0.000000e+00 2.310000e+00 1.489333e+00 1.489338e+00 0.000000e+00 -1.336589e-01
0.000000e+00 2.365000e+00 1.475539e+00 1.475544e+00 0.000000e+00 -1.284512e-01
0.000000e+00 2.420000e+00 1.462454e+00 1.462458e+00 0.000000e+00 -1.235198e-01
0.000000e+00 2.475000e+00 1.450026e+00 1.450030e+00 0.000000e+00 -1.188450e-01
0.000000e+00 2.530000e+00 1.438208e+00 1.438212e+00 0.000000e+00 -1.144090e-01
0.000000e+00 2.585000e+00 1.426959e+00 1.426962e+00 0.000000e+00 -1.101959e-01
0.000000e+00 2.640000e+00 1.416241e+00 1.416245e+00 0.000000e+00 -1.061910e-01
0.000000e+00 2.695000e+00 1.406020e+00 1.406023e+00 0.000000e+00 -1.023809e-01
0.000000e+00 2.750000e+00 1.396263e+00 1.396266e+00 0.000000e+00 -9.875315e-02
0.000000e+00 2.805000e+00 1.386939e+00 1.386942e+00 0.000000e+00 -9.529598e-02
0.000000e+00 2.860000e+00 1.378021e+00 1.378024e+00 0.000000e+00 -9.199859e-02
0.000000e+00 2.915000e+00 1.369484e+00 1.369487e+00 0.000000e+00 -8.885102e-02
0.000000e+00 2.970000e+00 1.361304e+00 1.361307e+00 0.000000e+00 -8.584427e-02
0.000000e+00 3.025000e+00 1.353463e+00 1.353466e+00 0.000000e+00 -8.297007e-02
0.000000e+00 3.080000e+00 1.345942e+00 1.345944e+00 0.000000e+00 -8.022082e-02
0.000000e+00 3.135000e+00 1.338723e+00 1.338725e+00 0.000000e+00 -7.758936e-02
0.000000e+00 3.190000e+00 1.331789e+00 1.331792e+00 0.000000e+00 -7.506901e-02
0.000000e+00 3.245000e+00 1.325125e+00 1.325127e+00 0.000000e+00 -7.265358e-02
0.000000e+00 3.300000e+00 1.318714e+00 1.318716e+00 0.000000e+00 -7.033743e-02
0.000000e+00 3.355000e+00 1.312543e+00 1.312545e+00 0.000000e+00 -6.811546e-02
0.000000e+00 3.410000e+00 1.306600e+00 1.306602e+00 0.000000e+00 -6.598305e-02
0.000000e+00 3.465000e+00 1.300873e+00 1.300875e+00 0.000000e+00 -6.393588e-02
0.000000e+00 3.520000e+00 1.295353e+00 1.295355e+00 0.000000e+00 -6.196987e-02
0.000000e+00 3.575000e+00 1.290031e+00 1.290033e+00 0.000000e+00 -6.008103e-02
0.000000e+00 3.630000e+00 1.284897e+00 1.284899e+00 0.000000e+00 -5.826546e-02
0.000000e+00 3.685000e+00 1.279943e+00 1.279944e+00 0.000000e+00 -5.651924e-02
0.000000e+00 3.740000e+00 1.275160e+00 1.275162e+00 0.000000e+00 -5.483846e-02
0.000000e+00 3.795000e+00 1.270541e+00 1.270543e+00 0.000000e+00 -5.321935e-02
0.000000e+00 3.850000e+00 1.266078e+00 1.266080e+00 0.000000e+00 -5.165851e-02
0.000000e+00 3.905000e+00 1.261765e+00 1.261766e+00 0.000000e+00 -5.015311e-02
0.000000e+00 3.960000e+00 1.257595e+00 1.257597e+00 0.000000e+00 -4.870104e-02
0.000000e+00 4.015000e+00 1.253565e+00 1.253566e+00 0.000000e+00 -4.730065e-02
0.000000e+00 4.070000e+00 1.249667e+00 1.249669e+00 0.000000e+00 -4.595037e-02
0.000000e+00 4.125000e+00 1.245896e+00 1.245897e+00 0.000000e+00 -4.464823e-02
0.000000e+00 4.180000e+00 1.242244e+00 1.242246e+00 0.000000e+00 -4.339171e-02
0.000000e+00 4.235000e+00 1.238707e+00 1.238708e+00 0.000000e+00 -4.217817e-02
0.000000e+00 4.290000e+00 1.235277e+00 1.235279e+00 0.000000e+00 -4.100565e-02
0.000000e+00 4.345000e+00 1.231955e+00 1.231956e+00 0.000000e+00 -3.987361e-02
0.000000e+00 4.400000e+00 1.228739e+00 1.228741e+00 0.000000e+00 -3.878277e-02
0.000000e+00 4.455000e+00 1.225631e+00 1.225632e+00 0.000000e+00 -3.773389e-02
0.000000e+00 4.510000e+00 1.222628e+00 1.222629e+00 0.000000e+00 -3.672602e-02
0.000000e+00 4.565000e+00 1.219725e+00 1.219726e+00 0.000000e+00 -3.575604e-02
0.000000e+00 4.620000e+00 1.216916e+00 1.216917e+00 0.000000e+00 -3.482041e-02
0.000000e+00 4.675000e+00 1.214196e+00 1.214197e+00 0.000000e+00 -3.391839e-02
0.000000e+00 4.730000e+00 1.211566e+00 1.211567e+00 0.000000e+00 -3.305349e-02
0.000000e+00 4.785000e+00 1.209025e+00 1.209026e+00 0.000000e+00 -3.222996e-02
0.000000e+00 4.840000e+00 1.206568e+00 1.206569e+00 0.000000e+00 -3.144487e-02
0.000000e+00 4.895000e+00 1.204171e+00 1.204172e+00 0.000000e+00 -3.068176e-02
0.000000e+00 4.950000e+00 1.201802e+00 1.201803e+00 0.000000e+00 -2.991396e-02
0.000000e+00 5.005000e+00 1.199438e+00 1.199439e+00 0.000000e+00 -2.911953e-02
0.000000e+00 5.060000e+00 1.197081e+00 1.197082e+00 0.000000e+00 -2.829846e-02
0.000000e+00 5.115000e+00 1.194768e+00 1.194769e+00 0.000000e+00 -2.747819e-02
0.000000e+00 5.170000e+00 1.192551e+00 1.192552e+00 0.000000e+00 -2.670105e-02
0.000000e+00 5.225000e+00 1.190471e+00 1.190472e+00 0.000000e+00 -2.600034e-02
0.000000e+00 5.280000e+00 1.188530e+00 1.188531e+00 0.000000e+00 -2.538017e-02
0.000000e+00 5.335000e+00 1.186695e+00 1.186696e+00 0.000000e+00 -2.481419e-02
0.000000e+00 5.390000e+00 1.184921e+00 1.184922e+00 0.000000e+00 -2.426575e-02
0.000000e+00 5.445000e+00 1.183181e+00 1.183182e+00 0.000000e+00 -2.371270e-02
0.000000e+00 5.500000e+00 1.181476e+00 1.181477e+00 0.000000e+00 -2.315655e-02
0.000000e+00 5.555000e+00 1.179817e+00 1.179818e+00 0.000000e+00 -2.261100e-02
0.000000e+00 5.610000e+00 1.178206e+00 1.178207e+00 0.000000e+00 -2.208328e-02
0.000000e+00 5.665000e+00 1.176629e+00 1.176629e+00 0.000000e+00 -2.156553e-02
0.000000e+00 5.720000e+00 1.175064e+00 1.175064e+00 0.000000e+00 -2.104250e-02
0.000000e+00 5.775000e+00 1.173505e+00 1.173506e+00 0.000000e+00 -2.050648e-02
0.000000e+00 5.830000e+00 1.171969e+00 1.171969e+00 0.000000e+00 -1.996498e-02
0.000000e+00 5.885000e+00 1.170482e+00 1.170483e+00 0.000000e+00 -1.943493e-02
0.000000e+00 5.940000e+00 1.169065e+00 1.169066e+00 0.000000e+00 -1.892994e-02
0.000000e+00 5.995000e+00 1.167717e+00 1.167718e+00 0.000000e+00 -1.845175e-02
0.000000e+00 6.050000e+00 1.166421e+00 1.166421e+00 0.000000e+00 -1.799150e-02
0.000000e+00 6.105000e+00 1.165153e+00 1.165154e+00 0.000000e+00 -1.753815e-02
0.000000e+00 6.160000e+00 1.163901e+00 1.163902e+00 0.000000e+00 -1.708653e-02
0.000000e+00 6.215000e+00 1.162665e+00 1.162665e+00 0.000000e+00 -1.663968e-02
0.000000e+00 6.270000e+00 1.161453e+00 1.161454e+00 0.000000e+00 -1.620518e-02
0.000000e+00 6.325000e+00 1.160277e+00 1.160277e+00 0.000000e+00 -1.578932e-02
0.000000e+00 6.380000e+00 1.159140e+00 1.159140e+00 0.000000e+00 -1.539292e-02
0.000000e+00 6.435000e+00 1.158039e+00 1.158040e+00 0.000000e+00 -1.501097e-02
0.000000e+00 6.490000e+00 1.156969e+00 1.156970e+00 0.000000e+00 -1.463550e-02
0.000000e+00 6.545000e+00 1.155923e+00 1.155924e+00 0.000000e+00 -1.425936e-02
0.000000e+00 6.600000e+00 1.154900e+00 1.154901e+00 0.000000e+00 -1.387848e-02
0.000000e+00 6.655000e+00 1.153901e+00 1.153902e+00 0.000000e+00 -1.349187e-02
0.000000e+00 6.710000e+00 1.152929e+00 1.152929e+00 0.000000e+00 -1.310028e-02
0.000000e+00 6.765000e+00 1.151983e+00 1.151983e+00 0.000000e+00 -1.270528e-02
0.000000e+00 6.820000e+00 1.151062e+00 1.151062e+00 0.000000e+00 -1.230918e-02
0.000000e+00 6.875000e+00 1.150164e+00 1.150164e+00 0.000000e+00 -1.191515e-02
0.000000e+00 6.930000e+00 1.149287e+00 1.149288e+00 0.000000e+00 -1.152660e-02
0.000000e+00 6.985000e+00 1.148433e+00 1.148433e+00 0.000000e+00 -1.114593e-02
0.000000e+00 7.040000e+00 1.147598e+00 1.147599e+00 0.000000e+00 -1.077364e-02
0.000000e+00 7.095000e+00 1.146784e+00 1.146785e+00 0.000000e+00 -1.040842e-02
0.000000e+00 7.150000e+00 1.145989e+00 1.145990e+00 0.000000e+00 -1.004829e-02
0.000000e+00 7.205000e+00 1.145214e+00 1.145214e+00 0.000000e+00 -9.691585e-03
0.000000e+00 7.260000e+00 1.144459e+00 1.144460e+00 0.000000e+00 -9.337267e-03
0.000000e+00 7.315000e+00 1.143728e+00 1.143729e+00 0.000000e+00 -8.984440e-03
0.000000e+00 7.370000e+00 1.143023e+00 1.143023e+00 0.000000e+00 -8.631910e-03
0.000000e+00 7.425000e+00 1.142342e+00 1.142342e+00 0.000000e+00 -8.278351e-03
0.000000e+00 7.480000e+00 1.141686e+00 1.141686e+00 0.000000e+00 -7.922982e-03
0.000000e+00 7.535000e+00 1.141051e+00 1.141051e+00 0.000000e+00 -7.566138e-03
0.000000e+00 7.590000e+00 1.140436e+00 1.140436e+00 0.000000e+00 -7.209224e-03
0.000000e+00 7.645000e+00 1.139838e+00 1.139839e+00 0.000000e+00 -6.854127e-03
0.000000e+00 7.700000e+00 1.139256e+00 1.139256e+00 0.000000e+00 -6.502620e-03
0.000000e+00 7.755000e+00 1.138687e+00 1.138687e+00 0.000000e+00 -6.156116e-03
0.000000e+00 7.810000e+00 1.138128e+00 1.138129e+00 0.000000e+00 -5.815688e-03
0.000000e+00 7.865000e+00 1.137578e+00 1.137578e+00 0.000000e+00 -5.481934e-03
0.000000e+00 7.920000e+00 1.137032e+00 1.137032e+00 0.000000e+00 -5.154549e-03
0.000000e+00 7.975000e+00 1.136487e+00 1.136488e+00 0.000000e+00 -4.831904e-03
0.000000e+00 8.030000e+00 1.135945e+00 1.135945e+00 0.000000e+00 -4.511194e-03
0.000000e+00 8.085000e+00 1.135404e+00 1.135405e+00 0.000000e+00 -4.189350e-03
0.000000e+00 8.140000e+00 1.134870e+00 1.134871e+00 0.000000e+00 -3.864309e-03
0.000000e+00 8.195000e+00 1.134347e+00 1.134347e+00 0.000000e+00 -3.535913e-03
0.000000e+00 8.250000e+00 1.133838e+00 1.133838e+00 0.000000e+00 -3.205965e-03
0.000000e+00 8.305000e+00 1.133345e+00 1.133346e+00 0.000000e+00 -2.877579e-03
0.000000e+00 8.360000e+00 1.132869e+00 1.132869e+00 0.000000e+00 -2.554356e-03
0.000000e+00 8.415000e+00 1.132403e+00 1.132403e+00 0.000000e+00 -2.239773e-03
0.000000e+00 8.470000e+00 1.131941e+00 1.131941e+00 0.000000e+00 -1.936673e-03
0.000000e+00 8.525000e+00 1.131477e+00 1.131477e+00 0.000000e+00 -1.646464e-03
0.000000e+00 8.580000e+00 1.131007e+00 1.131008e+00 0.000000e+00 -1.367965e-03
0.000000e+00 8.635000e+00 1.130536e+00 1.130537e+00 0.000000e+00 -1.096611e-03
0.000000e+00 8.690000e+00 1.130072e+00 1.130073e+00 0.000000e+00 -8.251037e-04
0.000000e+00 8.745000e+00 1.129625e+00 1.129625e+00 0.000000e+00 -5.460577e-04
0.000000e+00 8.800000e+00 1.129201e+00 1.129201e+00 0.000000e+00 -2.557379e-04
0.000000e+00 8.855000e+00 1.128797e+00 1.128797e+00 0.000000e+00 4.328531e-05
0.000000e+00 8.910000e+00 1.128403e+00 1.128403e+00 0.000000e+00 3.428052e-04
0.000000e+00 8.965000e+00 1.128005e+00 1.128005e+00 0.000000e+00 6.334375e-04
0.000000e+00 9.020000e+00 1.127597e+00 1.127598e+00 0.000000e+00 9.107763e-04
0.000000e+00 9.075000e+00 1.127186e+00 1.127186e+00 0.000000e+00 1.179444e-03
0.000000e+00 9.130000e+00 1.126786e+00 1.126786e+00 0.000000e+00 1.452092e-03
0.000000e+00 9.185000e+00 1.126413e+00 1.126413e+00 0.000000e+00 1.743105e-03
0.000000e+00 9.240000e+00 1.126071e+00 1.126072e+00 0.000000e+00 2.060459e-03
0.000000e+00 9.295000e+00 1.125745e+00 1.125746e+00 0.000000e+00 2.400091e-03
0.000000e+00 9.350000e+00 1.125407e+00 1.125408e+00 0.000000e+00 2.747375e-03
0.000000e+00 9.405000e+00 1.125029e+00 1.125029e+00 0.000000e+00 3.084551e-03
0.000000e+00 9.460000e+00 1.124602e+00 1.124601e+00 0.000000e+00 3.401853e-03
0.000000e+00 9.515000e+00 1.124141e+00 1.124138e+00 0.000000e+00 3.700137e-03
0.000000e+00 9.570000e+00 1.123683e+00 1.123678e+00 0.000000e+00 3.984931e-03
0.000000e+00 9.625000e+00 1.123264e+00 1.123258e+00 0.000000e+00 4.243692e-03
0.000000e+00 9.680000e+00 1.122908e+00 1.122900e+00 0.000000e+00 4.438544e-03
0.000000e+00 9.735000e+00 1.122604e+00 1.122595e+00 0.000000e+00 4.507651e-03
0.000000e+00 9.790000e+00 1.122327e+00 1.122317e+00 0.000000e+00 4.430130e-03
0.000000e+00 9.845000e+00 1.122024e+00 1.122014e+00 0.000000e+00 4.243481e-03
0.000000e+00 9.900000e+00 1.121688e+00 1.121678e+00 0.000000e+00 4.097637e-03
0.000000e+00 9.955000e+00 1.121272e+00 1.121261e+00 0.000000e+00 4.092086e-03
0.000000e+00 1.001000e+01 1.105114e+00 1.105104e+00 -0.000000e+00 -1.013850e-02
0.000000e+00 1.006500e+01 1.105114e+00 1.105104e+00 -0.000000e+00 -1.013850e-02
0.000000e+00 1.012000e+01 1.105114e+00 1.105104e+00 -0.000000e+00 -1.013850e-02
0.000000e+00 1.017500e+01 1.105114e+00 1.105104e+00 -0.000000e+00 -1.013850e-02
0.000000e+00 1.023000e+01 1.105114e+00 1.105104e+00 -0.000000e+00 -1.013850e-02
0.000000e+00 1.028500e+01 1.105114e+00 1.105104e+00 -0.000000e+00 -1.013850e-02
0.000000e+00 1.034000e+01 1.105114e+00 1.105104e+00 -0.000000e+00 -1.013850e-02
0.000000e+00 1.039500e+01 1.105114e+00 1.105104e+00 -0.000000e+00 -1.013850e-02
0.000000e+00 1.045000e+01 1.105114e+00 1.105104e+00 -0.000000e+00 -1.013850e-02
0.000000e+00 1.050500e+01 1.105114e+00 1.105104e+00 -0.000000e+00 -1.013850e-02
0.000000e+00 1.056000e+01 1.105114e+00 1.105104e+00 -0.000000e+00 -1.013850e-02
0.000000e+00 1.061500e+01 1.105114e+00 1.105104e+00 -0.000000e+00 -1.013850e-02
0.000000e+00 1.067000e+01 1.105114e+00 1.105104e+00 -0.000000e+00 -1.013850e-02
0.000000e+00 1.072500e+01 1.105114e+00 1.105104e+00 -0.000000e+00 -1.013850e-02
0.000000e+00 1.078000e+01 1.105114e+00 1.105104e+00 -0.000000e+00 -1.013850e-02
0.000000e+00 1.083500e+01 1.105114e+00 1.105104e+00 -0.000000e+00 -1.013850e-02
0.000000e+00 1.089000e+01 1.105114e+00 1.105104e+00 -0.000000e+00 -1.013850e-02
0.000000e+00 1.094500e+01 1.105114e+00 1.105104e+00 -0.000000e+00 -1.013850e-02
0.000000e+00 1.100000e+01 1.105114e+00 1.105104e+00 -0.000000e+00 -1.013850e-02
