#############TIME##################
1.990449e+01 
###################################
0.000000e+00 0.000000e+00 5.548176e+01 5.548643e+01 0.000000e+00 -3.063359e+00
0.000000e+00 5.500000e-02 5.548176e+01 5.548643e+01 0.000000e+00 -3.063359e+00
0.000000e+00 1.100000e-01 2.100940e+01 2.101009e+01 0.000000e+00 -3.063371e+00
0.000000e+00 1.650000e-01 1.365401e+01 1.365434e+01 0.000000e+00 -2.308273e+00
0.000000e+00 2.200000e-01 1.013006e+01 1.013029e+01 0.000000e+00 -1.934723e+00
0.000000e+00 2.750000e-01 7.926693e+00 7.926849e+00 0.000000e+00 -1.645975e+00
0.000000e+00 3.300000e-01 6.547930e+00 6.548046e+00 0.000000e+00 -1.423360e+00
0.000000e+00 3.850000e-01 5.557280e+00 5.557370e+00 0.000000e+00 -1.251536e+00
0.000000e+00 4.400000e-01 4.857960e+00 4.858032e+00 0.000000e+00 -1.107904e+00
0.000000e+00 4.950000e-01 4.319666e+00 4.319725e+00 0.000000e+00 -9.921621e-01
0.000000e+00 5.500000e-01 3.903570e+00 3.903619e+00 0.000000e+00 -8.939046e-01
0.000000e+00 6.050000e-01 3.573047e+00 3.573089e+00 0.000000e+00 -8.107268e-01
0.000000e+00 6.600000e-01 3.303713e+00 3.303749e+00 0.000000e+00 -7.390943e-01
0.000000e+00 7.150000e-01 3.081256e+00 3.081288e+00 0.000000e+00 -6.771959e-01
0.000000e+00 7.700000e-01 2.894438e+00 2.894466e+00 0.000000e+00 -6.230201e-01
0.000000e+00 8.250000e-01 2.735852e+00 2.735877e+00 0.000000e+00 -5.754038e-01
0.000000e+00 8.800000e-01 2.599626e+00 2.599648e+00 0.000000e+00 -5.332027e-01
0.000000e+00 9.350000e-01 2.481575e+00 2.481595e+00 0.000000e+00 -4.956313e-01
0.000000e+00 9.900000e-01 2.378364e+00 2.378382e+00 0.000000e+00 -4.619798e-01
0.000000e+00 1.045000e+00 2.287479e+00 2.287495e+00 0.000000e+00 -4.317096e-01
0.000000e+00 1.100000e+00 2.206896e+00 2.206911e+00 0.000000e+00 -4.043544e-01
0.000000e+00 1.155000e+00 2.135027e+00 2.135041e+00 0.000000e+00 -3.795416e-01
0.000000e+00 1.210000e+00 2.070577e+00 2.070590e+00 0.000000e+00 -3.569530e-01
0.000000e+00 1.265000e+00 2.012497e+00 2.012509e+00 0.000000e+00 -3.363258e-01
0.000000e+00 1.320000e+00 1.959921e+00 1.959932e+00 0.000000e+00 -3.174350e-01
0.000000e+00 1.375000e+00 1.912129e+00 1.912139e+00 0.000000e+00 -3.000901e-01
0.000000e+00 1.430000e+00 1.868520e+00 1.868530e+00 0.000000e+00 -2.841261e-01
0.000000e+00 1.485000e+00 1.828587e+00 1.828597e+00 0.000000e+00 -2.694007e-01
0.000000e+00 1.540000e+00 1.791906e+00 1.791915e+00 0.000000e+00 -2.557894e-01
0.000000e+00 1.595000e+00 1.758117e+00 1.758125e+00 0.000000e+00 -2.431847e-01
0.000000e+00 1.650000e+00 1.726917e+00 1.726925e+00 0.000000e+00 -2.314947e-01
0.000000e+00 1.705000e+00 1.698047e+00 1.698054e+00 0.000000e+00 -2.206406e-01
0.000000e+00 1.760000e+00 1.671274e+00 1.671281e+00 0.000000e+00 -2.105527e-01
0.000000e+00 1.815000e+00 1.646386e+00 1.646392e+00 0.000000e+00 -2.011633e-01
0.000000e+00 1.870000e+00 1.623179e+00 1.623185e+00 0.000000e+00 -1.924024e-01
0.000000e+00 1.925000e+00 1.601460e+00 1.601466e+00 0.000000e+00 -1.841968e-01
0.000000e+00 1.980000e+00 1.581054e+00 1.581059e+00 0.000000e+00 -1.764768e-01
0.000000e+00 2.035000e+00 1.561823e+00 1.561829e+00 0.000000e+00 -1.691880e-01
0.000000e+00 2.090000e+00 1.543679e+00 1.543684e+00 0.000000e+00 -1.623004e-01
0.000000e+00 2.145000e+00 1.526577e+00 1.526582e+00 0.000000e+00 -1.558110e-01
0.000000e+00 2.200000e+00 1.510501e+00 1.510506e+00 0.000000e+00 -1.497324e-01
0.000000e+00 2.255000e+00 1.495426e+00 1.495430e+00 0.000000e+00 -1.440712e-01
0.000000e+00 2.310000e+00 1.481282e+00 1.481287e+00 0.000000e+00 -1.388052e-01
0.000000e+00 2.365000e+00 1.467946e+00 1.467951e+00 0.000000e+00 -1.338726e-01
0.000000e+00 2.420000e+00 1.455261e+00 1.455265e+00 0.000000e+00 -1.291866e-01
0.000000e+00 2.475000e+00 1.443092e+00 1.443096e+00 0.000000e+00 -1.246708e-01
0.000000e+00 2.530000e+00 1.431377e+00 1.431381e+00 0.000000e+00 -1.202941e-01
0.000000e+00 2.585000e+00 1.420140e+00 1.420144e+00 0.000000e+00 -1.160822e-01
0.000000e+00 2.640000e+00 1.409458e+00 1.409462e+00 0.000000e+00 -1.120981e-01
0.000000e+00 2.695000e+00 1.399401e+00 1.399404e+00 0.000000e+00 -1.084005e-01
0.000000e+00 2.750000e+00 1.389975e+00 1.389978e+00 0.000000e+00 -1.050057e-01
0.000000e+00 2.805000e+00 1.381105e+00 1.381108e+00 0.000000e+00 -1.018715e-01
0.000000e+00 2.860000e+00 1.372665e+00 1.372668e+00 0.000000e+00 -9.891775e-02
0.000000e+00 2.915000e+00 1.364540e+00 1.364542e+00 0.000000e+00 -9.606970e-02
0.000000e+00 2.970000e+00 1.356673e+00 1.356676e+00 0.000000e+00 -9.329375e-02
0.000000e+00 3.025000e+00 1.349076e+00 1.349078e+00 0.000000e+00 -9.060223e-02
0.000000e+00 3.080000e+00 1.341787e+00 1.341789e+00 0.000000e+00 -8.802891e-02
0.000000e+00 3.135000e+00 1.334831e+00 1.334834e+00 0.000000e+00 -8.559772e-02
0.000000e+00 3.190000e+00 1.328198e+00 1.328200e+00 0.000000e+00 -8.330616e-02
0.000000e+00 3.245000e+00 1.321848e+00 1.321850e+00 0.000000e+00 -8.113077e-02
0.000000e+00 3.300000e+00 1.315739e+00 1.315742e+00 0.000000e+00 -7.904562e-02
0.000000e+00 3.355000e+00 1.309847e+00 1.309850e+00 0.000000e+00 -7.703689e-02
0.000000e+00 3.410000e+00 1.304164e+00 1.304166e+00 0.000000e+00 -7.510381e-02
0.000000e+00 3.465000e+00 1.298684e+00 1.298687e+00 0.000000e+00 -7.324970e-02
0.000000e+00 3.520000e+00 1.293401e+00 1.293403e+00 0.000000e+00 -7.147356e-02
0.000000e+00 3.575000e+00 1.288300e+00 1.288302e+00 0.000000e+00 -6.976905e-02
0.000000e+00 3.630000e+00 1.283368e+00 1.283370e+00 0.000000e+00 -6.812939e-02
0.000000e+00 3.685000e+00 1.278599e+00 1.278601e+00 0.000000e+00 -6.655175e-02
0.000000e+00 3.740000e+00 1.273996e+00 1.273998e+00 0.000000e+00 -6.503712e-02
0.000000e+00 3.795000e+00 1.269559e+00 1.269561e+00 0.000000e+00 -6.358650e-02
0.000000e+00 3.850000e+00 1.265284e+00 1.265286e+00 0.000000e+00 -6.219774e-02
0.000000e+00 3.905000e+00 1.261162e+00 1.261164e+00 0.000000e+00 -6.086548e-02
0.000000e+00 3.960000e+00 1.257181e+00 1.257183e+00 0.000000e+00 -5.958349e-02
0.000000e+00 4.015000e+00 1.253329e+00 1.253330e+00 0.000000e+00 -5.834700e-02
0.000000e+00 4.070000e+00 1.249597e+00 1.249599e+00 0.000000e+00 -5.715320e-02
0.000000e+00 4.125000e+00 1.245980e+00 1.245981e+00 0.000000e+00 -5.600038e-02
0.000000e+00 4.180000e+00 1.242473e+00 1.242474e+00 0.000000e+00 -5.488684e-02
0.000000e+00 4.235000e+00 1.239071e+00 1.239073e+00 0.000000e+00 -5.381052e-02
0.000000e+00 4.290000e+00 1.235772e+00 1.235774e+00 0.000000e+00 -5.276919e-02
0.000000e+00 4.345000e+00 1.232572e+00 1.232573e+00 0.000000e+00 -5.176075e-02
0.000000e+00 4.400000e+00 1.229464e+00 1.229465e+00 0.000000e+00 -5.078346e-02
0.000000e+00 4.455000e+00 1.226445e+00 1.226447e+00 0.000000e+00 -4.983593e-02
0.000000e+00 4.510000e+00 1.223510e+00 1.223512e+00 0.000000e+00 -4.891704e-02
0.000000e+00 4.565000e+00 1.220656e+00 1.220657e+00 0.000000e+00 -4.802570e-02
0.000000e+00 4.620000e+00 1.217878e+00 1.217879e+00 0.000000e+00 -4.716062e-02
0.000000e+00 4.675000e+00 1.215175e+00 1.215176e+00 0.000000e+00 -4.632030e-02
0.000000e+00 4.730000e+00 1.212543e+00 1.212544e+00 0.000000e+00 -4.550318e-02
0.000000e+00 4.785000e+00 1.209980e+00 1.209981e+00 0.000000e+00 -4.470787e-02
0.000000e+00 4.840000e+00 1.207482e+00 1.207483e+00 0.000000e+00 -4.393334e-02
0.000000e+00 4.895000e+00 1.205048e+00 1.205049e+00 0.000000e+00 -4.317887e-02
0.000000e+00 4.950000e+00 1.202673e+00 1.202674e+00 0.000000e+00 -4.244388e-02
0.000000e+00 5.005000e+00 1.200357e+00 1.200358e+00 0.000000e+00 -4.172777e-02
0.000000e+00 5.060000e+00 1.198096e+00 1.198097e+00 0.000000e+00 -4.102988e-02
0.000000e+00 5.115000e+00 1.195890e+00 1.195891e+00 0.000000e+00 -4.034947e-02
0.000000e+00 5.170000e+00 1.193737e+00 1.193738e+00 0.000000e+00 -3.968566e-02
0.000000e+00 5.225000e+00 1.191636e+00 1.191637e+00 0.000000e+00 -3.903752e-02
0.000000e+00 5.280000e+00 1.189585e+00 1.189586e+00 0.000000e+00 -3.840407e-02
0.000000e+00 5.335000e+00 1.187581e+00 1.187582e+00 0.000000e+00 -3.778448e-02
0.000000e+00 5.390000e+00 1.185622e+00 1.185623e+00 0.000000e+00 -3.717814e-02
0.000000e+00 5.445000e+00 1.183708e+00 1.183709e+00 0.000000e+00 -3.658469e-02
0.000000e+00 5.500000e+00 1.181836e+00 1.181837e+00 0.000000e+00 -3.600386e-02
0.000000e+00 5.555000e+00 1.180004e+00 1.180005e+00 0.000000e+00 -3.543535e-02
0.000000e+00 5.610000e+00 1.178212e+00 1.178213e+00 0.000000e+00 -3.487874e-02
0.000000e+00 5.665000e+00 1.176458e+00 1.176458e+00 0.000000e+00 -3.433351e-02
0.000000e+00 5.720000e+00 1.174740e+00 1.174740e+00 0.000000e+00 -3.379920e-02
0.000000e+00 5.775000e+00 1.173057e+00 1.173058e+00 0.000000e+00 -3.327541e-02
0.000000e+00 5.830000e+00 1.171410e+00 1.171411e+00 0.000000e+00 -3.276180e-02
0.000000e+00 5.885000e+00 1.169798e+00 1.169799e+00 0.000000e+00 -3.225804e-02
0.000000e+00 5.940000e+00 1.168221e+00 1.168221e+00 0.000000e+00 -3.176367e-02
0.000000e+00 5.995000e+00 1.166677e+00 1.166677e+00 0.000000e+00 -3.127821e-02
0.000000e+00 6.050000e+00 1.165166e+00 1.165166e+00 0.000000e+00 -3.080110e-02
0.000000e+00 6.105000e+00 1.163687e+00 1.163688e+00 0.000000e+00 -3.033174e-02
0.000000e+00 6.160000e+00 1.162241e+00 1.162241e+00 0.000000e+00 -2.986950e-02
0.000000e+00 6.215000e+00 1.160825e+00 1.160825e+00 0.000000e+00 -2.941381e-02
0.000000e+00 6.270000e+00 1.159438e+00 1.159439e+00 0.000000e+00 -2.896429e-02
0.000000e+00 6.325000e+00 1.158081e+00 1.158082e+00 0.000000e+00 -2.852091e-02
0.000000e+00 6.380000e+00 1.156753e+00 1.156753e+00 0.000000e+00 -2.808401e-02
0.000000e+00 6.435000e+00 1.155452e+00 1.155453e+00 0.000000e+00 -2.765407e-02
0.000000e+00 6.490000e+00 1.154180e+00 1.154181e+00 0.000000e+00 -2.723147e-02
0.000000e+00 6.545000e+00 1.152936e+00 1.152936e+00 0.000000e+00 -2.681625e-02
0.000000e+00 6.600000e+00 1.151718e+00 1.151719e+00 0.000000e+00 -2.640809e-02
0.000000e+00 6.655000e+00 1.150528e+00 1.150528e+00 0.000000e+00 -2.600651e-02
0.000000e+00 6.710000e+00 1.149364e+00 1.149364e+00 0.000000e+00 -2.561107e-02
0.000000e+00 6.765000e+00 1.148225e+00 1.148225e+00 0.000000e+00 -2.522152e-02
0.000000e+00 6.820000e+00 1.147111e+00 1.147111e+00 0.000000e+00 -2.483765e-02
0.000000e+00 6.875000e+00 1.146020e+00 1.146021e+00 0.000000e+00 -2.445909e-02
0.000000e+00 6.930000e+00 1.144951e+00 1.144952e+00 0.000000e+00 -2.408516e-02
0.000000e+00 6.985000e+00 1.143901e+00 1.143901e+00 0.000000e+00 -2.371484e-02
0.000000e+00 7.040000e+00 1.142868e+00 1.142868e+00 0.000000e+00 -2.334702e-02
0.000000e+00 7.095000e+00 1.141850e+00 1.141851e+00 0.000000e+00 -2.298080e-02
0.000000e+00 7.150000e+00 1.140848e+00 1.140849e+00 0.000000e+00 -2.261579e-02
0.000000e+00 7.205000e+00 1.139863e+00 1.139863e+00 0.000000e+00 -2.225226e-02
0.000000e+00 7.260000e+00 1.138897e+00 1.138897e+00 0.000000e+00 -2.189104e-02
0.000000e+00 7.315000e+00 1.137952e+00 1.137952e+00 0.000000e+00 -2.153330e-02
0.000000e+00 7.370000e+00 1.137032e+00 1.137032e+00 0.000000e+00 -2.118015e-02
0.000000e+00 7.425000e+00 1.136139e+00 1.136139e+00 0.000000e+00 -2.083230e-02
0.000000e+00 7.480000e+00 1.135273e+00 1.135273e+00 0.000000e+00 -2.048970e-02
0.000000e+00 7.535000e+00 1.134432e+00 1.134432e+00 0.000000e+00 -2.015142e-02
0.000000e+00 7.590000e+00 1.133613e+00 1.133614e+00 0.000000e+00 -1.981578e-02
0.000000e+00 7.645000e+00 1.132812e+00 1.132812e+00 0.000000e+00 -1.948072e-02
0.000000e+00 7.700000e+00 1.132024e+00 1.132024e+00 0.000000e+00 -1.914437e-02
0.000000e+00 7.755000e+00 1.131245e+00 1.131245e+00 0.000000e+00 -1.880566e-02
0.000000e+00 7.810000e+00 1.130476e+00 1.130476e+00 0.000000e+00 -1.846469e-02
0.000000e+00 7.865000e+00 1.129719e+00 1.129719e+00 0.000000e+00 -1.812273e-02
0.000000e+00 7.920000e+00 1.128976e+00 1.128976e+00 0.000000e+00 -1.778177e-02
0.000000e+00 7.975000e+00 1.128251e+00 1.128251e+00 0.000000e+00 -1.744373e-02
0.000000e+00 8.030000e+00 1.127547e+00 1.127547e+00 0.000000e+00 -1.710962e-02
0.000000e+00 8.085000e+00 1.126864e+00 1.126864e+00 0.000000e+00 -1.677910e-02
0.000000e+00 8.140000e+00 1.126199e+00 1.126199e+00 0.000000e+00 -1.645061e-02
0.000000e+00 8.195000e+00 1.125548e+00 1.125549e+00 0.000000e+00 -1.612207e-02
0.000000e+00 8.250000e+00 1.124909e+00 1.124909e+00 0.000000e+00 -1.579195e-02
0.000000e+00 8.305000e+00 1.124277e+00 1.124278e+00 0.000000e+00 -1.546009e-02
0.000000e+00 8.360000e+00 1.123652e+00 1.123652e+00 0.000000e+00 -1.512799e-02
0.000000e+00 8.415000e+00 1.123032e+00 1.123032e+00 0.000000e+00 -1.479827e-02
0.000000e+00 8.470000e+00 1.122418e+00 1.122418e+00 0.000000e+00 -1.447369e-02
0.000000e+00 8.525000e+00 1.121810e+00 1.121810e+00 0.000000e+00 -1.415610e-02
0.000000e+00 8.580000e+00 1.121207e+00 1.121208e+00 0.000000e+00 -1.384591e-02
0.000000e+00 8.635000e+00 1.120610e+00 1.120610e+00 0.000000e+00 -1.354206e-02
0.000000e+00 8.690000e+00 1.120016e+00 1.120016e+00 0.000000e+00 -1.324249e-02
0.000000e+00 8.745000e+00 1.119428e+00 1.119428e+00 0.000000e+00 -1.294459e-02
0.000000e+00 8.800000e+00 1.118847e+00 1.118847e+00 0.000000e+00 -1.264554e-02
0.000000e+00 8.855000e+00 1.118276e+00 1.118276e+00 0.000000e+00 -1.234259e-02
0.000000e+00 8.910000e+00 1.117718e+00 1.117718e+00 0.000000e+00 -1.203343e-02
0.000000e+00 8.965000e+00 1.117175e+00 1.117175e+00 0.000000e+00 -1.171670e-02
0.000000e+00 9.020000e+00 1.116650e+00 1.116650e+00 0.000000e+00 -1.139231e-02
0.000000e+00 9.075000e+00 1.116140e+00 1.116140e+00 0.000000e+00 -1.106114e-02
0.000000e+00 9.130000e+00 1.115646e+00 1.115646e+00 0.000000e+00 -1.072398e-02
0.000000e+00 9.185000e+00 1.115165e+00 1.115165e+00 0.000000e+00 -1.038024e-02
0.000000e+00 9.240000e+00 1.114695e+00 1.114696e+00 0.000000e+00 -1.002728e-02
0.000000e+00 9.295000e+00 1.114237e+00 1.114238e+00 0.000000e+00 -9.660491e-03
0.000000e+00 9.350000e+00 1.113790e+00 1.113790e+00 0.000000e+00 -9.274063e-03
0.000000e+00 9.405000e+00 1.113352e+00 1.113352e+00 0.000000e+00 -8.862405e-03
0.000000e+00 9.460000e+00 1.112925e+00 1.112924e+00 0.000000e+00 -8.423424e-03
0.000000e+00 9.515000e+00 1.112507e+00 1.112504e+00 0.000000e+00 -7.965307e-03
0.000000e+00 9.570000e+00 1.112099e+00 1.112094e+00 0.000000e+00 -7.515409e-03
0.000000e+00 9.625000e+00 1.111700e+00 1.111694e+00 0.000000e+00 -7.123187e-03
0.000000e+00 9.680000e+00 1.111311e+00 1.111303e+00 0.000000e+00 -6.847015e-03
0.000000e+00 9.735000e+00 1.110931e+00 1.110922e+00 0.000000e+00 -6.719662e-03
0.000000e+00 9.790000e+00 1.110560e+00 1.110550e+00 0.000000e+00 -6.716859e-03
0.000000e+00 9.845000e+00 1.110197e+00 1.110187e+00 0.000000e+00 -6.744996e-03
0.000000e+00 9.900000e+00 1.109837e+00 1.109826e+00 0.000000e+00 -6.691377e-03
0.000000e+00 9.955000e+00 1.109487e+00 1.109477e+00 0.000000e+00 -6.479442e-03
0.000000e+00 1.001000e+01 1.105114e+00 1.105104e+00 -0.000000e+00 -1.013850e-02
0.000000e+00 1.006500e+01 1.105114e+00 1.105104e+00 -0.000000e+00 -1.013850e-02
0.000000e+00 1.012000e+01 1.105114e+00 1.105104e+00 -0.000000e+00 -1.013850e-02
0.000000e+00 1.017500e+01 1.105114e+00 1.105104e+00 -0.000000e+00 -1.013850e-02
0.000000e+00 1.023000e+01 1.105114e+00 1.105104e+00 -0.000000e+00 -1.013850e-02
0.000000e+00 1.028500e+01 1.105114e+00 1.105104e+00 -0.000000e+00 -1.013850e-02
0.000000e+00 1.034000e+01 1.105114e+00 1.105104e+00 -0.000000e+00 -1.013850e-02
0.000000e+00 1.039500e+01 1.105114e+00 1.105104e+00 -0.000000e+00 -1.013850e-02
0.000000e+00 1.045000e+01 1.105114e+00 1.105104e+00 -0.000000e+00 -1.013850e-02
0.000000e+00 1.050500e+01 1.105114e+00 1.105104e+00 -0.000000e+00 -1.013850e-02
0.000000e+00 1.056000e+01 1.105114e+00 1.105104e+00 -0.000000e+00 -1.013850e-02
0.000000e+00 1.061500e+01 1.105114e+00 1.105104e+00 -0.000000e+00 -1.013850e-02
0.000000e+00 1.067000e+01 1.105114e+00 1.105104e+00 -0.000000e+00 -1.013850e-02
0.000000e+00 1.072500e+01 1.105114e+00 1.105104e+00 -0.000000e+00 -1.013850e-02
0.000000e+00 1.078000e+01 1.105114e+00 1.105104e+00 -0.000000e+00 -1.013850e-02
0.000000e+00 1.083500e+01 1.105114e+00 1.105104e+00 -0.000000e+00 -1.013850e-02
0.000000e+00 1.089000e+01 1.105114e+00 1.105104e+00 -0.000000e+00 -1.013850e-02
0.000000e+00 1.094500e+01 1.105114e+00 1.105104e+00 -0.000000e+00 -1.013850e-02
0.000000e+00 1.100000e+01 1.105114e+00 1.105104e+00 -0.000000e+00 -1.013850e-02
