#############TIME##################
1.403928e+00 
###################################
0.000000e+00 0.000000e+00 3.261921e+01 3.262181e+01 0.000000e+00 -3.100563e+00
0.000000e+00 5.500000e-02 3.261921e+01 3.262181e+01 0.000000e+00 -3.100563e+00
0.000000e+00 1.100000e-01 1.246431e+01 1.246466e+01 0.000000e+00 -3.100574e+00
0.000000e+00 1.650000e-01 8.093977e+00 8.094134e+00 0.000000e+00 -2.370452e+00
0.000000e+00 2.200000e-01 5.997135e+00 5.997236e+00 0.000000e+00 -2.011446e+00
0.000000e+00 2.750000e-01 4.695113e+00 4.695181e+00 0.000000e+00 -1.735378e+00
0.000000e+00 3.300000e-01 3.874832e+00 3.874881e+00 0.000000e+00 -1.525707e+00
0.000000e+00 3.850000e-01 3.289444e+00 3.289480e+00 0.000000e+00 -1.365254e+00
0.000000e+00 4.400000e-01 2.873487e+00 2.873515e+00 0.000000e+00 -1.233329e+00
0.000000e+00 4.950000e-01 2.554673e+00 2.554694e+00 0.000000e+00 -1.128227e+00
0.000000e+00 5.500000e-01 2.310791e+00 2.310808e+00 0.000000e+00 -1.039190e+00
0.000000e+00 6.050000e-01 2.116843e+00 2.116857e+00 0.000000e+00 -9.648503e-01
0.000000e+00 6.600000e-01 1.960540e+00 1.960551e+00 0.000000e+00 -9.008630e-01
0.000000e+00 7.150000e-01 1.832993e+00 1.833002e+00 0.000000e+00 -8.454087e-01
0.000000e+00 7.700000e-01 1.727284e+00 1.727292e+00 0.000000e+00 -7.965788e-01
0.000000e+00 8.250000e-01 1.638907e+00 1.638913e+00 0.000000e+00 -7.532434e-01
0.000000e+00 8.800000e-01 1.564334e+00 1.564339e+00 0.000000e+00 -7.142823e-01
0.000000e+00 9.350000e-01 1.501045e+00 1.501050e+00 0.000000e+00 -6.789532e-01
0.000000e+00 9.900000e-01 1.447039e+00 1.447043e+00 0.000000e+00 -6.465878e-01
0.000000e+00 1.045000e+00 1.400784e+00 1.400788e+00 0.000000e+00 -6.167036e-01
0.000000e+00 1.100000e+00 1.361041e+00 1.361044e+00 0.000000e+00 -5.888947e-01
0.000000e+00 1.155000e+00 1.326819e+00 1.326821e+00 0.000000e+00 -5.628543e-01
0.000000e+00 1.210000e+00 1.297298e+00 1.297300e+00 0.000000e+00 -5.383355e-01
0.000000e+00 1.265000e+00 1.271799e+00 1.271801e+00 0.000000e+00 -5.151525e-01
0.000000e+00 1.320000e+00 1.249744e+00 1.249745e+00 0.000000e+00 -4.931627e-01
0.000000e+00 1.375000e+00 1.230649e+00 1.230650e+00 0.000000e+00 -4.722564e-01
0.000000e+00 1.430000e+00 1.214106e+00 1.214107e+00 0.000000e+00 -4.523444e-01
0.000000e+00 1.485000e+00 1.199770e+00 1.199771e+00 0.000000e+00 -4.333537e-01
0.000000e+00 1.540000e+00 1.187348e+00 1.187349e+00 0.000000e+00 -4.152239e-01
0.000000e+00 1.595000e+00 1.176586e+00 1.176587e+00 0.000000e+00 -3.979058e-01
0.000000e+00 1.650000e+00 1.167263e+00 1.167264e+00 0.000000e+00 -3.813590e-01
0.000000e+00 1.705000e+00 1.159190e+00 1.159190e+00 0.000000e+00 -3.655493e-01
0.000000e+00 1.760000e+00 1.152198e+00 1.152198e+00 0.000000e+00 -3.504472e-01
0.000000e+00 1.815000e+00 1.146143e+00 1.146144e+00 0.000000e+00 -3.360261e-01
0.000000e+00 1.870000e+00 1.140900e+00 1.140900e+00 0.000000e+00 -3.222611e-01
0.000000e+00 1.925000e+00 1.136358e+00 1.136359e+00 0.000000e+00 -3.091286e-01
0.000000e+00 1.980000e+00 1.132423e+00 1.132423e+00 0.000000e+00 -2.966051e-01
0.000000e+00 2.035000e+00 1.129012e+00 1.129012e+00 0.000000e+00 -2.846678e-01
0.000000e+00 2.090000e+00 1.126053e+00 1.126053e+00 0.000000e+00 -2.732939e-01
0.000000e+00 2.145000e+00 1.123486e+00 1.123486e+00 0.000000e+00 -2.624606e-01
0.000000e+00 2.200000e+00 1.121256e+00 1.121256e+00 0.000000e+00 -2.521453e-01
0.000000e+00 2.255000e+00 1.119317e+00 1.119317e+00 0.000000e+00 -2.423254e-01
0.000000e+00 2.310000e+00 1.117631e+00 1.117631e+00 0.000000e+00 -2.329789e-01
0.000000e+00 2.365000e+00 1.116161e+00 1.116161e+00 0.000000e+00 -2.240839e-01
0.000000e+00 2.420000e+00 1.114880e+00 1.114880e+00 0.000000e+00 -2.156188e-01
0.000000e+00 2.475000e+00 1.113761e+00 1.113761e+00 0.000000e+00 -2.075629e-01
0.000000e+00 2.530000e+00 1.112783e+00 1.112783e+00 0.000000e+00 -1.998957e-01
0.000000e+00 2.585000e+00 1.111926e+00 1.111926e+00 0.000000e+00 -1.925976e-01
0.000000e+00 2.640000e+00 1.111175e+00 1.111175e+00 0.000000e+00 -1.856497e-01
0.000000e+00 2.695000e+00 1.110516e+00 1.110516e+00 0.000000e+00 -1.790337e-01
0.000000e+00 2.750000e+00 1.109936e+00 1.109936e+00 0.000000e+00 -1.727321e-01
0.000000e+00 2.805000e+00 1.109425e+00 1.109425e+00 0.000000e+00 -1.667283e-01
0.000000e+00 2.860000e+00 1.108975e+00 1.108975e+00 0.000000e+00 -1.610064e-01
0.000000e+00 2.915000e+00 1.108577e+00 1.108577e+00 0.000000e+00 -1.555513e-01
0.000000e+00 2.970000e+00 1.108225e+00 1.108225e+00 0.000000e+00 -1.503486e-01
0.000000e+00 3.025000e+00 1.107913e+00 1.107913e+00 0.000000e+00 -1.453847e-01
0.000000e+00 3.080000e+00 1.107636e+00 1.107636e+00 0.000000e+00 -1.406468e-01
0.000000e+00 3.135000e+00 1.107390e+00 1.107390e+00 0.000000e+00 -1.361226e-01
0.000000e+00 3.190000e+00 1.107171e+00 1.107171e+00 0.000000e+00 -1.318007e-01
0.000000e+00 3.245000e+00 1.106976e+00 1.106976e+00 0.000000e+00 -1.276703e-01
0.000000e+00 3.300000e+00 1.106802e+00 1.106802e+00 0.000000e+00 -1.237210e-01
0.000000e+00 3.355000e+00 1.106646e+00 1.106646e+00 0.000000e+00 -1.199433e-01
0.000000e+00 3.410000e+00 1.106506e+00 1.106506e+00 0.000000e+00 -1.163281e-01
0.000000e+00 3.465000e+00 1.106381e+00 1.106381e+00 0.000000e+00 -1.128668e-01
0.000000e+00 3.520000e+00 1.106269e+00 1.106269e+00 0.000000e+00 -1.095513e-01
0.000000e+00 3.575000e+00 1.106167e+00 1.106168e+00 0.000000e+00 -1.063740e-01
0.000000e+00 3.630000e+00 1.106076e+00 1.106076e+00 0.000000e+00 -1.033279e-01
0.000000e+00 3.685000e+00 1.105994e+00 1.105994e+00 0.000000e+00 -1.004061e-01
0.000000e+00 3.740000e+00 1.105920e+00 1.105920e+00 0.000000e+00 -9.760238e-02
0.000000e+00 3.795000e+00 1.105853e+00 1.105853e+00 0.000000e+00 -9.491070e-02
0.000000e+00 3.850000e+00 1.105793e+00 1.105793e+00 0.000000e+00 -9.232545e-02
0.000000e+00 3.905000e+00 1.105738e+00 1.105738e+00 0.000000e+00 -8.984134e-02
0.000000e+00 3.960000e+00 1.105688e+00 1.105688e+00 0.000000e+00 -8.745338e-02
0.000000e+00 4.015000e+00 1.105642e+00 1.105642e+00 0.000000e+00 -8.515685e-02
0.000000e+00 4.070000e+00 1.105601e+00 1.105601e+00 0.000000e+00 -8.294733e-02
0.000000e+00 4.125000e+00 1.105564e+00 1.105564e+00 0.000000e+00 -8.082062e-02
0.000000e+00 4.180000e+00 1.105529e+00 1.105529e+00 0.000000e+00 -7.877277e-02
0.000000e+00 4.235000e+00 1.105498e+00 1.105498e+00 0.000000e+00 -7.680006e-02
0.000000e+00 4.290000e+00 1.105469e+00 1.105469e+00 0.000000e+00 -7.489897e-02
0.000000e+00 4.345000e+00 1.105443e+00 1.105443e+00 0.000000e+00 -7.306617e-02
0.000000e+00 4.400000e+00 1.105419e+00 1.105419e+00 0.000000e+00 -7.129852e-02
0.000000e+00 4.455000e+00 1.105397e+00 1.105397e+00 0.000000e+00 -6.959305e-02
0.000000e+00 4.510000e+00 1.105377e+00 1.105377e+00 0.000000e+00 -6.794696e-02
0.000000e+00 4.565000e+00 1.105359e+00 1.105359e+00 0.000000e+00 -6.635758e-02
0.000000e+00 4.620000e+00 1.105342e+00 1.105342e+00 0.000000e+00 -6.482240e-02
0.000000e+00 4.675000e+00 1.105326e+00 1.105326e+00 0.000000e+00 -6.333904e-02
0.000000e+00 4.730000e+00 1.105312e+00 1.105312e+00 0.000000e+00 -6.190525e-02
0.000000e+00 4.785000e+00 1.105299e+00 1.105299e+00 0.000000e+00 -6.051887e-02
0.000000e+00 4.840000e+00 1.105286e+00 1.105286e+00 0.000000e+00 -5.917789e-02
0.000000e+00 4.895000e+00 1.105275e+00 1.105275e+00 0.000000e+00 -5.788039e-02
0.000000e+00 4.950000e+00 1.105264e+00 1.105264e+00 0.000000e+00 -5.662453e-02
0.000000e+00 5.005000e+00 1.105255e+00 1.105255e+00 0.000000e+00 -5.540859e-02
0.000000e+00 5.060000e+00 1.105246e+00 1.105246e+00 0.000000e+00 -5.423092e-02
0.000000e+00 5.115000e+00 1.105238e+00 1.105238e+00 0.000000e+00 -5.308996e-02
0.000000e+00 5.170000e+00 1.105230e+00 1.105230e+00 0.000000e+00 -5.198422e-02
0.000000e+00 5.225000e+00 1.105223e+00 1.105223e+00 0.000000e+00 -5.091229e-02
0.000000e+00 5.280000e+00 1.105216e+00 1.105216e+00 0.000000e+00 -4.987282e-02
0.000000e+00 5.335000e+00 1.105210e+00 1.105210e+00 0.000000e+00 -4.886454e-02
0.000000e+00 5.390000e+00 1.105204e+00 1.105204e+00 0.000000e+00 -4.788623e-02
0.000000e+00 5.445000e+00 1.105199e+00 1.105199e+00 0.000000e+00 -4.693672e-02
0.000000e+00 5.500000e+00 1.105194e+00 1.105194e+00 0.000000e+00 -4.601491e-02
0.000000e+00 5.555000e+00 1.105189e+00 1.105189e+00 0.000000e+00 -4.511975e-02
0.000000e+00 5.610000e+00 1.105185e+00 1.105185e+00 0.000000e+00 -4.425023e-02
0.000000e+00 5.665000e+00 1.105181e+00 1.105181e+00 0.000000e+00 -4.340539e-02
0.000000e+00 5.720000e+00 1.105177e+00 1.105177e+00 0.000000e+00 -4.258432e-02
0.000000e+00 5.775000e+00 1.105173e+00 1.105173e+00 0.000000e+00 -4.178615e-02
0.000000e+00 5.830000e+00 1.105170e+00 1.105170e+00 0.000000e+00 -4.101003e-02
0.000000e+00 5.885000e+00 1.105167e+00 1.105167e+00 0.000000e+00 -4.025518e-02
0.000000e+00 5.940000e+00 1.105164e+00 1.105164e+00 0.000000e+00 -3.952083e-02
0.000000e+00 5.995000e+00 1.105161e+00 1.105161e+00 0.000000e+00 -3.880624e-02
0.000000e+00 6.050000e+00 1.105159e+00 1.105159e+00 0.000000e+00 -3.811074e-02
0.000000e+00 6.105000e+00 1.105157e+00 1.105157e+00 0.000000e+00 -3.743364e-02
0.000000e+00 6.160000e+00 1.105154e+00 1.105154e+00 0.000000e+00 -3.677431e-02
0.000000e+00 6.215000e+00 1.105152e+00 1.105152e+00 0.000000e+00 -3.613214e-02
0.000000e+00 6.270000e+00 1.105150e+00 1.105150e+00 0.000000e+00 -3.550654e-02
0.000000e+00 6.325000e+00 1.105148e+00 1.105148e+00 0.000000e+00 -3.489695e-02
0.000000e+00 6.380000e+00 1.105147e+00 1.105147e+00 0.000000e+00 -3.430284e-02
0.000000e+00 6.435000e+00 1.105145e+00 1.105145e+00 0.000000e+00 -3.372368e-02
0.000000e+00 6.490000e+00 1.105143e+00 1.105143e+00 0.000000e+00 -3.315899e-02
0.000000e+00 6.545000e+00 1.105142e+00 1.105142e+00 0.000000e+00 -3.260829e-02
0.000000e+00 6.600000e+00 1.105141e+00 1.105141e+00 0.000000e+00 -3.207113e-02
0.000000e+00 6.655000e+00 1.105139e+00 1.105139e+00 0.000000e+00 -3.154706e-02
0.000000e+00 6.710000e+00 1.105138e+00 1.105138e+00 0.000000e+00 -3.103567e-02
0.000000e+00 6.765000e+00 1.105137e+00 1.105137e+00 0.000000e+00 -3.053656e-02
0.000000e+00 6.820000e+00 1.105136e+00 1.105136e+00 0.000000e+00 -3.004933e-02
0.000000e+00 6.875000e+00 1.105135e+00 1.105135e+00 0.000000e+00 -2.957363e-02
0.000000e+00 6.930000e+00 1.105134e+00 1.105134e+00 0.000000e+00 -2.910907e-02
0.000000e+00 6.985000e+00 1.105133e+00 1.105133e+00 0.000000e+00 -2.865533e-02
0.000000e+00 7.040000e+00 1.105132e+00 1.105132e+00 0.000000e+00 -2.821208e-02
0.000000e+00 7.095000e+00 1.105131e+00 1.105131e+00 0.000000e+00 -2.777899e-02
0.000000e+00 7.150000e+00 1.105130e+00 1.105130e+00 0.000000e+00 -2.735575e-02
0.000000e+00 7.205000e+00 1.105130e+00 1.105130e+00 0.000000e+00 -2.694208e-02
0.000000e+00 7.260000e+00 1.105129e+00 1.105129e+00 0.000000e+00 -2.653768e-02
0.000000e+00 7.315000e+00 1.105128e+00 1.105128e+00 0.000000e+00 -2.614228e-02
0.000000e+00 7.370000e+00 1.105128e+00 1.105128e+00 0.000000e+00 -2.575563e-02
0.000000e+00 7.425000e+00 1.105127e+00 1.105127e+00 0.000000e+00 -2.537746e-02
0.000000e+00 7.480000e+00 1.105127e+00 1.105127e+00 0.000000e+00 -2.500753e-02
0.000000e+00 7.535000e+00 1.105126e+00 1.105126e+00 0.000000e+00 -2.464560e-02
0.000000e+00 7.590000e+00 1.105126e+00 1.105126e+00 0.000000e+00 -2.429146e-02
0.000000e+00 7.645000e+00 1.105125e+00 1.105125e+00 0.000000e+00 -2.394485e-02
0.000000e+00 7.700000e+00 1.105125e+00 1.105125e+00 0.000000e+00 -2.360555e-02
0.000000e+00 7.755000e+00 1.105124e+00 1.105124e+00 0.000000e+00 -2.327340e-02
0.000000e+00 7.810000e+00 1.105124e+00 1.105124e+00 0.000000e+00 -2.294834e-02
0.000000e+00 7.865000e+00 1.105124e+00 1.105124e+00 0.000000e+00 -2.263020e-02
0.000000e+00 7.920000e+00 1.105123e+00 1.105123e+00 0.000000e+00 -2.231829e-02
0.000000e+00 7.975000e+00 1.105122e+00 1.105122e+00 0.000000e+00 -2.201166e-02
0.000000e+00 8.030000e+00 1.105119e+00 1.105119e+00 0.000000e+00 -2.171071e-02
0.000000e+00 8.085000e+00 1.105121e+00 1.105121e+00 0.000000e+00 -2.141897e-02
0.000000e+00 8.140000e+00 1.105130e+00 1.105130e+00 0.000000e+00 -2.114014e-02
0.000000e+00 8.195000e+00 1.105140e+00 1.105140e+00 0.000000e+00 -2.086813e-02
0.000000e+00 8.250000e+00 1.105127e+00 1.105127e+00 0.000000e+00 -2.058093e-02
0.000000e+00 8.305000e+00 1.105072e+00 1.105072e+00 0.000000e+00 -2.026056e-02
0.000000e+00 8.360000e+00 1.105015e+00 1.105015e+00 0.000000e+00 -1.994385e-02
0.000000e+00 8.415000e+00 1.105105e+00 1.105105e+00 0.000000e+00 -1.976446e-02
0.000000e+00 8.470000e+00 1.105589e+00 1.105589e+00 0.000000e+00 -1.994675e-02
0.000000e+00 8.525000e+00 1.106632e+00 1.106632e+00 0.000000e+00 -2.064108e-02
0.000000e+00 8.580000e+00 1.108041e+00 1.108041e+00 0.000000e+00 -2.167440e-02
0.000000e+00 8.635000e+00 1.109385e+00 1.109385e+00 0.000000e+00 -2.264867e-02
0.000000e+00 8.690000e+00 1.110216e+00 1.110216e+00 0.000000e+00 -2.314505e-02
0.000000e+00 8.745000e+00 1.110431e+00 1.110431e+00 0.000000e+00 -2.305168e-02
0.000000e+00 8.800000e+00 1.110328e+00 1.110328e+00 0.000000e+00 -2.263312e-02
0.000000e+00 8.855000e+00 1.110161e+00 1.110161e+00 0.000000e+00 -2.214601e-02
0.000000e+00 8.910000e+00 1.109964e+00 1.109964e+00 0.000000e+00 -2.167236e-02
0.000000e+00 8.965000e+00 1.109578e+00 1.109578e+00 0.000000e+00 -2.111470e-02
0.000000e+00 9.020000e+00 1.108893e+00 1.108893e+00 0.000000e+00 -2.037862e-02
0.000000e+00 9.075000e+00 1.108062e+00 1.108062e+00 0.000000e+00 -1.955069e-02
0.000000e+00 9.130000e+00 1.107378e+00 1.107378e+00 0.000000e+00 -1.882492e-02
0.000000e+00 9.185000e+00 1.107016e+00 1.107016e+00 0.000000e+00 -1.831584e-02
0.000000e+00 9.240000e+00 1.106893e+00 1.106893e+00 0.000000e+00 -1.795254e-02
0.000000e+00 9.295000e+00 1.106819e+00 1.106819e+00 0.000000e+00 -1.759332e-02
0.000000e+00 9.350000e+00 1.106678e+00 1.106678e+00 0.000000e+00 -1.717334e-02
0.000000e+00 9.405000e+00 1.106481e+00 1.106481e+00 0.000000e+00 -1.672539e-02
0.000000e+00 9.460000e+00 1.106273e+00 1.106273e+00 0.000000e+00 -1.629521e-02
0.000000e+00 9.515000e+00 1.106058e+00 1.106058e+00 0.000000e+00 -1.588046e-02
0.000000e+00 9.570000e+00 1.105801e+00 1.105801e+00 0.000000e+00 -1.544027e-02
0.000000e+00 9.625000e+00 1.105463e+00 1.105463e+00 0.000000e+00 -1.496714e-02
0.000000e+00 9.680000e+00 1.105101e+00 1.105101e+00 0.000000e+00 -1.445718e-02
0.000000e+00 9.735000e+00 1.104722e+00 1.104722e+00 0.000000e+00 -1.398050e-02
0.000000e+00 9.790000e+00 1.104397e+00 1.104397e+00 0.000000e+00 -1.349418e-02
0.000000e+00 9.845000e+00 1.104020e+00 1.104018e+00 0.000000e+00 -1.306258e-02
0.000000e+00 9.900000e+00 1.103721e+00 1.103716e+00 0.000000e+00 -1.254825e-02
0.000000e+00 9.955000e+00 1.103252e+00 1.103243e+00 0.000000e+00 -1.217547e-02
0.000000e+00 1.001000e+01 1.105114e+00 1.105104e+00 -0.000000e+00 -1.013850e-02
0.000000e+00 1.006500e+01 1.105114e+00 1.105104e+00 -0.000000e+00 -1.013850e-02
0.000000e+00 1.012000e+01 1.105114e+00 1.105104e+00 -0.000000e+00 -1.013850e-02
0.000000e+00 1.017500e+01 1.105114e+00 1.105104e+00 -0.000000e+00 -1.013850e-02
0.000000e+00 1.023000e+01 1.105114e+00 1.105104e+00 -0.000000e+00 -1.013850e-02
0.000000e+00 1.028500e+01 1.105114e+00 1.105104e+00 -0.000000e+00 -1.013850e-02
0.000000e+00 1.034000e+01 1.105114e+00 1.105104e+00 -0.000000e+00 -1.013850e-02
0.000000e+00 1.039500e+01 1.105114e+00 1.105104e+00 -0.000000e+00 -1.013850e-02
0.000000e+00 1.045000e+01 1.105114e+00 1.105104e+00 -0.000000e+00 -1.013850e-02
0.000000e+00 1.050500e+01 1.105114e+00 1.105104e+00 -0.000000e+00 -1.013850e-02
0.000000e+00 1.056000e+01 1.105114e+00 1.105104e+00 -0.000000e+00 -1.013850e-02
0.000000e+00 1.061500e+01 1.105114e+00 1.105104e+00 -0.000000e+00 -1.013850e-02
0.000000e+00 1.067000e+01 1.105114e+00 1.105104e+00 -0.000000e+00 -1.013850e-02
0.000000e+00 1.072500e+01 1.105114e+00 1.105104e+00 -0.000000e+00 -1.013850e-02
0.000000e+00 1.078000e+01 1.105114e+00 1.105104e+00 -0.000000e+00 -1.013850e-02
0.000000e+00 1.083500e+01 1.105114e+00 1.105104e+00 -0.000000e+00 -1.013850e-02
0.000000e+00 1.089000e+01 1.105114e+00 1.105104e+00 -0.000000e+00 -1.013850e-02
0.000000e+00 1.094500e+01 1.105114e+00 1.105104e+00 -0.000000e+00 -1.013850e-02
0.000000e+00 1.100000e+01 1.105114e+00 1.105104e+00 -0.000000e+00 -1.013850e-02
