#############TIME##################
2.960628e+01 
###################################
0.000000e+00 0.000000e+00 5.793819e+01 5.794309e+01 0.000000e+00 -3.063452e+00
0.000000e+00 5.500000e-02 5.793819e+01 5.794309e+01 0.000000e+00 -3.063452e+00
0.000000e+00 1.100000e-01 2.193664e+01 2.193738e+01 0.000000e+00 -3.063465e+00
0.000000e+00 1.650000e-01 1.425580e+01 1.425616e+01 0.000000e+00 -2.308457e+00
0.000000e+00 2.200000e-01 1.057633e+01 1.057657e+01 0.000000e+00 -1.934948e+00
0.000000e+00 2.750000e-01 8.275988e+00 8.276154e+00 0.000000e+00 -1.646216e+00
0.000000e+00 3.300000e-01 6.836541e+00 6.836665e+00 0.000000e+00 -1.423599e+00
0.000000e+00 3.850000e-01 5.802281e+00 5.802377e+00 0.000000e+00 -1.251754e+00
0.000000e+00 4.400000e-01 5.072101e+00 5.072178e+00 0.000000e+00 -1.108087e+00
0.000000e+00 4.950000e-01 4.509984e+00 4.510047e+00 0.000000e+00 -9.922974e-01
0.000000e+00 5.500000e-01 4.075412e+00 4.075465e+00 0.000000e+00 -8.939810e-01
0.000000e+00 6.050000e-01 3.730160e+00 3.730205e+00 0.000000e+00 -8.107374e-01
0.000000e+00 6.600000e-01 3.448789e+00 3.448828e+00 0.000000e+00 -7.390355e-01
0.000000e+00 7.150000e-01 3.216369e+00 3.216404e+00 0.000000e+00 -6.770672e-01
0.000000e+00 7.700000e-01 3.021172e+00 3.021202e+00 0.000000e+00 -6.228233e-01
0.000000e+00 8.250000e-01 2.855461e+00 2.855488e+00 0.000000e+00 -5.751413e-01
0.000000e+00 8.800000e-01 2.713101e+00 2.713125e+00 0.000000e+00 -5.328760e-01
0.000000e+00 9.350000e-01 2.589713e+00 2.589735e+00 0.000000e+00 -4.952401e-01
0.000000e+00 9.900000e-01 2.481814e+00 2.481835e+00 0.000000e+00 -4.615222e-01
0.000000e+00 1.045000e+00 2.386780e+00 2.386798e+00 0.000000e+00 -4.311828e-01
0.000000e+00 1.100000e+00 2.302502e+00 2.302519e+00 0.000000e+00 -4.037567e-01
0.000000e+00 1.155000e+00 2.227326e+00 2.227341e+00 0.000000e+00 -3.788732e-01
0.000000e+00 1.210000e+00 2.159902e+00 2.159917e+00 0.000000e+00 -3.562160e-01
0.000000e+00 1.265000e+00 2.099135e+00 2.099148e+00 0.000000e+00 -3.355230e-01
0.000000e+00 1.320000e+00 2.044111e+00 2.044124e+00 0.000000e+00 -3.165675e-01
0.000000e+00 1.375000e+00 1.994074e+00 1.994086e+00 0.000000e+00 -2.991561e-01
0.000000e+00 1.430000e+00 1.948388e+00 1.948399e+00 0.000000e+00 -2.831208e-01
0.000000e+00 1.485000e+00 1.906522e+00 1.906532e+00 0.000000e+00 -2.683167e-01
0.000000e+00 1.540000e+00 1.868028e+00 1.868038e+00 0.000000e+00 -2.546183e-01
0.000000e+00 1.595000e+00 1.832529e+00 1.832538e+00 0.000000e+00 -2.419168e-01
0.000000e+00 1.650000e+00 1.799703e+00 1.799712e+00 0.000000e+00 -2.301169e-01
0.000000e+00 1.705000e+00 1.769270e+00 1.769278e+00 0.000000e+00 -2.191348e-01
0.000000e+00 1.760000e+00 1.740985e+00 1.740993e+00 0.000000e+00 -2.088971e-01
0.000000e+00 1.815000e+00 1.714633e+00 1.714640e+00 0.000000e+00 -1.993385e-01
0.000000e+00 1.870000e+00 1.690026e+00 1.690033e+00 0.000000e+00 -1.904009e-01
0.000000e+00 1.925000e+00 1.667000e+00 1.667006e+00 0.000000e+00 -1.820325e-01
0.000000e+00 1.980000e+00 1.645410e+00 1.645416e+00 0.000000e+00 -1.741869e-01
0.000000e+00 2.035000e+00 1.625130e+00 1.625137e+00 0.000000e+00 -1.668223e-01
0.000000e+00 2.090000e+00 1.606050e+00 1.606056e+00 0.000000e+00 -1.599003e-01
0.000000e+00 2.145000e+00 1.588067e+00 1.588073e+00 0.000000e+00 -1.533862e-01
0.000000e+00 2.200000e+00 1.571094e+00 1.571099e+00 0.000000e+00 -1.472481e-01
0.000000e+00 2.255000e+00 1.555048e+00 1.555054e+00 0.000000e+00 -1.414573e-01
0.000000e+00 2.310000e+00 1.539859e+00 1.539864e+00 0.000000e+00 -1.359881e-01
0.000000e+00 2.365000e+00 1.525460e+00 1.525465e+00 0.000000e+00 -1.308175e-01
0.000000e+00 2.420000e+00 1.511793e+00 1.511798e+00 0.000000e+00 -1.259245e-01
0.000000e+00 2.475000e+00 1.498805e+00 1.498810e+00 0.000000e+00 -1.212899e-01
0.000000e+00 2.530000e+00 1.486448e+00 1.486453e+00 0.000000e+00 -1.168957e-01
0.000000e+00 2.585000e+00 1.474678e+00 1.474682e+00 0.000000e+00 -1.127256e-01
0.000000e+00 2.640000e+00 1.463454e+00 1.463458e+00 0.000000e+00 -1.087644e-01
0.000000e+00 2.695000e+00 1.452740e+00 1.452744e+00 0.000000e+00 -1.049986e-01
0.000000e+00 2.750000e+00 1.442503e+00 1.442507e+00 0.000000e+00 -1.014157e-01
0.000000e+00 2.805000e+00 1.432711e+00 1.432715e+00 0.000000e+00 -9.800441e-02
0.000000e+00 2.860000e+00 1.423337e+00 1.423340e+00 0.000000e+00 -9.475424e-02
0.000000e+00 2.915000e+00 1.414354e+00 1.414358e+00 0.000000e+00 -9.165525e-02
0.000000e+00 2.970000e+00 1.405740e+00 1.405744e+00 0.000000e+00 -8.869805e-02
0.000000e+00 3.025000e+00 1.397473e+00 1.397476e+00 0.000000e+00 -8.587385e-02
0.000000e+00 3.080000e+00 1.389532e+00 1.389536e+00 0.000000e+00 -8.317457e-02
0.000000e+00 3.135000e+00 1.381900e+00 1.381903e+00 0.000000e+00 -8.059299e-02
0.000000e+00 3.190000e+00 1.374557e+00 1.374560e+00 0.000000e+00 -7.812266e-02
0.000000e+00 3.245000e+00 1.367488e+00 1.367491e+00 0.000000e+00 -7.575777e-02
0.000000e+00 3.300000e+00 1.360677e+00 1.360679e+00 0.000000e+00 -7.349293e-02
0.000000e+00 3.355000e+00 1.354109e+00 1.354112e+00 0.000000e+00 -7.132292e-02
0.000000e+00 3.410000e+00 1.347773e+00 1.347776e+00 0.000000e+00 -6.924259e-02
0.000000e+00 3.465000e+00 1.341657e+00 1.341659e+00 0.000000e+00 -6.724689e-02
0.000000e+00 3.520000e+00 1.335749e+00 1.335751e+00 0.000000e+00 -6.533096e-02
0.000000e+00 3.575000e+00 1.330041e+00 1.330043e+00 0.000000e+00 -6.349028e-02
0.000000e+00 3.630000e+00 1.324522e+00 1.324524e+00 0.000000e+00 -6.172082e-02
0.000000e+00 3.685000e+00 1.319184e+00 1.319186e+00 0.000000e+00 -6.001907e-02
0.000000e+00 3.740000e+00 1.314018e+00 1.314020e+00 0.000000e+00 -5.838192e-02
0.000000e+00 3.795000e+00 1.309014e+00 1.309017e+00 0.000000e+00 -5.680652e-02
0.000000e+00 3.850000e+00 1.304166e+00 1.304168e+00 0.000000e+00 -5.529008e-02
0.000000e+00 3.905000e+00 1.299465e+00 1.299467e+00 0.000000e+00 -5.382988e-02
0.000000e+00 3.960000e+00 1.294904e+00 1.294906e+00 0.000000e+00 -5.242331e-02
0.000000e+00 4.015000e+00 1.290478e+00 1.290480e+00 0.000000e+00 -5.106802e-02
0.000000e+00 4.070000e+00 1.286179e+00 1.286181e+00 0.000000e+00 -4.976199e-02
0.000000e+00 4.125000e+00 1.282003e+00 1.282005e+00 0.000000e+00 -4.850337e-02
0.000000e+00 4.180000e+00 1.277944e+00 1.277946e+00 0.000000e+00 -4.729028e-02
0.000000e+00 4.235000e+00 1.273996e+00 1.273998e+00 0.000000e+00 -4.612054e-02
0.000000e+00 4.290000e+00 1.270156e+00 1.270158e+00 0.000000e+00 -4.499166e-02
0.000000e+00 4.345000e+00 1.266420e+00 1.266422e+00 0.000000e+00 -4.390109e-02
0.000000e+00 4.400000e+00 1.262785e+00 1.262787e+00 0.000000e+00 -4.284666e-02
0.000000e+00 4.455000e+00 1.259247e+00 1.259249e+00 0.000000e+00 -4.182687e-02
0.000000e+00 4.510000e+00 1.255802e+00 1.255803e+00 0.000000e+00 -4.084093e-02
0.000000e+00 4.565000e+00 1.252444e+00 1.252446e+00 0.000000e+00 -3.988836e-02
0.000000e+00 4.620000e+00 1.249170e+00 1.249171e+00 0.000000e+00 -3.896853e-02
0.000000e+00 4.675000e+00 1.245974e+00 1.245976e+00 0.000000e+00 -3.808033e-02
0.000000e+00 4.730000e+00 1.242856e+00 1.242857e+00 0.000000e+00 -3.722205e-02
0.000000e+00 4.785000e+00 1.239811e+00 1.239813e+00 0.000000e+00 -3.639168e-02
0.000000e+00 4.840000e+00 1.236841e+00 1.236842e+00 0.000000e+00 -3.558721e-02
0.000000e+00 4.895000e+00 1.233942e+00 1.233943e+00 0.000000e+00 -3.480699e-02
0.000000e+00 4.950000e+00 1.231112e+00 1.231113e+00 0.000000e+00 -3.404984e-02
0.000000e+00 5.005000e+00 1.228349e+00 1.228350e+00 0.000000e+00 -3.331516e-02
0.000000e+00 5.060000e+00 1.225648e+00 1.225649e+00 0.000000e+00 -3.260278e-02
0.000000e+00 5.115000e+00 1.223008e+00 1.223009e+00 0.000000e+00 -3.191277e-02
0.000000e+00 5.170000e+00 1.220426e+00 1.220427e+00 0.000000e+00 -3.124518e-02
0.000000e+00 5.225000e+00 1.217899e+00 1.217901e+00 0.000000e+00 -3.059972e-02
0.000000e+00 5.280000e+00 1.215427e+00 1.215428e+00 0.000000e+00 -2.997560e-02
0.000000e+00 5.335000e+00 1.213005e+00 1.213007e+00 0.000000e+00 -2.937169e-02
0.000000e+00 5.390000e+00 1.210634e+00 1.210635e+00 0.000000e+00 -2.878690e-02
0.000000e+00 5.445000e+00 1.208310e+00 1.208312e+00 0.000000e+00 -2.822068e-02
0.000000e+00 5.500000e+00 1.206032e+00 1.206033e+00 0.000000e+00 -2.767333e-02
0.000000e+00 5.555000e+00 1.203794e+00 1.203795e+00 0.000000e+00 -2.714592e-02
0.000000e+00 5.610000e+00 1.201594e+00 1.201595e+00 0.000000e+00 -2.663972e-02
0.000000e+00 5.665000e+00 1.199427e+00 1.199428e+00 0.000000e+00 -2.615528e-02
0.000000e+00 5.720000e+00 1.197294e+00 1.197295e+00 0.000000e+00 -2.569149e-02
0.000000e+00 5.775000e+00 1.195197e+00 1.195198e+00 0.000000e+00 -2.524505e-02
0.000000e+00 5.830000e+00 1.193141e+00 1.193142e+00 0.000000e+00 -2.481081e-02
0.000000e+00 5.885000e+00 1.191134e+00 1.191135e+00 0.000000e+00 -2.438324e-02
0.000000e+00 5.940000e+00 1.189179e+00 1.189180e+00 0.000000e+00 -2.395846e-02
0.000000e+00 5.995000e+00 1.187274e+00 1.187275e+00 0.000000e+00 -2.353619e-02
0.000000e+00 6.050000e+00 1.185413e+00 1.185414e+00 0.000000e+00 -2.312025e-02
0.000000e+00 6.105000e+00 1.183586e+00 1.183587e+00 0.000000e+00 -2.271715e-02
0.000000e+00 6.160000e+00 1.181782e+00 1.181783e+00 0.000000e+00 -2.233315e-02
0.000000e+00 6.215000e+00 1.179996e+00 1.179997e+00 0.000000e+00 -2.197122e-02
0.000000e+00 6.270000e+00 1.178228e+00 1.178229e+00 0.000000e+00 -2.162962e-02
0.000000e+00 6.325000e+00 1.176484e+00 1.176485e+00 0.000000e+00 -2.130296e-02
0.000000e+00 6.380000e+00 1.174769e+00 1.174770e+00 0.000000e+00 -2.098502e-02
0.000000e+00 6.435000e+00 1.173087e+00 1.173088e+00 0.000000e+00 -2.067174e-02
0.000000e+00 6.490000e+00 1.171439e+00 1.171439e+00 0.000000e+00 -2.036247e-02
0.000000e+00 6.545000e+00 1.169822e+00 1.169822e+00 0.000000e+00 -2.005904e-02
0.000000e+00 6.600000e+00 1.168233e+00 1.168234e+00 0.000000e+00 -1.976355e-02
0.000000e+00 6.655000e+00 1.166672e+00 1.166672e+00 0.000000e+00 -1.947668e-02
0.000000e+00 6.710000e+00 1.165137e+00 1.165138e+00 0.000000e+00 -1.919760e-02
0.000000e+00 6.765000e+00 1.163629e+00 1.163630e+00 0.000000e+00 -1.892552e-02
0.000000e+00 6.820000e+00 1.162145e+00 1.162146e+00 0.000000e+00 -1.866137e-02
0.000000e+00 6.875000e+00 1.160681e+00 1.160682e+00 0.000000e+00 -1.840829e-02
0.000000e+00 6.930000e+00 1.159231e+00 1.159231e+00 0.000000e+00 -1.817024e-02
0.000000e+00 6.985000e+00 1.157789e+00 1.157789e+00 0.000000e+00 -1.794986e-02
0.000000e+00 7.040000e+00 1.156355e+00 1.156355e+00 0.000000e+00 -1.774699e-02
0.000000e+00 7.095000e+00 1.154930e+00 1.154931e+00 0.000000e+00 -1.755892e-02
0.000000e+00 7.150000e+00 1.153519e+00 1.153520e+00 0.000000e+00 -1.738194e-02
0.000000e+00 7.205000e+00 1.152126e+00 1.152126e+00 0.000000e+00 -1.721312e-02
0.000000e+00 7.260000e+00 1.150752e+00 1.150753e+00 0.000000e+00 -1.705069e-02
0.000000e+00 7.315000e+00 1.149401e+00 1.149401e+00 0.000000e+00 -1.689313e-02
0.000000e+00 7.370000e+00 1.148074e+00 1.148074e+00 0.000000e+00 -1.673782e-02
0.000000e+00 7.425000e+00 1.146774e+00 1.146775e+00 0.000000e+00 -1.658055e-02
0.000000e+00 7.480000e+00 1.145508e+00 1.145508e+00 0.000000e+00 -1.641665e-02
0.000000e+00 7.535000e+00 1.144276e+00 1.144277e+00 0.000000e+00 -1.624299e-02
0.000000e+00 7.590000e+00 1.143079e+00 1.143079e+00 0.000000e+00 -1.605957e-02
0.000000e+00 7.645000e+00 1.141913e+00 1.141913e+00 0.000000e+00 -1.586951e-02
0.000000e+00 7.700000e+00 1.140772e+00 1.140772e+00 0.000000e+00 -1.567755e-02
0.000000e+00 7.755000e+00 1.139651e+00 1.139651e+00 0.000000e+00 -1.548811e-02
0.000000e+00 7.810000e+00 1.138547e+00 1.138547e+00 0.000000e+00 -1.530414e-02
0.000000e+00 7.865000e+00 1.137455e+00 1.137455e+00 0.000000e+00 -1.512737e-02
0.000000e+00 7.920000e+00 1.136373e+00 1.136374e+00 0.000000e+00 -1.495935e-02
0.000000e+00 7.975000e+00 1.135298e+00 1.135298e+00 0.000000e+00 -1.480219e-02
0.000000e+00 8.030000e+00 1.134226e+00 1.134226e+00 0.000000e+00 -1.465825e-02
0.000000e+00 8.085000e+00 1.133154e+00 1.133154e+00 0.000000e+00 -1.452901e-02
0.000000e+00 8.140000e+00 1.132083e+00 1.132083e+00 0.000000e+00 -1.441394e-02
0.000000e+00 8.195000e+00 1.131017e+00 1.131018e+00 0.000000e+00 -1.431061e-02
0.000000e+00 8.250000e+00 1.129960e+00 1.129961e+00 0.000000e+00 -1.421575e-02
0.000000e+00 8.305000e+00 1.128914e+00 1.128915e+00 0.000000e+00 -1.412690e-02
0.000000e+00 8.360000e+00 1.127880e+00 1.127880e+00 0.000000e+00 -1.404320e-02
0.000000e+00 8.415000e+00 1.126855e+00 1.126855e+00 0.000000e+00 -1.396494e-02
0.000000e+00 8.470000e+00 1.125838e+00 1.125838e+00 0.000000e+00 -1.389212e-02
0.000000e+00 8.525000e+00 1.124830e+00 1.124830e+00 0.000000e+00 -1.382312e-02
0.000000e+00 8.580000e+00 1.123833e+00 1.123833e+00 0.000000e+00 -1.375453e-02
0.000000e+00 8.635000e+00 1.122851e+00 1.122851e+00 0.000000e+00 -1.368213e-02
0.000000e+00 8.690000e+00 1.121887e+00 1.121887e+00 0.000000e+00 -1.360252e-02
0.000000e+00 8.745000e+00 1.120942e+00 1.120943e+00 0.000000e+00 -1.351432e-02
0.000000e+00 8.800000e+00 1.120016e+00 1.120016e+00 0.000000e+00 -1.341829e-02
0.000000e+00 8.855000e+00 1.119106e+00 1.119106e+00 0.000000e+00 -1.331654e-02
0.000000e+00 8.910000e+00 1.118210e+00 1.118210e+00 0.000000e+00 -1.321117e-02
0.000000e+00 8.965000e+00 1.117328e+00 1.117328e+00 0.000000e+00 -1.310307e-02
0.000000e+00 9.020000e+00 1.116460e+00 1.116461e+00 0.000000e+00 -1.299075e-02
0.000000e+00 9.075000e+00 1.115609e+00 1.115609e+00 0.000000e+00 -1.286947e-02
0.000000e+00 9.130000e+00 1.114774e+00 1.114775e+00 0.000000e+00 -1.273102e-02
0.000000e+00 9.185000e+00 1.113956e+00 1.113956e+00 0.000000e+00 -1.256562e-02
0.000000e+00 9.240000e+00 1.113153e+00 1.113153e+00 0.000000e+00 -1.236632e-02
0.000000e+00 9.295000e+00 1.112364e+00 1.112363e+00 0.000000e+00 -1.213595e-02
0.000000e+00 9.350000e+00 1.111588e+00 1.111586e+00 0.000000e+00 -1.189211e-02
0.000000e+00 9.405000e+00 1.110822e+00 1.110818e+00 0.000000e+00 -1.166829e-02
0.000000e+00 9.460000e+00 1.110063e+00 1.110058e+00 0.000000e+00 -1.150369e-02
0.000000e+00 9.515000e+00 1.109308e+00 1.109301e+00 0.000000e+00 -1.143171e-02
0.000000e+00 9.570000e+00 1.108554e+00 1.108545e+00 0.000000e+00 -1.145931e-02
0.000000e+00 9.625000e+00 1.107795e+00 1.107786e+00 0.000000e+00 -1.157182e-02
0.000000e+00 9.680000e+00 1.107040e+00 1.107030e+00 0.000000e+00 -1.172074e-02
0.000000e+00 9.735000e+00 1.106276e+00 1.106266e+00 0.000000e+00 -1.187500e-02
0.000000e+00 9.790000e+00 1.105535e+00 1.105525e+00 0.000000e+00 -1.197807e-02
0.000000e+00 9.845000e+00 1.104770e+00 1.104760e+00 0.000000e+00 -1.206497e-02
0.000000e+00 9.900000e+00 1.104075e+00 1.104065e+00 0.000000e+00 -1.206382e-02
0.000000e+00 9.955000e+00 1.103277e+00 1.103267e+00 0.000000e+00 -1.216709e-02
0.000000e+00 1.001000e+01 1.105114e+00 1.105104e+00 -0.000000e+00 -1.013850e-02
0.000000e+00 1.006500e+01 1.105114e+00 1.105104e+00 -0.000000e+00 -1.013850e-02
0.000000e+00 1.012000e+01 1.105114e+00 1.105104e+00 -0.000000e+00 -1.013850e-02
0.000000e+00 1.017500e+01 1.105114e+00 1.105104e+00 -0.000000e+00 -1.013850e-02
0.000000e+00 1.023000e+01 1.105114e+00 1.105104e+00 -0.000000e+00 -1.013850e-02
0.000000e+00 1.028500e+01 1.105114e+00 1.105104e+00 -0.000000e+00 -1.013850e-02
0.000000e+00 1.034000e+01 1.105114e+00 1.105104e+00 -0.000000e+00 -1.013850e-02
0.000000e+00 1.039500e+01 1.105114e+00 1.105104e+00 -0.000000e+00 -1.013850e-02
0.000000e+00 1.045000e+01 1.105114e+00 1.105104e+00 -0.000000e+00 -1.013850e-02
0.000000e+00 1.050500e+01 1.105114e+00 1.105104e+00 -0.000000e+00 -1.013850e-02
0.000000e+00 1.056000e+01 1.105114e+00 1.105104e+00 -0.000000e+00 -1.013850e-02
0.000000e+00 1.061500e+01 1.105114e+00 1.105104e+00 -0.000000e+00 -1.013850e-02
0.000000e+00 1.067000e+01 1.105114e+00 1.105104e+00 -0.000000e+00 -1.013850e-02
0.000000e+00 1.072500e+01 1.105114e+00 1.105104e+00 -0.000000e+00 -1.013850e-02
0.000000e+00 1.078000e+01 1.105114e+00 1.105104e+00 -0.000000e+00 -1.013850e-02
0.000000e+00 1.083500e+01 1.105114e+00 1.105104e+00 -0.000000e+00 -1.013850e-02
0.000000e+00 1.089000e+01 1.105114e+00 1.105104e+00 -0.000000e+00 -1.013850e-02
0.000000e+00 1.094500e+01 1.105114e+00 1.105104e+00 -0.000000e+00 -1.013850e-02
0.000000e+00 1.100000e+01 1.105114e+00 1.105104e+00 -0.000000e+00 -1.013850e-02
