#############TIME##################
4.402957e+00 
###################################
0.000000e+00 0.000000e+00 5.972946e+01 5.973453e+01 0.000000e+00 -3.067947e+00
0.000000e+00 5.500000e-02 5.972946e+01 5.973453e+01 0.000000e+00 -3.067947e+00
0.000000e+00 1.100000e-01 2.263363e+01 2.263440e+01 0.000000e+00 -3.067959e+00
0.000000e+00 1.650000e-01 1.470624e+01 1.470661e+01 0.000000e+00 -2.315859e+00
0.000000e+00 2.200000e-01 1.090802e+01 1.090827e+01 0.000000e+00 -1.944089e+00
0.000000e+00 2.750000e-01 8.534742e+00 8.534916e+00 0.000000e+00 -1.656970e+00
0.000000e+00 3.300000e-01 7.047774e+00 7.047904e+00 0.000000e+00 -1.436094e+00
0.000000e+00 3.850000e-01 5.979829e+00 5.979930e+00 0.000000e+00 -1.265893e+00
0.000000e+00 4.400000e-01 5.224772e+00 5.224853e+00 0.000000e+00 -1.124021e+00
0.000000e+00 4.950000e-01 4.643125e+00 4.643191e+00 0.000000e+00 -1.010040e+00
0.000000e+00 5.500000e-01 4.193814e+00 4.193870e+00 0.000000e+00 -9.134141e-01
0.000000e+00 6.050000e-01 3.836314e+00 3.836361e+00 0.000000e+00 -8.319169e-01
0.000000e+00 6.600000e-01 3.544614e+00 3.544655e+00 0.000000e+00 -7.619892e-01
0.000000e+00 7.150000e-01 3.303338e+00 3.303374e+00 0.000000e+00 -7.017930e-01
0.000000e+00 7.700000e-01 3.100384e+00 3.100416e+00 0.000000e+00 -6.493212e-01
0.000000e+00 8.250000e-01 2.927752e+00 2.927781e+00 0.000000e+00 -6.034164e-01
0.000000e+00 8.800000e-01 2.779114e+00 2.779140e+00 0.000000e+00 -5.629367e-01
0.000000e+00 9.350000e-01 2.649958e+00 2.649981e+00 0.000000e+00 -5.271004e-01
0.000000e+00 9.900000e-01 2.536695e+00 2.536716e+00 0.000000e+00 -4.951997e-01
0.000000e+00 1.045000e+00 2.436617e+00 2.436636e+00 0.000000e+00 -4.666978e-01
0.000000e+00 1.100000e+00 2.347543e+00 2.347560e+00 0.000000e+00 -4.411310e-01
0.000000e+00 1.155000e+00 2.267758e+00 2.267774e+00 0.000000e+00 -4.181294e-01
0.000000e+00 1.210000e+00 2.195861e+00 2.195877e+00 0.000000e+00 -3.973784e-01
0.000000e+00 1.265000e+00 2.130720e+00 2.130734e+00 0.000000e+00 -3.786188e-01
0.000000e+00 1.320000e+00 2.071397e+00 2.071410e+00 0.000000e+00 -3.616296e-01
0.000000e+00 1.375000e+00 2.017114e+00 2.017126e+00 0.000000e+00 -3.462238e-01
0.000000e+00 1.430000e+00 1.967224e+00 1.967235e+00 0.000000e+00 -3.322403e-01
0.000000e+00 1.485000e+00 1.921181e+00 1.921191e+00 0.000000e+00 -3.195397e-01
0.000000e+00 1.540000e+00 1.878524e+00 1.878534e+00 0.000000e+00 -3.079996e-01
0.000000e+00 1.595000e+00 1.838863e+00 1.838872e+00 0.000000e+00 -2.975122e-01
0.000000e+00 1.650000e+00 1.801861e+00 1.801870e+00 0.000000e+00 -2.879823e-01
0.000000e+00 1.705000e+00 1.767230e+00 1.767238e+00 0.000000e+00 -2.793266e-01
0.000000e+00 1.760000e+00 1.734716e+00 1.734724e+00 0.000000e+00 -2.714720e-01
0.000000e+00 1.815000e+00 1.704100e+00 1.704107e+00 0.000000e+00 -2.643548e-01
0.000000e+00 1.870000e+00 1.675188e+00 1.675194e+00 0.000000e+00 -2.579187e-01
0.000000e+00 1.925000e+00 1.647812e+00 1.647818e+00 0.000000e+00 -2.521130e-01
0.000000e+00 1.980000e+00 1.621826e+00 1.621832e+00 0.000000e+00 -2.468910e-01
0.000000e+00 2.035000e+00 1.597103e+00 1.597109e+00 0.000000e+00 -2.422089e-01
0.000000e+00 2.090000e+00 1.573534e+00 1.573539e+00 0.000000e+00 -2.380261e-01
0.000000e+00 2.145000e+00 1.551021e+00 1.551026e+00 0.000000e+00 -2.343051e-01
0.000000e+00 2.200000e+00 1.529476e+00 1.529481e+00 0.000000e+00 -2.310122e-01
0.000000e+00 2.255000e+00 1.508820e+00 1.508824e+00 0.000000e+00 -2.281180e-01
0.000000e+00 2.310000e+00 1.488978e+00 1.488982e+00 0.000000e+00 -2.255969e-01
0.000000e+00 2.365000e+00 1.469886e+00 1.469890e+00 0.000000e+00 -2.234251e-01
0.000000e+00 2.420000e+00 1.451489e+00 1.451493e+00 0.000000e+00 -2.215771e-01
0.000000e+00 2.475000e+00 1.433752e+00 1.433756e+00 0.000000e+00 -2.200223e-01
0.000000e+00 2.530000e+00 1.416652e+00 1.416655e+00 0.000000e+00 -2.187244e-01
0.000000e+00 2.585000e+00 1.400180e+00 1.400184e+00 0.000000e+00 -2.176424e-01
0.000000e+00 2.640000e+00 1.384334e+00 1.384337e+00 0.000000e+00 -2.167349e-01
0.000000e+00 2.695000e+00 1.369108e+00 1.369111e+00 0.000000e+00 -2.159637e-01
0.000000e+00 2.750000e+00 1.354495e+00 1.354498e+00 0.000000e+00 -2.152955e-01
0.000000e+00 2.805000e+00 1.340486e+00 1.340489e+00 0.000000e+00 -2.147005e-01
0.000000e+00 2.860000e+00 1.327075e+00 1.327078e+00 0.000000e+00 -2.141504e-01
0.000000e+00 2.915000e+00 1.314257e+00 1.314259e+00 0.000000e+00 -2.136167e-01
0.000000e+00 2.970000e+00 1.302030e+00 1.302032e+00 0.000000e+00 -2.130717e-01
0.000000e+00 3.025000e+00 1.290391e+00 1.290393e+00 0.000000e+00 -2.124902e-01
0.000000e+00 3.080000e+00 1.279333e+00 1.279335e+00 0.000000e+00 -2.118519e-01
0.000000e+00 3.135000e+00 1.268844e+00 1.268846e+00 0.000000e+00 -2.111421e-01
0.000000e+00 3.190000e+00 1.258906e+00 1.258908e+00 0.000000e+00 -2.103512e-01
0.000000e+00 3.245000e+00 1.249501e+00 1.249502e+00 0.000000e+00 -2.094729e-01
0.000000e+00 3.300000e+00 1.240607e+00 1.240609e+00 0.000000e+00 -2.085030e-01
0.000000e+00 3.355000e+00 1.232207e+00 1.232208e+00 0.000000e+00 -2.074390e-01
0.000000e+00 3.410000e+00 1.224280e+00 1.224281e+00 0.000000e+00 -2.062789e-01
0.000000e+00 3.465000e+00 1.216807e+00 1.216808e+00 0.000000e+00 -2.050224e-01
0.000000e+00 3.520000e+00 1.209768e+00 1.209769e+00 0.000000e+00 -2.036703e-01
0.000000e+00 3.575000e+00 1.203144e+00 1.203145e+00 0.000000e+00 -2.022246e-01
0.000000e+00 3.630000e+00 1.196916e+00 1.196917e+00 0.000000e+00 -2.006887e-01
0.000000e+00 3.685000e+00 1.191064e+00 1.191065e+00 0.000000e+00 -1.990665e-01
0.000000e+00 3.740000e+00 1.185569e+00 1.185569e+00 0.000000e+00 -1.973625e-01
0.000000e+00 3.795000e+00 1.180412e+00 1.180412e+00 0.000000e+00 -1.955817e-01
0.000000e+00 3.850000e+00 1.175575e+00 1.175576e+00 0.000000e+00 -1.937294e-01
0.000000e+00 3.905000e+00 1.171041e+00 1.171042e+00 0.000000e+00 -1.918110e-01
0.000000e+00 3.960000e+00 1.166793e+00 1.166794e+00 0.000000e+00 -1.898321e-01
0.000000e+00 4.015000e+00 1.162816e+00 1.162816e+00 0.000000e+00 -1.877984e-01
0.000000e+00 4.070000e+00 1.159092e+00 1.159093e+00 0.000000e+00 -1.857155e-01
0.000000e+00 4.125000e+00 1.155609e+00 1.155609e+00 0.000000e+00 -1.835889e-01
0.000000e+00 4.180000e+00 1.152350e+00 1.152351e+00 0.000000e+00 -1.814242e-01
0.000000e+00 4.235000e+00 1.149304e+00 1.149304e+00 0.000000e+00 -1.792264e-01
0.000000e+00 4.290000e+00 1.146456e+00 1.146457e+00 0.000000e+00 -1.770008e-01
0.000000e+00 4.345000e+00 1.143795e+00 1.143795e+00 0.000000e+00 -1.747523e-01
0.000000e+00 4.400000e+00 1.141309e+00 1.141310e+00 0.000000e+00 -1.724858e-01
0.000000e+00 4.455000e+00 1.138988e+00 1.138989e+00 0.000000e+00 -1.702062e-01
0.000000e+00 4.510000e+00 1.136822e+00 1.136822e+00 0.000000e+00 -1.679175e-01
0.000000e+00 4.565000e+00 1.134798e+00 1.134798e+00 0.000000e+00 -1.656226e-01
0.000000e+00 4.620000e+00 1.132906e+00 1.132906e+00 0.000000e+00 -1.633235e-01
0.000000e+00 4.675000e+00 1.131137e+00 1.131137e+00 0.000000e+00 -1.610237e-01
0.000000e+00 4.730000e+00 1.129486e+00 1.129486e+00 0.000000e+00 -1.587298e-01
0.000000e+00 4.785000e+00 1.127955e+00 1.127955e+00 0.000000e+00 -1.564524e-01
0.000000e+00 4.840000e+00 1.126542e+00 1.126542e+00 0.000000e+00 -1.541995e-01
0.000000e+00 4.895000e+00 1.125231e+00 1.125231e+00 0.000000e+00 -1.519662e-01
0.000000e+00 4.950000e+00 1.123987e+00 1.123987e+00 0.000000e+00 -1.497279e-01
0.000000e+00 5.005000e+00 1.122764e+00 1.122764e+00 0.000000e+00 -1.474525e-01
0.000000e+00 5.060000e+00 1.121547e+00 1.121547e+00 0.000000e+00 -1.451341e-01
0.000000e+00 5.115000e+00 1.120397e+00 1.120397e+00 0.000000e+00 -1.428329e-01
0.000000e+00 5.170000e+00 1.119470e+00 1.119470e+00 0.000000e+00 -1.406950e-01
0.000000e+00 5.225000e+00 1.119008e+00 1.119008e+00 0.000000e+00 -1.389369e-01
0.000000e+00 5.280000e+00 1.119243e+00 1.119243e+00 0.000000e+00 -1.377703e-01
0.000000e+00 5.335000e+00 1.120158e+00 1.120158e+00 0.000000e+00 -1.371724e-01
0.000000e+00 5.390000e+00 1.121425e+00 1.121425e+00 0.000000e+00 -1.368573e-01
0.000000e+00 5.445000e+00 1.122620e+00 1.122620e+00 0.000000e+00 -1.364432e-01
0.000000e+00 5.500000e+00 1.123259e+00 1.123259e+00 0.000000e+00 -1.355136e-01
0.000000e+00 5.555000e+00 1.122994e+00 1.122995e+00 0.000000e+00 -1.337645e-01
0.000000e+00 5.610000e+00 1.121982e+00 1.121982e+00 0.000000e+00 -1.313496e-01
0.000000e+00 5.665000e+00 1.120627e+00 1.120627e+00 0.000000e+00 -1.286305e-01
0.000000e+00 5.720000e+00 1.119301e+00 1.119301e+00 0.000000e+00 -1.259439e-01
0.000000e+00 5.775000e+00 1.118236e+00 1.118236e+00 0.000000e+00 -1.234986e-01
0.000000e+00 5.830000e+00 1.117451e+00 1.117451e+00 0.000000e+00 -1.213086e-01
0.000000e+00 5.885000e+00 1.116792e+00 1.116792e+00 0.000000e+00 -1.192373e-01
0.000000e+00 5.940000e+00 1.116093e+00 1.116093e+00 0.000000e+00 -1.171392e-01
0.000000e+00 5.995000e+00 1.115288e+00 1.115288e+00 0.000000e+00 -1.149617e-01
0.000000e+00 6.050000e+00 1.114411e+00 1.114411e+00 0.000000e+00 -1.127454e-01
0.000000e+00 6.105000e+00 1.113525e+00 1.113525e+00 0.000000e+00 -1.105554e-01
0.000000e+00 6.160000e+00 1.112664e+00 1.112664e+00 0.000000e+00 -1.084263e-01
0.000000e+00 6.215000e+00 1.111831e+00 1.111831e+00 0.000000e+00 -1.063561e-01
0.000000e+00 6.270000e+00 1.111025e+00 1.111025e+00 0.000000e+00 -1.043344e-01
0.000000e+00 6.325000e+00 1.110266e+00 1.110266e+00 0.000000e+00 -1.023658e-01
0.000000e+00 6.380000e+00 1.109581e+00 1.109581e+00 0.000000e+00 -1.004647e-01
0.000000e+00 6.435000e+00 1.108980e+00 1.108980e+00 0.000000e+00 -9.863403e-02
0.000000e+00 6.490000e+00 1.108446e+00 1.108446e+00 0.000000e+00 -9.685871e-02
0.000000e+00 6.545000e+00 1.107951e+00 1.107951e+00 0.000000e+00 -9.511822e-02
0.000000e+00 6.600000e+00 1.107478e+00 1.107478e+00 0.000000e+00 -9.340283e-02
0.000000e+00 6.655000e+00 1.107019e+00 1.107019e+00 0.000000e+00 -9.171464e-02
0.000000e+00 6.710000e+00 1.106565e+00 1.106565e+00 0.000000e+00 -9.005613e-02
0.000000e+00 6.765000e+00 1.106098e+00 1.106098e+00 0.000000e+00 -8.842162e-02
0.000000e+00 6.820000e+00 1.105599e+00 1.105599e+00 0.000000e+00 -8.680064e-02
0.000000e+00 6.875000e+00 1.105059e+00 1.105059e+00 0.000000e+00 -8.518754e-02
0.000000e+00 6.930000e+00 1.104486e+00 1.104486e+00 0.000000e+00 -8.358601e-02
0.000000e+00 6.985000e+00 1.103898e+00 1.103898e+00 0.000000e+00 -8.200538e-02
0.000000e+00 7.040000e+00 1.103317e+00 1.103317e+00 0.000000e+00 -8.045425e-02
0.000000e+00 7.095000e+00 1.102757e+00 1.102757e+00 0.000000e+00 -7.893768e-02
0.000000e+00 7.150000e+00 1.102230e+00 1.102230e+00 0.000000e+00 -7.745818e-02
0.000000e+00 7.205000e+00 1.101742e+00 1.101742e+00 0.000000e+00 -7.601704e-02
0.000000e+00 7.260000e+00 1.101296e+00 1.101296e+00 0.000000e+00 -7.461405e-02
0.000000e+00 7.315000e+00 1.100886e+00 1.100886e+00 0.000000e+00 -7.324670e-02
0.000000e+00 7.370000e+00 1.100506e+00 1.100506e+00 0.000000e+00 -7.191065e-02
0.000000e+00 7.425000e+00 1.100145e+00 1.100145e+00 0.000000e+00 -7.060134e-02
0.000000e+00 7.480000e+00 1.099796e+00 1.099796e+00 0.000000e+00 -6.931527e-02
0.000000e+00 7.535000e+00 1.099451e+00 1.099451e+00 0.000000e+00 -6.805017e-02
0.000000e+00 7.590000e+00 1.099106e+00 1.099106e+00 0.000000e+00 -6.680453e-02
0.000000e+00 7.645000e+00 1.098758e+00 1.098758e+00 0.000000e+00 -6.557735e-02
0.000000e+00 7.700000e+00 1.098404e+00 1.098404e+00 0.000000e+00 -6.436811e-02
0.000000e+00 7.755000e+00 1.098044e+00 1.098044e+00 0.000000e+00 -6.317678e-02
0.000000e+00 7.810000e+00 1.097680e+00 1.097680e+00 0.000000e+00 -6.200361e-02
0.000000e+00 7.865000e+00 1.097311e+00 1.097311e+00 0.000000e+00 -6.084885e-02
0.000000e+00 7.920000e+00 1.096941e+00 1.096941e+00 0.000000e+00 -5.971269e-02
0.000000e+00 7.975000e+00 1.096569e+00 1.096569e+00 0.000000e+00 -5.859526e-02
0.000000e+00 8.030000e+00 1.096199e+00 1.096199e+00 0.000000e+00 -5.749669e-02
0.000000e+00 8.085000e+00 1.095831e+00 1.095831e+00 0.000000e+00 -5.641704e-02
0.000000e+00 8.140000e+00 1.095466e+00 1.095466e+00 0.000000e+00 -5.535621e-02
0.000000e+00 8.195000e+00 1.095106e+00 1.095106e+00 0.000000e+00 -5.431396e-02
0.000000e+00 8.250000e+00 1.094751e+00 1.094751e+00 0.000000e+00 -5.328996e-02
0.000000e+00 8.305000e+00 1.094401e+00 1.094401e+00 0.000000e+00 -5.228386e-02
0.000000e+00 8.360000e+00 1.094057e+00 1.094057e+00 0.000000e+00 -5.129530e-02
0.000000e+00 8.415000e+00 1.093719e+00 1.093719e+00 0.000000e+00 -5.032388e-02
0.000000e+00 8.470000e+00 1.093387e+00 1.093387e+00 0.000000e+00 -4.936912e-02
0.000000e+00 8.525000e+00 1.093060e+00 1.093060e+00 0.000000e+00 -4.843044e-02
0.000000e+00 8.580000e+00 1.092739e+00 1.092739e+00 0.000000e+00 -4.750727e-02
0.000000e+00 8.635000e+00 1.092423e+00 1.092422e+00 0.000000e+00 -4.659911e-02
0.000000e+00 8.690000e+00 1.092111e+00 1.092111e+00 0.000000e+00 -4.570560e-02
0.000000e+00 8.745000e+00 1.091803e+00 1.091803e+00 0.000000e+00 -4.482647e-02
0.000000e+00 8.800000e+00 1.091500e+00 1.091500e+00 0.000000e+00 -4.396145e-02
0.000000e+00 8.855000e+00 1.091201e+00 1.091201e+00 0.000000e+00 -4.311014e-02
0.000000e+00 8.910000e+00 1.090906e+00 1.090906e+00 0.000000e+00 -4.227202e-02
0.000000e+00 8.965000e+00 1.090615e+00 1.090615e+00 0.000000e+00 -4.144650e-02
0.000000e+00 9.020000e+00 1.090326e+00 1.090326e+00 0.000000e+00 -4.063296e-02
0.000000e+00 9.075000e+00 1.090041e+00 1.090041e+00 0.000000e+00 -3.983084e-02
0.000000e+00 9.130000e+00 1.089758e+00 1.089758e+00 0.000000e+00 -3.903964e-02
0.000000e+00 9.185000e+00 1.089479e+00 1.089479e+00 0.000000e+00 -3.825886e-02
0.000000e+00 9.240000e+00 1.089203e+00 1.089202e+00 0.000000e+00 -3.748799e-02
0.000000e+00 9.295000e+00 1.088929e+00 1.088929e+00 0.000000e+00 -3.672603e-02
0.000000e+00 9.350000e+00 1.088658e+00 1.088658e+00 0.000000e+00 -3.597176e-02
0.000000e+00 9.405000e+00 1.088389e+00 1.088389e+00 0.000000e+00 -3.522346e-02
0.000000e+00 9.460000e+00 1.088122e+00 1.088122e+00 0.000000e+00 -3.448095e-02
0.000000e+00 9.515000e+00 1.087857e+00 1.087857e+00 0.000000e+00 -3.374398e-02
0.000000e+00 9.570000e+00 1.087592e+00 1.087592e+00 0.000000e+00 -3.301422e-02
0.000000e+00 9.625000e+00 1.087330e+00 1.087330e+00 0.000000e+00 -3.228654e-02
0.000000e+00 9.680000e+00 1.087067e+00 1.087067e+00 0.000000e+00 -3.155821e-02
0.000000e+00 9.735000e+00 1.086810e+00 1.086810e+00 0.000000e+00 -3.081551e-02
0.000000e+00 9.790000e+00 1.086547e+00 1.086544e+00 0.000000e+00 -3.007646e-02
0.000000e+00 9.845000e+00 1.086300e+00 1.086296e+00 0.000000e+00 -2.934422e-02
0.000000e+00 9.900000e+00 1.086027e+00 1.086020e+00 0.000000e+00 -2.870036e-02
0.000000e+00 9.955000e+00 1.085818e+00 1.085809e+00 0.000000e+00 -2.810076e-02
0.000000e+00 1.001000e+01 1.105114e+00 1.105104e+00 -0.000000e+00 -1.013850e-02
0.000000e+00 1.006500e+01 1.105114e+00 1.105104e+00 -0.000000e+00 -1.013850e-02
0.000000e+00 1.012000e+01 1.105114e+00 1.105104e+00 -0.000000e+00 -1.013850e-02
0.000000e+00 1.017500e+01 1.105114e+00 1.105104e+00 -0.000000e+00 -1.013850e-02
0.000000e+00 1.023000e+01 1.105114e+00 1.105104e+00 -0.000000e+00 -1.013850e-02
0.000000e+00 1.028500e+01 1.105114e+00 1.105104e+00 -0.000000e+00 -1.013850e-02
0.000000e+00 1.034000e+01 1.105114e+00 1.105104e+00 -0.000000e+00 -1.013850e-02
0.000000e+00 1.039500e+01 1.105114e+00 1.105104e+00 -0.000000e+00 -1.013850e-02
0.000000e+00 1.045000e+01 1.105114e+00 1.105104e+00 -0.000000e+00 -1.013850e-02
0.000000e+00 1.050500e+01 1.105114e+00 1.105104e+00 -0.000000e+00 -1.013850e-02
0.000000e+00 1.056000e+01 1.105114e+00 1.105104e+00 -0.000000e+00 -1.013850e-02
0.000000e+00 1.061500e+01 1.105114e+00 1.105104e+00 -0.000000e+00 -1.013850e-02
0.000000e+00 1.067000e+01 1.105114e+00 1.105104e+00 -0.000000e+00 -1.013850e-02
0.000000e+00 1.072500e+01 1.105114e+00 1.105104e+00 -0.000000e+00 -1.013850e-02
0.000000e+00 1.078000e+01 1.105114e+00 1.105104e+00 -0.000000e+00 -1.013850e-02
0.000000e+00 1.083500e+01 1.105114e+00 1.105104e+00 -0.000000e+00 -1.013850e-02
0.000000e+00 1.089000e+01 1.105114e+00 1.105104e+00 -0.000000e+00 -1.013850e-02
0.000000e+00 1.094500e+01 1.105114e+00 1.105104e+00 -0.000000e+00 -1.013850e-02
0.000000e+00 1.100000e+01 1.105114e+00 1.105104e+00 -0.000000e+00 -1.013850e-02
