#############TIME##################
1.700168e+01 
###################################
0.000000e+00 0.000000e+00 5.617233e+01 5.617706e+01 0.000000e+00 -3.063104e+00
0.000000e+00 5.500000e-02 5.617233e+01 5.617706e+01 0.000000e+00 -3.063104e+00
0.000000e+00 1.100000e-01 2.126913e+01 2.126984e+01 0.000000e+00 -3.063117e+00
0.000000e+00 1.650000e-01 1.382269e+01 1.382303e+01 0.000000e+00 -2.307826e+00
0.000000e+00 2.200000e-01 1.025515e+01 1.025538e+01 0.000000e+00 -1.934164e+00
0.000000e+00 2.750000e-01 8.024418e+00 8.024576e+00 0.000000e+00 -1.645310e+00
0.000000e+00 3.300000e-01 6.628510e+00 6.628628e+00 0.000000e+00 -1.422585e+00
0.000000e+00 3.850000e-01 5.625506e+00 5.625597e+00 0.000000e+00 -1.250654e+00
0.000000e+00 4.400000e-01 4.917467e+00 4.917540e+00 0.000000e+00 -1.106914e+00
0.000000e+00 4.950000e-01 4.372444e+00 4.372504e+00 0.000000e+00 -9.910606e-01
0.000000e+00 5.500000e-01 3.951071e+00 3.951121e+00 0.000000e+00 -8.926988e-01
0.000000e+00 6.050000e-01 3.616362e+00 3.616405e+00 0.000000e+00 -8.094153e-01
0.000000e+00 6.600000e-01 3.343598e+00 3.343635e+00 0.000000e+00 -7.376756e-01
0.000000e+00 7.150000e-01 3.118292e+00 3.118324e+00 0.000000e+00 -6.756675e-01
0.000000e+00 7.700000e-01 2.929071e+00 2.929099e+00 0.000000e+00 -6.213813e-01
0.000000e+00 8.250000e-01 2.768429e+00 2.768454e+00 0.000000e+00 -5.736524e-01
0.000000e+00 8.800000e-01 2.630422e+00 2.630445e+00 0.000000e+00 -5.313373e-01
0.000000e+00 9.350000e-01 2.510811e+00 2.510832e+00 0.000000e+00 -4.936504e-01
0.000000e+00 9.900000e-01 2.406222e+00 2.406241e+00 0.000000e+00 -4.598818e-01
0.000000e+00 1.045000e+00 2.314110e+00 2.314127e+00 0.000000e+00 -4.294920e-01
0.000000e+00 1.100000e+00 2.232428e+00 2.232443e+00 0.000000e+00 -4.020143e-01
0.000000e+00 1.155000e+00 2.159565e+00 2.159580e+00 0.000000e+00 -3.770757e-01
0.000000e+00 1.210000e+00 2.094210e+00 2.094223e+00 0.000000e+00 -3.543582e-01
0.000000e+00 1.265000e+00 2.035298e+00 2.035311e+00 0.000000e+00 -3.335994e-01
0.000000e+00 1.320000e+00 1.981951e+00 1.981963e+00 0.000000e+00 -3.145746e-01
0.000000e+00 1.375000e+00 1.933443e+00 1.933453e+00 0.000000e+00 -2.970933e-01
0.000000e+00 1.430000e+00 1.889164e+00 1.889175e+00 0.000000e+00 -2.809904e-01
0.000000e+00 1.485000e+00 1.848605e+00 1.848615e+00 0.000000e+00 -2.661228e-01
0.000000e+00 1.540000e+00 1.811332e+00 1.811341e+00 0.000000e+00 -2.523650e-01
0.000000e+00 1.595000e+00 1.776974e+00 1.776982e+00 0.000000e+00 -2.396068e-01
0.000000e+00 1.650000e+00 1.745213e+00 1.745221e+00 0.000000e+00 -2.277513e-01
0.000000e+00 1.705000e+00 1.715775e+00 1.715783e+00 0.000000e+00 -2.167142e-01
0.000000e+00 1.760000e+00 1.688422e+00 1.688430e+00 0.000000e+00 -2.064218e-01
0.000000e+00 1.815000e+00 1.662948e+00 1.662955e+00 0.000000e+00 -1.968091e-01
0.000000e+00 1.870000e+00 1.639173e+00 1.639179e+00 0.000000e+00 -1.878179e-01
0.000000e+00 1.925000e+00 1.616937e+00 1.616943e+00 0.000000e+00 -1.793960e-01
0.000000e+00 1.980000e+00 1.596103e+00 1.596108e+00 0.000000e+00 -1.714964e-01
0.000000e+00 2.035000e+00 1.576545e+00 1.576550e+00 0.000000e+00 -1.640767e-01
0.000000e+00 2.090000e+00 1.558153e+00 1.558158e+00 0.000000e+00 -1.570986e-01
0.000000e+00 2.145000e+00 1.540828e+00 1.540834e+00 0.000000e+00 -1.505272e-01
0.000000e+00 2.200000e+00 1.524482e+00 1.524487e+00 0.000000e+00 -1.443309e-01
0.000000e+00 2.255000e+00 1.509035e+00 1.509040e+00 0.000000e+00 -1.384808e-01
0.000000e+00 2.310000e+00 1.494418e+00 1.494423e+00 0.000000e+00 -1.329509e-01
0.000000e+00 2.365000e+00 1.480568e+00 1.480572e+00 0.000000e+00 -1.277177e-01
0.000000e+00 2.420000e+00 1.467430e+00 1.467434e+00 0.000000e+00 -1.227599e-01
0.000000e+00 2.475000e+00 1.454953e+00 1.454957e+00 0.000000e+00 -1.180585e-01
0.000000e+00 2.530000e+00 1.443091e+00 1.443095e+00 0.000000e+00 -1.135964e-01
0.000000e+00 2.585000e+00 1.431802e+00 1.431806e+00 0.000000e+00 -1.093575e-01
0.000000e+00 2.640000e+00 1.421046e+00 1.421050e+00 0.000000e+00 -1.053268e-01
0.000000e+00 2.695000e+00 1.410787e+00 1.410790e+00 0.000000e+00 -1.014905e-01
0.000000e+00 2.750000e+00 1.400990e+00 1.400993e+00 0.000000e+00 -9.783572e-02
0.000000e+00 2.805000e+00 1.391626e+00 1.391629e+00 0.000000e+00 -9.435062e-02
0.000000e+00 2.860000e+00 1.382667e+00 1.382670e+00 0.000000e+00 -9.102477e-02
0.000000e+00 2.915000e+00 1.374090e+00 1.374093e+00 0.000000e+00 -8.784874e-02
0.000000e+00 2.970000e+00 1.365871e+00 1.365874e+00 0.000000e+00 -8.481390e-02
0.000000e+00 3.025000e+00 1.357991e+00 1.357994e+00 0.000000e+00 -8.191204e-02
0.000000e+00 3.080000e+00 1.350430e+00 1.350432e+00 0.000000e+00 -7.913513e-02
0.000000e+00 3.135000e+00 1.343170e+00 1.343173e+00 0.000000e+00 -7.647529e-02
0.000000e+00 3.190000e+00 1.336196e+00 1.336198e+00 0.000000e+00 -7.392505e-02
0.000000e+00 3.245000e+00 1.329492e+00 1.329494e+00 0.000000e+00 -7.147755e-02
0.000000e+00 3.300000e+00 1.323044e+00 1.323046e+00 0.000000e+00 -6.912676e-02
0.000000e+00 3.355000e+00 1.316839e+00 1.316841e+00 0.000000e+00 -6.686752e-02
0.000000e+00 3.410000e+00 1.310864e+00 1.310866e+00 0.000000e+00 -6.469535e-02
0.000000e+00 3.465000e+00 1.305107e+00 1.305109e+00 0.000000e+00 -6.260622e-02
0.000000e+00 3.520000e+00 1.299556e+00 1.299558e+00 0.000000e+00 -6.059629e-02
0.000000e+00 3.575000e+00 1.294202e+00 1.294204e+00 0.000000e+00 -5.866181e-02
0.000000e+00 3.630000e+00 1.289033e+00 1.289035e+00 0.000000e+00 -5.679907e-02
0.000000e+00 3.685000e+00 1.284042e+00 1.284044e+00 0.000000e+00 -5.500440e-02
0.000000e+00 3.740000e+00 1.279220e+00 1.279221e+00 0.000000e+00 -5.327432e-02
0.000000e+00 3.795000e+00 1.274560e+00 1.274562e+00 0.000000e+00 -5.160553e-02
0.000000e+00 3.850000e+00 1.270056e+00 1.270057e+00 0.000000e+00 -4.999499e-02
0.000000e+00 3.905000e+00 1.265700e+00 1.265702e+00 0.000000e+00 -4.843991e-02
0.000000e+00 3.960000e+00 1.261486e+00 1.261488e+00 0.000000e+00 -4.693777e-02
0.000000e+00 4.015000e+00 1.257407e+00 1.257409e+00 0.000000e+00 -4.548630e-02
0.000000e+00 4.070000e+00 1.253456e+00 1.253458e+00 0.000000e+00 -4.408347e-02
0.000000e+00 4.125000e+00 1.249627e+00 1.249629e+00 0.000000e+00 -4.272751e-02
0.000000e+00 4.180000e+00 1.245915e+00 1.245917e+00 0.000000e+00 -4.141685e-02
0.000000e+00 4.235000e+00 1.242317e+00 1.242318e+00 0.000000e+00 -4.014995e-02
0.000000e+00 4.290000e+00 1.238829e+00 1.238830e+00 0.000000e+00 -3.892506e-02
0.000000e+00 4.345000e+00 1.235448e+00 1.235449e+00 0.000000e+00 -3.774004e-02
0.000000e+00 4.400000e+00 1.232171e+00 1.232172e+00 0.000000e+00 -3.659229e-02
0.000000e+00 4.455000e+00 1.228995e+00 1.228997e+00 0.000000e+00 -3.547904e-02
0.000000e+00 4.510000e+00 1.225917e+00 1.225919e+00 0.000000e+00 -3.439782e-02
0.000000e+00 4.565000e+00 1.222935e+00 1.222936e+00 0.000000e+00 -3.334689e-02
0.000000e+00 4.620000e+00 1.220045e+00 1.220046e+00 0.000000e+00 -3.232541e-02
0.000000e+00 4.675000e+00 1.217246e+00 1.217247e+00 0.000000e+00 -3.133319e-02
0.000000e+00 4.730000e+00 1.214534e+00 1.214535e+00 0.000000e+00 -3.037009e-02
0.000000e+00 4.785000e+00 1.211904e+00 1.211906e+00 0.000000e+00 -2.943545e-02
0.000000e+00 4.840000e+00 1.209352e+00 1.209353e+00 0.000000e+00 -2.852789e-02
0.000000e+00 4.895000e+00 1.206872e+00 1.206873e+00 0.000000e+00 -2.764569e-02
0.000000e+00 4.950000e+00 1.204461e+00 1.204462e+00 0.000000e+00 -2.678758e-02
0.000000e+00 5.005000e+00 1.202118e+00 1.202119e+00 0.000000e+00 -2.595335e-02
0.000000e+00 5.060000e+00 1.199845e+00 1.199846e+00 0.000000e+00 -2.514340e-02
0.000000e+00 5.115000e+00 1.197643e+00 1.197644e+00 0.000000e+00 -2.435740e-02
0.000000e+00 5.170000e+00 1.195511e+00 1.195512e+00 0.000000e+00 -2.359288e-02
0.000000e+00 5.225000e+00 1.193445e+00 1.193446e+00 0.000000e+00 -2.284569e-02
0.000000e+00 5.280000e+00 1.191443e+00 1.191444e+00 0.000000e+00 -2.211339e-02
0.000000e+00 5.335000e+00 1.189507e+00 1.189508e+00 0.000000e+00 -2.139981e-02
0.000000e+00 5.390000e+00 1.187650e+00 1.187651e+00 0.000000e+00 -2.071642e-02
0.000000e+00 5.445000e+00 1.185882e+00 1.185883e+00 0.000000e+00 -2.007661e-02
0.000000e+00 5.500000e+00 1.184203e+00 1.184204e+00 0.000000e+00 -1.948374e-02
0.000000e+00 5.555000e+00 1.182583e+00 1.182584e+00 0.000000e+00 -1.892088e-02
0.000000e+00 5.610000e+00 1.180973e+00 1.180973e+00 0.000000e+00 -1.835357e-02
0.000000e+00 5.665000e+00 1.179323e+00 1.179324e+00 0.000000e+00 -1.774912e-02
0.000000e+00 5.720000e+00 1.177625e+00 1.177626e+00 0.000000e+00 -1.710076e-02
0.000000e+00 5.775000e+00 1.175917e+00 1.175918e+00 0.000000e+00 -1.643734e-02
0.000000e+00 5.830000e+00 1.174268e+00 1.174269e+00 0.000000e+00 -1.580858e-02
0.000000e+00 5.885000e+00 1.172740e+00 1.172741e+00 0.000000e+00 -1.525445e-02
0.000000e+00 5.940000e+00 1.171346e+00 1.171347e+00 0.000000e+00 -1.477816e-02
0.000000e+00 5.995000e+00 1.170048e+00 1.170049e+00 0.000000e+00 -1.434349e-02
0.000000e+00 6.050000e+00 1.168785e+00 1.168786e+00 0.000000e+00 -1.390099e-02
0.000000e+00 6.105000e+00 1.167518e+00 1.167519e+00 0.000000e+00 -1.342240e-02
0.000000e+00 6.160000e+00 1.166252e+00 1.166253e+00 0.000000e+00 -1.291559e-02
0.000000e+00 6.215000e+00 1.165020e+00 1.165021e+00 0.000000e+00 -1.241137e-02
0.000000e+00 6.270000e+00 1.163851e+00 1.163852e+00 0.000000e+00 -1.193708e-02
0.000000e+00 6.325000e+00 1.162750e+00 1.162751e+00 0.000000e+00 -1.149895e-02
0.000000e+00 6.380000e+00 1.161696e+00 1.161696e+00 0.000000e+00 -1.108388e-02
0.000000e+00 6.435000e+00 1.160665e+00 1.160665e+00 0.000000e+00 -1.067448e-02
0.000000e+00 6.490000e+00 1.159643e+00 1.159644e+00 0.000000e+00 -1.026205e-02
0.000000e+00 6.545000e+00 1.158634e+00 1.158634e+00 0.000000e+00 -9.848238e-03
0.000000e+00 6.600000e+00 1.157644e+00 1.157644e+00 0.000000e+00 -9.438410e-03
0.000000e+00 6.655000e+00 1.156679e+00 1.156680e+00 0.000000e+00 -9.035363e-03
0.000000e+00 6.710000e+00 1.155743e+00 1.155743e+00 0.000000e+00 -8.638033e-03
0.000000e+00 6.765000e+00 1.154836e+00 1.154836e+00 0.000000e+00 -8.243791e-03
0.000000e+00 6.820000e+00 1.153959e+00 1.153960e+00 0.000000e+00 -7.850675e-03
0.000000e+00 6.875000e+00 1.153113e+00 1.153114e+00 0.000000e+00 -7.457935e-03
0.000000e+00 6.930000e+00 1.152296e+00 1.152296e+00 0.000000e+00 -7.065675e-03
0.000000e+00 6.985000e+00 1.151503e+00 1.151503e+00 0.000000e+00 -6.674633e-03
0.000000e+00 7.040000e+00 1.150731e+00 1.150731e+00 0.000000e+00 -6.286127e-03
0.000000e+00 7.095000e+00 1.149976e+00 1.149976e+00 0.000000e+00 -5.901790e-03
0.000000e+00 7.150000e+00 1.149235e+00 1.149235e+00 0.000000e+00 -5.523123e-03
0.000000e+00 7.205000e+00 1.148505e+00 1.148505e+00 0.000000e+00 -5.151174e-03
0.000000e+00 7.260000e+00 1.147782e+00 1.147782e+00 0.000000e+00 -4.786387e-03
0.000000e+00 7.315000e+00 1.147064e+00 1.147065e+00 0.000000e+00 -4.428511e-03
0.000000e+00 7.370000e+00 1.146353e+00 1.146353e+00 0.000000e+00 -4.076603e-03
0.000000e+00 7.425000e+00 1.145650e+00 1.145651e+00 0.000000e+00 -3.729361e-03
0.000000e+00 7.480000e+00 1.144963e+00 1.144963e+00 0.000000e+00 -3.385732e-03
0.000000e+00 7.535000e+00 1.144298e+00 1.144298e+00 0.000000e+00 -3.045343e-03
0.000000e+00 7.590000e+00 1.143660e+00 1.143661e+00 0.000000e+00 -2.708423e-03
0.000000e+00 7.645000e+00 1.143052e+00 1.143053e+00 0.000000e+00 -2.375440e-03
0.000000e+00 7.700000e+00 1.142471e+00 1.142472e+00 0.000000e+00 -2.047060e-03
0.000000e+00 7.755000e+00 1.141910e+00 1.141911e+00 0.000000e+00 -1.724662e-03
0.000000e+00 7.810000e+00 1.141359e+00 1.141360e+00 0.000000e+00 -1.410799e-03
0.000000e+00 7.865000e+00 1.140811e+00 1.140811e+00 0.000000e+00 -1.108624e-03
0.000000e+00 7.920000e+00 1.140260e+00 1.140261e+00 0.000000e+00 -8.199430e-04
0.000000e+00 7.975000e+00 1.139710e+00 1.139710e+00 0.000000e+00 -5.429072e-04
0.000000e+00 8.030000e+00 1.139166e+00 1.139166e+00 0.000000e+00 -2.712144e-04
0.000000e+00 8.085000e+00 1.138637e+00 1.138638e+00 0.000000e+00 3.819192e-06
0.000000e+00 8.140000e+00 1.138131e+00 1.138131e+00 0.000000e+00 2.888386e-04
0.000000e+00 8.195000e+00 1.137643e+00 1.137643e+00 0.000000e+00 5.841853e-04
0.000000e+00 8.250000e+00 1.137166e+00 1.137166e+00 0.000000e+00 8.829021e-04
0.000000e+00 8.305000e+00 1.136687e+00 1.136687e+00 0.000000e+00 1.174454e-03
0.000000e+00 8.360000e+00 1.136199e+00 1.136199e+00 0.000000e+00 1.451437e-03
0.000000e+00 8.415000e+00 1.135709e+00 1.135710e+00 0.000000e+00 1.715009e-03
0.000000e+00 8.470000e+00 1.135234e+00 1.135234e+00 0.000000e+00 1.974902e-03
0.000000e+00 8.525000e+00 1.134790e+00 1.134791e+00 0.000000e+00 2.243057e-03
0.000000e+00 8.580000e+00 1.134385e+00 1.134385e+00 0.000000e+00 2.524291e-03
0.000000e+00 8.635000e+00 1.134003e+00 1.134004e+00 0.000000e+00 2.810098e-03
0.000000e+00 8.690000e+00 1.133616e+00 1.133617e+00 0.000000e+00 3.080727e-03
0.000000e+00 8.745000e+00 1.133192e+00 1.133192e+00 0.000000e+00 3.315647e-03
0.000000e+00 8.800000e+00 1.132715e+00 1.132715e+00 0.000000e+00 3.506813e-03
0.000000e+00 8.855000e+00 1.132195e+00 1.132195e+00 0.000000e+00 3.666387e-03
0.000000e+00 8.910000e+00 1.131666e+00 1.131666e+00 0.000000e+00 3.823094e-03
0.000000e+00 8.965000e+00 1.131168e+00 1.131169e+00 0.000000e+00 4.008507e-03
0.000000e+00 9.020000e+00 1.130728e+00 1.130728e+00 0.000000e+00 4.240644e-03
0.000000e+00 9.075000e+00 1.130342e+00 1.130342e+00 0.000000e+00 4.513937e-03
0.000000e+00 9.130000e+00 1.129984e+00 1.129985e+00 0.000000e+00 4.802273e-03
0.000000e+00 9.185000e+00 1.129616e+00 1.129617e+00 0.000000e+00 5.073805e-03
0.000000e+00 9.240000e+00 1.129208e+00 1.129209e+00 0.000000e+00 5.309282e-03
0.000000e+00 9.295000e+00 1.128753e+00 1.128754e+00 0.000000e+00 5.513103e-03
0.000000e+00 9.350000e+00 1.128272e+00 1.128272e+00 0.000000e+00 5.711452e-03
0.000000e+00 9.405000e+00 1.127796e+00 1.127796e+00 0.000000e+00 5.937410e-03
0.000000e+00 9.460000e+00 1.127358e+00 1.127357e+00 0.000000e+00 6.214212e-03
0.000000e+00 9.515000e+00 1.126970e+00 1.126968e+00 0.000000e+00 6.539617e-03
0.000000e+00 9.570000e+00 1.126626e+00 1.126621e+00 0.000000e+00 6.882997e-03
0.000000e+00 9.625000e+00 1.126296e+00 1.126289e+00 0.000000e+00 7.180953e-03
0.000000e+00 9.680000e+00 1.125956e+00 1.125948e+00 0.000000e+00 7.358144e-03
0.000000e+00 9.735000e+00 1.125580e+00 1.125571e+00 0.000000e+00 7.340208e-03
0.000000e+00 9.790000e+00 1.125182e+00 1.125172e+00 0.000000e+00 7.128533e-03
0.000000e+00 9.845000e+00 1.124754e+00 1.124744e+00 0.000000e+00 6.790846e-03
0.000000e+00 9.900000e+00 1.124357e+00 1.124347e+00 0.000000e+00 6.537464e-03
0.000000e+00 9.955000e+00 1.123934e+00 1.123924e+00 0.000000e+00 6.471609e-03
0.000000e+00 1.001000e+01 1.105114e+00 1.105104e+00 -0.000000e+00 -1.013850e-02
0.000000e+00 1.006500e+01 1.105114e+00 1.105104e+00 -0.000000e+00 -1.013850e-02
0.000000e+00 1.012000e+01 1.105114e+00 1.105104e+00 -0.000000e+00 -1.013850e-02
0.000000e+00 1.017500e+01 1.105114e+00 1.105104e+00 -0.000000e+00 -1.013850e-02
0.000000e+00 1.023000e+01 1.105114e+00 1.105104e+00 -0.000000e+00 -1.013850e-02
0.000000e+00 1.028500e+01 1.105114e+00 1.105104e+00 -0.000000e+00 -1.013850e-02
0.000000e+00 1.034000e+01 1.105114e+00 1.105104e+00 -0.000000e+00 -1.013850e-02
0.000000e+00 1.039500e+01 1.105114e+00 1.105104e+00 -0.000000e+00 -1.013850e-02
0.000000e+00 1.045000e+01 1.105114e+00 1.105104e+00 -0.000000e+00 -1.013850e-02
0.000000e+00 1.050500e+01 1.105114e+00 1.105104e+00 -0.000000e+00 -1.013850e-02
0.000000e+00 1.056000e+01 1.105114e+00 1.105104e+00 -0.000000e+00 -1.013850e-02
0.000000e+00 1.061500e+01 1.105114e+00 1.105104e+00 -0.000000e+00 -1.013850e-02
0.000000e+00 1.067000e+01 1.105114e+00 1.105104e+00 -0.000000e+00 -1.013850e-02
0.000000e+00 1.072500e+01 1.105114e+00 1.105104e+00 -0.000000e+00 -1.013850e-02
0.000000e+00 1.078000e+01 1.105114e+00 1.105104e+00 -0.000000e+00 -1.013850e-02
0.000000e+00 1.083500e+01 1.105114e+00 1.105104e+00 -0.000000e+00 -1.013850e-02
0.000000e+00 1.089000e+01 1.105114e+00 1.105104e+00 -0.000000e+00 -1.013850e-02
0.000000e+00 1.094500e+01 1.105114e+00 1.105104e+00 -0.000000e+00 -1.013850e-02
0.000000e+00 1.100000e+01 1.105114e+00 1.105104e+00 -0.000000e+00 -1.013850e-02
