#############TIME##################
2.760348e+01 
###################################
0.000000e+00 0.000000e+00 5.827176e+01 5.827669e+01 0.000000e+00 -3.063407e+00
0.000000e+00 5.500000e-02 5.827176e+01 5.827669e+01 0.000000e+00 -3.063407e+00
0.000000e+00 1.100000e-01 2.206526e+01 2.206600e+01 0.000000e+00 -3.063419e+00
0.000000e+00 1.650000e-01 1.433992e+01 1.434028e+01 0.000000e+00 -2.308333e+00
0.000000e+00 2.200000e-01 1.063872e+01 1.063896e+01 0.000000e+00 -1.934792e+00
0.000000e+00 2.750000e-01 8.324503e+00 8.324670e+00 0.000000e+00 -1.646051e+00
0.000000e+00 3.300000e-01 6.876322e+00 6.876447e+00 0.000000e+00 -1.423441e+00
0.000000e+00 3.850000e-01 5.835773e+00 5.835870e+00 0.000000e+00 -1.251619e+00
0.000000e+00 4.400000e-01 5.101174e+00 5.101252e+00 0.000000e+00 -1.107990e+00
0.000000e+00 4.950000e-01 4.535688e+00 4.535752e+00 0.000000e+00 -9.922502e-01
0.000000e+00 5.500000e-01 4.098546e+00 4.098599e+00 0.000000e+00 -8.939906e-01
0.000000e+00 6.050000e-01 3.751274e+00 3.751320e+00 0.000000e+00 -8.108078e-01
0.000000e+00 6.600000e-01 3.468262e+00 3.468302e+00 0.000000e+00 -7.391691e-01
0.000000e+00 7.150000e-01 3.234475e+00 3.234510e+00 0.000000e+00 -6.772619e-01
0.000000e+00 7.700000e-01 3.038111e+00 3.038141e+00 0.000000e+00 -6.230751e-01
0.000000e+00 8.250000e-01 2.871390e+00 2.871417e+00 0.000000e+00 -5.754459e-01
0.000000e+00 8.800000e-01 2.728143e+00 2.728168e+00 0.000000e+00 -5.332298e-01
0.000000e+00 9.350000e-01 2.603975e+00 2.603997e+00 0.000000e+00 -4.956420e-01
0.000000e+00 9.900000e-01 2.495382e+00 2.495402e+00 0.000000e+00 -4.619728e-01
0.000000e+00 1.045000e+00 2.399725e+00 2.399743e+00 0.000000e+00 -4.316831e-01
0.000000e+00 1.100000e+00 2.314879e+00 2.314896e+00 0.000000e+00 -4.043063e-01
0.000000e+00 1.155000e+00 2.239178e+00 2.239194e+00 0.000000e+00 -3.794686e-01
0.000000e+00 1.210000e+00 2.171262e+00 2.171277e+00 0.000000e+00 -3.568512e-01
0.000000e+00 1.265000e+00 2.110030e+00 2.110044e+00 0.000000e+00 -3.361904e-01
0.000000e+00 1.320000e+00 2.054570e+00 2.054583e+00 0.000000e+00 -3.172614e-01
0.000000e+00 1.375000e+00 2.004129e+00 2.004141e+00 0.000000e+00 -2.998739e-01
0.000000e+00 1.430000e+00 1.958073e+00 1.958084e+00 0.000000e+00 -2.838637e-01
0.000000e+00 1.485000e+00 1.915870e+00 1.915880e+00 0.000000e+00 -2.690889e-01
0.000000e+00 1.540000e+00 1.877070e+00 1.877080e+00 0.000000e+00 -2.554248e-01
0.000000e+00 1.595000e+00 1.841290e+00 1.841300e+00 0.000000e+00 -2.427613e-01
0.000000e+00 1.650000e+00 1.808202e+00 1.808211e+00 0.000000e+00 -2.310012e-01
0.000000e+00 1.705000e+00 1.777523e+00 1.777531e+00 0.000000e+00 -2.200594e-01
0.000000e+00 1.760000e+00 1.749005e+00 1.749013e+00 0.000000e+00 -2.098618e-01
0.000000e+00 1.815000e+00 1.722432e+00 1.722440e+00 0.000000e+00 -2.003436e-01
0.000000e+00 1.870000e+00 1.697616e+00 1.697624e+00 0.000000e+00 -1.914472e-01
0.000000e+00 1.925000e+00 1.674392e+00 1.674399e+00 0.000000e+00 -1.831210e-01
0.000000e+00 1.980000e+00 1.652613e+00 1.652620e+00 0.000000e+00 -1.753177e-01
0.000000e+00 2.035000e+00 1.632153e+00 1.632159e+00 0.000000e+00 -1.679946e-01
0.000000e+00 2.090000e+00 1.612896e+00 1.612902e+00 0.000000e+00 -1.611132e-01
0.000000e+00 2.145000e+00 1.594743e+00 1.594749e+00 0.000000e+00 -1.546394e-01
0.000000e+00 2.200000e+00 1.577600e+00 1.577606e+00 0.000000e+00 -1.485426e-01
0.000000e+00 2.255000e+00 1.561387e+00 1.561392e+00 0.000000e+00 -1.427948e-01
0.000000e+00 2.310000e+00 1.546029e+00 1.546035e+00 0.000000e+00 -1.373701e-01
0.000000e+00 2.365000e+00 1.531463e+00 1.531468e+00 0.000000e+00 -1.322439e-01
0.000000e+00 2.420000e+00 1.517629e+00 1.517634e+00 0.000000e+00 -1.273935e-01
0.000000e+00 2.475000e+00 1.504479e+00 1.504483e+00 0.000000e+00 -1.227997e-01
0.000000e+00 2.530000e+00 1.491968e+00 1.491973e+00 0.000000e+00 -1.184482e-01
0.000000e+00 2.585000e+00 1.480060e+00 1.480065e+00 0.000000e+00 -1.143297e-01
0.000000e+00 2.640000e+00 1.468724e+00 1.468728e+00 0.000000e+00 -1.104380e-01
0.000000e+00 2.695000e+00 1.457928e+00 1.457932e+00 0.000000e+00 -1.067661e-01
0.000000e+00 2.750000e+00 1.447640e+00 1.447643e+00 0.000000e+00 -1.033021e-01
0.000000e+00 2.805000e+00 1.437820e+00 1.437823e+00 0.000000e+00 -1.000259e-01
0.000000e+00 2.860000e+00 1.428423e+00 1.428427e+00 0.000000e+00 -9.691114e-02
0.000000e+00 2.915000e+00 1.419404e+00 1.419407e+00 0.000000e+00 -9.392964e-02
0.000000e+00 2.970000e+00 1.410722e+00 1.410726e+00 0.000000e+00 -9.105895e-02
0.000000e+00 3.025000e+00 1.402351e+00 1.402354e+00 0.000000e+00 -8.828746e-02
0.000000e+00 3.080000e+00 1.394276e+00 1.394279e+00 0.000000e+00 -8.561503e-02
0.000000e+00 3.135000e+00 1.386492e+00 1.386496e+00 0.000000e+00 -8.304860e-02
0.000000e+00 3.190000e+00 1.378996e+00 1.378999e+00 0.000000e+00 -8.059546e-02
0.000000e+00 3.245000e+00 1.371778e+00 1.371781e+00 0.000000e+00 -7.825762e-02
0.000000e+00 3.300000e+00 1.364822e+00 1.364825e+00 0.000000e+00 -7.603031e-02
0.000000e+00 3.355000e+00 1.358112e+00 1.358114e+00 0.000000e+00 -7.390430e-02
0.000000e+00 3.410000e+00 1.351630e+00 1.351632e+00 0.000000e+00 -7.187007e-02
0.000000e+00 3.465000e+00 1.345365e+00 1.345368e+00 0.000000e+00 -6.992084e-02
0.000000e+00 3.520000e+00 1.339310e+00 1.339313e+00 0.000000e+00 -6.805294e-02
0.000000e+00 3.575000e+00 1.333455e+00 1.333458e+00 0.000000e+00 -6.626440e-02
0.000000e+00 3.630000e+00 1.327788e+00 1.327791e+00 0.000000e+00 -6.455311e-02
0.000000e+00 3.685000e+00 1.322296e+00 1.322299e+00 0.000000e+00 -6.291595e-02
0.000000e+00 3.740000e+00 1.316968e+00 1.316970e+00 0.000000e+00 -6.134844e-02
0.000000e+00 3.795000e+00 1.311797e+00 1.311800e+00 0.000000e+00 -5.984473e-02
0.000000e+00 3.850000e+00 1.306785e+00 1.306787e+00 0.000000e+00 -5.839759e-02
0.000000e+00 3.905000e+00 1.301932e+00 1.301934e+00 0.000000e+00 -5.699930e-02
0.000000e+00 3.960000e+00 1.297238e+00 1.297240e+00 0.000000e+00 -5.564372e-02
0.000000e+00 4.015000e+00 1.292695e+00 1.292697e+00 0.000000e+00 -5.432867e-02
0.000000e+00 4.070000e+00 1.288288e+00 1.288290e+00 0.000000e+00 -5.305701e-02
0.000000e+00 4.125000e+00 1.283999e+00 1.284001e+00 0.000000e+00 -5.183490e-02
0.000000e+00 4.180000e+00 1.279812e+00 1.279814e+00 0.000000e+00 -5.066772e-02
0.000000e+00 4.235000e+00 1.275721e+00 1.275722e+00 0.000000e+00 -4.955601e-02
0.000000e+00 4.290000e+00 1.271725e+00 1.271727e+00 0.000000e+00 -4.849389e-02
0.000000e+00 4.345000e+00 1.267833e+00 1.267834e+00 0.000000e+00 -4.747133e-02
0.000000e+00 4.400000e+00 1.264049e+00 1.264050e+00 0.000000e+00 -4.647873e-02
0.000000e+00 4.455000e+00 1.260374e+00 1.260376e+00 0.000000e+00 -4.551089e-02
0.000000e+00 4.510000e+00 1.256803e+00 1.256804e+00 0.000000e+00 -4.456802e-02
0.000000e+00 4.565000e+00 1.253324e+00 1.253326e+00 0.000000e+00 -4.365359e-02
0.000000e+00 4.620000e+00 1.249929e+00 1.249931e+00 0.000000e+00 -4.277075e-02
0.000000e+00 4.675000e+00 1.246612e+00 1.246614e+00 0.000000e+00 -4.191997e-02
0.000000e+00 4.730000e+00 1.243372e+00 1.243373e+00 0.000000e+00 -4.109938e-02
0.000000e+00 4.785000e+00 1.240205e+00 1.240207e+00 0.000000e+00 -4.030698e-02
0.000000e+00 4.840000e+00 1.237109e+00 1.237110e+00 0.000000e+00 -3.954295e-02
0.000000e+00 4.895000e+00 1.234075e+00 1.234077e+00 0.000000e+00 -3.881006e-02
0.000000e+00 4.950000e+00 1.231097e+00 1.231098e+00 0.000000e+00 -3.811196e-02
0.000000e+00 5.005000e+00 1.228168e+00 1.228169e+00 0.000000e+00 -3.745031e-02
0.000000e+00 5.060000e+00 1.225289e+00 1.225291e+00 0.000000e+00 -3.682292e-02
0.000000e+00 5.115000e+00 1.222465e+00 1.222466e+00 0.000000e+00 -3.622376e-02
0.000000e+00 5.170000e+00 1.219701e+00 1.219702e+00 0.000000e+00 -3.564487e-02
0.000000e+00 5.225000e+00 1.217003e+00 1.217005e+00 0.000000e+00 -3.507884e-02
0.000000e+00 5.280000e+00 1.214376e+00 1.214377e+00 0.000000e+00 -3.452062e-02
0.000000e+00 5.335000e+00 1.211819e+00 1.211820e+00 0.000000e+00 -3.396798e-02
0.000000e+00 5.390000e+00 1.209331e+00 1.209332e+00 0.000000e+00 -3.342074e-02
0.000000e+00 5.445000e+00 1.206907e+00 1.206908e+00 0.000000e+00 -3.287961e-02
0.000000e+00 5.500000e+00 1.204545e+00 1.204546e+00 0.000000e+00 -3.234524e-02
0.000000e+00 5.555000e+00 1.202241e+00 1.202242e+00 0.000000e+00 -3.181810e-02
0.000000e+00 5.610000e+00 1.199992e+00 1.199993e+00 0.000000e+00 -3.129903e-02
0.000000e+00 5.665000e+00 1.197793e+00 1.197794e+00 0.000000e+00 -3.079004e-02
0.000000e+00 5.720000e+00 1.195637e+00 1.195638e+00 0.000000e+00 -3.029462e-02
0.000000e+00 5.775000e+00 1.193517e+00 1.193518e+00 0.000000e+00 -2.981714e-02
0.000000e+00 5.830000e+00 1.191426e+00 1.191427e+00 0.000000e+00 -2.936124e-02
0.000000e+00 5.885000e+00 1.189362e+00 1.189363e+00 0.000000e+00 -2.892835e-02
0.000000e+00 5.940000e+00 1.187324e+00 1.187325e+00 0.000000e+00 -2.851702e-02
0.000000e+00 5.995000e+00 1.185315e+00 1.185316e+00 0.000000e+00 -2.812387e-02
0.000000e+00 6.050000e+00 1.183338e+00 1.183339e+00 0.000000e+00 -2.774572e-02
0.000000e+00 6.105000e+00 1.181393e+00 1.181394e+00 0.000000e+00 -2.738155e-02
0.000000e+00 6.160000e+00 1.179477e+00 1.179477e+00 0.000000e+00 -2.703298e-02
0.000000e+00 6.215000e+00 1.177584e+00 1.177584e+00 0.000000e+00 -2.670296e-02
0.000000e+00 6.270000e+00 1.175710e+00 1.175710e+00 0.000000e+00 -2.639319e-02
0.000000e+00 6.325000e+00 1.173855e+00 1.173855e+00 0.000000e+00 -2.610202e-02
0.000000e+00 6.380000e+00 1.172024e+00 1.172025e+00 0.000000e+00 -2.582405e-02
0.000000e+00 6.435000e+00 1.170227e+00 1.170227e+00 0.000000e+00 -2.555172e-02
0.000000e+00 6.490000e+00 1.168470e+00 1.168471e+00 0.000000e+00 -2.527800e-02
0.000000e+00 6.545000e+00 1.166761e+00 1.166762e+00 0.000000e+00 -2.499891e-02
0.000000e+00 6.600000e+00 1.165098e+00 1.165099e+00 0.000000e+00 -2.471448e-02
0.000000e+00 6.655000e+00 1.163477e+00 1.163477e+00 0.000000e+00 -2.442810e-02
0.000000e+00 6.710000e+00 1.161889e+00 1.161889e+00 0.000000e+00 -2.414457e-02
0.000000e+00 6.765000e+00 1.160327e+00 1.160328e+00 0.000000e+00 -2.386784e-02
0.000000e+00 6.820000e+00 1.158789e+00 1.158789e+00 0.000000e+00 -2.359938e-02
0.000000e+00 6.875000e+00 1.157275e+00 1.157275e+00 0.000000e+00 -2.333770e-02
0.000000e+00 6.930000e+00 1.155790e+00 1.155790e+00 0.000000e+00 -2.307910e-02
0.000000e+00 6.985000e+00 1.154339e+00 1.154340e+00 0.000000e+00 -2.281948e-02
0.000000e+00 7.040000e+00 1.152926e+00 1.152926e+00 0.000000e+00 -2.255638e-02
0.000000e+00 7.095000e+00 1.151546e+00 1.151547e+00 0.000000e+00 -2.229058e-02
0.000000e+00 7.150000e+00 1.150194e+00 1.150194e+00 0.000000e+00 -2.202650e-02
0.000000e+00 7.205000e+00 1.148857e+00 1.148857e+00 0.000000e+00 -2.177099e-02
0.000000e+00 7.260000e+00 1.147527e+00 1.147527e+00 0.000000e+00 -2.153098e-02
0.000000e+00 7.315000e+00 1.146198e+00 1.146198e+00 0.000000e+00 -2.131094e-02
0.000000e+00 7.370000e+00 1.144869e+00 1.144869e+00 0.000000e+00 -2.111122e-02
0.000000e+00 7.425000e+00 1.143545e+00 1.143545e+00 0.000000e+00 -2.092808e-02
0.000000e+00 7.480000e+00 1.142233e+00 1.142234e+00 0.000000e+00 -2.075520e-02
0.000000e+00 7.535000e+00 1.140942e+00 1.140942e+00 0.000000e+00 -2.058592e-02
0.000000e+00 7.590000e+00 1.139677e+00 1.139677e+00 0.000000e+00 -2.041504e-02
0.000000e+00 7.645000e+00 1.138443e+00 1.138443e+00 0.000000e+00 -2.023964e-02
0.000000e+00 7.700000e+00 1.137241e+00 1.137241e+00 0.000000e+00 -2.005876e-02
0.000000e+00 7.755000e+00 1.136070e+00 1.136070e+00 0.000000e+00 -1.987255e-02
0.000000e+00 7.810000e+00 1.134926e+00 1.134926e+00 0.000000e+00 -1.968163e-02
0.000000e+00 7.865000e+00 1.133807e+00 1.133807e+00 0.000000e+00 -1.948691e-02
0.000000e+00 7.920000e+00 1.132711e+00 1.132711e+00 0.000000e+00 -1.928974e-02
0.000000e+00 7.975000e+00 1.131636e+00 1.131636e+00 0.000000e+00 -1.909229e-02
0.000000e+00 8.030000e+00 1.130579e+00 1.130579e+00 0.000000e+00 -1.889743e-02
0.000000e+00 8.085000e+00 1.129536e+00 1.129536e+00 0.000000e+00 -1.870836e-02
0.000000e+00 8.140000e+00 1.128503e+00 1.128504e+00 0.000000e+00 -1.852775e-02
0.000000e+00 8.195000e+00 1.127477e+00 1.127477e+00 0.000000e+00 -1.835700e-02
0.000000e+00 8.250000e+00 1.126455e+00 1.126455e+00 0.000000e+00 -1.819582e-02
0.000000e+00 8.305000e+00 1.125438e+00 1.125438e+00 0.000000e+00 -1.804249e-02
0.000000e+00 8.360000e+00 1.124430e+00 1.124430e+00 0.000000e+00 -1.789454e-02
0.000000e+00 8.415000e+00 1.123435e+00 1.123435e+00 0.000000e+00 -1.774972e-02
0.000000e+00 8.470000e+00 1.122454e+00 1.122454e+00 0.000000e+00 -1.760655e-02
0.000000e+00 8.525000e+00 1.121489e+00 1.121489e+00 0.000000e+00 -1.746427e-02
0.000000e+00 8.580000e+00 1.120541e+00 1.120541e+00 0.000000e+00 -1.732220e-02
0.000000e+00 8.635000e+00 1.119609e+00 1.119609e+00 0.000000e+00 -1.717902e-02
0.000000e+00 8.690000e+00 1.118697e+00 1.118697e+00 0.000000e+00 -1.703253e-02
0.000000e+00 8.745000e+00 1.117807e+00 1.117807e+00 0.000000e+00 -1.688022e-02
0.000000e+00 8.800000e+00 1.116939e+00 1.116939e+00 0.000000e+00 -1.672031e-02
0.000000e+00 8.855000e+00 1.116091e+00 1.116091e+00 0.000000e+00 -1.655284e-02
0.000000e+00 8.910000e+00 1.115259e+00 1.115259e+00 0.000000e+00 -1.638004e-02
0.000000e+00 8.965000e+00 1.114435e+00 1.114435e+00 0.000000e+00 -1.620549e-02
0.000000e+00 9.020000e+00 1.113614e+00 1.113614e+00 0.000000e+00 -1.603226e-02
0.000000e+00 9.075000e+00 1.112795e+00 1.112795e+00 0.000000e+00 -1.586026e-02
0.000000e+00 9.130000e+00 1.111980e+00 1.111980e+00 0.000000e+00 -1.568417e-02
0.000000e+00 9.185000e+00 1.111173e+00 1.111174e+00 0.000000e+00 -1.549348e-02
0.000000e+00 9.240000e+00 1.110380e+00 1.110380e+00 0.000000e+00 -1.527598e-02
0.000000e+00 9.295000e+00 1.109602e+00 1.109601e+00 0.000000e+00 -1.502499e-02
0.000000e+00 9.350000e+00 1.108838e+00 1.108836e+00 0.000000e+00 -1.474757e-02
0.000000e+00 9.405000e+00 1.108084e+00 1.108081e+00 0.000000e+00 -1.446939e-02
0.000000e+00 9.460000e+00 1.107336e+00 1.107332e+00 0.000000e+00 -1.423055e-02
0.000000e+00 9.515000e+00 1.106592e+00 1.106586e+00 0.000000e+00 -1.407233e-02
0.000000e+00 9.570000e+00 1.105852e+00 1.105844e+00 0.000000e+00 -1.401738e-02
0.000000e+00 9.625000e+00 1.105116e+00 1.105107e+00 0.000000e+00 -1.405766e-02
0.000000e+00 9.680000e+00 1.104390e+00 1.104381e+00 0.000000e+00 -1.415230e-02
0.000000e+00 9.735000e+00 1.103678e+00 1.103668e+00 0.000000e+00 -1.424988e-02
0.000000e+00 9.790000e+00 1.102986e+00 1.102975e+00 0.000000e+00 -1.430438e-02
0.000000e+00 9.845000e+00 1.102306e+00 1.102296e+00 0.000000e+00 -1.430842e-02
0.000000e+00 9.900000e+00 1.101651e+00 1.101641e+00 0.000000e+00 -1.425996e-02
0.000000e+00 9.955000e+00 1.100984e+00 1.100974e+00 0.000000e+00 -1.420902e-02
0.000000e+00 1.001000e+01 1.105114e+00 1.105104e+00 -0.000000e+00 -1.013850e-02
0.000000e+00 1.006500e+01 1.105114e+00 1.105104e+00 -0.000000e+00 -1.013850e-02
0.000000e+00 1.012000e+01 1.105114e+00 1.105104e+00 -0.000000e+00 -1.013850e-02
0.000000e+00 1.017500e+01 1.105114e+00 1.105104e+00 -0.000000e+00 -1.013850e-02
0.000000e+00 1.023000e+01 1.105114e+00 1.105104e+00 -0.000000e+00 -1.013850e-02
0.000000e+00 1.028500e+01 1.105114e+00 1.105104e+00 -0.000000e+00 -1.013850e-02
0.000000e+00 1.034000e+01 1.105114e+00 1.105104e+00 -0.000000e+00 -1.013850e-02
0.000000e+00 1.039500e+01 1.105114e+00 1.105104e+00 -0.000000e+00 -1.013850e-02
0.000000e+00 1.045000e+01 1.105114e+00 1.105104e+00 -0.000000e+00 -1.013850e-02
0.000000e+00 1.050500e+01 1.105114e+00 1.105104e+00 -0.000000e+00 -1.013850e-02
0.000000e+00 1.056000e+01 1.105114e+00 1.105104e+00 -0.000000e+00 -1.013850e-02
0.000000e+00 1.061500e+01 1.105114e+00 1.105104e+00 -0.000000e+00 -1.013850e-02
0.000000e+00 1.067000e+01 1.105114e+00 1.105104e+00 -0.000000e+00 -1.013850e-02
0.000000e+00 1.072500e+01 1.105114e+00 1.105104e+00 -0.000000e+00 -1.013850e-02
0.000000e+00 1.078000e+01 1.105114e+00 1.105104e+00 -0.000000e+00 -1.013850e-02
0.000000e+00 1.083500e+01 1.105114e+00 1.105104e+00 -0.000000e+00 -1.013850e-02
0.000000e+00 1.089000e+01 1.105114e+00 1.105104e+00 -0.000000e+00 -1.013850e-02
0.000000e+00 1.094500e+01 1.105114e+00 1.105104e+00 -0.000000e+00 -1.013850e-02
0.000000e+00 1.100000e+01 1.105114e+00 1.105104e+00 -0.000000e+00 -1.013850e-02
