#############TIME##################
6.061736e-01 
###################################
0.000000e+00 0.000000e+00 1.644839e+01 1.644959e+01 0.000000e+00 -3.091034e+00
0.000000e+00 5.500000e-02 1.644839e+01 1.644959e+01 0.000000e+00 -3.091034e+00
0.000000e+00 1.100000e-01 6.394109e+00 6.394245e+00 0.000000e+00 -3.091034e+00
0.000000e+00 1.650000e-01 4.186613e+00 4.186667e+00 0.000000e+00 -2.371865e+00
0.000000e+00 2.200000e-01 3.142225e+00 3.142258e+00 0.000000e+00 -2.012655e+00
0.000000e+00 2.750000e-01 2.508848e+00 2.508869e+00 0.000000e+00 -1.732038e+00
0.000000e+00 3.300000e-01 2.120284e+00 2.120298e+00 0.000000e+00 -1.515221e+00
0.000000e+00 3.850000e-01 1.849490e+00 1.849500e+00 0.000000e+00 -1.345659e+00
0.000000e+00 4.400000e-01 1.664375e+00 1.664382e+00 0.000000e+00 -1.202480e+00
0.000000e+00 4.950000e-01 1.528341e+00 1.528346e+00 0.000000e+00 -1.084440e+00
0.000000e+00 5.500000e-01 1.428558e+00 1.428561e+00 0.000000e+00 -9.818620e-01
0.000000e+00 6.050000e-01 1.353842e+00 1.353845e+00 0.000000e+00 -8.931502e-01
0.000000e+00 6.600000e-01 1.297080e+00 1.297082e+00 0.000000e+00 -8.146688e-01
0.000000e+00 7.150000e-01 1.253868e+00 1.253870e+00 0.000000e+00 -7.450910e-01
0.000000e+00 7.700000e-01 1.220666e+00 1.220667e+00 0.000000e+00 -6.827510e-01
0.000000e+00 8.250000e-01 1.195159e+00 1.195160e+00 0.000000e+00 -6.267602e-01
0.000000e+00 8.800000e-01 1.175475e+00 1.175476e+00 0.000000e+00 -5.762556e-01
0.000000e+00 9.350000e-01 1.160264e+00 1.160265e+00 0.000000e+00 -5.306469e-01
0.000000e+00 9.900000e-01 1.148463e+00 1.148463e+00 0.000000e+00 -4.893964e-01
0.000000e+00 1.045000e+00 1.139297e+00 1.139297e+00 0.000000e+00 -4.520579e-01
0.000000e+00 1.100000e+00 1.132165e+00 1.132165e+00 0.000000e+00 -4.182226e-01
0.000000e+00 1.155000e+00 1.126607e+00 1.126607e+00 0.000000e+00 -3.875365e-01
0.000000e+00 1.210000e+00 1.122264e+00 1.122265e+00 0.000000e+00 -3.596814e-01
0.000000e+00 1.265000e+00 1.118861e+00 1.118861e+00 0.000000e+00 -3.343738e-01
0.000000e+00 1.320000e+00 1.116183e+00 1.116183e+00 0.000000e+00 -3.113573e-01
0.000000e+00 1.375000e+00 1.114069e+00 1.114069e+00 0.000000e+00 -2.904015e-01
0.000000e+00 1.430000e+00 1.112392e+00 1.112393e+00 0.000000e+00 -2.712988e-01
0.000000e+00 1.485000e+00 1.111058e+00 1.111058e+00 0.000000e+00 -2.538631e-01
0.000000e+00 1.540000e+00 1.109991e+00 1.109992e+00 0.000000e+00 -2.379271e-01
0.000000e+00 1.595000e+00 1.109135e+00 1.109135e+00 0.000000e+00 -2.233413e-01
0.000000e+00 1.650000e+00 1.108445e+00 1.108445e+00 0.000000e+00 -2.099717e-01
0.000000e+00 1.705000e+00 1.107886e+00 1.107886e+00 0.000000e+00 -1.976985e-01
0.000000e+00 1.760000e+00 1.107431e+00 1.107431e+00 0.000000e+00 -1.864145e-01
0.000000e+00 1.815000e+00 1.107060e+00 1.107060e+00 0.000000e+00 -1.760238e-01
0.000000e+00 1.870000e+00 1.106755e+00 1.106755e+00 0.000000e+00 -1.664406e-01
0.000000e+00 1.925000e+00 1.106503e+00 1.106503e+00 0.000000e+00 -1.575884e-01
0.000000e+00 1.980000e+00 1.106295e+00 1.106295e+00 0.000000e+00 -1.493985e-01
0.000000e+00 2.035000e+00 1.106122e+00 1.106122e+00 0.000000e+00 -1.418096e-01
0.000000e+00 2.090000e+00 1.105977e+00 1.105977e+00 0.000000e+00 -1.347669e-01
0.000000e+00 2.145000e+00 1.105856e+00 1.105856e+00 0.000000e+00 -1.282214e-01
0.000000e+00 2.200000e+00 1.105754e+00 1.105754e+00 0.000000e+00 -1.221290e-01
0.000000e+00 2.255000e+00 1.105667e+00 1.105667e+00 0.000000e+00 -1.164502e-01
0.000000e+00 2.310000e+00 1.105594e+00 1.105594e+00 0.000000e+00 -1.111496e-01
0.000000e+00 2.365000e+00 1.105532e+00 1.105532e+00 0.000000e+00 -1.061953e-01
0.000000e+00 2.420000e+00 1.105479e+00 1.105479e+00 0.000000e+00 -1.015586e-01
0.000000e+00 2.475000e+00 1.105434e+00 1.105434e+00 0.000000e+00 -9.721363e-02
0.000000e+00 2.530000e+00 1.105395e+00 1.105395e+00 0.000000e+00 -9.313691e-02
0.000000e+00 2.585000e+00 1.105361e+00 1.105361e+00 0.000000e+00 -8.930730e-02
0.000000e+00 2.640000e+00 1.105332e+00 1.105332e+00 0.000000e+00 -8.570563e-02
0.000000e+00 2.695000e+00 1.105307e+00 1.105307e+00 0.000000e+00 -8.231451e-02
0.000000e+00 2.750000e+00 1.105285e+00 1.105285e+00 0.000000e+00 -7.911811e-02
0.000000e+00 2.805000e+00 1.105266e+00 1.105266e+00 0.000000e+00 -7.610206e-02
0.000000e+00 2.860000e+00 1.105250e+00 1.105250e+00 0.000000e+00 -7.325325e-02
0.000000e+00 2.915000e+00 1.105235e+00 1.105235e+00 0.000000e+00 -7.055972e-02
0.000000e+00 2.970000e+00 1.105222e+00 1.105222e+00 0.000000e+00 -6.801053e-02
0.000000e+00 3.025000e+00 1.105211e+00 1.105211e+00 0.000000e+00 -6.559570e-02
0.000000e+00 3.080000e+00 1.105201e+00 1.105201e+00 0.000000e+00 -6.330605e-02
0.000000e+00 3.135000e+00 1.105192e+00 1.105192e+00 0.000000e+00 -6.113318e-02
0.000000e+00 3.190000e+00 1.105185e+00 1.105185e+00 0.000000e+00 -5.906936e-02
0.000000e+00 3.245000e+00 1.105178e+00 1.105178e+00 0.000000e+00 -5.710750e-02
0.000000e+00 3.300000e+00 1.105172e+00 1.105172e+00 0.000000e+00 -5.524106e-02
0.000000e+00 3.355000e+00 1.105166e+00 1.105166e+00 0.000000e+00 -5.346399e-02
0.000000e+00 3.410000e+00 1.105161e+00 1.105161e+00 0.000000e+00 -5.177074e-02
0.000000e+00 3.465000e+00 1.105157e+00 1.105157e+00 0.000000e+00 -5.015616e-02
0.000000e+00 3.520000e+00 1.105153e+00 1.105153e+00 0.000000e+00 -4.861549e-02
0.000000e+00 3.575000e+00 1.105150e+00 1.105150e+00 0.000000e+00 -4.714432e-02
0.000000e+00 3.630000e+00 1.105147e+00 1.105147e+00 0.000000e+00 -4.573856e-02
0.000000e+00 3.685000e+00 1.105144e+00 1.105144e+00 0.000000e+00 -4.439442e-02
0.000000e+00 3.740000e+00 1.105141e+00 1.105141e+00 0.000000e+00 -4.310837e-02
0.000000e+00 3.795000e+00 1.105139e+00 1.105139e+00 0.000000e+00 -4.187713e-02
0.000000e+00 3.850000e+00 1.105137e+00 1.105137e+00 0.000000e+00 -4.069765e-02
0.000000e+00 3.905000e+00 1.105135e+00 1.105135e+00 0.000000e+00 -3.956709e-02
0.000000e+00 3.960000e+00 1.105133e+00 1.105133e+00 0.000000e+00 -3.848279e-02
0.000000e+00 4.015000e+00 1.105132e+00 1.105132e+00 0.000000e+00 -3.744228e-02
0.000000e+00 4.070000e+00 1.105130e+00 1.105130e+00 0.000000e+00 -3.644324e-02
0.000000e+00 4.125000e+00 1.105129e+00 1.105129e+00 0.000000e+00 -3.548351e-02
0.000000e+00 4.180000e+00 1.105128e+00 1.105128e+00 0.000000e+00 -3.456106e-02
0.000000e+00 4.235000e+00 1.105127e+00 1.105127e+00 0.000000e+00 -3.367399e-02
0.000000e+00 4.290000e+00 1.105126e+00 1.105126e+00 0.000000e+00 -3.282053e-02
0.000000e+00 4.345000e+00 1.105125e+00 1.105125e+00 0.000000e+00 -3.199900e-02
0.000000e+00 4.400000e+00 1.105124e+00 1.105124e+00 0.000000e+00 -3.120784e-02
0.000000e+00 4.455000e+00 1.105124e+00 1.105124e+00 0.000000e+00 -3.044558e-02
0.000000e+00 4.510000e+00 1.105123e+00 1.105123e+00 0.000000e+00 -2.971082e-02
0.000000e+00 4.565000e+00 1.105122e+00 1.105122e+00 0.000000e+00 -2.900228e-02
0.000000e+00 4.620000e+00 1.105122e+00 1.105122e+00 0.000000e+00 -2.831871e-02
0.000000e+00 4.675000e+00 1.105121e+00 1.105121e+00 0.000000e+00 -2.765896e-02
0.000000e+00 4.730000e+00 1.105121e+00 1.105121e+00 0.000000e+00 -2.702195e-02
0.000000e+00 4.785000e+00 1.105120e+00 1.105120e+00 0.000000e+00 -2.640664e-02
0.000000e+00 4.840000e+00 1.105120e+00 1.105120e+00 0.000000e+00 -2.581207e-02
0.000000e+00 4.895000e+00 1.105119e+00 1.105119e+00 0.000000e+00 -2.523730e-02
0.000000e+00 4.950000e+00 1.105119e+00 1.105119e+00 0.000000e+00 -2.468148e-02
0.000000e+00 5.005000e+00 1.105119e+00 1.105119e+00 0.000000e+00 -2.414378e-02
0.000000e+00 5.060000e+00 1.105119e+00 1.105119e+00 0.000000e+00 -2.362343e-02
0.000000e+00 5.115000e+00 1.105118e+00 1.105118e+00 0.000000e+00 -2.311969e-02
0.000000e+00 5.170000e+00 1.105118e+00 1.105118e+00 0.000000e+00 -2.263186e-02
0.000000e+00 5.225000e+00 1.105118e+00 1.105118e+00 0.000000e+00 -2.215928e-02
0.000000e+00 5.280000e+00 1.105118e+00 1.105118e+00 0.000000e+00 -2.170132e-02
0.000000e+00 5.335000e+00 1.105117e+00 1.105117e+00 0.000000e+00 -2.125739e-02
0.000000e+00 5.390000e+00 1.105117e+00 1.105117e+00 0.000000e+00 -2.082692e-02
0.000000e+00 5.445000e+00 1.105117e+00 1.105117e+00 0.000000e+00 -2.040937e-02
0.000000e+00 5.500000e+00 1.105117e+00 1.105117e+00 0.000000e+00 -2.000423e-02
0.000000e+00 5.555000e+00 1.105117e+00 1.105117e+00 0.000000e+00 -1.961102e-02
0.000000e+00 5.610000e+00 1.105116e+00 1.105116e+00 0.000000e+00 -1.922928e-02
0.000000e+00 5.665000e+00 1.105116e+00 1.105116e+00 0.000000e+00 -1.885856e-02
0.000000e+00 5.720000e+00 1.105116e+00 1.105116e+00 0.000000e+00 -1.849844e-02
0.000000e+00 5.775000e+00 1.105116e+00 1.105116e+00 0.000000e+00 -1.814852e-02
0.000000e+00 5.830000e+00 1.105116e+00 1.105116e+00 0.000000e+00 -1.780843e-02
0.000000e+00 5.885000e+00 1.105116e+00 1.105116e+00 0.000000e+00 -1.747779e-02
0.000000e+00 5.940000e+00 1.105116e+00 1.105116e+00 0.000000e+00 -1.715627e-02
0.000000e+00 5.995000e+00 1.105116e+00 1.105116e+00 0.000000e+00 -1.684353e-02
0.000000e+00 6.050000e+00 1.105116e+00 1.105116e+00 0.000000e+00 -1.653925e-02
0.000000e+00 6.105000e+00 1.105116e+00 1.105116e+00 0.000000e+00 -1.624313e-02
0.000000e+00 6.160000e+00 1.105115e+00 1.105115e+00 0.000000e+00 -1.595488e-02
0.000000e+00 6.215000e+00 1.105115e+00 1.105115e+00 0.000000e+00 -1.567424e-02
0.000000e+00 6.270000e+00 1.105115e+00 1.105115e+00 0.000000e+00 -1.540092e-02
0.000000e+00 6.325000e+00 1.105115e+00 1.105115e+00 0.000000e+00 -1.513469e-02
0.000000e+00 6.380000e+00 1.105115e+00 1.105115e+00 0.000000e+00 -1.487529e-02
0.000000e+00 6.435000e+00 1.105115e+00 1.105115e+00 0.000000e+00 -1.462249e-02
0.000000e+00 6.490000e+00 1.105115e+00 1.105115e+00 0.000000e+00 -1.437608e-02
0.000000e+00 6.545000e+00 1.105115e+00 1.105115e+00 0.000000e+00 -1.413585e-02
0.000000e+00 6.600000e+00 1.105115e+00 1.105115e+00 0.000000e+00 -1.390157e-02
0.000000e+00 6.655000e+00 1.105115e+00 1.105115e+00 0.000000e+00 -1.367307e-02
0.000000e+00 6.710000e+00 1.105115e+00 1.105115e+00 0.000000e+00 -1.345015e-02
0.000000e+00 6.765000e+00 1.105115e+00 1.105115e+00 0.000000e+00 -1.323264e-02
0.000000e+00 6.820000e+00 1.105115e+00 1.105115e+00 0.000000e+00 -1.302035e-02
0.000000e+00 6.875000e+00 1.105115e+00 1.105115e+00 0.000000e+00 -1.281313e-02
0.000000e+00 6.930000e+00 1.105115e+00 1.105115e+00 0.000000e+00 -1.261081e-02
0.000000e+00 6.985000e+00 1.105115e+00 1.105115e+00 0.000000e+00 -1.241324e-02
0.000000e+00 7.040000e+00 1.105115e+00 1.105115e+00 0.000000e+00 -1.222028e-02
0.000000e+00 7.095000e+00 1.105115e+00 1.105115e+00 0.000000e+00 -1.203177e-02
0.000000e+00 7.150000e+00 1.105115e+00 1.105115e+00 0.000000e+00 -1.184760e-02
0.000000e+00 7.205000e+00 1.105115e+00 1.105115e+00 0.000000e+00 -1.166761e-02
0.000000e+00 7.260000e+00 1.105115e+00 1.105115e+00 0.000000e+00 -1.149170e-02
0.000000e+00 7.315000e+00 1.105115e+00 1.105115e+00 0.000000e+00 -1.131972e-02
0.000000e+00 7.370000e+00 1.105115e+00 1.105115e+00 0.000000e+00 -1.115158e-02
0.000000e+00 7.425000e+00 1.105115e+00 1.105115e+00 0.000000e+00 -1.098716e-02
0.000000e+00 7.480000e+00 1.105115e+00 1.105115e+00 0.000000e+00 -1.082634e-02
0.000000e+00 7.535000e+00 1.105114e+00 1.105114e+00 0.000000e+00 -1.066902e-02
0.000000e+00 7.590000e+00 1.105114e+00 1.105114e+00 0.000000e+00 -1.051511e-02
0.000000e+00 7.645000e+00 1.105114e+00 1.105114e+00 0.000000e+00 -1.036450e-02
0.000000e+00 7.700000e+00 1.105114e+00 1.105114e+00 0.000000e+00 -1.021711e-02
0.000000e+00 7.755000e+00 1.105114e+00 1.105114e+00 0.000000e+00 -1.007283e-02
0.000000e+00 7.810000e+00 1.105114e+00 1.105114e+00 0.000000e+00 -9.931585e-03
0.000000e+00 7.865000e+00 1.105114e+00 1.105114e+00 0.000000e+00 -9.793290e-03
0.000000e+00 7.920000e+00 1.105114e+00 1.105114e+00 0.000000e+00 -9.657861e-03
0.000000e+00 7.975000e+00 1.105114e+00 1.105114e+00 0.000000e+00 -9.525221e-03
0.000000e+00 8.030000e+00 1.105114e+00 1.105114e+00 0.000000e+00 -9.395293e-03
0.000000e+00 8.085000e+00 1.105114e+00 1.105114e+00 0.000000e+00 -9.268005e-03
0.000000e+00 8.140000e+00 1.105114e+00 1.105114e+00 0.000000e+00 -9.143284e-03
0.000000e+00 8.195000e+00 1.105114e+00 1.105114e+00 0.000000e+00 -9.021063e-03
0.000000e+00 8.250000e+00 1.105114e+00 1.105114e+00 0.000000e+00 -8.901275e-03
0.000000e+00 8.305000e+00 1.105114e+00 1.105114e+00 0.000000e+00 -8.783857e-03
0.000000e+00 8.360000e+00 1.105114e+00 1.105114e+00 0.000000e+00 -8.668745e-03
0.000000e+00 8.415000e+00 1.105114e+00 1.105114e+00 0.000000e+00 -8.555880e-03
0.000000e+00 8.470000e+00 1.105114e+00 1.105114e+00 0.000000e+00 -8.445206e-03
0.000000e+00 8.525000e+00 1.105114e+00 1.105114e+00 0.000000e+00 -8.336665e-03
0.000000e+00 8.580000e+00 1.105114e+00 1.105114e+00 0.000000e+00 -8.230192e-03
0.000000e+00 8.635000e+00 1.105114e+00 1.105114e+00 0.000000e+00 -8.125734e-03
0.000000e+00 8.690000e+00 1.105114e+00 1.105114e+00 0.000000e+00 -8.023300e-03
0.000000e+00 8.745000e+00 1.105114e+00 1.105114e+00 0.000000e+00 -7.922895e-03
0.000000e+00 8.800000e+00 1.105114e+00 1.105114e+00 0.000000e+00 -7.824221e-03
0.000000e+00 8.855000e+00 1.105114e+00 1.105114e+00 0.000000e+00 -7.726690e-03
0.000000e+00 8.910000e+00 1.105113e+00 1.105113e+00 0.000000e+00 -7.630848e-03
0.000000e+00 8.965000e+00 1.105115e+00 1.105115e+00 0.000000e+00 -7.539952e-03
0.000000e+00 9.020000e+00 1.105123e+00 1.105123e+00 0.000000e+00 -7.455659e-03
0.000000e+00 9.075000e+00 1.105124e+00 1.105124e+00 0.000000e+00 -7.366335e-03
0.000000e+00 9.130000e+00 1.105092e+00 1.105092e+00 0.000000e+00 -7.249323e-03
0.000000e+00 9.185000e+00 1.105045e+00 1.105045e+00 0.000000e+00 -7.119472e-03
0.000000e+00 9.240000e+00 1.105121e+00 1.105121e+00 0.000000e+00 -7.103491e-03
0.000000e+00 9.295000e+00 1.105634e+00 1.105634e+00 0.000000e+00 -7.482726e-03
0.000000e+00 9.350000e+00 1.106877e+00 1.106877e+00 0.000000e+00 -8.525373e-03
0.000000e+00 9.405000e+00 1.108569e+00 1.108569e+00 0.000000e+00 -9.968364e-03
0.000000e+00 9.460000e+00 1.109965e+00 1.109965e+00 0.000000e+00 -1.116648e-02
0.000000e+00 9.515000e+00 1.110403e+00 1.110403e+00 0.000000e+00 -1.141572e-02
0.000000e+00 9.570000e+00 1.109934e+00 1.109934e+00 0.000000e+00 -1.101073e-02
0.000000e+00 9.625000e+00 1.109281e+00 1.109281e+00 0.000000e+00 -1.032598e-02
0.000000e+00 9.680000e+00 1.108852e+00 1.108852e+00 0.000000e+00 -9.798014e-03
0.000000e+00 9.735000e+00 1.108648e+00 1.108648e+00 0.000000e+00 -9.563149e-03
0.000000e+00 9.790000e+00 1.108457e+00 1.108457e+00 0.000000e+00 -9.382794e-03
0.000000e+00 9.845000e+00 1.108194e+00 1.108194e+00 0.000000e+00 -9.028790e-03
0.000000e+00 9.900000e+00 1.107827e+00 1.107825e+00 0.000000e+00 -8.630173e-03
0.000000e+00 9.955000e+00 1.107560e+00 1.107554e+00 0.000000e+00 -8.182013e-03
0.000000e+00 1.001000e+01 1.105114e+00 1.105104e+00 -0.000000e+00 -1.013850e-02
0.000000e+00 1.006500e+01 1.105114e+00 1.105104e+00 -0.000000e+00 -1.013850e-02
0.000000e+00 1.012000e+01 1.105114e+00 1.105104e+00 -0.000000e+00 -1.013850e-02
0.000000e+00 1.017500e+01 1.105114e+00 1.105104e+00 -0.000000e+00 -1.013850e-02
0.000000e+00 1.023000e+01 1.105114e+00 1.105104e+00 -0.000000e+00 -1.013850e-02
0.000000e+00 1.028500e+01 1.105114e+00 1.105104e+00 -0.000000e+00 -1.013850e-02
0.000000e+00 1.034000e+01 1.105114e+00 1.105104e+00 -0.000000e+00 -1.013850e-02
0.000000e+00 1.039500e+01 1.105114e+00 1.105104e+00 -0.000000e+00 -1.013850e-02
0.000000e+00 1.045000e+01 1.105114e+00 1.105104e+00 -0.000000e+00 -1.013850e-02
0.000000e+00 1.050500e+01 1.105114e+00 1.105104e+00 -0.000000e+00 -1.013850e-02
0.000000e+00 1.056000e+01 1.105114e+00 1.105104e+00 -0.000000e+00 -1.013850e-02
0.000000e+00 1.061500e+01 1.105114e+00 1.105104e+00 -0.000000e+00 -1.013850e-02
0.000000e+00 1.067000e+01 1.105114e+00 1.105104e+00 -0.000000e+00 -1.013850e-02
0.000000e+00 1.072500e+01 1.105114e+00 1.105104e+00 -0.000000e+00 -1.013850e-02
0.000000e+00 1.078000e+01 1.105114e+00 1.105104e+00 -0.000000e+00 -1.013850e-02
0.000000e+00 1.083500e+01 1.105114e+00 1.105104e+00 -0.000000e+00 -1.013850e-02
0.000000e+00 1.089000e+01 1.105114e+00 1.105104e+00 -0.000000e+00 -1.013850e-02
0.000000e+00 1.094500e+01 1.105114e+00 1.105104e+00 -0.000000e+00 -1.013850e-02
0.000000e+00 1.100000e+01 1.105114e+00 1.105104e+00 -0.000000e+00 -1.013850e-02
