#############TIME##################
7.006617e+00 
###################################
0.000000e+00 0.000000e+00 6.359617e+01 6.360161e+01 0.000000e+00 -3.064085e+00
0.000000e+00 5.500000e-02 6.359617e+01 6.360161e+01 0.000000e+00 -3.064085e+00
0.000000e+00 1.100000e-01 2.408395e+01 2.408478e+01 0.000000e+00 -3.064098e+00
0.000000e+00 1.650000e-01 1.565139e+01 1.565180e+01 0.000000e+00 -2.309466e+00
0.000000e+00 2.200000e-01 1.161138e+01 1.161165e+01 0.000000e+00 -1.936192e+00
0.000000e+00 2.750000e-01 9.085601e+00 9.085792e+00 0.000000e+00 -1.647695e+00
0.000000e+00 3.300000e-01 7.504775e+00 7.504918e+00 0.000000e+00 -1.425345e+00
0.000000e+00 3.850000e-01 6.369020e+00 6.369132e+00 0.000000e+00 -1.253764e+00
0.000000e+00 4.400000e-01 5.567066e+00 5.567155e+00 0.000000e+00 -1.110392e+00
0.000000e+00 4.950000e-01 4.949669e+00 4.949743e+00 0.000000e+00 -9.949100e-01
0.000000e+00 5.500000e-01 4.472461e+00 4.472524e+00 0.000000e+00 -8.968904e-01
0.000000e+00 6.050000e-01 4.093285e+00 4.093339e+00 0.000000e+00 -8.139543e-01
0.000000e+00 6.600000e-01 3.784224e+00 3.784271e+00 0.000000e+00 -7.425651e-01
0.000000e+00 7.150000e-01 3.528881e+00 3.528922e+00 0.000000e+00 -6.809076e-01
0.000000e+00 7.700000e-01 3.314376e+00 3.314412e+00 0.000000e+00 -6.269702e-01
0.000000e+00 8.250000e-01 3.132216e+00 3.132248e+00 0.000000e+00 -5.795905e-01
0.000000e+00 8.800000e-01 2.975670e+00 2.975699e+00 0.000000e+00 -5.376242e-01
0.000000e+00 9.350000e-01 2.839938e+00 2.839965e+00 0.000000e+00 -5.002865e-01
0.000000e+00 9.900000e-01 2.721200e+00 2.721224e+00 0.000000e+00 -4.668678e-01
0.000000e+00 1.045000e+00 2.616571e+00 2.616594e+00 0.000000e+00 -4.368296e-01
0.000000e+00 1.100000e+00 2.523734e+00 2.523755e+00 0.000000e+00 -4.097055e-01
0.000000e+00 1.155000e+00 2.440866e+00 2.440885e+00 0.000000e+00 -3.851229e-01
0.000000e+00 1.210000e+00 2.366481e+00 2.366499e+00 0.000000e+00 -3.627641e-01
0.000000e+00 1.265000e+00 2.299377e+00 2.299394e+00 0.000000e+00 -3.423666e-01
0.000000e+00 1.320000e+00 2.238561e+00 2.238577e+00 0.000000e+00 -3.237060e-01
0.000000e+00 1.375000e+00 2.183210e+00 2.183225e+00 0.000000e+00 -3.065920e-01
0.000000e+00 1.430000e+00 2.132631e+00 2.132645e+00 0.000000e+00 -2.908591e-01
0.000000e+00 1.485000e+00 2.086242e+00 2.086255e+00 0.000000e+00 -2.763634e-01
0.000000e+00 1.540000e+00 2.043545e+00 2.043557e+00 0.000000e+00 -2.629788e-01
0.000000e+00 1.595000e+00 2.004123e+00 2.004135e+00 0.000000e+00 -2.505967e-01
0.000000e+00 1.650000e+00 1.967627e+00 1.967638e+00 0.000000e+00 -2.391257e-01
0.000000e+00 1.705000e+00 1.933766e+00 1.933776e+00 0.000000e+00 -2.284907e-01
0.000000e+00 1.760000e+00 1.902289e+00 1.902299e+00 0.000000e+00 -2.186271e-01
0.000000e+00 1.815000e+00 1.872960e+00 1.872970e+00 0.000000e+00 -2.094691e-01
0.000000e+00 1.870000e+00 1.845534e+00 1.845543e+00 0.000000e+00 -2.009380e-01
0.000000e+00 1.925000e+00 1.819748e+00 1.819757e+00 0.000000e+00 -1.929386e-01
0.000000e+00 1.980000e+00 1.795357e+00 1.795366e+00 0.000000e+00 -1.853757e-01
0.000000e+00 2.035000e+00 1.772192e+00 1.772200e+00 0.000000e+00 -1.781903e-01
0.000000e+00 2.090000e+00 1.750239e+00 1.750247e+00 0.000000e+00 -1.714060e-01
0.000000e+00 2.145000e+00 1.729701e+00 1.729709e+00 0.000000e+00 -1.651694e-01
0.000000e+00 2.200000e+00 1.710997e+00 1.711005e+00 0.000000e+00 -1.597523e-01
0.000000e+00 2.255000e+00 1.694617e+00 1.694624e+00 0.000000e+00 -1.554724e-01
0.000000e+00 2.310000e+00 1.680767e+00 1.680775e+00 0.000000e+00 -1.524793e-01
0.000000e+00 2.365000e+00 1.668949e+00 1.668956e+00 0.000000e+00 -1.505058e-01
0.000000e+00 2.420000e+00 1.658100e+00 1.658106e+00 0.000000e+00 -1.489442e-01
0.000000e+00 2.475000e+00 1.647092e+00 1.647099e+00 0.000000e+00 -1.471250e-01
0.000000e+00 2.530000e+00 1.634903e+00 1.634909e+00 0.000000e+00 -1.444555e-01
0.000000e+00 2.585000e+00 1.621168e+00 1.621175e+00 0.000000e+00 -1.407166e-01
0.000000e+00 2.640000e+00 1.606427e+00 1.606433e+00 0.000000e+00 -1.362410e-01
0.000000e+00 2.695000e+00 1.591587e+00 1.591592e+00 0.000000e+00 -1.315983e-01
0.000000e+00 2.750000e+00 1.577367e+00 1.577372e+00 0.000000e+00 -1.272444e-01
0.000000e+00 2.805000e+00 1.564105e+00 1.564110e+00 0.000000e+00 -1.234044e-01
0.000000e+00 2.860000e+00 1.551791e+00 1.551797e+00 0.000000e+00 -1.200872e-01
0.000000e+00 2.915000e+00 1.540145e+00 1.540150e+00 0.000000e+00 -1.171266e-01
0.000000e+00 2.970000e+00 1.528802e+00 1.528807e+00 0.000000e+00 -1.142976e-01
0.000000e+00 3.025000e+00 1.517558e+00 1.517563e+00 0.000000e+00 -1.114739e-01
0.000000e+00 3.080000e+00 1.506450e+00 1.506455e+00 0.000000e+00 -1.086855e-01
0.000000e+00 3.135000e+00 1.495644e+00 1.495649e+00 0.000000e+00 -1.060473e-01
0.000000e+00 3.190000e+00 1.485270e+00 1.485275e+00 0.000000e+00 -1.036560e-01
0.000000e+00 3.245000e+00 1.475337e+00 1.475341e+00 0.000000e+00 -1.015302e-01
0.000000e+00 3.300000e+00 1.465743e+00 1.465747e+00 0.000000e+00 -9.961415e-02
0.000000e+00 3.355000e+00 1.456355e+00 1.456359e+00 0.000000e+00 -9.782950e-02
0.000000e+00 3.410000e+00 1.447102e+00 1.447106e+00 0.000000e+00 -9.613054e-02
0.000000e+00 3.465000e+00 1.437989e+00 1.437993e+00 0.000000e+00 -9.452048e-02
0.000000e+00 3.520000e+00 1.429064e+00 1.429067e+00 0.000000e+00 -9.302929e-02
0.000000e+00 3.575000e+00 1.420368e+00 1.420372e+00 0.000000e+00 -9.168377e-02
0.000000e+00 3.630000e+00 1.411912e+00 1.411916e+00 0.000000e+00 -9.049317e-02
0.000000e+00 3.685000e+00 1.403678e+00 1.403681e+00 0.000000e+00 -8.945223e-02
0.000000e+00 3.740000e+00 1.395633e+00 1.395636e+00 0.000000e+00 -8.855166e-02
0.000000e+00 3.795000e+00 1.387745e+00 1.387749e+00 0.000000e+00 -8.778509e-02
0.000000e+00 3.850000e+00 1.379985e+00 1.379988e+00 0.000000e+00 -8.714787e-02
0.000000e+00 3.905000e+00 1.372319e+00 1.372322e+00 0.000000e+00 -8.663251e-02
0.000000e+00 3.960000e+00 1.364714e+00 1.364717e+00 0.000000e+00 -8.622826e-02
0.000000e+00 4.015000e+00 1.357142e+00 1.357145e+00 0.000000e+00 -8.592554e-02
0.000000e+00 4.070000e+00 1.349587e+00 1.349590e+00 0.000000e+00 -8.571992e-02
0.000000e+00 4.125000e+00 1.342043e+00 1.342046e+00 0.000000e+00 -8.561214e-02
0.000000e+00 4.180000e+00 1.334512e+00 1.334515e+00 0.000000e+00 -8.560545e-02
0.000000e+00 4.235000e+00 1.326999e+00 1.327001e+00 0.000000e+00 -8.570314e-02
0.000000e+00 4.290000e+00 1.319509e+00 1.319511e+00 0.000000e+00 -8.590761e-02
0.000000e+00 4.345000e+00 1.312052e+00 1.312054e+00 0.000000e+00 -8.622044e-02
0.000000e+00 4.400000e+00 1.304638e+00 1.304640e+00 0.000000e+00 -8.664247e-02
0.000000e+00 4.455000e+00 1.297274e+00 1.297276e+00 0.000000e+00 -8.717355e-02
0.000000e+00 4.510000e+00 1.289968e+00 1.289970e+00 0.000000e+00 -8.781254e-02
0.000000e+00 4.565000e+00 1.282721e+00 1.282723e+00 0.000000e+00 -8.855797e-02
0.000000e+00 4.620000e+00 1.275532e+00 1.275534e+00 0.000000e+00 -8.940819e-02
0.000000e+00 4.675000e+00 1.268403e+00 1.268404e+00 0.000000e+00 -9.036027e-02
0.000000e+00 4.730000e+00 1.261336e+00 1.261338e+00 0.000000e+00 -9.140759e-02
0.000000e+00 4.785000e+00 1.254342e+00 1.254344e+00 0.000000e+00 -9.253796e-02
0.000000e+00 4.840000e+00 1.247434e+00 1.247436e+00 0.000000e+00 -9.373333e-02
0.000000e+00 4.895000e+00 1.240631e+00 1.240632e+00 0.000000e+00 -9.497191e-02
0.000000e+00 4.950000e+00 1.233950e+00 1.233952e+00 0.000000e+00 -9.623115e-02
0.000000e+00 5.005000e+00 1.227409e+00 1.227411e+00 0.000000e+00 -9.749037e-02
0.000000e+00 5.060000e+00 1.221021e+00 1.221023e+00 0.000000e+00 -9.873162e-02
0.000000e+00 5.115000e+00 1.214798e+00 1.214799e+00 0.000000e+00 -9.993923e-02
0.000000e+00 5.170000e+00 1.208749e+00 1.208750e+00 0.000000e+00 -1.010987e-01
0.000000e+00 5.225000e+00 1.202886e+00 1.202887e+00 0.000000e+00 -1.021963e-01
0.000000e+00 5.280000e+00 1.197217e+00 1.197218e+00 0.000000e+00 -1.032193e-01
0.000000e+00 5.335000e+00 1.191750e+00 1.191751e+00 0.000000e+00 -1.041571e-01
0.000000e+00 5.390000e+00 1.186487e+00 1.186488e+00 0.000000e+00 -1.050019e-01
0.000000e+00 5.445000e+00 1.181429e+00 1.181430e+00 0.000000e+00 -1.057490e-01
0.000000e+00 5.500000e+00 1.176573e+00 1.176574e+00 0.000000e+00 -1.063966e-01
0.000000e+00 5.555000e+00 1.171916e+00 1.171917e+00 0.000000e+00 -1.069444e-01
0.000000e+00 5.610000e+00 1.167453e+00 1.167453e+00 0.000000e+00 -1.073929e-01
0.000000e+00 5.665000e+00 1.163178e+00 1.163178e+00 0.000000e+00 -1.077436e-01
0.000000e+00 5.720000e+00 1.159086e+00 1.159086e+00 0.000000e+00 -1.079981e-01
0.000000e+00 5.775000e+00 1.155171e+00 1.155172e+00 0.000000e+00 -1.081587e-01
0.000000e+00 5.830000e+00 1.151429e+00 1.151429e+00 0.000000e+00 -1.082285e-01
0.000000e+00 5.885000e+00 1.147852e+00 1.147852e+00 0.000000e+00 -1.082109e-01
0.000000e+00 5.940000e+00 1.144434e+00 1.144434e+00 0.000000e+00 -1.081100e-01
0.000000e+00 5.995000e+00 1.141169e+00 1.141169e+00 0.000000e+00 -1.079300e-01
0.000000e+00 6.050000e+00 1.138051e+00 1.138052e+00 0.000000e+00 -1.076747e-01
0.000000e+00 6.105000e+00 1.135074e+00 1.135074e+00 0.000000e+00 -1.073484e-01
0.000000e+00 6.160000e+00 1.132232e+00 1.132232e+00 0.000000e+00 -1.069549e-01
0.000000e+00 6.215000e+00 1.129518e+00 1.129519e+00 0.000000e+00 -1.064981e-01
0.000000e+00 6.270000e+00 1.126928e+00 1.126928e+00 0.000000e+00 -1.059819e-01
0.000000e+00 6.325000e+00 1.124456e+00 1.124456e+00 0.000000e+00 -1.054104e-01
0.000000e+00 6.380000e+00 1.122096e+00 1.122096e+00 0.000000e+00 -1.047872e-01
0.000000e+00 6.435000e+00 1.119843e+00 1.119843e+00 0.000000e+00 -1.041161e-01
0.000000e+00 6.490000e+00 1.117693e+00 1.117693e+00 0.000000e+00 -1.034005e-01
0.000000e+00 6.545000e+00 1.115640e+00 1.115640e+00 0.000000e+00 -1.026436e-01
0.000000e+00 6.600000e+00 1.113679e+00 1.113679e+00 0.000000e+00 -1.018487e-01
0.000000e+00 6.655000e+00 1.111806e+00 1.111806e+00 0.000000e+00 -1.010186e-01
0.000000e+00 6.710000e+00 1.110017e+00 1.110017e+00 0.000000e+00 -1.001565e-01
0.000000e+00 6.765000e+00 1.108307e+00 1.108307e+00 0.000000e+00 -9.926510e-02
0.000000e+00 6.820000e+00 1.106673e+00 1.106673e+00 0.000000e+00 -9.834730e-02
0.000000e+00 6.875000e+00 1.105111e+00 1.105111e+00 0.000000e+00 -9.740562e-02
0.000000e+00 6.930000e+00 1.103617e+00 1.103617e+00 0.000000e+00 -9.644245e-02
0.000000e+00 6.985000e+00 1.102188e+00 1.102188e+00 0.000000e+00 -9.546000e-02
0.000000e+00 7.040000e+00 1.100820e+00 1.100820e+00 0.000000e+00 -9.446034e-02
0.000000e+00 7.095000e+00 1.099511e+00 1.099510e+00 0.000000e+00 -9.344547e-02
0.000000e+00 7.150000e+00 1.098256e+00 1.098256e+00 0.000000e+00 -9.241729e-02
0.000000e+00 7.205000e+00 1.097054e+00 1.097054e+00 0.000000e+00 -9.137763e-02
0.000000e+00 7.260000e+00 1.095902e+00 1.095902e+00 0.000000e+00 -9.032824e-02
0.000000e+00 7.315000e+00 1.094797e+00 1.094797e+00 0.000000e+00 -8.927082e-02
0.000000e+00 7.370000e+00 1.093738e+00 1.093738e+00 0.000000e+00 -8.820693e-02
0.000000e+00 7.425000e+00 1.092721e+00 1.092721e+00 0.000000e+00 -8.713799e-02
0.000000e+00 7.480000e+00 1.091745e+00 1.091745e+00 0.000000e+00 -8.606526e-02
0.000000e+00 7.535000e+00 1.090808e+00 1.090807e+00 0.000000e+00 -8.498985e-02
0.000000e+00 7.590000e+00 1.089906e+00 1.089906e+00 0.000000e+00 -8.391281e-02
0.000000e+00 7.645000e+00 1.089039e+00 1.089039e+00 0.000000e+00 -8.283515e-02
0.000000e+00 7.700000e+00 1.088205e+00 1.088205e+00 0.000000e+00 -8.175787e-02
0.000000e+00 7.755000e+00 1.087401e+00 1.087401e+00 0.000000e+00 -8.068194e-02
0.000000e+00 7.810000e+00 1.086627e+00 1.086627e+00 0.000000e+00 -7.960824e-02
0.000000e+00 7.865000e+00 1.085880e+00 1.085880e+00 0.000000e+00 -7.853757e-02
0.000000e+00 7.920000e+00 1.085160e+00 1.085160e+00 0.000000e+00 -7.747060e-02
0.000000e+00 7.975000e+00 1.084465e+00 1.084464e+00 0.000000e+00 -7.640797e-02
0.000000e+00 8.030000e+00 1.083793e+00 1.083793e+00 0.000000e+00 -7.535027e-02
0.000000e+00 8.085000e+00 1.083144e+00 1.083144e+00 0.000000e+00 -7.429807e-02
0.000000e+00 8.140000e+00 1.082516e+00 1.082516e+00 0.000000e+00 -7.325190e-02
0.000000e+00 8.195000e+00 1.081909e+00 1.081909e+00 0.000000e+00 -7.221218e-02
0.000000e+00 8.250000e+00 1.081323e+00 1.081323e+00 0.000000e+00 -7.117917e-02
0.000000e+00 8.305000e+00 1.080755e+00 1.080755e+00 0.000000e+00 -7.015303e-02
0.000000e+00 8.360000e+00 1.080207e+00 1.080207e+00 0.000000e+00 -6.913384e-02
0.000000e+00 8.415000e+00 1.079677e+00 1.079677e+00 0.000000e+00 -6.812165e-02
0.000000e+00 8.470000e+00 1.079166e+00 1.079166e+00 0.000000e+00 -6.711655e-02
0.000000e+00 8.525000e+00 1.078674e+00 1.078674e+00 0.000000e+00 -6.611864e-02
0.000000e+00 8.580000e+00 1.078202e+00 1.078202e+00 0.000000e+00 -6.512799e-02
0.000000e+00 8.635000e+00 1.077749e+00 1.077749e+00 0.000000e+00 -6.414453e-02
0.000000e+00 8.690000e+00 1.077316e+00 1.077315e+00 0.000000e+00 -6.316809e-02
0.000000e+00 8.745000e+00 1.076902e+00 1.076902e+00 0.000000e+00 -6.219833e-02
0.000000e+00 8.800000e+00 1.076508e+00 1.076508e+00 0.000000e+00 -6.123482e-02
0.000000e+00 8.855000e+00 1.076134e+00 1.076134e+00 0.000000e+00 -6.027705e-02
0.000000e+00 8.910000e+00 1.075778e+00 1.075777e+00 0.000000e+00 -5.932452e-02
0.000000e+00 8.965000e+00 1.075439e+00 1.075439e+00 0.000000e+00 -5.837676e-02
0.000000e+00 9.020000e+00 1.075117e+00 1.075117e+00 0.000000e+00 -5.743345e-02
0.000000e+00 9.075000e+00 1.074809e+00 1.074809e+00 0.000000e+00 -5.649416e-02
0.000000e+00 9.130000e+00 1.074515e+00 1.074515e+00 0.000000e+00 -5.555841e-02
0.000000e+00 9.185000e+00 1.074232e+00 1.074232e+00 0.000000e+00 -5.462531e-02
0.000000e+00 9.240000e+00 1.073959e+00 1.073959e+00 0.000000e+00 -5.369433e-02
0.000000e+00 9.295000e+00 1.073693e+00 1.073693e+00 0.000000e+00 -5.276498e-02
0.000000e+00 9.350000e+00 1.073432e+00 1.073432e+00 0.000000e+00 -5.183832e-02
0.000000e+00 9.405000e+00 1.073174e+00 1.073174e+00 0.000000e+00 -5.091375e-02
0.000000e+00 9.460000e+00 1.072915e+00 1.072915e+00 0.000000e+00 -4.999118e-02
0.000000e+00 9.515000e+00 1.072656e+00 1.072656e+00 0.000000e+00 -4.906247e-02
0.000000e+00 9.570000e+00 1.072390e+00 1.072390e+00 0.000000e+00 -4.812516e-02
0.000000e+00 9.625000e+00 1.072126e+00 1.072125e+00 0.000000e+00 -4.716647e-02
0.000000e+00 9.680000e+00 1.071848e+00 1.071845e+00 0.000000e+00 -4.620879e-02
0.000000e+00 9.735000e+00 1.071581e+00 1.071577e+00 0.000000e+00 -4.525029e-02
0.000000e+00 9.790000e+00 1.071279e+00 1.071273e+00 0.000000e+00 -4.437759e-02
0.000000e+00 9.845000e+00 1.071028e+00 1.071019e+00 0.000000e+00 -4.355438e-02
0.000000e+00 9.900000e+00 1.070675e+00 1.070666e+00 0.000000e+00 -4.294090e-02
0.000000e+00 9.955000e+00 1.070546e+00 1.070536e+00 0.000000e+00 -4.226901e-02
0.000000e+00 1.001000e+01 1.105114e+00 1.105104e+00 -0.000000e+00 -1.013850e-02
0.000000e+00 1.006500e+01 1.105114e+00 1.105104e+00 -0.000000e+00 -1.013850e-02
0.000000e+00 1.012000e+01 1.105114e+00 1.105104e+00 -0.000000e+00 -1.013850e-02
0.000000e+00 1.017500e+01 1.105114e+00 1.105104e+00 -0.000000e+00 -1.013850e-02
0.000000e+00 1.023000e+01 1.105114e+00 1.105104e+00 -0.000000e+00 -1.013850e-02
0.000000e+00 1.028500e+01 1.105114e+00 1.105104e+00 -0.000000e+00 -1.013850e-02
0.000000e+00 1.034000e+01 1.105114e+00 1.105104e+00 -0.000000e+00 -1.013850e-02
0.000000e+00 1.039500e+01 1.105114e+00 1.105104e+00 -0.000000e+00 -1.013850e-02
0.000000e+00 1.045000e+01 1.105114e+00 1.105104e+00 -0.000000e+00 -1.013850e-02
0.000000e+00 1.050500e+01 1.105114e+00 1.105104e+00 -0.000000e+00 -1.013850e-02
0.000000e+00 1.056000e+01 1.105114e+00 1.105104e+00 -0.000000e+00 -1.013850e-02
0.000000e+00 1.061500e+01 1.105114e+00 1.105104e+00 -0.000000e+00 -1.013850e-02
0.000000e+00 1.067000e+01 1.105114e+00 1.105104e+00 -0.000000e+00 -1.013850e-02
0.000000e+00 1.072500e+01 1.105114e+00 1.105104e+00 -0.000000e+00 -1.013850e-02
0.000000e+00 1.078000e+01 1.105114e+00 1.105104e+00 -0.000000e+00 -1.013850e-02
0.000000e+00 1.083500e+01 1.105114e+00 1.105104e+00 -0.000000e+00 -1.013850e-02
0.000000e+00 1.089000e+01 1.105114e+00 1.105104e+00 -0.000000e+00 -1.013850e-02
0.000000e+00 1.094500e+01 1.105114e+00 1.105104e+00 -0.000000e+00 -1.013850e-02
0.000000e+00 1.100000e+01 1.105114e+00 1.105104e+00 -0.000000e+00 -1.013850e-02
