#############TIME##################
2.480246e+01 
###################################
0.000000e+00 0.000000e+00 5.803523e+01 5.804014e+01 0.000000e+00 -3.063941e+00
0.000000e+00 5.500000e-02 5.803523e+01 5.804014e+01 0.000000e+00 -3.063941e+00
0.000000e+00 1.100000e-01 2.197782e+01 2.197856e+01 0.000000e+00 -3.063954e+00
0.000000e+00 1.650000e-01 1.428279e+01 1.428315e+01 0.000000e+00 -2.309259e+00
0.000000e+00 2.200000e-01 1.059605e+01 1.059628e+01 0.000000e+00 -1.935957e+00
0.000000e+00 2.750000e-01 8.291188e+00 8.291355e+00 0.000000e+00 -1.647428e+00
0.000000e+00 3.300000e-01 6.848691e+00 6.848815e+00 0.000000e+00 -1.425041e+00
0.000000e+00 3.850000e-01 5.812391e+00 5.812487e+00 0.000000e+00 -1.253419e+00
0.000000e+00 4.400000e-01 5.080720e+00 5.080798e+00 0.000000e+00 -1.110009e+00
0.000000e+00 4.950000e-01 4.517524e+00 4.517587e+00 0.000000e+00 -9.944749e-01
0.000000e+00 5.500000e-01 4.082267e+00 4.082320e+00 0.000000e+00 -8.963936e-01
0.000000e+00 6.050000e-01 3.736521e+00 3.736567e+00 0.000000e+00 -8.133844e-01
0.000000e+00 6.600000e-01 3.454744e+00 3.454783e+00 0.000000e+00 -7.419150e-01
0.000000e+00 7.150000e-01 3.221943e+00 3.221977e+00 0.000000e+00 -6.801779e-01
0.000000e+00 7.700000e-01 3.026361e+00 3.026391e+00 0.000000e+00 -6.261692e-01
0.000000e+00 8.250000e-01 2.860254e+00 2.860281e+00 0.000000e+00 -5.787255e-01
0.000000e+00 8.800000e-01 2.717500e+00 2.717524e+00 0.000000e+00 -5.367004e-01
0.000000e+00 9.350000e-01 2.593734e+00 2.593756e+00 0.000000e+00 -4.993053e-01
0.000000e+00 9.900000e-01 2.485473e+00 2.485493e+00 0.000000e+00 -4.658297e-01
0.000000e+00 1.045000e+00 2.390080e+00 2.390099e+00 0.000000e+00 -4.357370e-01
0.000000e+00 1.100000e+00 2.305435e+00 2.305452e+00 0.000000e+00 -4.085631e-01
0.000000e+00 1.155000e+00 2.229885e+00 2.229901e+00 0.000000e+00 -3.839332e-01
0.000000e+00 1.210000e+00 2.162099e+00 2.162114e+00 0.000000e+00 -3.615200e-01
0.000000e+00 1.265000e+00 2.101009e+00 2.101023e+00 0.000000e+00 -3.410485e-01
0.000000e+00 1.320000e+00 2.045721e+00 2.045733e+00 0.000000e+00 -3.222852e-01
0.000000e+00 1.375000e+00 1.995469e+00 1.995481e+00 0.000000e+00 -3.050424e-01
0.000000e+00 1.430000e+00 1.949591e+00 1.949602e+00 0.000000e+00 -2.891693e-01
0.000000e+00 1.485000e+00 1.907518e+00 1.907528e+00 0.000000e+00 -2.745403e-01
0.000000e+00 1.540000e+00 1.868785e+00 1.868794e+00 0.000000e+00 -2.610408e-01
0.000000e+00 1.595000e+00 1.833020e+00 1.833029e+00 0.000000e+00 -2.485580e-01
0.000000e+00 1.650000e+00 1.799926e+00 1.799935e+00 0.000000e+00 -2.369822e-01
0.000000e+00 1.705000e+00 1.769250e+00 1.769258e+00 0.000000e+00 -2.262139e-01
0.000000e+00 1.760000e+00 1.740760e+00 1.740768e+00 0.000000e+00 -2.161710e-01
0.000000e+00 1.815000e+00 1.714239e+00 1.714247e+00 0.000000e+00 -2.067895e-01
0.000000e+00 1.870000e+00 1.689483e+00 1.689490e+00 0.000000e+00 -1.980189e-01
0.000000e+00 1.925000e+00 1.666311e+00 1.666318e+00 0.000000e+00 -1.898154e-01
0.000000e+00 1.980000e+00 1.644568e+00 1.644575e+00 0.000000e+00 -1.821375e-01
0.000000e+00 2.035000e+00 1.624124e+00 1.624130e+00 0.000000e+00 -1.749451e-01
0.000000e+00 2.090000e+00 1.604862e+00 1.604868e+00 0.000000e+00 -1.682006e-01
0.000000e+00 2.145000e+00 1.586685e+00 1.586690e+00 0.000000e+00 -1.618689e-01
0.000000e+00 2.200000e+00 1.569506e+00 1.569511e+00 0.000000e+00 -1.559169e-01
0.000000e+00 2.255000e+00 1.553252e+00 1.553258e+00 0.000000e+00 -1.503127e-01
0.000000e+00 2.310000e+00 1.537860e+00 1.537865e+00 0.000000e+00 -1.450257e-01
0.000000e+00 2.365000e+00 1.523270e+00 1.523275e+00 0.000000e+00 -1.400291e-01
0.000000e+00 2.420000e+00 1.509424e+00 1.509429e+00 0.000000e+00 -1.353001e-01
0.000000e+00 2.475000e+00 1.496266e+00 1.496271e+00 0.000000e+00 -1.308203e-01
0.000000e+00 2.530000e+00 1.483742e+00 1.483747e+00 0.000000e+00 -1.265742e-01
0.000000e+00 2.585000e+00 1.471806e+00 1.471811e+00 0.000000e+00 -1.225471e-01
0.000000e+00 2.640000e+00 1.460416e+00 1.460420e+00 0.000000e+00 -1.187252e-01
0.000000e+00 2.695000e+00 1.449532e+00 1.449536e+00 0.000000e+00 -1.150952e-01
0.000000e+00 2.750000e+00 1.439124e+00 1.439128e+00 0.000000e+00 -1.116447e-01
0.000000e+00 2.805000e+00 1.429160e+00 1.429164e+00 0.000000e+00 -1.083618e-01
0.000000e+00 2.860000e+00 1.419614e+00 1.419618e+00 0.000000e+00 -1.052353e-01
0.000000e+00 2.915000e+00 1.410462e+00 1.410465e+00 0.000000e+00 -1.022553e-01
0.000000e+00 2.970000e+00 1.401676e+00 1.401679e+00 0.000000e+00 -9.941451e-02
0.000000e+00 3.025000e+00 1.393229e+00 1.393232e+00 0.000000e+00 -9.670786e-02
0.000000e+00 3.080000e+00 1.385094e+00 1.385098e+00 0.000000e+00 -9.413153e-02
0.000000e+00 3.135000e+00 1.377253e+00 1.377256e+00 0.000000e+00 -9.168023e-02
0.000000e+00 3.190000e+00 1.369692e+00 1.369695e+00 0.000000e+00 -8.934570e-02
0.000000e+00 3.245000e+00 1.362405e+00 1.362407e+00 0.000000e+00 -8.711711e-02
0.000000e+00 3.300000e+00 1.355384e+00 1.355387e+00 0.000000e+00 -8.498350e-02
0.000000e+00 3.355000e+00 1.348622e+00 1.348625e+00 0.000000e+00 -8.293623e-02
0.000000e+00 3.410000e+00 1.342103e+00 1.342106e+00 0.000000e+00 -8.096985e-02
0.000000e+00 3.465000e+00 1.335811e+00 1.335814e+00 0.000000e+00 -7.908070e-02
0.000000e+00 3.520000e+00 1.329735e+00 1.329737e+00 0.000000e+00 -7.726462e-02
0.000000e+00 3.575000e+00 1.323865e+00 1.323868e+00 0.000000e+00 -7.551561e-02
0.000000e+00 3.630000e+00 1.318199e+00 1.318201e+00 0.000000e+00 -7.382656e-02
0.000000e+00 3.685000e+00 1.312731e+00 1.312733e+00 0.000000e+00 -7.219161e-02
0.000000e+00 3.740000e+00 1.307450e+00 1.307452e+00 0.000000e+00 -7.060850e-02
0.000000e+00 3.795000e+00 1.302339e+00 1.302341e+00 0.000000e+00 -6.907917e-02
0.000000e+00 3.850000e+00 1.297379e+00 1.297381e+00 0.000000e+00 -6.760823e-02
0.000000e+00 3.905000e+00 1.292549e+00 1.292551e+00 0.000000e+00 -6.620001e-02
0.000000e+00 3.960000e+00 1.287839e+00 1.287841e+00 0.000000e+00 -6.485572e-02
0.000000e+00 4.015000e+00 1.283244e+00 1.283246e+00 0.000000e+00 -6.357201e-02
0.000000e+00 4.070000e+00 1.278769e+00 1.278771e+00 0.000000e+00 -6.234138e-02
0.000000e+00 4.125000e+00 1.274423e+00 1.274425e+00 0.000000e+00 -6.115398e-02
0.000000e+00 4.180000e+00 1.270214e+00 1.270215e+00 0.000000e+00 -5.999993e-02
0.000000e+00 4.235000e+00 1.266146e+00 1.266148e+00 0.000000e+00 -5.887137e-02
0.000000e+00 4.290000e+00 1.262218e+00 1.262220e+00 0.000000e+00 -5.776385e-02
0.000000e+00 4.345000e+00 1.258422e+00 1.258423e+00 0.000000e+00 -5.667690e-02
0.000000e+00 4.400000e+00 1.254744e+00 1.254745e+00 0.000000e+00 -5.561371e-02
0.000000e+00 4.455000e+00 1.251166e+00 1.251167e+00 0.000000e+00 -5.458004e-02
0.000000e+00 4.510000e+00 1.247671e+00 1.247673e+00 0.000000e+00 -5.358231e-02
0.000000e+00 4.565000e+00 1.244246e+00 1.244247e+00 0.000000e+00 -5.262537e-02
0.000000e+00 4.620000e+00 1.240882e+00 1.240884e+00 0.000000e+00 -5.171056e-02
0.000000e+00 4.675000e+00 1.237582e+00 1.237583e+00 0.000000e+00 -5.083495e-02
0.000000e+00 4.730000e+00 1.234351e+00 1.234353e+00 0.000000e+00 -4.999201e-02
0.000000e+00 4.785000e+00 1.231200e+00 1.231201e+00 0.000000e+00 -4.917366e-02
0.000000e+00 4.840000e+00 1.228134e+00 1.228135e+00 0.000000e+00 -4.837275e-02
0.000000e+00 4.895000e+00 1.225157e+00 1.225158e+00 0.000000e+00 -4.758487e-02
0.000000e+00 4.950000e+00 1.222265e+00 1.222266e+00 0.000000e+00 -4.680876e-02
0.000000e+00 5.005000e+00 1.219453e+00 1.219455e+00 0.000000e+00 -4.604537e-02
0.000000e+00 5.060000e+00 1.216717e+00 1.216718e+00 0.000000e+00 -4.529617e-02
0.000000e+00 5.115000e+00 1.214051e+00 1.214052e+00 0.000000e+00 -4.456181e-02
0.000000e+00 5.170000e+00 1.211454e+00 1.211455e+00 0.000000e+00 -4.384193e-02
0.000000e+00 5.225000e+00 1.208925e+00 1.208926e+00 0.000000e+00 -4.313597e-02
0.000000e+00 5.280000e+00 1.206458e+00 1.206459e+00 0.000000e+00 -4.244442e-02
0.000000e+00 5.335000e+00 1.204046e+00 1.204047e+00 0.000000e+00 -4.176956e-02
0.000000e+00 5.390000e+00 1.201678e+00 1.201679e+00 0.000000e+00 -4.111525e-02
0.000000e+00 5.445000e+00 1.199341e+00 1.199342e+00 0.000000e+00 -4.048597e-02
0.000000e+00 5.500000e+00 1.197030e+00 1.197031e+00 0.000000e+00 -3.988585e-02
0.000000e+00 5.555000e+00 1.194748e+00 1.194748e+00 0.000000e+00 -3.931801e-02
0.000000e+00 5.610000e+00 1.192505e+00 1.192506e+00 0.000000e+00 -3.878403e-02
0.000000e+00 5.665000e+00 1.190318e+00 1.190319e+00 0.000000e+00 -3.828281e-02
0.000000e+00 5.720000e+00 1.188199e+00 1.188200e+00 0.000000e+00 -3.780890e-02
0.000000e+00 5.775000e+00 1.186149e+00 1.186150e+00 0.000000e+00 -3.735162e-02
0.000000e+00 5.830000e+00 1.184156e+00 1.184156e+00 0.000000e+00 -3.689684e-02
0.000000e+00 5.885000e+00 1.182200e+00 1.182201e+00 0.000000e+00 -3.643203e-02
0.000000e+00 5.940000e+00 1.180266e+00 1.180267e+00 0.000000e+00 -3.595216e-02
0.000000e+00 5.995000e+00 1.178349e+00 1.178349e+00 0.000000e+00 -3.546232e-02
0.000000e+00 6.050000e+00 1.176453e+00 1.176454e+00 0.000000e+00 -3.497462e-02
0.000000e+00 6.105000e+00 1.174592e+00 1.174593e+00 0.000000e+00 -3.450104e-02
0.000000e+00 6.160000e+00 1.172775e+00 1.172775e+00 0.000000e+00 -3.404685e-02
0.000000e+00 6.215000e+00 1.171002e+00 1.171003e+00 0.000000e+00 -3.360899e-02
0.000000e+00 6.270000e+00 1.169271e+00 1.169272e+00 0.000000e+00 -3.318002e-02
0.000000e+00 6.325000e+00 1.167576e+00 1.167576e+00 0.000000e+00 -3.275416e-02
0.000000e+00 6.380000e+00 1.165913e+00 1.165914e+00 0.000000e+00 -3.233069e-02
0.000000e+00 6.435000e+00 1.164282e+00 1.164282e+00 0.000000e+00 -3.191306e-02
0.000000e+00 6.490000e+00 1.162681e+00 1.162681e+00 0.000000e+00 -3.150540e-02
0.000000e+00 6.545000e+00 1.161108e+00 1.161108e+00 0.000000e+00 -3.110978e-02
0.000000e+00 6.600000e+00 1.159561e+00 1.159562e+00 0.000000e+00 -3.072572e-02
0.000000e+00 6.655000e+00 1.158041e+00 1.158041e+00 0.000000e+00 -3.035121e-02
0.000000e+00 6.710000e+00 1.156547e+00 1.156548e+00 0.000000e+00 -2.998399e-02
0.000000e+00 6.765000e+00 1.155082e+00 1.155083e+00 0.000000e+00 -2.962216e-02
0.000000e+00 6.820000e+00 1.153647e+00 1.153647e+00 0.000000e+00 -2.926442e-02
0.000000e+00 6.875000e+00 1.152240e+00 1.152241e+00 0.000000e+00 -2.891025e-02
0.000000e+00 6.930000e+00 1.150861e+00 1.150861e+00 0.000000e+00 -2.855990e-02
0.000000e+00 6.985000e+00 1.149506e+00 1.149507e+00 0.000000e+00 -2.821424e-02
0.000000e+00 7.040000e+00 1.148173e+00 1.148173e+00 0.000000e+00 -2.787435e-02
0.000000e+00 7.095000e+00 1.146857e+00 1.146857e+00 0.000000e+00 -2.754126e-02
0.000000e+00 7.150000e+00 1.145556e+00 1.145556e+00 0.000000e+00 -2.721596e-02
0.000000e+00 7.205000e+00 1.144267e+00 1.144268e+00 0.000000e+00 -2.689935e-02
0.000000e+00 7.260000e+00 1.142989e+00 1.142989e+00 0.000000e+00 -2.659220e-02
0.000000e+00 7.315000e+00 1.141721e+00 1.141722e+00 0.000000e+00 -2.629470e-02
0.000000e+00 7.370000e+00 1.140466e+00 1.140466e+00 0.000000e+00 -2.600607e-02
0.000000e+00 7.425000e+00 1.139227e+00 1.139227e+00 0.000000e+00 -2.572429e-02
0.000000e+00 7.480000e+00 1.138010e+00 1.138010e+00 0.000000e+00 -2.544603e-02
0.000000e+00 7.535000e+00 1.136824e+00 1.136824e+00 0.000000e+00 -2.516723e-02
0.000000e+00 7.590000e+00 1.135675e+00 1.135676e+00 0.000000e+00 -2.488398e-02
0.000000e+00 7.645000e+00 1.134568e+00 1.134569e+00 0.000000e+00 -2.459379e-02
0.000000e+00 7.700000e+00 1.133501e+00 1.133501e+00 0.000000e+00 -2.429677e-02
0.000000e+00 7.755000e+00 1.132465e+00 1.132465e+00 0.000000e+00 -2.399618e-02
0.000000e+00 7.810000e+00 1.131447e+00 1.131447e+00 0.000000e+00 -2.369820e-02
0.000000e+00 7.865000e+00 1.130430e+00 1.130430e+00 0.000000e+00 -2.341066e-02
0.000000e+00 7.920000e+00 1.129399e+00 1.129400e+00 0.000000e+00 -2.314095e-02
0.000000e+00 7.975000e+00 1.128348e+00 1.128348e+00 0.000000e+00 -2.289373e-02
0.000000e+00 8.030000e+00 1.127276e+00 1.127277e+00 0.000000e+00 -2.266905e-02
0.000000e+00 8.085000e+00 1.126196e+00 1.126197e+00 0.000000e+00 -2.246168e-02
0.000000e+00 8.140000e+00 1.125127e+00 1.125127e+00 0.000000e+00 -2.226204e-02
0.000000e+00 8.195000e+00 1.124088e+00 1.124088e+00 0.000000e+00 -2.205875e-02
0.000000e+00 8.250000e+00 1.123095e+00 1.123095e+00 0.000000e+00 -2.184205e-02
0.000000e+00 8.305000e+00 1.122155e+00 1.122155e+00 0.000000e+00 -2.160689e-02
0.000000e+00 8.360000e+00 1.121261e+00 1.121261e+00 0.000000e+00 -2.135474e-02
0.000000e+00 8.415000e+00 1.120400e+00 1.120400e+00 0.000000e+00 -2.109322e-02
0.000000e+00 8.470000e+00 1.119550e+00 1.119550e+00 0.000000e+00 -2.083345e-02
0.000000e+00 8.525000e+00 1.118694e+00 1.118694e+00 0.000000e+00 -2.058622e-02
0.000000e+00 8.580000e+00 1.117821e+00 1.117821e+00 0.000000e+00 -2.035813e-02
0.000000e+00 8.635000e+00 1.116931e+00 1.116931e+00 0.000000e+00 -2.014938e-02
0.000000e+00 8.690000e+00 1.116035e+00 1.116035e+00 0.000000e+00 -1.995395e-02
0.000000e+00 8.745000e+00 1.115146e+00 1.115146e+00 0.000000e+00 -1.976211e-02
0.000000e+00 8.800000e+00 1.114280e+00 1.114281e+00 0.000000e+00 -1.956417e-02
0.000000e+00 8.855000e+00 1.113446e+00 1.113446e+00 0.000000e+00 -1.935382e-02
0.000000e+00 8.910000e+00 1.112643e+00 1.112643e+00 0.000000e+00 -1.912977e-02
0.000000e+00 8.965000e+00 1.111866e+00 1.111866e+00 0.000000e+00 -1.889524e-02
0.000000e+00 9.020000e+00 1.111103e+00 1.111103e+00 0.000000e+00 -1.865563e-02
0.000000e+00 9.075000e+00 1.110347e+00 1.110347e+00 0.000000e+00 -1.841552e-02
0.000000e+00 9.130000e+00 1.109592e+00 1.109593e+00 0.000000e+00 -1.817589e-02
0.000000e+00 9.185000e+00 1.108843e+00 1.108843e+00 0.000000e+00 -1.793226e-02
0.000000e+00 9.240000e+00 1.108102e+00 1.108103e+00 0.000000e+00 -1.767465e-02
0.000000e+00 9.295000e+00 1.107377e+00 1.107377e+00 0.000000e+00 -1.739057e-02
0.000000e+00 9.350000e+00 1.106668e+00 1.106668e+00 0.000000e+00 -1.707168e-02
0.000000e+00 9.405000e+00 1.105975e+00 1.105973e+00 0.000000e+00 -1.672314e-02
0.000000e+00 9.460000e+00 1.105291e+00 1.105288e+00 0.000000e+00 -1.637042e-02
0.000000e+00 9.515000e+00 1.104612e+00 1.104607e+00 0.000000e+00 -1.605775e-02
0.000000e+00 9.570000e+00 1.103935e+00 1.103928e+00 0.000000e+00 -1.583287e-02
0.000000e+00 9.625000e+00 1.103259e+00 1.103251e+00 0.000000e+00 -1.572430e-02
0.000000e+00 9.680000e+00 1.102588e+00 1.102579e+00 0.000000e+00 -1.572127e-02
0.000000e+00 9.735000e+00 1.101928e+00 1.101918e+00 0.000000e+00 -1.577524e-02
0.000000e+00 9.790000e+00 1.101282e+00 1.101272e+00 0.000000e+00 -1.581919e-02
0.000000e+00 9.845000e+00 1.100650e+00 1.100640e+00 0.000000e+00 -1.580956e-02
0.000000e+00 9.900000e+00 1.100036e+00 1.100026e+00 0.000000e+00 -1.573438e-02
0.000000e+00 9.955000e+00 1.099422e+00 1.099412e+00 0.000000e+00 -1.562585e-02
0.000000e+00 1.001000e+01 1.105114e+00 1.105104e+00 -0.000000e+00 -1.013850e-02
0.000000e+00 1.006500e+01 1.105114e+00 1.105104e+00 -0.000000e+00 -1.013850e-02
0.000000e+00 1.012000e+01 1.105114e+00 1.105104e+00 -0.000000e+00 -1.013850e-02
0.000000e+00 1.017500e+01 1.105114e+00 1.105104e+00 -0.000000e+00 -1.013850e-02
0.000000e+00 1.023000e+01 1.105114e+00 1.105104e+00 -0.000000e+00 -1.013850e-02
0.000000e+00 1.028500e+01 1.105114e+00 1.105104e+00 -0.000000e+00 -1.013850e-02
0.000000e+00 1.034000e+01 1.105114e+00 1.105104e+00 -0.000000e+00 -1.013850e-02
0.000000e+00 1.039500e+01 1.105114e+00 1.105104e+00 -0.000000e+00 -1.013850e-02
0.000000e+00 1.045000e+01 1.105114e+00 1.105104e+00 -0.000000e+00 -1.013850e-02
0.000000e+00 1.050500e+01 1.105114e+00 1.105104e+00 -0.000000e+00 -1.013850e-02
0.000000e+00 1.056000e+01 1.105114e+00 1.105104e+00 -0.000000e+00 -1.013850e-02
0.000000e+00 1.061500e+01 1.105114e+00 1.105104e+00 -0.000000e+00 -1.013850e-02
0.000000e+00 1.067000e+01 1.105114e+00 1.105104e+00 -0.000000e+00 -1.013850e-02
0.000000e+00 1.072500e+01 1.105114e+00 1.105104e+00 -0.000000e+00 -1.013850e-02
0.000000e+00 1.078000e+01 1.105114e+00 1.105104e+00 -0.000000e+00 -1.013850e-02
0.000000e+00 1.083500e+01 1.105114e+00 1.105104e+00 -0.000000e+00 -1.013850e-02
0.000000e+00 1.089000e+01 1.105114e+00 1.105104e+00 -0.000000e+00 -1.013850e-02
0.000000e+00 1.094500e+01 1.105114e+00 1.105104e+00 -0.000000e+00 -1.013850e-02
0.000000e+00 1.100000e+01 1.105114e+00 1.105104e+00 -0.000000e+00 -1.013850e-02
