#############TIME##################
1.490399e+01 
###################################
0.000000e+00 0.000000e+00 5.704419e+01 5.704900e+01 0.000000e+00 -3.062917e+00
0.000000e+00 5.500000e-02 5.704419e+01 5.704900e+01 0.000000e+00 -3.062917e+00
0.000000e+00 1.100000e-01 2.159847e+01 2.159919e+01 0.000000e+00 -3.062930e+00
0.000000e+00 1.650000e-01 1.403677e+01 1.403712e+01 0.000000e+00 -2.307510e+00
0.000000e+00 2.200000e-01 1.041397e+01 1.041421e+01 0.000000e+00 -1.933774e+00
0.000000e+00 2.750000e-01 8.148600e+00 8.148762e+00 0.000000e+00 -1.644854e+00
0.000000e+00 3.300000e-01 6.731155e+00 6.731277e+00 0.000000e+00 -1.422054e+00
0.000000e+00 3.850000e-01 5.712617e+00 5.712711e+00 0.000000e+00 -1.250057e+00
0.000000e+00 4.400000e-01 4.993643e+00 4.993718e+00 0.000000e+00 -1.106239e+00
0.000000e+00 4.950000e-01 4.440206e+00 4.440268e+00 0.000000e+00 -9.903131e-01
0.000000e+00 5.500000e-01 4.012326e+00 4.012378e+00 0.000000e+00 -8.918833e-01
0.000000e+00 6.050000e-01 3.672447e+00 3.672491e+00 0.000000e+00 -8.085284e-01
0.000000e+00 6.600000e-01 3.395483e+00 3.395521e+00 0.000000e+00 -7.367167e-01
0.000000e+00 7.150000e-01 3.166716e+00 3.166749e+00 0.000000e+00 -6.746373e-01
0.000000e+00 7.700000e-01 2.974590e+00 2.974619e+00 0.000000e+00 -6.202788e-01
0.000000e+00 8.250000e-01 2.811489e+00 2.811515e+00 0.000000e+00 -5.724786e-01
0.000000e+00 8.800000e-01 2.671370e+00 2.671393e+00 0.000000e+00 -5.300930e-01
0.000000e+00 9.350000e-01 2.549928e+00 2.549949e+00 0.000000e+00 -4.923373e-01
0.000000e+00 9.900000e-01 2.443736e+00 2.443755e+00 0.000000e+00 -4.585021e-01
0.000000e+00 1.045000e+00 2.350210e+00 2.350227e+00 0.000000e+00 -4.280477e-01
0.000000e+00 1.100000e+00 2.267273e+00 2.267290e+00 0.000000e+00 -4.005069e-01
0.000000e+00 1.155000e+00 2.193296e+00 2.193311e+00 0.000000e+00 -3.755054e-01
0.000000e+00 1.210000e+00 2.126947e+00 2.126961e+00 0.000000e+00 -3.527238e-01
0.000000e+00 1.265000e+00 2.067150e+00 2.067163e+00 0.000000e+00 -3.318983e-01
0.000000e+00 1.320000e+00 2.013013e+00 2.013025e+00 0.000000e+00 -3.128038e-01
0.000000e+00 1.375000e+00 1.963796e+00 1.963808e+00 0.000000e+00 -2.952497e-01
0.000000e+00 1.430000e+00 1.918882e+00 1.918892e+00 0.000000e+00 -2.790719e-01
0.000000e+00 1.485000e+00 1.877747e+00 1.877757e+00 0.000000e+00 -2.641283e-01
0.000000e+00 1.540000e+00 1.839949e+00 1.839959e+00 0.000000e+00 -2.502945e-01
0.000000e+00 1.595000e+00 1.805112e+00 1.805121e+00 0.000000e+00 -2.374607e-01
0.000000e+00 1.650000e+00 1.772911e+00 1.772920e+00 0.000000e+00 -2.255304e-01
0.000000e+00 1.705000e+00 1.743069e+00 1.743077e+00 0.000000e+00 -2.144189e-01
0.000000e+00 1.760000e+00 1.715344e+00 1.715352e+00 0.000000e+00 -2.040519e-01
0.000000e+00 1.815000e+00 1.689527e+00 1.689534e+00 0.000000e+00 -1.943642e-01
0.000000e+00 1.870000e+00 1.665434e+00 1.665440e+00 0.000000e+00 -1.852977e-01
0.000000e+00 1.925000e+00 1.642903e+00 1.642910e+00 0.000000e+00 -1.768001e-01
0.000000e+00 1.980000e+00 1.621793e+00 1.621799e+00 0.000000e+00 -1.688250e-01
0.000000e+00 2.035000e+00 1.601977e+00 1.601983e+00 0.000000e+00 -1.613302e-01
0.000000e+00 2.090000e+00 1.583340e+00 1.583346e+00 0.000000e+00 -1.542779e-01
0.000000e+00 2.145000e+00 1.565784e+00 1.565789e+00 0.000000e+00 -1.476338e-01
0.000000e+00 2.200000e+00 1.549219e+00 1.549224e+00 0.000000e+00 -1.413663e-01
0.000000e+00 2.255000e+00 1.533567e+00 1.533572e+00 0.000000e+00 -1.354464e-01
0.000000e+00 2.310000e+00 1.518759e+00 1.518764e+00 0.000000e+00 -1.298469e-01
0.000000e+00 2.365000e+00 1.504734e+00 1.504738e+00 0.000000e+00 -1.245430e-01
0.000000e+00 2.420000e+00 1.491436e+00 1.491441e+00 0.000000e+00 -1.195118e-01
0.000000e+00 2.475000e+00 1.478816e+00 1.478820e+00 0.000000e+00 -1.147327e-01
0.000000e+00 2.530000e+00 1.466827e+00 1.466831e+00 0.000000e+00 -1.101870e-01
0.000000e+00 2.585000e+00 1.455424e+00 1.455428e+00 0.000000e+00 -1.058584e-01
0.000000e+00 2.640000e+00 1.444568e+00 1.444572e+00 0.000000e+00 -1.017327e-01
0.000000e+00 2.695000e+00 1.434218e+00 1.434222e+00 0.000000e+00 -9.779720e-02
0.000000e+00 2.750000e+00 1.424341e+00 1.424344e+00 0.000000e+00 -9.404090e-02
0.000000e+00 2.805000e+00 1.414903e+00 1.414906e+00 0.000000e+00 -9.045354e-02
0.000000e+00 2.860000e+00 1.405876e+00 1.405879e+00 0.000000e+00 -8.702531e-02
0.000000e+00 2.915000e+00 1.397236e+00 1.397239e+00 0.000000e+00 -8.374649e-02
0.000000e+00 2.970000e+00 1.388960e+00 1.388964e+00 0.000000e+00 -8.060730e-02
0.000000e+00 3.025000e+00 1.381031e+00 1.381034e+00 0.000000e+00 -7.759801e-02
0.000000e+00 3.080000e+00 1.373431e+00 1.373434e+00 0.000000e+00 -7.470915e-02
0.000000e+00 3.135000e+00 1.366143e+00 1.366146e+00 0.000000e+00 -7.193185e-02
0.000000e+00 3.190000e+00 1.359152e+00 1.359155e+00 0.000000e+00 -6.925822e-02
0.000000e+00 3.245000e+00 1.352441e+00 1.352444e+00 0.000000e+00 -6.668180e-02
0.000000e+00 3.300000e+00 1.345994e+00 1.345996e+00 0.000000e+00 -6.419785e-02
0.000000e+00 3.355000e+00 1.339792e+00 1.339795e+00 0.000000e+00 -6.180338e-02
0.000000e+00 3.410000e+00 1.333818e+00 1.333821e+00 0.000000e+00 -5.949674e-02
0.000000e+00 3.465000e+00 1.328056e+00 1.328059e+00 0.000000e+00 -5.727691e-02
0.000000e+00 3.520000e+00 1.322491e+00 1.322493e+00 0.000000e+00 -5.514250e-02
0.000000e+00 3.575000e+00 1.317111e+00 1.317114e+00 0.000000e+00 -5.309105e-02
0.000000e+00 3.630000e+00 1.311908e+00 1.311910e+00 0.000000e+00 -5.111861e-02
0.000000e+00 3.685000e+00 1.306876e+00 1.306878e+00 0.000000e+00 -4.921974e-02
0.000000e+00 3.740000e+00 1.302009e+00 1.302012e+00 0.000000e+00 -4.738784e-02
0.000000e+00 3.795000e+00 1.297307e+00 1.297309e+00 0.000000e+00 -4.561560e-02
0.000000e+00 3.850000e+00 1.292766e+00 1.292768e+00 0.000000e+00 -4.389565e-02
0.000000e+00 3.905000e+00 1.288385e+00 1.288387e+00 0.000000e+00 -4.222133e-02
0.000000e+00 3.960000e+00 1.284161e+00 1.284163e+00 0.000000e+00 -4.058763e-02
0.000000e+00 4.015000e+00 1.280087e+00 1.280089e+00 0.000000e+00 -3.899187e-02
0.000000e+00 4.070000e+00 1.276156e+00 1.276158e+00 0.000000e+00 -3.743380e-02
0.000000e+00 4.125000e+00 1.272356e+00 1.272358e+00 0.000000e+00 -3.591492e-02
0.000000e+00 4.180000e+00 1.268676e+00 1.268678e+00 0.000000e+00 -3.443731e-02
0.000000e+00 4.235000e+00 1.265106e+00 1.265108e+00 0.000000e+00 -3.300243e-02
0.000000e+00 4.290000e+00 1.261637e+00 1.261639e+00 0.000000e+00 -3.161038e-02
0.000000e+00 4.345000e+00 1.258266e+00 1.258268e+00 0.000000e+00 -3.025991e-02
0.000000e+00 4.400000e+00 1.254991e+00 1.254993e+00 0.000000e+00 -2.894883e-02
0.000000e+00 4.455000e+00 1.251812e+00 1.251813e+00 0.000000e+00 -2.767437e-02
0.000000e+00 4.510000e+00 1.248727e+00 1.248728e+00 0.000000e+00 -2.643336e-02
0.000000e+00 4.565000e+00 1.245736e+00 1.245737e+00 0.000000e+00 -2.522214e-02
0.000000e+00 4.620000e+00 1.242838e+00 1.242839e+00 0.000000e+00 -2.403680e-02
0.000000e+00 4.675000e+00 1.240031e+00 1.240033e+00 0.000000e+00 -2.287361e-02
0.000000e+00 4.730000e+00 1.237313e+00 1.237315e+00 0.000000e+00 -2.172987e-02
0.000000e+00 4.785000e+00 1.234681e+00 1.234683e+00 0.000000e+00 -2.060453e-02
0.000000e+00 4.840000e+00 1.232130e+00 1.232131e+00 0.000000e+00 -1.949840e-02
0.000000e+00 4.895000e+00 1.229654e+00 1.229656e+00 0.000000e+00 -1.841376e-02
0.000000e+00 4.950000e+00 1.227248e+00 1.227250e+00 0.000000e+00 -1.735359e-02
0.000000e+00 5.005000e+00 1.224906e+00 1.224907e+00 0.000000e+00 -1.632084e-02
0.000000e+00 5.060000e+00 1.222620e+00 1.222621e+00 0.000000e+00 -1.531783e-02
0.000000e+00 5.115000e+00 1.220386e+00 1.220387e+00 0.000000e+00 -1.434586e-02
0.000000e+00 5.170000e+00 1.218199e+00 1.218200e+00 0.000000e+00 -1.340496e-02
0.000000e+00 5.225000e+00 1.216057e+00 1.216058e+00 0.000000e+00 -1.249352e-02
0.000000e+00 5.280000e+00 1.213961e+00 1.213962e+00 0.000000e+00 -1.160812e-02
0.000000e+00 5.335000e+00 1.211914e+00 1.211915e+00 0.000000e+00 -1.074388e-02
0.000000e+00 5.390000e+00 1.209921e+00 1.209922e+00 0.000000e+00 -9.895614e-03
0.000000e+00 5.445000e+00 1.207985e+00 1.207986e+00 0.000000e+00 -9.059726e-03
0.000000e+00 5.500000e+00 1.206105e+00 1.206106e+00 0.000000e+00 -8.235965e-03
0.000000e+00 5.555000e+00 1.204275e+00 1.204276e+00 0.000000e+00 -7.427884e-03
0.000000e+00 5.610000e+00 1.202484e+00 1.202485e+00 0.000000e+00 -6.641183e-03
0.000000e+00 5.665000e+00 1.200726e+00 1.200727e+00 0.000000e+00 -5.880422e-03
0.000000e+00 5.720000e+00 1.198998e+00 1.198999e+00 0.000000e+00 -5.145912e-03
0.000000e+00 5.775000e+00 1.197303e+00 1.197304e+00 0.000000e+00 -4.432982e-03
0.000000e+00 5.830000e+00 1.195651e+00 1.195652e+00 0.000000e+00 -3.734507e-03
0.000000e+00 5.885000e+00 1.194047e+00 1.194048e+00 0.000000e+00 -3.045228e-03
0.000000e+00 5.940000e+00 1.192491e+00 1.192492e+00 0.000000e+00 -2.364806e-03
0.000000e+00 5.995000e+00 1.190975e+00 1.190976e+00 0.000000e+00 -1.697021e-03
0.000000e+00 6.050000e+00 1.189493e+00 1.189494e+00 0.000000e+00 -1.045366e-03
0.000000e+00 6.105000e+00 1.188045e+00 1.188046e+00 0.000000e+00 -4.084080e-04
0.000000e+00 6.160000e+00 1.186640e+00 1.186641e+00 0.000000e+00 2.208401e-04
0.000000e+00 6.215000e+00 1.185284e+00 1.185285e+00 0.000000e+00 8.498524e-04
0.000000e+00 6.270000e+00 1.183978e+00 1.183979e+00 0.000000e+00 1.478643e-03
0.000000e+00 6.325000e+00 1.182703e+00 1.182704e+00 0.000000e+00 2.094906e-03
0.000000e+00 6.380000e+00 1.181430e+00 1.181431e+00 0.000000e+00 2.677222e-03
0.000000e+00 6.435000e+00 1.180131e+00 1.180132e+00 0.000000e+00 3.206141e-03
0.000000e+00 6.490000e+00 1.178801e+00 1.178802e+00 0.000000e+00 3.676911e-03
0.000000e+00 6.545000e+00 1.177460e+00 1.177461e+00 0.000000e+00 4.105178e-03
0.000000e+00 6.600000e+00 1.176149e+00 1.176150e+00 0.000000e+00 4.520795e-03
0.000000e+00 6.655000e+00 1.174906e+00 1.174906e+00 0.000000e+00 4.952610e-03
0.000000e+00 6.710000e+00 1.173745e+00 1.173745e+00 0.000000e+00 5.412888e-03
0.000000e+00 6.765000e+00 1.172649e+00 1.172649e+00 0.000000e+00 5.890676e-03
0.000000e+00 6.820000e+00 1.171579e+00 1.171580e+00 0.000000e+00 6.358543e-03
0.000000e+00 6.875000e+00 1.170497e+00 1.170498e+00 0.000000e+00 6.788620e-03
0.000000e+00 6.930000e+00 1.169389e+00 1.169390e+00 0.000000e+00 7.168243e-03
0.000000e+00 6.985000e+00 1.168268e+00 1.168269e+00 0.000000e+00 7.506225e-03
0.000000e+00 7.040000e+00 1.167167e+00 1.167168e+00 0.000000e+00 7.826851e-03
0.000000e+00 7.095000e+00 1.166117e+00 1.166118e+00 0.000000e+00 8.156022e-03
0.000000e+00 7.150000e+00 1.165128e+00 1.165128e+00 0.000000e+00 8.507273e-03
0.000000e+00 7.205000e+00 1.164183e+00 1.164184e+00 0.000000e+00 8.874604e-03
0.000000e+00 7.260000e+00 1.163258e+00 1.163259e+00 0.000000e+00 9.235897e-03
0.000000e+00 7.315000e+00 1.162331e+00 1.162331e+00 0.000000e+00 9.565432e-03
0.000000e+00 7.370000e+00 1.161394e+00 1.161395e+00 0.000000e+00 9.849094e-03
0.000000e+00 7.425000e+00 1.160454e+00 1.160454e+00 0.000000e+00 1.009328e-02
0.000000e+00 7.480000e+00 1.159521e+00 1.159521e+00 0.000000e+00 1.032098e-02
0.000000e+00 7.535000e+00 1.158607e+00 1.158607e+00 0.000000e+00 1.055627e-02
0.000000e+00 7.590000e+00 1.157727e+00 1.157727e+00 0.000000e+00 1.080790e-02
0.000000e+00 7.645000e+00 1.156895e+00 1.156896e+00 0.000000e+00 1.106456e-02
0.000000e+00 7.700000e+00 1.156118e+00 1.156119e+00 0.000000e+00 1.130573e-02
0.000000e+00 7.755000e+00 1.155384e+00 1.155385e+00 0.000000e+00 1.151850e-02
0.000000e+00 7.810000e+00 1.154666e+00 1.154666e+00 0.000000e+00 1.170596e-02
0.000000e+00 7.865000e+00 1.153931e+00 1.153931e+00 0.000000e+00 1.188104e-02
0.000000e+00 7.920000e+00 1.153163e+00 1.153163e+00 0.000000e+00 1.205334e-02
0.000000e+00 7.975000e+00 1.152369e+00 1.152370e+00 0.000000e+00 1.222200e-02
0.000000e+00 8.030000e+00 1.151577e+00 1.151577e+00 0.000000e+00 1.237936e-02
0.000000e+00 8.085000e+00 1.150816e+00 1.150817e+00 0.000000e+00 1.251942e-02
0.000000e+00 8.140000e+00 1.150103e+00 1.150103e+00 0.000000e+00 1.264213e-02
0.000000e+00 8.195000e+00 1.149432e+00 1.149433e+00 0.000000e+00 1.275052e-02
0.000000e+00 8.250000e+00 1.148785e+00 1.148785e+00 0.000000e+00 1.284526e-02
0.000000e+00 8.305000e+00 1.148135e+00 1.148135e+00 0.000000e+00 1.292317e-02
0.000000e+00 8.360000e+00 1.147464e+00 1.147464e+00 0.000000e+00 1.298167e-02
0.000000e+00 8.415000e+00 1.146768e+00 1.146768e+00 0.000000e+00 1.302480e-02
0.000000e+00 8.470000e+00 1.146060e+00 1.146061e+00 0.000000e+00 1.306470e-02
0.000000e+00 8.525000e+00 1.145365e+00 1.145366e+00 0.000000e+00 1.311684e-02
0.000000e+00 8.580000e+00 1.144711e+00 1.144711e+00 0.000000e+00 1.319231e-02
0.000000e+00 8.635000e+00 1.144114e+00 1.144114e+00 0.000000e+00 1.329268e-02
0.000000e+00 8.690000e+00 1.143573e+00 1.143573e+00 0.000000e+00 1.340956e-02
0.000000e+00 8.745000e+00 1.143068e+00 1.143068e+00 0.000000e+00 1.352814e-02
0.000000e+00 8.800000e+00 1.142568e+00 1.142568e+00 0.000000e+00 1.363210e-02
0.000000e+00 8.855000e+00 1.142045e+00 1.142045e+00 0.000000e+00 1.370840e-02
0.000000e+00 8.910000e+00 1.141482e+00 1.141482e+00 0.000000e+00 1.375112e-02
0.000000e+00 8.965000e+00 1.140881e+00 1.140881e+00 0.000000e+00 1.376331e-02
0.000000e+00 9.020000e+00 1.140257e+00 1.140258e+00 0.000000e+00 1.375623e-02
0.000000e+00 9.075000e+00 1.139635e+00 1.139636e+00 0.000000e+00 1.374589e-02
0.000000e+00 9.130000e+00 1.139036e+00 1.139036e+00 0.000000e+00 1.374836e-02
0.000000e+00 9.185000e+00 1.138467e+00 1.138468e+00 0.000000e+00 1.377541e-02
0.000000e+00 9.240000e+00 1.137924e+00 1.137925e+00 0.000000e+00 1.383248e-02
0.000000e+00 9.295000e+00 1.137384e+00 1.137385e+00 0.000000e+00 1.391853e-02
0.000000e+00 9.350000e+00 1.136825e+00 1.136825e+00 0.000000e+00 1.402785e-02
0.000000e+00 9.405000e+00 1.136227e+00 1.136226e+00 0.000000e+00 1.414969e-02
0.000000e+00 9.460000e+00 1.135590e+00 1.135588e+00 0.000000e+00 1.426986e-02
0.000000e+00 9.515000e+00 1.134930e+00 1.134927e+00 0.000000e+00 1.436815e-02
0.000000e+00 9.570000e+00 1.134283e+00 1.134278e+00 0.000000e+00 1.442552e-02
0.000000e+00 9.625000e+00 1.133676e+00 1.133669e+00 0.000000e+00 1.441483e-02
0.000000e+00 9.680000e+00 1.133136e+00 1.133127e+00 0.000000e+00 1.431219e-02
0.000000e+00 9.735000e+00 1.132648e+00 1.132638e+00 0.000000e+00 1.407084e-02
0.000000e+00 9.790000e+00 1.132203e+00 1.132193e+00 0.000000e+00 1.368901e-02
0.000000e+00 9.845000e+00 1.131728e+00 1.131718e+00 0.000000e+00 1.318158e-02
0.000000e+00 9.900000e+00 1.131244e+00 1.131234e+00 0.000000e+00 1.273491e-02
0.000000e+00 9.955000e+00 1.130619e+00 1.130610e+00 0.000000e+00 1.241556e-02
0.000000e+00 1.001000e+01 1.105114e+00 1.105104e+00 -0.000000e+00 -1.013850e-02
0.000000e+00 1.006500e+01 1.105114e+00 1.105104e+00 -0.000000e+00 -1.013850e-02
0.000000e+00 1.012000e+01 1.105114e+00 1.105104e+00 -0.000000e+00 -1.013850e-02
0.000000e+00 1.017500e+01 1.105114e+00 1.105104e+00 -0.000000e+00 -1.013850e-02
0.000000e+00 1.023000e+01 1.105114e+00 1.105104e+00 -0.000000e+00 -1.013850e-02
0.000000e+00 1.028500e+01 1.105114e+00 1.105104e+00 -0.000000e+00 -1.013850e-02
0.000000e+00 1.034000e+01 1.105114e+00 1.105104e+00 -0.000000e+00 -1.013850e-02
0.000000e+00 1.039500e+01 1.105114e+00 1.105104e+00 -0.000000e+00 -1.013850e-02
0.000000e+00 1.045000e+01 1.105114e+00 1.105104e+00 -0.000000e+00 -1.013850e-02
0.000000e+00 1.050500e+01 1.105114e+00 1.105104e+00 -0.000000e+00 -1.013850e-02
0.000000e+00 1.056000e+01 1.105114e+00 1.105104e+00 -0.000000e+00 -1.013850e-02
0.000000e+00 1.061500e+01 1.105114e+00 1.105104e+00 -0.000000e+00 -1.013850e-02
0.000000e+00 1.067000e+01 1.105114e+00 1.105104e+00 -0.000000e+00 -1.013850e-02
0.000000e+00 1.072500e+01 1.105114e+00 1.105104e+00 -0.000000e+00 -1.013850e-02
0.000000e+00 1.078000e+01 1.105114e+00 1.105104e+00 -0.000000e+00 -1.013850e-02
0.000000e+00 1.083500e+01 1.105114e+00 1.105104e+00 -0.000000e+00 -1.013850e-02
0.000000e+00 1.089000e+01 1.105114e+00 1.105104e+00 -0.000000e+00 -1.013850e-02
0.000000e+00 1.094500e+01 1.105114e+00 1.105104e+00 -0.000000e+00 -1.013850e-02
0.000000e+00 1.100000e+01 1.105114e+00 1.105104e+00 -0.000000e+00 -1.013850e-02
