#############TIME##################
2.370654e+01 
###################################
0.000000e+00 0.000000e+00 5.747325e+01 5.747811e+01 0.000000e+00 -3.064213e+00
0.000000e+00 5.500000e-02 5.747325e+01 5.747811e+01 0.000000e+00 -3.064213e+00
0.000000e+00 1.100000e-01 2.176850e+01 2.176923e+01 0.000000e+00 -3.064226e+00
0.000000e+00 1.650000e-01 1.414715e+01 1.414750e+01 0.000000e+00 -2.309724e+00
0.000000e+00 2.200000e-01 1.049522e+01 1.049545e+01 0.000000e+00 -1.936548e+00
0.000000e+00 2.750000e-01 8.211725e+00 8.211889e+00 0.000000e+00 -1.648179e+00
0.000000e+00 3.300000e-01 6.782558e+00 6.782681e+00 0.000000e+00 -1.425975e+00
0.000000e+00 3.850000e-01 5.756046e+00 5.756141e+00 0.000000e+00 -1.254516e+00
0.000000e+00 4.400000e-01 5.031476e+00 5.031552e+00 0.000000e+00 -1.111243e+00
0.000000e+00 4.950000e-01 4.473923e+00 4.473985e+00 0.000000e+00 -9.958219e-01
0.000000e+00 5.500000e-01 4.043079e+00 4.043132e+00 0.000000e+00 -8.978401e-01
0.000000e+00 6.050000e-01 3.700682e+00 3.700727e+00 0.000000e+00 -8.149540e-01
0.000000e+00 6.600000e-01 3.421527e+00 3.421565e+00 0.000000e+00 -7.436329e-01
0.000000e+00 7.150000e-01 3.190906e+00 3.190939e+00 0.000000e+00 -6.820462e-01
0.000000e+00 7.700000e-01 2.997273e+00 2.997303e+00 0.000000e+00 -6.281592e-01
0.000000e+00 8.250000e-01 2.832971e+00 2.832997e+00 0.000000e+00 -5.807984e-01
0.000000e+00 8.800000e-01 2.691860e+00 2.691884e+00 0.000000e+00 -5.388270e-01
0.000000e+00 9.350000e-01 2.569535e+00 2.569557e+00 0.000000e+00 -5.014776e-01
0.000000e+00 9.900000e-01 2.462507e+00 2.462527e+00 0.000000e+00 -4.680543e-01
0.000000e+00 1.045000e+00 2.368176e+00 2.368194e+00 0.000000e+00 -4.380209e-01
0.000000e+00 1.100000e+00 2.284478e+00 2.284495e+00 0.000000e+00 -4.109046e-01
0.000000e+00 1.155000e+00 2.209797e+00 2.209812e+00 0.000000e+00 -3.863235e-01
0.000000e+00 1.210000e+00 2.142804e+00 2.142818e+00 0.000000e+00 -3.639542e-01
0.000000e+00 1.265000e+00 2.082412e+00 2.082425e+00 0.000000e+00 -3.435331e-01
0.000000e+00 1.320000e+00 2.027712e+00 2.027725e+00 0.000000e+00 -3.248383e-01
0.000000e+00 1.375000e+00 1.977951e+00 1.977963e+00 0.000000e+00 -3.076830e-01
0.000000e+00 1.430000e+00 1.932496e+00 1.932507e+00 0.000000e+00 -2.919060e-01
0.000000e+00 1.485000e+00 1.890819e+00 1.890829e+00 0.000000e+00 -2.773663e-01
0.000000e+00 1.540000e+00 1.852478e+00 1.852488e+00 0.000000e+00 -2.639379e-01
0.000000e+00 1.595000e+00 1.817106e+00 1.817116e+00 0.000000e+00 -2.515072e-01
0.000000e+00 1.650000e+00 1.784393e+00 1.784402e+00 0.000000e+00 -2.399718e-01
0.000000e+00 1.705000e+00 1.754074e+00 1.754082e+00 0.000000e+00 -2.292415e-01
0.000000e+00 1.760000e+00 1.725916e+00 1.725923e+00 0.000000e+00 -2.192381e-01
0.000000e+00 1.815000e+00 1.699711e+00 1.699719e+00 0.000000e+00 -2.098948e-01
0.000000e+00 1.870000e+00 1.675274e+00 1.675281e+00 0.000000e+00 -2.011548e-01
0.000000e+00 1.925000e+00 1.652428e+00 1.652434e+00 0.000000e+00 -1.929709e-01
0.000000e+00 1.980000e+00 1.631011e+00 1.631018e+00 0.000000e+00 -1.853043e-01
0.000000e+00 2.035000e+00 1.610874e+00 1.610880e+00 0.000000e+00 -1.781227e-01
0.000000e+00 2.090000e+00 1.591883e+00 1.591889e+00 0.000000e+00 -1.713969e-01
0.000000e+00 2.145000e+00 1.573932e+00 1.573937e+00 0.000000e+00 -1.650962e-01
0.000000e+00 2.200000e+00 1.556938e+00 1.556943e+00 0.000000e+00 -1.591858e-01
0.000000e+00 2.255000e+00 1.540844e+00 1.540849e+00 0.000000e+00 -1.536270e-01
0.000000e+00 2.310000e+00 1.525605e+00 1.525610e+00 0.000000e+00 -1.483814e-01
0.000000e+00 2.365000e+00 1.511177e+00 1.511182e+00 0.000000e+00 -1.434151e-01
0.000000e+00 2.420000e+00 1.497511e+00 1.497516e+00 0.000000e+00 -1.387023e-01
0.000000e+00 2.475000e+00 1.484551e+00 1.484556e+00 0.000000e+00 -1.342254e-01
0.000000e+00 2.530000e+00 1.472240e+00 1.472244e+00 0.000000e+00 -1.299719e-01
0.000000e+00 2.585000e+00 1.460525e+00 1.460529e+00 0.000000e+00 -1.259308e-01
0.000000e+00 2.640000e+00 1.449360e+00 1.449364e+00 0.000000e+00 -1.220905e-01
0.000000e+00 2.695000e+00 1.438709e+00 1.438713e+00 0.000000e+00 -1.184382e-01
0.000000e+00 2.750000e+00 1.428538e+00 1.428542e+00 0.000000e+00 -1.149609e-01
0.000000e+00 2.805000e+00 1.418818e+00 1.418821e+00 0.000000e+00 -1.116468e-01
0.000000e+00 2.860000e+00 1.409515e+00 1.409518e+00 0.000000e+00 -1.084861e-01
0.000000e+00 2.915000e+00 1.400598e+00 1.400602e+00 0.000000e+00 -1.054716e-01
0.000000e+00 2.970000e+00 1.392037e+00 1.392041e+00 0.000000e+00 -1.025976e-01
0.000000e+00 3.025000e+00 1.383804e+00 1.383807e+00 0.000000e+00 -9.985917e-02
0.000000e+00 3.080000e+00 1.375874e+00 1.375877e+00 0.000000e+00 -9.725075e-02
0.000000e+00 3.135000e+00 1.368232e+00 1.368234e+00 0.000000e+00 -9.476532e-02
0.000000e+00 3.190000e+00 1.360866e+00 1.360869e+00 0.000000e+00 -9.239370e-02
0.000000e+00 3.245000e+00 1.353772e+00 1.353775e+00 0.000000e+00 -9.012476e-02
0.000000e+00 3.300000e+00 1.346948e+00 1.346951e+00 0.000000e+00 -8.794643e-02
0.000000e+00 3.355000e+00 1.340393e+00 1.340396e+00 0.000000e+00 -8.584731e-02
0.000000e+00 3.410000e+00 1.334101e+00 1.334103e+00 0.000000e+00 -8.381834e-02
0.000000e+00 3.465000e+00 1.328059e+00 1.328062e+00 0.000000e+00 -8.185394e-02
0.000000e+00 3.520000e+00 1.322252e+00 1.322254e+00 0.000000e+00 -7.995239e-02
0.000000e+00 3.575000e+00 1.316654e+00 1.316657e+00 0.000000e+00 -7.811516e-02
0.000000e+00 3.630000e+00 1.311244e+00 1.311246e+00 0.000000e+00 -7.634560e-02
0.000000e+00 3.685000e+00 1.305996e+00 1.305998e+00 0.000000e+00 -7.464724e-02
0.000000e+00 3.740000e+00 1.300892e+00 1.300894e+00 0.000000e+00 -7.302225e-02
0.000000e+00 3.795000e+00 1.295919e+00 1.295921e+00 0.000000e+00 -7.147026e-02
0.000000e+00 3.850000e+00 1.291071e+00 1.291073e+00 0.000000e+00 -6.998795e-02
0.000000e+00 3.905000e+00 1.286349e+00 1.286351e+00 0.000000e+00 -6.856937e-02
0.000000e+00 3.960000e+00 1.281755e+00 1.281757e+00 0.000000e+00 -6.720698e-02
0.000000e+00 4.015000e+00 1.277295e+00 1.277297e+00 0.000000e+00 -6.589312e-02
0.000000e+00 4.070000e+00 1.272970e+00 1.272972e+00 0.000000e+00 -6.462131e-02
0.000000e+00 4.125000e+00 1.268780e+00 1.268782e+00 0.000000e+00 -6.338723e-02
0.000000e+00 4.180000e+00 1.264719e+00 1.264720e+00 0.000000e+00 -6.218877e-02
0.000000e+00 4.235000e+00 1.260779e+00 1.260780e+00 0.000000e+00 -6.102554e-02
0.000000e+00 4.290000e+00 1.256952e+00 1.256953e+00 0.000000e+00 -5.989781e-02
0.000000e+00 4.345000e+00 1.253230e+00 1.253232e+00 0.000000e+00 -5.880553e-02
0.000000e+00 4.400000e+00 1.249608e+00 1.249610e+00 0.000000e+00 -5.774778e-02
0.000000e+00 4.455000e+00 1.246083e+00 1.246084e+00 0.000000e+00 -5.672267e-02
0.000000e+00 4.510000e+00 1.242652e+00 1.242653e+00 0.000000e+00 -5.572776e-02
0.000000e+00 4.565000e+00 1.239313e+00 1.239315e+00 0.000000e+00 -5.476066e-02
0.000000e+00 4.620000e+00 1.236066e+00 1.236067e+00 0.000000e+00 -5.381941e-02
0.000000e+00 4.675000e+00 1.232905e+00 1.232907e+00 0.000000e+00 -5.290267e-02
0.000000e+00 4.730000e+00 1.229829e+00 1.229830e+00 0.000000e+00 -5.200954e-02
0.000000e+00 4.785000e+00 1.226831e+00 1.226833e+00 0.000000e+00 -5.113950e-02
0.000000e+00 4.840000e+00 1.223908e+00 1.223910e+00 0.000000e+00 -5.029225e-02
0.000000e+00 4.895000e+00 1.221055e+00 1.221056e+00 0.000000e+00 -4.946776e-02
0.000000e+00 4.950000e+00 1.218266e+00 1.218268e+00 0.000000e+00 -4.866627e-02
0.000000e+00 5.005000e+00 1.215538e+00 1.215539e+00 0.000000e+00 -4.788814e-02
0.000000e+00 5.060000e+00 1.212866e+00 1.212868e+00 0.000000e+00 -4.713352e-02
0.000000e+00 5.115000e+00 1.210249e+00 1.210250e+00 0.000000e+00 -4.640191e-02
0.000000e+00 5.170000e+00 1.207685e+00 1.207686e+00 0.000000e+00 -4.569192e-02
0.000000e+00 5.225000e+00 1.205177e+00 1.205178e+00 0.000000e+00 -4.500127e-02
0.000000e+00 5.280000e+00 1.202726e+00 1.202727e+00 0.000000e+00 -4.432711e-02
0.000000e+00 5.335000e+00 1.200336e+00 1.200337e+00 0.000000e+00 -4.366657e-02
0.000000e+00 5.390000e+00 1.198008e+00 1.198009e+00 0.000000e+00 -4.301731e-02
0.000000e+00 5.445000e+00 1.195744e+00 1.195745e+00 0.000000e+00 -4.237794e-02
0.000000e+00 5.500000e+00 1.193541e+00 1.193542e+00 0.000000e+00 -4.174808e-02
0.000000e+00 5.555000e+00 1.191396e+00 1.191397e+00 0.000000e+00 -4.112838e-02
0.000000e+00 5.610000e+00 1.189302e+00 1.189302e+00 0.000000e+00 -4.052016e-02
0.000000e+00 5.665000e+00 1.187251e+00 1.187252e+00 0.000000e+00 -3.992521e-02
0.000000e+00 5.720000e+00 1.185237e+00 1.185237e+00 0.000000e+00 -3.934543e-02
0.000000e+00 5.775000e+00 1.183251e+00 1.183252e+00 0.000000e+00 -3.878261e-02
0.000000e+00 5.830000e+00 1.181288e+00 1.181289e+00 0.000000e+00 -3.823816e-02
0.000000e+00 5.885000e+00 1.179344e+00 1.179344e+00 0.000000e+00 -3.771287e-02
0.000000e+00 5.940000e+00 1.177417e+00 1.177418e+00 0.000000e+00 -3.720662e-02
0.000000e+00 5.995000e+00 1.175512e+00 1.175513e+00 0.000000e+00 -3.671813e-02
0.000000e+00 6.050000e+00 1.173632e+00 1.173633e+00 0.000000e+00 -3.624488e-02
0.000000e+00 6.105000e+00 1.171786e+00 1.171786e+00 0.000000e+00 -3.578340e-02
0.000000e+00 6.160000e+00 1.169979e+00 1.169980e+00 0.000000e+00 -3.532970e-02
0.000000e+00 6.215000e+00 1.168219e+00 1.168220e+00 0.000000e+00 -3.488001e-02
0.000000e+00 6.270000e+00 1.166510e+00 1.166510e+00 0.000000e+00 -3.443145e-02
0.000000e+00 6.325000e+00 1.164851e+00 1.164852e+00 0.000000e+00 -3.398263e-02
0.000000e+00 6.380000e+00 1.163241e+00 1.163242e+00 0.000000e+00 -3.353382e-02
0.000000e+00 6.435000e+00 1.161672e+00 1.161673e+00 0.000000e+00 -3.308684e-02
0.000000e+00 6.490000e+00 1.160137e+00 1.160138e+00 0.000000e+00 -3.264442e-02
0.000000e+00 6.545000e+00 1.158626e+00 1.158627e+00 0.000000e+00 -3.220952e-02
0.000000e+00 6.600000e+00 1.157132e+00 1.157132e+00 0.000000e+00 -3.178512e-02
0.000000e+00 6.655000e+00 1.155651e+00 1.155651e+00 0.000000e+00 -3.137455e-02
0.000000e+00 6.710000e+00 1.154186e+00 1.154186e+00 0.000000e+00 -3.098217e-02
0.000000e+00 6.765000e+00 1.152745e+00 1.152746e+00 0.000000e+00 -3.061290e-02
0.000000e+00 6.820000e+00 1.151339e+00 1.151340e+00 0.000000e+00 -3.026970e-02
0.000000e+00 6.875000e+00 1.149973e+00 1.149973e+00 0.000000e+00 -2.994964e-02
0.000000e+00 6.930000e+00 1.148642e+00 1.148642e+00 0.000000e+00 -2.964175e-02
0.000000e+00 6.985000e+00 1.147336e+00 1.147336e+00 0.000000e+00 -2.932990e-02
0.000000e+00 7.040000e+00 1.146042e+00 1.146043e+00 0.000000e+00 -2.900057e-02
0.000000e+00 7.095000e+00 1.144757e+00 1.144757e+00 0.000000e+00 -2.865067e-02
0.000000e+00 7.150000e+00 1.143485e+00 1.143486e+00 0.000000e+00 -2.828904e-02
0.000000e+00 7.205000e+00 1.142238e+00 1.142239e+00 0.000000e+00 -2.793001e-02
0.000000e+00 7.260000e+00 1.141020e+00 1.141021e+00 0.000000e+00 -2.758377e-02
0.000000e+00 7.315000e+00 1.139828e+00 1.139828e+00 0.000000e+00 -2.725111e-02
0.000000e+00 7.370000e+00 1.138650e+00 1.138651e+00 0.000000e+00 -2.692606e-02
0.000000e+00 7.425000e+00 1.137482e+00 1.137483e+00 0.000000e+00 -2.660314e-02
0.000000e+00 7.480000e+00 1.136325e+00 1.136325e+00 0.000000e+00 -2.628215e-02
0.000000e+00 7.535000e+00 1.135186e+00 1.135186e+00 0.000000e+00 -2.596709e-02
0.000000e+00 7.590000e+00 1.134070e+00 1.134071e+00 0.000000e+00 -2.566153e-02
0.000000e+00 7.645000e+00 1.132981e+00 1.132981e+00 0.000000e+00 -2.536558e-02
0.000000e+00 7.700000e+00 1.131914e+00 1.131914e+00 0.000000e+00 -2.507632e-02
0.000000e+00 7.755000e+00 1.130866e+00 1.130866e+00 0.000000e+00 -2.479041e-02
0.000000e+00 7.810000e+00 1.129834e+00 1.129835e+00 0.000000e+00 -2.450584e-02
0.000000e+00 7.865000e+00 1.128819e+00 1.128820e+00 0.000000e+00 -2.422213e-02
0.000000e+00 7.920000e+00 1.127822e+00 1.127822e+00 0.000000e+00 -2.393957e-02
0.000000e+00 7.975000e+00 1.126843e+00 1.126844e+00 0.000000e+00 -2.365871e-02
0.000000e+00 8.030000e+00 1.125883e+00 1.125883e+00 0.000000e+00 -2.338011e-02
0.000000e+00 8.085000e+00 1.124940e+00 1.124940e+00 0.000000e+00 -2.310428e-02
0.000000e+00 8.140000e+00 1.124012e+00 1.124012e+00 0.000000e+00 -2.283165e-02
0.000000e+00 8.195000e+00 1.123097e+00 1.123097e+00 0.000000e+00 -2.256262e-02
0.000000e+00 8.250000e+00 1.122193e+00 1.122193e+00 0.000000e+00 -2.229743e-02
0.000000e+00 8.305000e+00 1.121301e+00 1.121301e+00 0.000000e+00 -2.203597e-02
0.000000e+00 8.360000e+00 1.120419e+00 1.120420e+00 0.000000e+00 -2.177778e-02
0.000000e+00 8.415000e+00 1.119551e+00 1.119551e+00 0.000000e+00 -2.152211e-02
0.000000e+00 8.470000e+00 1.118696e+00 1.118696e+00 0.000000e+00 -2.126826e-02
0.000000e+00 8.525000e+00 1.117857e+00 1.117857e+00 0.000000e+00 -2.101566e-02
0.000000e+00 8.580000e+00 1.117033e+00 1.117033e+00 0.000000e+00 -2.076391e-02
0.000000e+00 8.635000e+00 1.116226e+00 1.116226e+00 0.000000e+00 -2.051262e-02
0.000000e+00 8.690000e+00 1.115432e+00 1.115433e+00 0.000000e+00 -2.026137e-02
0.000000e+00 8.745000e+00 1.114652e+00 1.114652e+00 0.000000e+00 -2.000980e-02
0.000000e+00 8.800000e+00 1.113880e+00 1.113880e+00 0.000000e+00 -1.975772e-02
0.000000e+00 8.855000e+00 1.113116e+00 1.113116e+00 0.000000e+00 -1.950537e-02
0.000000e+00 8.910000e+00 1.112356e+00 1.112356e+00 0.000000e+00 -1.925330e-02
0.000000e+00 8.965000e+00 1.111600e+00 1.111600e+00 0.000000e+00 -1.900212e-02
0.000000e+00 9.020000e+00 1.110848e+00 1.110848e+00 0.000000e+00 -1.875196e-02
0.000000e+00 9.075000e+00 1.110099e+00 1.110099e+00 0.000000e+00 -1.850203e-02
0.000000e+00 9.130000e+00 1.109355e+00 1.109356e+00 0.000000e+00 -1.825015e-02
0.000000e+00 9.185000e+00 1.108621e+00 1.108621e+00 0.000000e+00 -1.799212e-02
0.000000e+00 9.240000e+00 1.107900e+00 1.107900e+00 0.000000e+00 -1.772086e-02
0.000000e+00 9.295000e+00 1.107196e+00 1.107196e+00 0.000000e+00 -1.742656e-02
0.000000e+00 9.350000e+00 1.106515e+00 1.106515e+00 0.000000e+00 -1.709950e-02
0.000000e+00 9.405000e+00 1.105861e+00 1.105860e+00 0.000000e+00 -1.673729e-02
0.000000e+00 9.460000e+00 1.105234e+00 1.105231e+00 0.000000e+00 -1.635367e-02
0.000000e+00 9.515000e+00 1.104632e+00 1.104628e+00 0.000000e+00 -1.598400e-02
0.000000e+00 9.570000e+00 1.104051e+00 1.104045e+00 0.000000e+00 -1.567764e-02
0.000000e+00 9.625000e+00 1.103482e+00 1.103474e+00 0.000000e+00 -1.547841e-02
0.000000e+00 9.680000e+00 1.102916e+00 1.102907e+00 0.000000e+00 -1.539731e-02
0.000000e+00 9.735000e+00 1.102343e+00 1.102333e+00 0.000000e+00 -1.540278e-02
0.000000e+00 9.790000e+00 1.101757e+00 1.101747e+00 0.000000e+00 -1.542813e-02
0.000000e+00 9.845000e+00 1.101151e+00 1.101141e+00 0.000000e+00 -1.541718e-02
0.000000e+00 9.900000e+00 1.100533e+00 1.100523e+00 0.000000e+00 -1.533899e-02
0.000000e+00 9.955000e+00 1.099884e+00 1.099874e+00 0.000000e+00 -1.521990e-02
0.000000e+00 1.001000e+01 1.105114e+00 1.105104e+00 -0.000000e+00 -1.013850e-02
0.000000e+00 1.006500e+01 1.105114e+00 1.105104e+00 -0.000000e+00 -1.013850e-02
0.000000e+00 1.012000e+01 1.105114e+00 1.105104e+00 -0.000000e+00 -1.013850e-02
0.000000e+00 1.017500e+01 1.105114e+00 1.105104e+00 -0.000000e+00 -1.013850e-02
0.000000e+00 1.023000e+01 1.105114e+00 1.105104e+00 -0.000000e+00 -1.013850e-02
0.000000e+00 1.028500e+01 1.105114e+00 1.105104e+00 -0.000000e+00 -1.013850e-02
0.000000e+00 1.034000e+01 1.105114e+00 1.105104e+00 -0.000000e+00 -1.013850e-02
0.000000e+00 1.039500e+01 1.105114e+00 1.105104e+00 -0.000000e+00 -1.013850e-02
0.000000e+00 1.045000e+01 1.105114e+00 1.105104e+00 -0.000000e+00 -1.013850e-02
0.000000e+00 1.050500e+01 1.105114e+00 1.105104e+00 -0.000000e+00 -1.013850e-02
0.000000e+00 1.056000e+01 1.105114e+00 1.105104e+00 -0.000000e+00 -1.013850e-02
0.000000e+00 1.061500e+01 1.105114e+00 1.105104e+00 -0.000000e+00 -1.013850e-02
0.000000e+00 1.067000e+01 1.105114e+00 1.105104e+00 -0.000000e+00 -1.013850e-02
0.000000e+00 1.072500e+01 1.105114e+00 1.105104e+00 -0.000000e+00 -1.013850e-02
0.000000e+00 1.078000e+01 1.105114e+00 1.105104e+00 -0.000000e+00 -1.013850e-02
0.000000e+00 1.083500e+01 1.105114e+00 1.105104e+00 -0.000000e+00 -1.013850e-02
0.000000e+00 1.089000e+01 1.105114e+00 1.105104e+00 -0.000000e+00 -1.013850e-02
0.000000e+00 1.094500e+01 1.105114e+00 1.105104e+00 -0.000000e+00 -1.013850e-02
0.000000e+00 1.100000e+01 1.105114e+00 1.105104e+00 -0.000000e+00 -1.013850e-02
