#############TIME##################
1.300241e+01 
###################################
0.000000e+00 0.000000e+00 5.828898e+01 5.829391e+01 0.000000e+00 -3.062508e+00
0.000000e+00 5.500000e-02 5.828898e+01 5.829391e+01 0.000000e+00 -3.062508e+00
0.000000e+00 1.100000e-01 2.206931e+01 2.207005e+01 0.000000e+00 -3.062521e+00
0.000000e+00 1.650000e-01 1.434320e+01 1.434356e+01 0.000000e+00 -2.306810e+00
0.000000e+00 2.200000e-01 1.064174e+01 1.064198e+01 0.000000e+00 -1.932888e+00
0.000000e+00 2.750000e-01 8.326920e+00 8.327087e+00 0.000000e+00 -1.643800e+00
0.000000e+00 3.300000e-01 6.878442e+00 6.878567e+00 0.000000e+00 -1.420839e+00
0.000000e+00 3.850000e-01 5.837492e+00 5.837589e+00 0.000000e+00 -1.248700e+00
0.000000e+00 4.400000e-01 5.102732e+00 5.102810e+00 0.000000e+00 -1.104742e+00
0.000000e+00 4.950000e-01 4.537141e+00 4.537205e+00 0.000000e+00 -9.886760e-01
0.000000e+00 5.500000e-01 4.099775e+00 4.099828e+00 0.000000e+00 -8.901250e-01
0.000000e+00 6.050000e-01 3.752384e+00 3.752429e+00 0.000000e+00 -8.066537e-01
0.000000e+00 6.600000e-01 3.469304e+00 3.469344e+00 0.000000e+00 -7.347270e-01
0.000000e+00 7.150000e-01 3.235512e+00 3.235546e+00 0.000000e+00 -6.725310e-01
0.000000e+00 7.700000e-01 3.039209e+00 3.039240e+00 0.000000e+00 -6.180517e-01
0.000000e+00 8.250000e-01 2.872612e+00 2.872639e+00 0.000000e+00 -5.701216e-01
0.000000e+00 8.800000e-01 2.729539e+00 2.729564e+00 0.000000e+00 -5.275968e-01
0.000000e+00 9.350000e-01 2.605580e+00 2.605602e+00 0.000000e+00 -4.896940e-01
0.000000e+00 9.900000e-01 2.497215e+00 2.497236e+00 0.000000e+00 -4.557073e-01
0.000000e+00 1.045000e+00 2.401793e+00 2.401811e+00 0.000000e+00 -4.251013e-01
0.000000e+00 1.100000e+00 2.317181e+00 2.317198e+00 0.000000e+00 -3.974120e-01
0.000000e+00 1.155000e+00 2.241713e+00 2.241729e+00 0.000000e+00 -3.722663e-01
0.000000e+00 1.210000e+00 2.174034e+00 2.174049e+00 0.000000e+00 -3.493440e-01
0.000000e+00 1.265000e+00 2.113051e+00 2.113064e+00 0.000000e+00 -3.283784e-01
0.000000e+00 1.320000e+00 2.057860e+00 2.057873e+00 0.000000e+00 -3.091408e-01
0.000000e+00 1.375000e+00 2.007712e+00 2.007724e+00 0.000000e+00 -2.914382e-01
0.000000e+00 1.430000e+00 1.961974e+00 1.961986e+00 0.000000e+00 -2.751054e-01
0.000000e+00 1.485000e+00 1.920110e+00 1.920120e+00 0.000000e+00 -2.600021e-01
0.000000e+00 1.540000e+00 1.881657e+00 1.881667e+00 0.000000e+00 -2.460076e-01
0.000000e+00 1.595000e+00 1.846220e+00 1.846229e+00 0.000000e+00 -2.330180e-01
0.000000e+00 1.650000e+00 1.813457e+00 1.813466e+00 0.000000e+00 -2.209424e-01
0.000000e+00 1.705000e+00 1.783076e+00 1.783085e+00 0.000000e+00 -2.097007e-01
0.000000e+00 1.760000e+00 1.754830e+00 1.754838e+00 0.000000e+00 -1.992205e-01
0.000000e+00 1.815000e+00 1.728507e+00 1.728515e+00 0.000000e+00 -1.894352e-01
0.000000e+00 1.870000e+00 1.703930e+00 1.703937e+00 0.000000e+00 -1.802822e-01
0.000000e+00 1.925000e+00 1.680948e+00 1.680955e+00 0.000000e+00 -1.717023e-01
0.000000e+00 1.980000e+00 1.659431e+00 1.659437e+00 0.000000e+00 -1.636402e-01
0.000000e+00 2.035000e+00 1.639261e+00 1.639268e+00 0.000000e+00 -1.560461e-01
0.000000e+00 2.090000e+00 1.620334e+00 1.620340e+00 0.000000e+00 -1.488765e-01
0.000000e+00 2.145000e+00 1.602546e+00 1.602552e+00 0.000000e+00 -1.420956e-01
0.000000e+00 2.200000e+00 1.585801e+00 1.585807e+00 0.000000e+00 -1.356747e-01
0.000000e+00 2.255000e+00 1.570008e+00 1.570013e+00 0.000000e+00 -1.295914e-01
0.000000e+00 2.310000e+00 1.555080e+00 1.555085e+00 0.000000e+00 -1.238267e-01
0.000000e+00 2.365000e+00 1.540943e+00 1.540948e+00 0.000000e+00 -1.183629e-01
0.000000e+00 2.420000e+00 1.527533e+00 1.527538e+00 0.000000e+00 -1.131823e-01
0.000000e+00 2.475000e+00 1.514797e+00 1.514801e+00 0.000000e+00 -1.082659e-01
0.000000e+00 2.530000e+00 1.502686e+00 1.502691e+00 0.000000e+00 -1.035948e-01
0.000000e+00 2.585000e+00 1.491163e+00 1.491167e+00 0.000000e+00 -9.915014e-02
0.000000e+00 2.640000e+00 1.480190e+00 1.480194e+00 0.000000e+00 -9.491378e-02
0.000000e+00 2.695000e+00 1.469736e+00 1.469740e+00 0.000000e+00 -9.086829e-02
0.000000e+00 2.750000e+00 1.459774e+00 1.459778e+00 0.000000e+00 -8.699726e-02
0.000000e+00 2.805000e+00 1.450277e+00 1.450281e+00 0.000000e+00 -8.328610e-02
0.000000e+00 2.860000e+00 1.441220e+00 1.441223e+00 0.000000e+00 -7.972308e-02
0.000000e+00 2.915000e+00 1.432572e+00 1.432576e+00 0.000000e+00 -7.630018e-02
0.000000e+00 2.970000e+00 1.424304e+00 1.424308e+00 0.000000e+00 -7.301312e-02
0.000000e+00 3.025000e+00 1.416383e+00 1.416386e+00 0.000000e+00 -6.986059e-02
0.000000e+00 3.080000e+00 1.408774e+00 1.408778e+00 0.000000e+00 -6.684278e-02
0.000000e+00 3.135000e+00 1.401449e+00 1.401453e+00 0.000000e+00 -6.395952e-02
0.000000e+00 3.190000e+00 1.394384e+00 1.394387e+00 0.000000e+00 -6.120821e-02
0.000000e+00 3.245000e+00 1.387563e+00 1.387566e+00 0.000000e+00 -5.858208e-02
0.000000e+00 3.300000e+00 1.380980e+00 1.380983e+00 0.000000e+00 -5.606961e-02
0.000000e+00 3.355000e+00 1.374636e+00 1.374639e+00 0.000000e+00 -5.365595e-02
0.000000e+00 3.410000e+00 1.368533e+00 1.368536e+00 0.000000e+00 -5.132624e-02
0.000000e+00 3.465000e+00 1.362668e+00 1.362670e+00 0.000000e+00 -4.906961e-02
0.000000e+00 3.520000e+00 1.357029e+00 1.357032e+00 0.000000e+00 -4.688149e-02
0.000000e+00 3.575000e+00 1.351600e+00 1.351603e+00 0.000000e+00 -4.476295e-02
0.000000e+00 3.630000e+00 1.346360e+00 1.346362e+00 0.000000e+00 -4.271743e-02
0.000000e+00 3.685000e+00 1.341291e+00 1.341294e+00 0.000000e+00 -4.074695e-02
0.000000e+00 3.740000e+00 1.336382e+00 1.336385e+00 0.000000e+00 -3.885021e-02
0.000000e+00 3.795000e+00 1.331627e+00 1.331629e+00 0.000000e+00 -3.702276e-02
0.000000e+00 3.850000e+00 1.327021e+00 1.327023e+00 0.000000e+00 -3.525821e-02
0.000000e+00 3.905000e+00 1.322565e+00 1.322568e+00 0.000000e+00 -3.354876e-02
0.000000e+00 3.960000e+00 1.318263e+00 1.318265e+00 0.000000e+00 -3.188519e-02
0.000000e+00 4.015000e+00 1.314118e+00 1.314120e+00 0.000000e+00 -3.025822e-02
0.000000e+00 4.070000e+00 1.310129e+00 1.310131e+00 0.000000e+00 -2.866239e-02
0.000000e+00 4.125000e+00 1.306282e+00 1.306284e+00 0.000000e+00 -2.710108e-02
0.000000e+00 4.180000e+00 1.302547e+00 1.302549e+00 0.000000e+00 -2.558857e-02
0.000000e+00 4.235000e+00 1.298884e+00 1.298886e+00 0.000000e+00 -2.414543e-02
0.000000e+00 4.290000e+00 1.295263e+00 1.295265e+00 0.000000e+00 -2.278797e-02
0.000000e+00 4.345000e+00 1.291675e+00 1.291677e+00 0.000000e+00 -2.151768e-02
0.000000e+00 4.400000e+00 1.288141e+00 1.288143e+00 0.000000e+00 -2.031790e-02
0.000000e+00 4.455000e+00 1.284694e+00 1.284696e+00 0.000000e+00 -1.916119e-02
0.000000e+00 4.510000e+00 1.281363e+00 1.281365e+00 0.000000e+00 -1.802319e-02
0.000000e+00 4.565000e+00 1.278154e+00 1.278156e+00 0.000000e+00 -1.689403e-02
0.000000e+00 4.620000e+00 1.275053e+00 1.275055e+00 0.000000e+00 -1.578003e-02
0.000000e+00 4.675000e+00 1.272033e+00 1.272034e+00 0.000000e+00 -1.469528e-02
0.000000e+00 4.730000e+00 1.269075e+00 1.269077e+00 0.000000e+00 -1.364974e-02
0.000000e+00 4.785000e+00 1.266180e+00 1.266182e+00 0.000000e+00 -1.264250e-02
0.000000e+00 4.840000e+00 1.263358e+00 1.263360e+00 0.000000e+00 -1.166428e-02
0.000000e+00 4.895000e+00 1.260617e+00 1.260619e+00 0.000000e+00 -1.070622e-02
0.000000e+00 4.950000e+00 1.257953e+00 1.257955e+00 0.000000e+00 -9.767687e-03
0.000000e+00 5.005000e+00 1.255348e+00 1.255350e+00 0.000000e+00 -8.857124e-03
0.000000e+00 5.060000e+00 1.252781e+00 1.252783e+00 0.000000e+00 -7.985523e-03
0.000000e+00 5.115000e+00 1.250243e+00 1.250244e+00 0.000000e+00 -7.157706e-03
0.000000e+00 5.170000e+00 1.247739e+00 1.247740e+00 0.000000e+00 -6.367780e-03
0.000000e+00 5.225000e+00 1.245287e+00 1.245289e+00 0.000000e+00 -5.601901e-03
0.000000e+00 5.280000e+00 1.242906e+00 1.242908e+00 0.000000e+00 -4.846207e-03
0.000000e+00 5.335000e+00 1.240601e+00 1.240603e+00 0.000000e+00 -4.094515e-03
0.000000e+00 5.390000e+00 1.238363e+00 1.238364e+00 0.000000e+00 -3.350948e-03
0.000000e+00 5.445000e+00 1.236170e+00 1.236172e+00 0.000000e+00 -2.626292e-03
0.000000e+00 5.500000e+00 1.234007e+00 1.234008e+00 0.000000e+00 -1.930875e-03
0.000000e+00 5.555000e+00 1.231865e+00 1.231866e+00 0.000000e+00 -1.268601e-03
0.000000e+00 5.610000e+00 1.229748e+00 1.229749e+00 0.000000e+00 -6.356052e-04
0.000000e+00 5.665000e+00 1.227668e+00 1.227669e+00 0.000000e+00 -2.386629e-05
0.000000e+00 5.720000e+00 1.225630e+00 1.225631e+00 0.000000e+00 5.728993e-04
0.000000e+00 5.775000e+00 1.223632e+00 1.223633e+00 0.000000e+00 1.154935e-03
0.000000e+00 5.830000e+00 1.221662e+00 1.221664e+00 0.000000e+00 1.716514e-03
0.000000e+00 5.885000e+00 1.219707e+00 1.219709e+00 0.000000e+00 2.250459e-03
0.000000e+00 5.940000e+00 1.217763e+00 1.217764e+00 0.000000e+00 2.754481e-03
0.000000e+00 5.995000e+00 1.215840e+00 1.215841e+00 0.000000e+00 3.235430e-03
0.000000e+00 6.050000e+00 1.213963e+00 1.213964e+00 0.000000e+00 3.708565e-03
0.000000e+00 6.105000e+00 1.212161e+00 1.212162e+00 0.000000e+00 4.191679e-03
0.000000e+00 6.160000e+00 1.210449e+00 1.210450e+00 0.000000e+00 4.696768e-03
0.000000e+00 6.215000e+00 1.208825e+00 1.208826e+00 0.000000e+00 5.223429e-03
0.000000e+00 6.270000e+00 1.207261e+00 1.207262e+00 0.000000e+00 5.757553e-03
0.000000e+00 6.325000e+00 1.205718e+00 1.205719e+00 0.000000e+00 6.276382e-03
0.000000e+00 6.380000e+00 1.204157e+00 1.204158e+00 0.000000e+00 6.757720e-03
0.000000e+00 6.435000e+00 1.202558e+00 1.202559e+00 0.000000e+00 7.189045e-03
0.000000e+00 6.490000e+00 1.200928e+00 1.200929e+00 0.000000e+00 7.572327e-03
0.000000e+00 6.545000e+00 1.199290e+00 1.199291e+00 0.000000e+00 7.922363e-03
0.000000e+00 6.600000e+00 1.197680e+00 1.197681e+00 0.000000e+00 8.259580e-03
0.000000e+00 6.655000e+00 1.196123e+00 1.196124e+00 0.000000e+00 8.600779e-03
0.000000e+00 6.710000e+00 1.194624e+00 1.194625e+00 0.000000e+00 8.952015e-03
0.000000e+00 6.765000e+00 1.193168e+00 1.193169e+00 0.000000e+00 9.306853e-03
0.000000e+00 6.820000e+00 1.191727e+00 1.191728e+00 0.000000e+00 9.650687e-03
0.000000e+00 6.875000e+00 1.190278e+00 1.190279e+00 0.000000e+00 9.968937e-03
0.000000e+00 6.930000e+00 1.188813e+00 1.188814e+00 0.000000e+00 1.025506e-02
0.000000e+00 6.985000e+00 1.187344e+00 1.187345e+00 0.000000e+00 1.051444e-02
0.000000e+00 7.040000e+00 1.185899e+00 1.185900e+00 0.000000e+00 1.076215e-02
0.000000e+00 7.095000e+00 1.184504e+00 1.184505e+00 0.000000e+00 1.101570e-02
0.000000e+00 7.150000e+00 1.183175e+00 1.183175e+00 0.000000e+00 1.128625e-02
0.000000e+00 7.205000e+00 1.181902e+00 1.181903e+00 0.000000e+00 1.157267e-02
0.000000e+00 7.260000e+00 1.180662e+00 1.180663e+00 0.000000e+00 1.186186e-02
0.000000e+00 7.315000e+00 1.179424e+00 1.179425e+00 0.000000e+00 1.213519e-02
0.000000e+00 7.370000e+00 1.178165e+00 1.178166e+00 0.000000e+00 1.237802e-02
0.000000e+00 7.425000e+00 1.176885e+00 1.176886e+00 0.000000e+00 1.258715e-02
0.000000e+00 7.480000e+00 1.175601e+00 1.175602e+00 0.000000e+00 1.277227e-02
0.000000e+00 7.535000e+00 1.174342e+00 1.174343e+00 0.000000e+00 1.295029e-02
0.000000e+00 7.590000e+00 1.173128e+00 1.173129e+00 0.000000e+00 1.313544e-02
0.000000e+00 7.645000e+00 1.171960e+00 1.171960e+00 0.000000e+00 1.333024e-02
0.000000e+00 7.700000e+00 1.170812e+00 1.170813e+00 0.000000e+00 1.352210e-02
0.000000e+00 7.755000e+00 1.169647e+00 1.169648e+00 0.000000e+00 1.368813e-02
0.000000e+00 7.810000e+00 1.168428e+00 1.168428e+00 0.000000e+00 1.380572e-02
0.000000e+00 7.865000e+00 1.167138e+00 1.167138e+00 0.000000e+00 1.386391e-02
0.000000e+00 7.920000e+00 1.165791e+00 1.165792e+00 0.000000e+00 1.386965e-02
0.000000e+00 7.975000e+00 1.164428e+00 1.164428e+00 0.000000e+00 1.384570e-02
0.000000e+00 8.030000e+00 1.163096e+00 1.163097e+00 0.000000e+00 1.382142e-02
0.000000e+00 8.085000e+00 1.161834e+00 1.161835e+00 0.000000e+00 1.382098e-02
0.000000e+00 8.140000e+00 1.160656e+00 1.160656e+00 0.000000e+00 1.385457e-02
0.000000e+00 8.195000e+00 1.159550e+00 1.159550e+00 0.000000e+00 1.391641e-02
0.000000e+00 8.250000e+00 1.158488e+00 1.158489e+00 0.000000e+00 1.398981e-02
0.000000e+00 8.305000e+00 1.157440e+00 1.157440e+00 0.000000e+00 1.405599e-02
0.000000e+00 8.360000e+00 1.156386e+00 1.156387e+00 0.000000e+00 1.410178e-02
0.000000e+00 8.415000e+00 1.155321e+00 1.155321e+00 0.000000e+00 1.412272e-02
0.000000e+00 8.470000e+00 1.154249e+00 1.154249e+00 0.000000e+00 1.412109e-02
0.000000e+00 8.525000e+00 1.153177e+00 1.153177e+00 0.000000e+00 1.410112e-02
0.000000e+00 8.580000e+00 1.152107e+00 1.152107e+00 0.000000e+00 1.406467e-02
0.000000e+00 8.635000e+00 1.151035e+00 1.151035e+00 0.000000e+00 1.401008e-02
0.000000e+00 8.690000e+00 1.149956e+00 1.149956e+00 0.000000e+00 1.393447e-02
0.000000e+00 8.745000e+00 1.148870e+00 1.148871e+00 0.000000e+00 1.383762e-02
0.000000e+00 8.800000e+00 1.147786e+00 1.147786e+00 0.000000e+00 1.372405e-02
0.000000e+00 8.855000e+00 1.146711e+00 1.146712e+00 0.000000e+00 1.360086e-02
0.000000e+00 8.910000e+00 1.145649e+00 1.145649e+00 0.000000e+00 1.347129e-02
0.000000e+00 8.965000e+00 1.144583e+00 1.144584e+00 0.000000e+00 1.332721e-02
0.000000e+00 9.020000e+00 1.143478e+00 1.143478e+00 0.000000e+00 1.314785e-02
0.000000e+00 9.075000e+00 1.142283e+00 1.142283e+00 0.000000e+00 1.290823e-02
0.000000e+00 9.130000e+00 1.140957e+00 1.140958e+00 0.000000e+00 1.259321e-02
0.000000e+00 9.185000e+00 1.139502e+00 1.139502e+00 0.000000e+00 1.220548e-02
0.000000e+00 9.240000e+00 1.137978e+00 1.137979e+00 0.000000e+00 1.176480e-02
0.000000e+00 9.295000e+00 1.136493e+00 1.136493e+00 0.000000e+00 1.130832e-02
0.000000e+00 9.350000e+00 1.135129e+00 1.135129e+00 0.000000e+00 1.089484e-02
0.000000e+00 9.405000e+00 1.133900e+00 1.133900e+00 0.000000e+00 1.059315e-02
0.000000e+00 9.460000e+00 1.132756e+00 1.132753e+00 0.000000e+00 1.042166e-02
0.000000e+00 9.515000e+00 1.131633e+00 1.131629e+00 0.000000e+00 1.030232e-02
0.000000e+00 9.570000e+00 1.130486e+00 1.130480e+00 0.000000e+00 1.008567e-02
0.000000e+00 9.625000e+00 1.129264e+00 1.129256e+00 0.000000e+00 9.644446e-03
0.000000e+00 9.680000e+00 1.127916e+00 1.127907e+00 0.000000e+00 8.937231e-03
0.000000e+00 9.735000e+00 1.126433e+00 1.126423e+00 0.000000e+00 7.991585e-03
0.000000e+00 9.790000e+00 1.124864e+00 1.124854e+00 0.000000e+00 6.854846e-03
0.000000e+00 9.845000e+00 1.123283e+00 1.123273e+00 0.000000e+00 5.595371e-03
0.000000e+00 9.900000e+00 1.121746e+00 1.121736e+00 0.000000e+00 4.332593e-03
0.000000e+00 9.955000e+00 1.120236e+00 1.120226e+00 0.000000e+00 3.188901e-03
0.000000e+00 1.001000e+01 1.105114e+00 1.105104e+00 -0.000000e+00 -1.013850e-02
0.000000e+00 1.006500e+01 1.105114e+00 1.105104e+00 -0.000000e+00 -1.013850e-02
0.000000e+00 1.012000e+01 1.105114e+00 1.105104e+00 -0.000000e+00 -1.013850e-02
0.000000e+00 1.017500e+01 1.105114e+00 1.105104e+00 -0.000000e+00 -1.013850e-02
0.000000e+00 1.023000e+01 1.105114e+00 1.105104e+00 -0.000000e+00 -1.013850e-02
0.000000e+00 1.028500e+01 1.105114e+00 1.105104e+00 -0.000000e+00 -1.013850e-02
0.000000e+00 1.034000e+01 1.105114e+00 1.105104e+00 -0.000000e+00 -1.013850e-02
0.000000e+00 1.039500e+01 1.105114e+00 1.105104e+00 -0.000000e+00 -1.013850e-02
0.000000e+00 1.045000e+01 1.105114e+00 1.105104e+00 -0.000000e+00 -1.013850e-02
0.000000e+00 1.050500e+01 1.105114e+00 1.105104e+00 -0.000000e+00 -1.013850e-02
0.000000e+00 1.056000e+01 1.105114e+00 1.105104e+00 -0.000000e+00 -1.013850e-02
0.000000e+00 1.061500e+01 1.105114e+00 1.105104e+00 -0.000000e+00 -1.013850e-02
0.000000e+00 1.067000e+01 1.105114e+00 1.105104e+00 -0.000000e+00 -1.013850e-02
0.000000e+00 1.072500e+01 1.105114e+00 1.105104e+00 -0.000000e+00 -1.013850e-02
0.000000e+00 1.078000e+01 1.105114e+00 1.105104e+00 -0.000000e+00 -1.013850e-02
0.000000e+00 1.083500e+01 1.105114e+00 1.105104e+00 -0.000000e+00 -1.013850e-02
0.000000e+00 1.089000e+01 1.105114e+00 1.105104e+00 -0.000000e+00 -1.013850e-02
0.000000e+00 1.094500e+01 1.105114e+00 1.105104e+00 -0.000000e+00 -1.013850e-02
0.000000e+00 1.100000e+01 1.105114e+00 1.105104e+00 -0.000000e+00 -1.013850e-02
