#############TIME##################
2.701478e+00 
###################################
0.000000e+00 0.000000e+00 4.966002e+01 4.966416e+01 0.000000e+00 -3.078959e+00
0.000000e+00 5.500000e-02 4.966002e+01 4.966416e+01 0.000000e+00 -3.078959e+00
0.000000e+00 1.100000e-01 1.882472e+01 1.882533e+01 0.000000e+00 -3.078972e+00
0.000000e+00 1.650000e-01 1.221729e+01 1.221758e+01 0.000000e+00 -2.334906e+00
0.000000e+00 2.200000e-01 9.052362e+00 9.052551e+00 0.000000e+00 -1.967822e+00
0.000000e+00 2.750000e-01 7.078872e+00 7.079003e+00 0.000000e+00 -1.684976e+00
0.000000e+00 3.300000e-01 5.839590e+00 5.839687e+00 0.000000e+00 -1.468523e+00
0.000000e+00 3.850000e-01 4.951424e+00 4.951498e+00 0.000000e+00 -1.302316e+00
0.000000e+00 4.400000e-01 4.321852e+00 4.321911e+00 0.000000e+00 -1.164632e+00
0.000000e+00 4.950000e-01 3.836790e+00 3.836838e+00 0.000000e+00 -1.054642e+00
0.000000e+00 5.500000e-01 3.462764e+00 3.462803e+00 0.000000e+00 -9.616554e-01
0.000000e+00 6.050000e-01 3.163759e+00 3.163792e+00 0.000000e+00 -8.839868e-01
0.000000e+00 6.600000e-01 2.919172e+00 2.919200e+00 0.000000e+00 -8.178901e-01
0.000000e+00 7.150000e-01 2.716411e+00 2.716436e+00 0.000000e+00 -7.614441e-01
0.000000e+00 7.700000e-01 2.545445e+00 2.545466e+00 0.000000e+00 -7.126550e-01
0.000000e+00 8.250000e-01 2.399618e+00 2.399637e+00 0.000000e+00 -6.703656e-01
0.000000e+00 8.800000e-01 2.273695e+00 2.273711e+00 0.000000e+00 -6.334305e-01
0.000000e+00 9.350000e-01 2.163919e+00 2.163934e+00 0.000000e+00 -6.010715e-01
0.000000e+00 9.900000e-01 2.067305e+00 2.067318e+00 0.000000e+00 -5.725854e-01
0.000000e+00 1.045000e+00 1.981594e+00 1.981605e+00 0.000000e+00 -5.474419e-01
0.000000e+00 1.100000e+00 1.904995e+00 1.905006e+00 0.000000e+00 -5.251740e-01
0.000000e+00 1.155000e+00 1.836135e+00 1.836145e+00 0.000000e+00 -5.053933e-01
0.000000e+00 1.210000e+00 1.773929e+00 1.773937e+00 0.000000e+00 -4.877508e-01
0.000000e+00 1.265000e+00 1.717518e+00 1.717526e+00 0.000000e+00 -4.719435e-01
0.000000e+00 1.320000e+00 1.666196e+00 1.666203e+00 0.000000e+00 -4.577063e-01
0.000000e+00 1.375000e+00 1.619375e+00 1.619381e+00 0.000000e+00 -4.448132e-01
0.000000e+00 1.430000e+00 1.576560e+00 1.576566e+00 0.000000e+00 -4.330669e-01
0.000000e+00 1.485000e+00 1.537345e+00 1.537350e+00 0.000000e+00 -4.222910e-01
0.000000e+00 1.540000e+00 1.501393e+00 1.501397e+00 0.000000e+00 -4.123246e-01
0.000000e+00 1.595000e+00 1.468419e+00 1.468423e+00 0.000000e+00 -4.030249e-01
0.000000e+00 1.650000e+00 1.438169e+00 1.438173e+00 0.000000e+00 -3.942714e-01
0.000000e+00 1.705000e+00 1.410408e+00 1.410412e+00 0.000000e+00 -3.859671e-01
0.000000e+00 1.760000e+00 1.384919e+00 1.384922e+00 0.000000e+00 -3.780359e-01
0.000000e+00 1.815000e+00 1.361501e+00 1.361504e+00 0.000000e+00 -3.704159e-01
0.000000e+00 1.870000e+00 1.339980e+00 1.339983e+00 0.000000e+00 -3.630545e-01
0.000000e+00 1.925000e+00 1.320201e+00 1.320203e+00 0.000000e+00 -3.559057e-01
0.000000e+00 1.980000e+00 1.302026e+00 1.302028e+00 0.000000e+00 -3.489293e-01
0.000000e+00 2.035000e+00 1.285333e+00 1.285335e+00 0.000000e+00 -3.420920e-01
0.000000e+00 2.090000e+00 1.270007e+00 1.270009e+00 0.000000e+00 -3.353674e-01
0.000000e+00 2.145000e+00 1.255944e+00 1.255945e+00 0.000000e+00 -3.287358e-01
0.000000e+00 2.200000e+00 1.243044e+00 1.243045e+00 0.000000e+00 -3.221830e-01
0.000000e+00 2.255000e+00 1.231217e+00 1.231218e+00 0.000000e+00 -3.156993e-01
0.000000e+00 2.310000e+00 1.220378e+00 1.220379e+00 0.000000e+00 -3.092780e-01
0.000000e+00 2.365000e+00 1.210451e+00 1.210452e+00 0.000000e+00 -3.029153e-01
0.000000e+00 2.420000e+00 1.201363e+00 1.201364e+00 0.000000e+00 -2.966098e-01
0.000000e+00 2.475000e+00 1.193048e+00 1.193049e+00 0.000000e+00 -2.903618e-01
0.000000e+00 2.530000e+00 1.185444e+00 1.185445e+00 0.000000e+00 -2.841732e-01
0.000000e+00 2.585000e+00 1.178494e+00 1.178495e+00 0.000000e+00 -2.780470e-01
0.000000e+00 2.640000e+00 1.172144e+00 1.172145e+00 0.000000e+00 -2.719870e-01
0.000000e+00 2.695000e+00 1.166345e+00 1.166346e+00 0.000000e+00 -2.659976e-01
0.000000e+00 2.750000e+00 1.161052e+00 1.161053e+00 0.000000e+00 -2.600833e-01
0.000000e+00 2.805000e+00 1.156222e+00 1.156223e+00 0.000000e+00 -2.542488e-01
0.000000e+00 2.860000e+00 1.151816e+00 1.151817e+00 0.000000e+00 -2.484987e-01
0.000000e+00 2.915000e+00 1.147799e+00 1.147799e+00 0.000000e+00 -2.428374e-01
0.000000e+00 2.970000e+00 1.144136e+00 1.144137e+00 0.000000e+00 -2.372692e-01
0.000000e+00 3.025000e+00 1.140798e+00 1.140799e+00 0.000000e+00 -2.317978e-01
0.000000e+00 3.080000e+00 1.137756e+00 1.137756e+00 0.000000e+00 -2.264268e-01
0.000000e+00 3.135000e+00 1.134984e+00 1.134985e+00 0.000000e+00 -2.211591e-01
0.000000e+00 3.190000e+00 1.132459e+00 1.132459e+00 0.000000e+00 -2.159973e-01
0.000000e+00 3.245000e+00 1.130158e+00 1.130158e+00 0.000000e+00 -2.109436e-01
0.000000e+00 3.300000e+00 1.128061e+00 1.128061e+00 0.000000e+00 -2.059996e-01
0.000000e+00 3.355000e+00 1.126151e+00 1.126151e+00 0.000000e+00 -2.011666e-01
0.000000e+00 3.410000e+00 1.124409e+00 1.124410e+00 0.000000e+00 -1.964454e-01
0.000000e+00 3.465000e+00 1.122822e+00 1.122822e+00 0.000000e+00 -1.918365e-01
0.000000e+00 3.520000e+00 1.121375e+00 1.121375e+00 0.000000e+00 -1.873398e-01
0.000000e+00 3.575000e+00 1.120055e+00 1.120056e+00 0.000000e+00 -1.829550e-01
0.000000e+00 3.630000e+00 1.118851e+00 1.118852e+00 0.000000e+00 -1.786817e-01
0.000000e+00 3.685000e+00 1.117753e+00 1.117753e+00 0.000000e+00 -1.745187e-01
0.000000e+00 3.740000e+00 1.116749e+00 1.116750e+00 0.000000e+00 -1.704650e-01
0.000000e+00 3.795000e+00 1.115833e+00 1.115833e+00 0.000000e+00 -1.665191e-01
0.000000e+00 3.850000e+00 1.114996e+00 1.114996e+00 0.000000e+00 -1.626795e-01
0.000000e+00 3.905000e+00 1.114230e+00 1.114230e+00 0.000000e+00 -1.589444e-01
0.000000e+00 3.960000e+00 1.113530e+00 1.113530e+00 0.000000e+00 -1.553119e-01
0.000000e+00 4.015000e+00 1.112889e+00 1.112889e+00 0.000000e+00 -1.517799e-01
0.000000e+00 4.070000e+00 1.112302e+00 1.112302e+00 0.000000e+00 -1.483463e-01
0.000000e+00 4.125000e+00 1.111764e+00 1.111764e+00 0.000000e+00 -1.450089e-01
0.000000e+00 4.180000e+00 1.111271e+00 1.111271e+00 0.000000e+00 -1.417654e-01
0.000000e+00 4.235000e+00 1.110818e+00 1.110818e+00 0.000000e+00 -1.386135e-01
0.000000e+00 4.290000e+00 1.110403e+00 1.110403e+00 0.000000e+00 -1.355509e-01
0.000000e+00 4.345000e+00 1.110021e+00 1.110021e+00 0.000000e+00 -1.325751e-01
0.000000e+00 4.400000e+00 1.109670e+00 1.109670e+00 0.000000e+00 -1.296839e-01
0.000000e+00 4.455000e+00 1.109347e+00 1.109347e+00 0.000000e+00 -1.268748e-01
0.000000e+00 4.510000e+00 1.109050e+00 1.109050e+00 0.000000e+00 -1.241455e-01
0.000000e+00 4.565000e+00 1.108777e+00 1.108777e+00 0.000000e+00 -1.214938e-01
0.000000e+00 4.620000e+00 1.108525e+00 1.108525e+00 0.000000e+00 -1.189172e-01
0.000000e+00 4.675000e+00 1.108292e+00 1.108292e+00 0.000000e+00 -1.164136e-01
0.000000e+00 4.730000e+00 1.108077e+00 1.108077e+00 0.000000e+00 -1.139807e-01
0.000000e+00 4.785000e+00 1.107879e+00 1.107879e+00 0.000000e+00 -1.116164e-01
0.000000e+00 4.840000e+00 1.107696e+00 1.107696e+00 0.000000e+00 -1.093185e-01
0.000000e+00 4.895000e+00 1.107526e+00 1.107526e+00 0.000000e+00 -1.070850e-01
0.000000e+00 4.950000e+00 1.107369e+00 1.107369e+00 0.000000e+00 -1.049138e-01
0.000000e+00 5.005000e+00 1.107224e+00 1.107224e+00 0.000000e+00 -1.028030e-01
0.000000e+00 5.060000e+00 1.107089e+00 1.107089e+00 0.000000e+00 -1.007506e-01
0.000000e+00 5.115000e+00 1.106964e+00 1.106964e+00 0.000000e+00 -9.875479e-02
0.000000e+00 5.170000e+00 1.106848e+00 1.106848e+00 0.000000e+00 -9.681375e-02
0.000000e+00 5.225000e+00 1.106741e+00 1.106741e+00 0.000000e+00 -9.492572e-02
0.000000e+00 5.280000e+00 1.106641e+00 1.106641e+00 0.000000e+00 -9.308900e-02
0.000000e+00 5.335000e+00 1.106548e+00 1.106548e+00 0.000000e+00 -9.130193e-02
0.000000e+00 5.390000e+00 1.106461e+00 1.106461e+00 0.000000e+00 -8.956292e-02
0.000000e+00 5.445000e+00 1.106381e+00 1.106381e+00 0.000000e+00 -8.787042e-02
0.000000e+00 5.500000e+00 1.106306e+00 1.106306e+00 0.000000e+00 -8.622294e-02
0.000000e+00 5.555000e+00 1.106236e+00 1.106236e+00 0.000000e+00 -8.461903e-02
0.000000e+00 5.610000e+00 1.106170e+00 1.106170e+00 0.000000e+00 -8.305730e-02
0.000000e+00 5.665000e+00 1.106109e+00 1.106109e+00 0.000000e+00 -8.153640e-02
0.000000e+00 5.720000e+00 1.106053e+00 1.106053e+00 0.000000e+00 -8.005501e-02
0.000000e+00 5.775000e+00 1.105999e+00 1.105999e+00 0.000000e+00 -7.861189e-02
0.000000e+00 5.830000e+00 1.105950e+00 1.105950e+00 0.000000e+00 -7.720582e-02
0.000000e+00 5.885000e+00 1.105903e+00 1.105903e+00 0.000000e+00 -7.583561e-02
0.000000e+00 5.940000e+00 1.105860e+00 1.105860e+00 0.000000e+00 -7.450015e-02
0.000000e+00 5.995000e+00 1.105819e+00 1.105819e+00 0.000000e+00 -7.319833e-02
0.000000e+00 6.050000e+00 1.105781e+00 1.105781e+00 0.000000e+00 -7.192912e-02
0.000000e+00 6.105000e+00 1.105745e+00 1.105745e+00 0.000000e+00 -7.069148e-02
0.000000e+00 6.160000e+00 1.105711e+00 1.105711e+00 0.000000e+00 -6.948444e-02
0.000000e+00 6.215000e+00 1.105680e+00 1.105680e+00 0.000000e+00 -6.830702e-02
0.000000e+00 6.270000e+00 1.105650e+00 1.105650e+00 0.000000e+00 -6.715826e-02
0.000000e+00 6.325000e+00 1.105622e+00 1.105622e+00 0.000000e+00 -6.603737e-02
0.000000e+00 6.380000e+00 1.105596e+00 1.105596e+00 0.000000e+00 -6.494369e-02
0.000000e+00 6.435000e+00 1.105572e+00 1.105572e+00 0.000000e+00 -6.387649e-02
0.000000e+00 6.490000e+00 1.105549e+00 1.105549e+00 0.000000e+00 -6.283454e-02
0.000000e+00 6.545000e+00 1.105526e+00 1.105526e+00 0.000000e+00 -6.181601e-02
0.000000e+00 6.600000e+00 1.105503e+00 1.105503e+00 0.000000e+00 -6.081971e-02
0.000000e+00 6.655000e+00 1.105481e+00 1.105481e+00 0.000000e+00 -5.984724e-02
0.000000e+00 6.710000e+00 1.105468e+00 1.105468e+00 0.000000e+00 -5.890329e-02
0.000000e+00 6.765000e+00 1.105465e+00 1.105465e+00 0.000000e+00 -5.799018e-02
0.000000e+00 6.820000e+00 1.105463e+00 1.105463e+00 0.000000e+00 -5.709787e-02
0.000000e+00 6.875000e+00 1.105434e+00 1.105434e+00 0.000000e+00 -5.620079e-02
0.000000e+00 6.930000e+00 1.105355e+00 1.105355e+00 0.000000e+00 -5.527727e-02
0.000000e+00 6.985000e+00 1.105252e+00 1.105252e+00 0.000000e+00 -5.435171e-02
0.000000e+00 7.040000e+00 1.105243e+00 1.105243e+00 0.000000e+00 -5.353026e-02
0.000000e+00 7.095000e+00 1.105541e+00 1.105541e+00 0.000000e+00 -5.300363e-02
0.000000e+00 7.150000e+00 1.106388e+00 1.106388e+00 0.000000e+00 -5.298703e-02
0.000000e+00 7.205000e+00 1.107801e+00 1.107801e+00 0.000000e+00 -5.348942e-02
0.000000e+00 7.260000e+00 1.109487e+00 1.109487e+00 0.000000e+00 -5.424168e-02
0.000000e+00 7.315000e+00 1.111011e+00 1.111011e+00 0.000000e+00 -5.484425e-02
0.000000e+00 7.370000e+00 1.111897e+00 1.111897e+00 0.000000e+00 -5.487616e-02
0.000000e+00 7.425000e+00 1.111928e+00 1.111929e+00 0.000000e+00 -5.415190e-02
0.000000e+00 7.480000e+00 1.111387e+00 1.111387e+00 0.000000e+00 -5.293344e-02
0.000000e+00 7.535000e+00 1.110650e+00 1.110650e+00 0.000000e+00 -5.155981e-02
0.000000e+00 7.590000e+00 1.109999e+00 1.109999e+00 0.000000e+00 -5.029010e-02
0.000000e+00 7.645000e+00 1.109521e+00 1.109521e+00 0.000000e+00 -4.920704e-02
0.000000e+00 7.700000e+00 1.109118e+00 1.109118e+00 0.000000e+00 -4.821917e-02
0.000000e+00 7.755000e+00 1.108669e+00 1.108669e+00 0.000000e+00 -4.720914e-02
0.000000e+00 7.810000e+00 1.108173e+00 1.108173e+00 0.000000e+00 -4.616193e-02
0.000000e+00 7.865000e+00 1.107732e+00 1.107732e+00 0.000000e+00 -4.515424e-02
0.000000e+00 7.920000e+00 1.107429e+00 1.107429e+00 0.000000e+00 -4.425489e-02
0.000000e+00 7.975000e+00 1.107244e+00 1.107244e+00 0.000000e+00 -4.345395e-02
0.000000e+00 8.030000e+00 1.107077e+00 1.107077e+00 0.000000e+00 -4.268160e-02
0.000000e+00 8.085000e+00 1.106835e+00 1.106835e+00 0.000000e+00 -4.187619e-02
0.000000e+00 8.140000e+00 1.106494e+00 1.106494e+00 0.000000e+00 -4.102496e-02
0.000000e+00 8.195000e+00 1.106082e+00 1.106082e+00 0.000000e+00 -4.015049e-02
0.000000e+00 8.250000e+00 1.105648e+00 1.105648e+00 0.000000e+00 -3.927851e-02
0.000000e+00 8.305000e+00 1.105227e+00 1.105227e+00 0.000000e+00 -3.842451e-02
0.000000e+00 8.360000e+00 1.104837e+00 1.104837e+00 0.000000e+00 -3.759587e-02
0.000000e+00 8.415000e+00 1.104475e+00 1.104475e+00 0.000000e+00 -3.679323e-02
0.000000e+00 8.470000e+00 1.104125e+00 1.104125e+00 0.000000e+00 -3.600925e-02
0.000000e+00 8.525000e+00 1.103769e+00 1.103769e+00 0.000000e+00 -3.523361e-02
0.000000e+00 8.580000e+00 1.103405e+00 1.103404e+00 0.000000e+00 -3.446360e-02
0.000000e+00 8.635000e+00 1.103044e+00 1.103044e+00 0.000000e+00 -3.370766e-02
0.000000e+00 8.690000e+00 1.102702e+00 1.102702e+00 0.000000e+00 -3.297606e-02
0.000000e+00 8.745000e+00 1.102381e+00 1.102381e+00 0.000000e+00 -3.226942e-02
0.000000e+00 8.800000e+00 1.102069e+00 1.102069e+00 0.000000e+00 -3.157860e-02
0.000000e+00 8.855000e+00 1.101755e+00 1.101755e+00 0.000000e+00 -3.089449e-02
0.000000e+00 8.910000e+00 1.101438e+00 1.101438e+00 0.000000e+00 -3.021550e-02
0.000000e+00 8.965000e+00 1.101122e+00 1.101122e+00 0.000000e+00 -2.954558e-02
0.000000e+00 9.020000e+00 1.100812e+00 1.100812e+00 0.000000e+00 -2.888794e-02
0.000000e+00 9.075000e+00 1.100509e+00 1.100509e+00 0.000000e+00 -2.824228e-02
0.000000e+00 9.130000e+00 1.100210e+00 1.100210e+00 0.000000e+00 -2.760657e-02
0.000000e+00 9.185000e+00 1.099914e+00 1.099914e+00 0.000000e+00 -2.697944e-02
0.000000e+00 9.240000e+00 1.099621e+00 1.099621e+00 0.000000e+00 -2.636055e-02
0.000000e+00 9.295000e+00 1.099329e+00 1.099329e+00 0.000000e+00 -2.574979e-02
0.000000e+00 9.350000e+00 1.099039e+00 1.099039e+00 0.000000e+00 -2.514676e-02
0.000000e+00 9.405000e+00 1.098750e+00 1.098750e+00 0.000000e+00 -2.455074e-02
0.000000e+00 9.460000e+00 1.098462e+00 1.098462e+00 0.000000e+00 -2.396067e-02
0.000000e+00 9.515000e+00 1.098174e+00 1.098174e+00 0.000000e+00 -2.337549e-02
0.000000e+00 9.570000e+00 1.097886e+00 1.097886e+00 0.000000e+00 -2.279518e-02
0.000000e+00 9.625000e+00 1.097599e+00 1.097599e+00 0.000000e+00 -2.222059e-02
0.000000e+00 9.680000e+00 1.097311e+00 1.097312e+00 0.000000e+00 -2.165197e-02
0.000000e+00 9.735000e+00 1.097026e+00 1.097026e+00 0.000000e+00 -2.108431e-02
0.000000e+00 9.790000e+00 1.096741e+00 1.096740e+00 0.000000e+00 -2.051177e-02
0.000000e+00 9.845000e+00 1.096459e+00 1.096457e+00 0.000000e+00 -1.993265e-02
0.000000e+00 9.900000e+00 1.096176e+00 1.096170e+00 0.000000e+00 -1.937302e-02
0.000000e+00 9.955000e+00 1.095899e+00 1.095891e+00 0.000000e+00 -1.885621e-02
0.000000e+00 1.001000e+01 1.105114e+00 1.105104e+00 -0.000000e+00 -1.013850e-02
0.000000e+00 1.006500e+01 1.105114e+00 1.105104e+00 -0.000000e+00 -1.013850e-02
0.000000e+00 1.012000e+01 1.105114e+00 1.105104e+00 -0.000000e+00 -1.013850e-02
0.000000e+00 1.017500e+01 1.105114e+00 1.105104e+00 -0.000000e+00 -1.013850e-02
0.000000e+00 1.023000e+01 1.105114e+00 1.105104e+00 -0.000000e+00 -1.013850e-02
0.000000e+00 1.028500e+01 1.105114e+00 1.105104e+00 -0.000000e+00 -1.013850e-02
0.000000e+00 1.034000e+01 1.105114e+00 1.105104e+00 -0.000000e+00 -1.013850e-02
0.000000e+00 1.039500e+01 1.105114e+00 1.105104e+00 -0.000000e+00 -1.013850e-02
0.000000e+00 1.045000e+01 1.105114e+00 1.105104e+00 -0.000000e+00 -1.013850e-02
0.000000e+00 1.050500e+01 1.105114e+00 1.105104e+00 -0.000000e+00 -1.013850e-02
0.000000e+00 1.056000e+01 1.105114e+00 1.105104e+00 -0.000000e+00 -1.013850e-02
0.000000e+00 1.061500e+01 1.105114e+00 1.105104e+00 -0.000000e+00 -1.013850e-02
0.000000e+00 1.067000e+01 1.105114e+00 1.105104e+00 -0.000000e+00 -1.013850e-02
0.000000e+00 1.072500e+01 1.105114e+00 1.105104e+00 -0.000000e+00 -1.013850e-02
0.000000e+00 1.078000e+01 1.105114e+00 1.105104e+00 -0.000000e+00 -1.013850e-02
0.000000e+00 1.083500e+01 1.105114e+00 1.105104e+00 -0.000000e+00 -1.013850e-02
0.000000e+00 1.089000e+01 1.105114e+00 1.105104e+00 -0.000000e+00 -1.013850e-02
0.000000e+00 1.094500e+01 1.105114e+00 1.105104e+00 -0.000000e+00 -1.013850e-02
0.000000e+00 1.100000e+01 1.105114e+00 1.105104e+00 -0.000000e+00 -1.013850e-02
