#############TIME##################
1.470098e+01 
###################################
0.000000e+00 0.000000e+00 5.715483e+01 5.715965e+01 0.000000e+00 -3.062821e+00
0.000000e+00 5.500000e-02 5.715483e+01 5.715965e+01 0.000000e+00 -3.062821e+00
0.000000e+00 1.100000e-01 2.163840e+01 2.163913e+01 0.000000e+00 -3.062844e+00
0.000000e+00 1.650000e-01 1.406271e+01 1.406306e+01 0.000000e+00 -2.307416e+00
0.000000e+00 2.200000e-01 1.043287e+01 1.043310e+01 0.000000e+00 -1.933721e+00
0.000000e+00 2.750000e-01 8.163647e+00 8.163810e+00 0.000000e+00 -1.644784e+00
0.000000e+00 3.300000e-01 6.743658e+00 6.743779e+00 0.000000e+00 -1.421981e+00
0.000000e+00 3.850000e-01 5.723083e+00 5.723177e+00 0.000000e+00 -1.249951e+00
0.000000e+00 4.400000e-01 5.002905e+00 5.002981e+00 0.000000e+00 -1.106138e+00
0.000000e+00 4.950000e-01 4.448429e+00 4.448491e+00 0.000000e+00 -9.901962e-01
0.000000e+00 5.500000e-01 4.019757e+00 4.019808e+00 0.000000e+00 -8.917515e-01
0.000000e+00 6.050000e-01 3.679274e+00 3.679318e+00 0.000000e+00 -8.083865e-01
0.000000e+00 6.600000e-01 3.401802e+00 3.401840e+00 0.000000e+00 -7.365612e-01
0.000000e+00 7.150000e-01 3.172610e+00 3.172644e+00 0.000000e+00 -6.744709e-01
0.000000e+00 7.700000e-01 2.980119e+00 2.980148e+00 0.000000e+00 -6.201048e-01
0.000000e+00 8.250000e-01 2.816698e+00 2.816725e+00 0.000000e+00 -5.722991e-01
0.000000e+00 8.800000e-01 2.676303e+00 2.676327e+00 0.000000e+00 -5.299097e-01
0.000000e+00 9.350000e-01 2.554626e+00 2.554647e+00 0.000000e+00 -4.921499e-01
0.000000e+00 9.900000e-01 2.448236e+00 2.448255e+00 0.000000e+00 -4.583086e-01
0.000000e+00 1.045000e+00 2.354546e+00 2.354564e+00 0.000000e+00 -4.278455e-01
0.000000e+00 1.100000e+00 2.271475e+00 2.271491e+00 0.000000e+00 -4.002929e-01
0.000000e+00 1.155000e+00 2.197385e+00 2.197400e+00 0.000000e+00 -3.752770e-01
0.000000e+00 1.210000e+00 2.130941e+00 2.130955e+00 0.000000e+00 -3.524797e-01
0.000000e+00 1.265000e+00 2.071058e+00 2.071071e+00 0.000000e+00 -3.316382e-01
0.000000e+00 1.320000e+00 2.016842e+00 2.016854e+00 0.000000e+00 -3.125287e-01
0.000000e+00 1.375000e+00 1.967549e+00 1.967560e+00 0.000000e+00 -2.949617e-01
0.000000e+00 1.430000e+00 1.922558e+00 1.922569e+00 0.000000e+00 -2.787732e-01
0.000000e+00 1.485000e+00 1.881348e+00 1.881358e+00 0.000000e+00 -2.638212e-01
0.000000e+00 1.540000e+00 1.843478e+00 1.843487e+00 0.000000e+00 -2.499802e-01
0.000000e+00 1.595000e+00 1.808573e+00 1.808582e+00 0.000000e+00 -2.371397e-01
0.000000e+00 1.650000e+00 1.776312e+00 1.776321e+00 0.000000e+00 -2.252023e-01
0.000000e+00 1.705000e+00 1.746418e+00 1.746426e+00 0.000000e+00 -2.140828e-01
0.000000e+00 1.760000e+00 1.718649e+00 1.718656e+00 0.000000e+00 -2.037077e-01
0.000000e+00 1.815000e+00 1.692791e+00 1.692798e+00 0.000000e+00 -1.940125e-01
0.000000e+00 1.870000e+00 1.668658e+00 1.668665e+00 0.000000e+00 -1.849401e-01
0.000000e+00 1.925000e+00 1.646087e+00 1.646094e+00 0.000000e+00 -1.764390e-01
0.000000e+00 1.980000e+00 1.624935e+00 1.624941e+00 0.000000e+00 -1.684623e-01
0.000000e+00 2.035000e+00 1.605076e+00 1.605082e+00 0.000000e+00 -1.609669e-01
0.000000e+00 2.090000e+00 1.586400e+00 1.586405e+00 0.000000e+00 -1.539132e-01
0.000000e+00 2.145000e+00 1.568811e+00 1.568816e+00 0.000000e+00 -1.472650e-01
0.000000e+00 2.200000e+00 1.552223e+00 1.552229e+00 0.000000e+00 -1.409892e-01
0.000000e+00 2.255000e+00 1.536560e+00 1.536565e+00 0.000000e+00 -1.350558e-01
0.000000e+00 2.310000e+00 1.521752e+00 1.521757e+00 0.000000e+00 -1.294379e-01
0.000000e+00 2.365000e+00 1.507734e+00 1.507738e+00 0.000000e+00 -1.241114e-01
0.000000e+00 2.420000e+00 1.494446e+00 1.494450e+00 0.000000e+00 -1.190554e-01
0.000000e+00 2.475000e+00 1.481834e+00 1.481839e+00 0.000000e+00 -1.142515e-01
0.000000e+00 2.530000e+00 1.469848e+00 1.469852e+00 0.000000e+00 -1.096833e-01
0.000000e+00 2.585000e+00 1.458442e+00 1.458446e+00 0.000000e+00 -1.053365e-01
0.000000e+00 2.640000e+00 1.447576e+00 1.447580e+00 0.000000e+00 -1.011975e-01
0.000000e+00 2.695000e+00 1.437212e+00 1.437216e+00 0.000000e+00 -9.725309e-02
0.000000e+00 2.750000e+00 1.427321e+00 1.427324e+00 0.000000e+00 -9.349033e-02
0.000000e+00 2.805000e+00 1.417873e+00 1.417877e+00 0.000000e+00 -8.989626e-02
0.000000e+00 2.860000e+00 1.408844e+00 1.408848e+00 0.000000e+00 -8.645830e-02
0.000000e+00 2.915000e+00 1.400211e+00 1.400215e+00 0.000000e+00 -8.316461e-02
0.000000e+00 2.970000e+00 1.391953e+00 1.391956e+00 0.000000e+00 -8.000452e-02
0.000000e+00 3.025000e+00 1.384046e+00 1.384050e+00 0.000000e+00 -7.696900e-02
0.000000e+00 3.080000e+00 1.376471e+00 1.376474e+00 0.000000e+00 -7.405098e-02
0.000000e+00 3.135000e+00 1.369205e+00 1.369208e+00 0.000000e+00 -7.124545e-02
0.000000e+00 3.190000e+00 1.362225e+00 1.362228e+00 0.000000e+00 -6.854909e-02
0.000000e+00 3.245000e+00 1.355512e+00 1.355515e+00 0.000000e+00 -6.595962e-02
0.000000e+00 3.300000e+00 1.349047e+00 1.349049e+00 0.000000e+00 -6.347471e-02
0.000000e+00 3.355000e+00 1.342813e+00 1.342815e+00 0.000000e+00 -6.109116e-02
0.000000e+00 3.410000e+00 1.336797e+00 1.336800e+00 0.000000e+00 -5.880434e-02
0.000000e+00 3.465000e+00 1.330991e+00 1.330993e+00 0.000000e+00 -5.660815e-02
0.000000e+00 3.520000e+00 1.325387e+00 1.325389e+00 0.000000e+00 -5.449523e-02
0.000000e+00 3.575000e+00 1.319979e+00 1.319981e+00 0.000000e+00 -5.245742e-02
0.000000e+00 3.630000e+00 1.314764e+00 1.314766e+00 0.000000e+00 -5.048627e-02
0.000000e+00 3.685000e+00 1.309738e+00 1.309740e+00 0.000000e+00 -4.857374e-02
0.000000e+00 3.740000e+00 1.304897e+00 1.304899e+00 0.000000e+00 -4.671316e-02
0.000000e+00 3.795000e+00 1.300235e+00 1.300238e+00 0.000000e+00 -4.490015e-02
0.000000e+00 3.850000e+00 1.295743e+00 1.295745e+00 0.000000e+00 -4.313309e-02
0.000000e+00 3.905000e+00 1.291409e+00 1.291411e+00 0.000000e+00 -4.141280e-02
0.000000e+00 3.960000e+00 1.287220e+00 1.287222e+00 0.000000e+00 -3.974134e-02
0.000000e+00 4.015000e+00 1.283164e+00 1.283166e+00 0.000000e+00 -3.812060e-02
0.000000e+00 4.070000e+00 1.279232e+00 1.279234e+00 0.000000e+00 -3.655113e-02
0.000000e+00 4.125000e+00 1.275418e+00 1.275420e+00 0.000000e+00 -3.503177e-02
0.000000e+00 4.180000e+00 1.271718e+00 1.271719e+00 0.000000e+00 -3.355994e-02
0.000000e+00 4.235000e+00 1.268129e+00 1.268131e+00 0.000000e+00 -3.213223e-02
0.000000e+00 4.290000e+00 1.264650e+00 1.264652e+00 0.000000e+00 -3.074477e-02
0.000000e+00 4.345000e+00 1.261280e+00 1.261281e+00 0.000000e+00 -2.939332e-02
0.000000e+00 4.400000e+00 1.258016e+00 1.258017e+00 0.000000e+00 -2.807346e-02
0.000000e+00 4.455000e+00 1.254856e+00 1.254857e+00 0.000000e+00 -2.678098e-02
0.000000e+00 4.510000e+00 1.251797e+00 1.251799e+00 0.000000e+00 -2.551262e-02
0.000000e+00 4.565000e+00 1.248837e+00 1.248839e+00 0.000000e+00 -2.426677e-02
0.000000e+00 4.620000e+00 1.245971e+00 1.245973e+00 0.000000e+00 -2.304381e-02
0.000000e+00 4.675000e+00 1.243194e+00 1.243195e+00 0.000000e+00 -2.184574e-02
0.000000e+00 4.730000e+00 1.240497e+00 1.240499e+00 0.000000e+00 -2.067542e-02
0.000000e+00 4.785000e+00 1.237875e+00 1.237876e+00 0.000000e+00 -1.953572e-02
0.000000e+00 4.840000e+00 1.235319e+00 1.235321e+00 0.000000e+00 -1.842894e-02
0.000000e+00 4.895000e+00 1.232823e+00 1.232825e+00 0.000000e+00 -1.735646e-02
0.000000e+00 4.950000e+00 1.230381e+00 1.230383e+00 0.000000e+00 -1.631856e-02
0.000000e+00 5.005000e+00 1.227991e+00 1.227992e+00 0.000000e+00 -1.531403e-02
0.000000e+00 5.060000e+00 1.225652e+00 1.225654e+00 0.000000e+00 -1.433985e-02
0.000000e+00 5.115000e+00 1.223369e+00 1.223371e+00 0.000000e+00 -1.339119e-02
0.000000e+00 5.170000e+00 1.221148e+00 1.221149e+00 0.000000e+00 -1.246245e-02
0.000000e+00 5.225000e+00 1.218991e+00 1.218992e+00 0.000000e+00 -1.154914e-02
0.000000e+00 5.280000e+00 1.216898e+00 1.216900e+00 0.000000e+00 -1.064992e-02
0.000000e+00 5.335000e+00 1.214863e+00 1.214864e+00 0.000000e+00 -9.767446e-03
0.000000e+00 5.390000e+00 1.212875e+00 1.212876e+00 0.000000e+00 -8.907023e-03
0.000000e+00 5.445000e+00 1.210925e+00 1.210926e+00 0.000000e+00 -8.073339e-03
0.000000e+00 5.500000e+00 1.209010e+00 1.209011e+00 0.000000e+00 -7.267224e-03
0.000000e+00 5.555000e+00 1.207133e+00 1.207134e+00 0.000000e+00 -6.484642e-03
0.000000e+00 5.610000e+00 1.205302e+00 1.205303e+00 0.000000e+00 -5.718955e-03
0.000000e+00 5.665000e+00 1.203522e+00 1.203523e+00 0.000000e+00 -4.965052e-03
0.000000e+00 5.720000e+00 1.201793e+00 1.201794e+00 0.000000e+00 -4.222240e-03
0.000000e+00 5.775000e+00 1.200108e+00 1.200109e+00 0.000000e+00 -3.493391e-03
0.000000e+00 5.830000e+00 1.198462e+00 1.198463e+00 0.000000e+00 -2.780723e-03
0.000000e+00 5.885000e+00 1.196855e+00 1.196856e+00 0.000000e+00 -2.081674e-03
0.000000e+00 5.940000e+00 1.195296e+00 1.195297e+00 0.000000e+00 -1.388983e-03
0.000000e+00 5.995000e+00 1.193790e+00 1.193791e+00 0.000000e+00 -6.962759e-04
0.000000e+00 6.050000e+00 1.192335e+00 1.192336e+00 0.000000e+00 -5.819239e-06
0.000000e+00 6.105000e+00 1.190910e+00 1.190911e+00 0.000000e+00 6.676701e-04
0.000000e+00 6.160000e+00 1.189485e+00 1.189486e+00 0.000000e+00 1.301719e-03
0.000000e+00 6.215000e+00 1.188037e+00 1.188038e+00 0.000000e+00 1.878171e-03
0.000000e+00 6.270000e+00 1.186562e+00 1.186562e+00 0.000000e+00 2.395572e-03
0.000000e+00 6.325000e+00 1.185083e+00 1.185084e+00 0.000000e+00 2.873162e-03
0.000000e+00 6.380000e+00 1.183643e+00 1.183643e+00 0.000000e+00 3.342567e-03
0.000000e+00 6.435000e+00 1.182274e+00 1.182275e+00 0.000000e+00 3.831385e-03
0.000000e+00 6.490000e+00 1.180987e+00 1.180987e+00 0.000000e+00 4.348204e-03
0.000000e+00 6.545000e+00 1.179759e+00 1.179760e+00 0.000000e+00 4.878261e-03
0.000000e+00 6.600000e+00 1.178553e+00 1.178554e+00 0.000000e+00 5.392828e-03
0.000000e+00 6.655000e+00 1.177334e+00 1.177335e+00 0.000000e+00 5.866522e-03
0.000000e+00 6.710000e+00 1.176090e+00 1.176091e+00 0.000000e+00 6.291849e-03
0.000000e+00 6.765000e+00 1.174841e+00 1.174842e+00 0.000000e+00 6.682332e-03
0.000000e+00 6.820000e+00 1.173619e+00 1.173620e+00 0.000000e+00 7.063053e-03
0.000000e+00 6.875000e+00 1.172454e+00 1.172455e+00 0.000000e+00 7.455282e-03
0.000000e+00 6.930000e+00 1.171352e+00 1.171352e+00 0.000000e+00 7.864612e-03
0.000000e+00 6.985000e+00 1.170295e+00 1.170296e+00 0.000000e+00 8.279143e-03
0.000000e+00 7.040000e+00 1.169256e+00 1.169256e+00 0.000000e+00 8.677787e-03
0.000000e+00 7.095000e+00 1.168209e+00 1.168209e+00 0.000000e+00 9.042603e-03
0.000000e+00 7.150000e+00 1.167148e+00 1.167149e+00 0.000000e+00 9.367718e-03
0.000000e+00 7.205000e+00 1.166086e+00 1.166087e+00 0.000000e+00 9.660816e-03
0.000000e+00 7.260000e+00 1.165044e+00 1.165045e+00 0.000000e+00 9.938156e-03
0.000000e+00 7.315000e+00 1.164039e+00 1.164040e+00 0.000000e+00 1.021686e-02
0.000000e+00 7.370000e+00 1.163076e+00 1.163077e+00 0.000000e+00 1.050763e-02
0.000000e+00 7.425000e+00 1.162149e+00 1.162149e+00 0.000000e+00 1.080999e-02
0.000000e+00 7.480000e+00 1.161248e+00 1.161248e+00 0.000000e+00 1.111205e-02
0.000000e+00 7.535000e+00 1.160364e+00 1.160365e+00 0.000000e+00 1.139642e-02
0.000000e+00 7.590000e+00 1.159490e+00 1.159491e+00 0.000000e+00 1.165050e-02
0.000000e+00 7.645000e+00 1.158614e+00 1.158614e+00 0.000000e+00 1.187470e-02
0.000000e+00 7.700000e+00 1.157726e+00 1.157727e+00 0.000000e+00 1.208104e-02
0.000000e+00 7.755000e+00 1.156830e+00 1.156831e+00 0.000000e+00 1.228229e-02
0.000000e+00 7.810000e+00 1.155945e+00 1.155945e+00 0.000000e+00 1.248105e-02
0.000000e+00 7.865000e+00 1.155096e+00 1.155097e+00 0.000000e+00 1.266908e-02
0.000000e+00 7.920000e+00 1.154298e+00 1.154299e+00 0.000000e+00 1.283673e-02
0.000000e+00 7.975000e+00 1.153538e+00 1.153538e+00 0.000000e+00 1.298180e-02
0.000000e+00 8.030000e+00 1.152785e+00 1.152785e+00 0.000000e+00 1.310871e-02
0.000000e+00 8.085000e+00 1.152012e+00 1.152013e+00 0.000000e+00 1.322123e-02
0.000000e+00 8.140000e+00 1.151215e+00 1.151215e+00 0.000000e+00 1.331925e-02
0.000000e+00 8.195000e+00 1.150410e+00 1.150411e+00 0.000000e+00 1.340339e-02
0.000000e+00 8.250000e+00 1.149629e+00 1.149629e+00 0.000000e+00 1.348067e-02
0.000000e+00 8.305000e+00 1.148898e+00 1.148899e+00 0.000000e+00 1.356399e-02
0.000000e+00 8.360000e+00 1.148231e+00 1.148231e+00 0.000000e+00 1.366553e-02
0.000000e+00 8.415000e+00 1.147620e+00 1.147620e+00 0.000000e+00 1.378941e-02
0.000000e+00 8.470000e+00 1.147045e+00 1.147045e+00 0.000000e+00 1.392782e-02
0.000000e+00 8.525000e+00 1.146481e+00 1.146481e+00 0.000000e+00 1.406222e-02
0.000000e+00 8.580000e+00 1.145907e+00 1.145907e+00 0.000000e+00 1.416986e-02
0.000000e+00 8.635000e+00 1.145309e+00 1.145310e+00 0.000000e+00 1.423440e-02
0.000000e+00 8.690000e+00 1.144681e+00 1.144682e+00 0.000000e+00 1.425456e-02
0.000000e+00 8.745000e+00 1.144023e+00 1.144023e+00 0.000000e+00 1.424460e-02
0.000000e+00 8.800000e+00 1.143346e+00 1.143346e+00 0.000000e+00 1.422618e-02
0.000000e+00 8.855000e+00 1.142674e+00 1.142674e+00 0.000000e+00 1.421821e-02
0.000000e+00 8.910000e+00 1.142029e+00 1.142029e+00 0.000000e+00 1.423059e-02
0.000000e+00 8.965000e+00 1.141420e+00 1.141421e+00 0.000000e+00 1.426288e-02
0.000000e+00 9.020000e+00 1.140838e+00 1.140838e+00 0.000000e+00 1.430571e-02
0.000000e+00 9.075000e+00 1.140259e+00 1.140259e+00 0.000000e+00 1.434411e-02
0.000000e+00 9.130000e+00 1.139658e+00 1.139658e+00 0.000000e+00 1.436364e-02
0.000000e+00 9.185000e+00 1.139025e+00 1.139026e+00 0.000000e+00 1.435807e-02
0.000000e+00 9.240000e+00 1.138368e+00 1.138368e+00 0.000000e+00 1.433565e-02
0.000000e+00 9.295000e+00 1.137708e+00 1.137709e+00 0.000000e+00 1.431878e-02
0.000000e+00 9.350000e+00 1.137075e+00 1.137075e+00 0.000000e+00 1.433649e-02
0.000000e+00 9.405000e+00 1.136489e+00 1.136489e+00 0.000000e+00 1.440957e-02
0.000000e+00 9.460000e+00 1.135957e+00 1.135956e+00 0.000000e+00 1.453811e-02
0.000000e+00 9.515000e+00 1.135459e+00 1.135456e+00 0.000000e+00 1.469217e-02
0.000000e+00 9.570000e+00 1.134963e+00 1.134957e+00 0.000000e+00 1.482166e-02
0.000000e+00 9.625000e+00 1.134426e+00 1.134419e+00 0.000000e+00 1.486110e-02
0.000000e+00 9.680000e+00 1.133834e+00 1.133825e+00 0.000000e+00 1.475740e-02
0.000000e+00 9.735000e+00 1.133180e+00 1.133170e+00 0.000000e+00 1.445686e-02
0.000000e+00 9.790000e+00 1.132519e+00 1.132509e+00 0.000000e+00 1.397878e-02
0.000000e+00 9.845000e+00 1.131856e+00 1.131846e+00 0.000000e+00 1.336690e-02
0.000000e+00 9.900000e+00 1.131299e+00 1.131289e+00 0.000000e+00 1.286428e-02
0.000000e+00 9.955000e+00 1.130715e+00 1.130705e+00 0.000000e+00 1.252159e-02
0.000000e+00 1.001000e+01 1.105114e+00 1.105104e+00 -0.000000e+00 -1.013850e-02
0.000000e+00 1.006500e+01 1.105114e+00 1.105104e+00 -0.000000e+00 -1.013850e-02
0.000000e+00 1.012000e+01 1.105114e+00 1.105104e+00 -0.000000e+00 -1.013850e-02
0.000000e+00 1.017500e+01 1.105114e+00 1.105104e+00 -0.000000e+00 -1.013850e-02
0.000000e+00 1.023000e+01 1.105114e+00 1.105104e+00 -0.000000e+00 -1.013850e-02
0.000000e+00 1.028500e+01 1.105114e+00 1.105104e+00 -0.000000e+00 -1.013850e-02
0.000000e+00 1.034000e+01 1.105114e+00 1.105104e+00 -0.000000e+00 -1.013850e-02
0.000000e+00 1.039500e+01 1.105114e+00 1.105104e+00 -0.000000e+00 -1.013850e-02
0.000000e+00 1.045000e+01 1.105114e+00 1.105104e+00 -0.000000e+00 -1.013850e-02
0.000000e+00 1.050500e+01 1.105114e+00 1.105104e+00 -0.000000e+00 -1.013850e-02
0.000000e+00 1.056000e+01 1.105114e+00 1.105104e+00 -0.000000e+00 -1.013850e-02
0.000000e+00 1.061500e+01 1.105114e+00 1.105104e+00 -0.000000e+00 -1.013850e-02
0.000000e+00 1.067000e+01 1.105114e+00 1.105104e+00 -0.000000e+00 -1.013850e-02
0.000000e+00 1.072500e+01 1.105114e+00 1.105104e+00 -0.000000e+00 -1.013850e-02
0.000000e+00 1.078000e+01 1.105114e+00 1.105104e+00 -0.000000e+00 -1.013850e-02
0.000000e+00 1.083500e+01 1.105114e+00 1.105104e+00 -0.000000e+00 -1.013850e-02
0.000000e+00 1.089000e+01 1.105114e+00 1.105104e+00 -0.000000e+00 -1.013850e-02
0.000000e+00 1.094500e+01 1.105114e+00 1.105104e+00 -0.000000e+00 -1.013850e-02
0.000000e+00 1.100000e+01 1.105114e+00 1.105104e+00 -0.000000e+00 -1.013850e-02
