#############TIME##################
1.540474e+01 
###################################
0.000000e+00 0.000000e+00 5.680416e+01 5.680895e+01 0.000000e+00 -3.062981e+00
0.000000e+00 5.500000e-02 5.680416e+01 5.680895e+01 0.000000e+00 -3.062981e+00
0.000000e+00 1.100000e-01 2.150811e+01 2.150883e+01 0.000000e+00 -3.062993e+00
0.000000e+00 1.650000e-01 1.397814e+01 1.397849e+01 0.000000e+00 -2.307605e+00
0.000000e+00 2.200000e-01 1.037052e+01 1.037075e+01 0.000000e+00 -1.933887e+00
0.000000e+00 2.750000e-01 8.114596e+00 8.114757e+00 0.000000e+00 -1.644987e+00
0.000000e+00 3.300000e-01 6.703026e+00 6.703146e+00 0.000000e+00 -1.422211e+00
0.000000e+00 3.850000e-01 5.688693e+00 5.688786e+00 0.000000e+00 -1.250239e+00
0.000000e+00 4.400000e-01 4.972675e+00 4.972750e+00 0.000000e+00 -1.106450e+00
0.000000e+00 4.950000e-01 4.421514e+00 4.421575e+00 0.000000e+00 -9.905509e-01
0.000000e+00 5.500000e-01 3.995410e+00 3.995461e+00 0.000000e+00 -8.921456e-01
0.000000e+00 6.050000e-01 3.656942e+00 3.656986e+00 0.000000e+00 -8.088149e-01
0.000000e+00 6.600000e-01 3.381127e+00 3.381165e+00 0.000000e+00 -7.370266e-01
0.000000e+00 7.150000e-01 3.153306e+00 3.153339e+00 0.000000e+00 -6.749711e-01
0.000000e+00 7.700000e-01 2.961970e+00 2.961999e+00 0.000000e+00 -6.206372e-01
0.000000e+00 8.250000e-01 2.799535e+00 2.799561e+00 0.000000e+00 -5.728618e-01
0.000000e+00 8.800000e-01 2.659991e+00 2.660014e+00 0.000000e+00 -5.305002e-01
0.000000e+00 9.350000e-01 2.539053e+00 2.539074e+00 0.000000e+00 -4.927663e-01
0.000000e+00 9.900000e-01 2.433308e+00 2.433327e+00 0.000000e+00 -4.589501e-01
0.000000e+00 1.045000e+00 2.340183e+00 2.340200e+00 0.000000e+00 -4.285120e-01
0.000000e+00 1.100000e+00 2.257606e+00 2.257622e+00 0.000000e+00 -4.009854e-01
0.000000e+00 1.155000e+00 2.183949e+00 2.183964e+00 0.000000e+00 -3.759974e-01
0.000000e+00 1.210000e+00 2.117884e+00 2.117898e+00 0.000000e+00 -3.532301e-01
0.000000e+00 1.265000e+00 2.058336e+00 2.058349e+00 0.000000e+00 -3.324211e-01
0.000000e+00 1.320000e+00 2.004415e+00 2.004427e+00 0.000000e+00 -3.133462e-01
0.000000e+00 1.375000e+00 1.955386e+00 1.955397e+00 0.000000e+00 -2.958154e-01
0.000000e+00 1.430000e+00 1.910631e+00 1.910642e+00 0.000000e+00 -2.796640e-01
0.000000e+00 1.485000e+00 1.869635e+00 1.869645e+00 0.000000e+00 -2.647494e-01
0.000000e+00 1.540000e+00 1.831959e+00 1.831968e+00 0.000000e+00 -2.509454e-01
0.000000e+00 1.595000e+00 1.797232e+00 1.797240e+00 0.000000e+00 -2.381410e-01
0.000000e+00 1.650000e+00 1.765135e+00 1.765143e+00 0.000000e+00 -2.262381e-01
0.000000e+00 1.705000e+00 1.735392e+00 1.735400e+00 0.000000e+00 -2.151513e-01
0.000000e+00 1.760000e+00 1.707763e+00 1.707771e+00 0.000000e+00 -2.048064e-01
0.000000e+00 1.815000e+00 1.682040e+00 1.682047e+00 0.000000e+00 -1.951384e-01
0.000000e+00 1.870000e+00 1.658036e+00 1.658042e+00 0.000000e+00 -1.860899e-01
0.000000e+00 1.925000e+00 1.635589e+00 1.635595e+00 0.000000e+00 -1.776095e-01
0.000000e+00 1.980000e+00 1.614557e+00 1.614563e+00 0.000000e+00 -1.696508e-01
0.000000e+00 2.035000e+00 1.594814e+00 1.594819e+00 0.000000e+00 -1.621719e-01
0.000000e+00 2.090000e+00 1.576247e+00 1.576253e+00 0.000000e+00 -1.551347e-01
0.000000e+00 2.145000e+00 1.558760e+00 1.558765e+00 0.000000e+00 -1.485043e-01
0.000000e+00 2.200000e+00 1.542263e+00 1.542268e+00 0.000000e+00 -1.422491e-01
0.000000e+00 2.255000e+00 1.526679e+00 1.526684e+00 0.000000e+00 -1.363403e-01
0.000000e+00 2.310000e+00 1.511936e+00 1.511941e+00 0.000000e+00 -1.307518e-01
0.000000e+00 2.365000e+00 1.497969e+00 1.497974e+00 0.000000e+00 -1.254600e-01
0.000000e+00 2.420000e+00 1.484720e+00 1.484725e+00 0.000000e+00 -1.204436e-01
0.000000e+00 2.475000e+00 1.472136e+00 1.472140e+00 0.000000e+00 -1.156835e-01
0.000000e+00 2.530000e+00 1.460169e+00 1.460173e+00 0.000000e+00 -1.111623e-01
0.000000e+00 2.585000e+00 1.448775e+00 1.448779e+00 0.000000e+00 -1.068642e-01
0.000000e+00 2.640000e+00 1.437915e+00 1.437919e+00 0.000000e+00 -1.027746e-01
0.000000e+00 2.695000e+00 1.427556e+00 1.427559e+00 0.000000e+00 -9.887994e-02
0.000000e+00 2.750000e+00 1.417665e+00 1.417668e+00 0.000000e+00 -9.516721e-02
0.000000e+00 2.805000e+00 1.408214e+00 1.408218e+00 0.000000e+00 -9.162399e-02
0.000000e+00 2.860000e+00 1.399178e+00 1.399182e+00 0.000000e+00 -8.823831e-02
0.000000e+00 2.915000e+00 1.390534e+00 1.390537e+00 0.000000e+00 -8.499886e-02
0.000000e+00 2.970000e+00 1.382258e+00 1.382261e+00 0.000000e+00 -8.189530e-02
0.000000e+00 3.025000e+00 1.374330e+00 1.374333e+00 0.000000e+00 -7.891847e-02
0.000000e+00 3.080000e+00 1.366730e+00 1.366733e+00 0.000000e+00 -7.606061e-02
0.000000e+00 3.135000e+00 1.359437e+00 1.359440e+00 0.000000e+00 -7.331525e-02
0.000000e+00 3.190000e+00 1.352433e+00 1.352436e+00 0.000000e+00 -7.067695e-02
0.000000e+00 3.245000e+00 1.345701e+00 1.345704e+00 0.000000e+00 -6.814086e-02
0.000000e+00 3.300000e+00 1.339225e+00 1.339227e+00 0.000000e+00 -6.570226e-02
0.000000e+00 3.355000e+00 1.332991e+00 1.332993e+00 0.000000e+00 -6.335630e-02
0.000000e+00 3.410000e+00 1.326987e+00 1.326989e+00 0.000000e+00 -6.109782e-02
0.000000e+00 3.465000e+00 1.321203e+00 1.321205e+00 0.000000e+00 -5.892135e-02
0.000000e+00 3.520000e+00 1.315629e+00 1.315631e+00 0.000000e+00 -5.682127e-02
0.000000e+00 3.575000e+00 1.310257e+00 1.310259e+00 0.000000e+00 -5.479200e-02
0.000000e+00 3.630000e+00 1.305079e+00 1.305081e+00 0.000000e+00 -5.282831e-02
0.000000e+00 3.685000e+00 1.300085e+00 1.300087e+00 0.000000e+00 -5.092570e-02
0.000000e+00 3.740000e+00 1.295269e+00 1.295271e+00 0.000000e+00 -4.908078e-02
0.000000e+00 3.795000e+00 1.290619e+00 1.290621e+00 0.000000e+00 -4.729160e-02
0.000000e+00 3.850000e+00 1.286127e+00 1.286129e+00 0.000000e+00 -4.555755e-02
0.000000e+00 3.905000e+00 1.281781e+00 1.281783e+00 0.000000e+00 -4.387894e-02
0.000000e+00 3.960000e+00 1.277572e+00 1.277574e+00 0.000000e+00 -4.225629e-02
0.000000e+00 4.015000e+00 1.273488e+00 1.273490e+00 0.000000e+00 -4.068955e-02
0.000000e+00 4.070000e+00 1.269523e+00 1.269525e+00 0.000000e+00 -3.917759e-02
0.000000e+00 4.125000e+00 1.265672e+00 1.265674e+00 0.000000e+00 -3.771805e-02
0.000000e+00 4.180000e+00 1.261932e+00 1.261933e+00 0.000000e+00 -3.630743e-02
0.000000e+00 4.235000e+00 1.258301e+00 1.258303e+00 0.000000e+00 -3.494127e-02
0.000000e+00 4.290000e+00 1.254781e+00 1.254782e+00 0.000000e+00 -3.361436e-02
0.000000e+00 4.345000e+00 1.251372e+00 1.251373e+00 0.000000e+00 -3.232107e-02
0.000000e+00 4.400000e+00 1.248073e+00 1.248075e+00 0.000000e+00 -3.105602e-02
0.000000e+00 4.455000e+00 1.244884e+00 1.244886e+00 0.000000e+00 -2.981501e-02
0.000000e+00 4.510000e+00 1.241802e+00 1.241803e+00 0.000000e+00 -2.859590e-02
0.000000e+00 4.565000e+00 1.238819e+00 1.238820e+00 0.000000e+00 -2.739898e-02
0.000000e+00 4.620000e+00 1.235929e+00 1.235930e+00 0.000000e+00 -2.622648e-02
0.000000e+00 4.675000e+00 1.233123e+00 1.233124e+00 0.000000e+00 -2.508136e-02
0.000000e+00 4.730000e+00 1.230394e+00 1.230396e+00 0.000000e+00 -2.396602e-02
0.000000e+00 4.785000e+00 1.227738e+00 1.227740e+00 0.000000e+00 -2.288147e-02
0.000000e+00 4.840000e+00 1.225151e+00 1.225153e+00 0.000000e+00 -2.182723e-02
0.000000e+00 4.895000e+00 1.222633e+00 1.222634e+00 0.000000e+00 -2.080177e-02
0.000000e+00 4.950000e+00 1.220182e+00 1.220184e+00 0.000000e+00 -1.980301e-02
0.000000e+00 5.005000e+00 1.217801e+00 1.217802e+00 0.000000e+00 -1.882846e-02
0.000000e+00 5.060000e+00 1.215488e+00 1.215489e+00 0.000000e+00 -1.787512e-02
0.000000e+00 5.115000e+00 1.213243e+00 1.213244e+00 0.000000e+00 -1.693960e-02
0.000000e+00 5.170000e+00 1.211066e+00 1.211067e+00 0.000000e+00 -1.601856e-02
0.000000e+00 5.225000e+00 1.208955e+00 1.208956e+00 0.000000e+00 -1.510955e-02
0.000000e+00 5.280000e+00 1.206909e+00 1.206910e+00 0.000000e+00 -1.421171e-02
0.000000e+00 5.335000e+00 1.204924e+00 1.204925e+00 0.000000e+00 -1.332604e-02
0.000000e+00 5.390000e+00 1.202997e+00 1.202998e+00 0.000000e+00 -1.245491e-02
0.000000e+00 5.445000e+00 1.201123e+00 1.201124e+00 0.000000e+00 -1.160128e-02
0.000000e+00 5.500000e+00 1.199298e+00 1.199299e+00 0.000000e+00 -1.076793e-02
0.000000e+00 5.555000e+00 1.197517e+00 1.197518e+00 0.000000e+00 -9.957070e-03
0.000000e+00 5.610000e+00 1.195775e+00 1.195776e+00 0.000000e+00 -9.170141e-03
0.000000e+00 5.665000e+00 1.194070e+00 1.194071e+00 0.000000e+00 -8.407738e-03
0.000000e+00 5.720000e+00 1.192399e+00 1.192400e+00 0.000000e+00 -7.669343e-03
0.000000e+00 5.775000e+00 1.190764e+00 1.190765e+00 0.000000e+00 -6.953005e-03
0.000000e+00 5.830000e+00 1.189166e+00 1.189167e+00 0.000000e+00 -6.255302e-03
0.000000e+00 5.885000e+00 1.187610e+00 1.187611e+00 0.000000e+00 -5.571962e-03
0.000000e+00 5.940000e+00 1.186098e+00 1.186099e+00 0.000000e+00 -4.899231e-03
0.000000e+00 5.995000e+00 1.184631e+00 1.184632e+00 0.000000e+00 -4.235565e-03
0.000000e+00 6.050000e+00 1.183207e+00 1.183207e+00 0.000000e+00 -3.582748e-03
0.000000e+00 6.105000e+00 1.181817e+00 1.181818e+00 0.000000e+00 -2.945506e-03
0.000000e+00 6.160000e+00 1.180453e+00 1.180453e+00 0.000000e+00 -2.329332e-03
0.000000e+00 6.215000e+00 1.179108e+00 1.179109e+00 0.000000e+00 -1.737355e-03
0.000000e+00 6.270000e+00 1.177783e+00 1.177784e+00 0.000000e+00 -1.168083e-03
0.000000e+00 6.325000e+00 1.176486e+00 1.176486e+00 0.000000e+00 -6.157714e-04
0.000000e+00 6.380000e+00 1.175227e+00 1.175227e+00 0.000000e+00 -7.368469e-05
0.000000e+00 6.435000e+00 1.174013e+00 1.174013e+00 0.000000e+00 4.616619e-04
0.000000e+00 6.490000e+00 1.172843e+00 1.172844e+00 0.000000e+00 9.884191e-04
0.000000e+00 6.545000e+00 1.171709e+00 1.171710e+00 0.000000e+00 1.501556e-03
0.000000e+00 6.600000e+00 1.170600e+00 1.170600e+00 0.000000e+00 1.998117e-03
0.000000e+00 6.655000e+00 1.169510e+00 1.169511e+00 0.000000e+00 2.481428e-03
0.000000e+00 6.710000e+00 1.168447e+00 1.168447e+00 0.000000e+00 2.960110e-03
0.000000e+00 6.765000e+00 1.167424e+00 1.167424e+00 0.000000e+00 3.441580e-03
0.000000e+00 6.820000e+00 1.166448e+00 1.166449e+00 0.000000e+00 3.924564e-03
0.000000e+00 6.875000e+00 1.165509e+00 1.165510e+00 0.000000e+00 4.396581e-03
0.000000e+00 6.930000e+00 1.164578e+00 1.164579e+00 0.000000e+00 4.838717e-03
0.000000e+00 6.985000e+00 1.163620e+00 1.163621e+00 0.000000e+00 5.234291e-03
0.000000e+00 7.040000e+00 1.162624e+00 1.162624e+00 0.000000e+00 5.575935e-03
0.000000e+00 7.095000e+00 1.161612e+00 1.161613e+00 0.000000e+00 5.868627e-03
0.000000e+00 7.150000e+00 1.160637e+00 1.160638e+00 0.000000e+00 6.129839e-03
0.000000e+00 7.205000e+00 1.159740e+00 1.159741e+00 0.000000e+00 6.387978e-03
0.000000e+00 7.260000e+00 1.158921e+00 1.158921e+00 0.000000e+00 6.675604e-03
0.000000e+00 7.315000e+00 1.158136e+00 1.158137e+00 0.000000e+00 7.012283e-03
0.000000e+00 7.370000e+00 1.157334e+00 1.157335e+00 0.000000e+00 7.385334e-03
0.000000e+00 7.425000e+00 1.156497e+00 1.156497e+00 0.000000e+00 7.746633e-03
0.000000e+00 7.480000e+00 1.155654e+00 1.155655e+00 0.000000e+00 8.037708e-03
0.000000e+00 7.535000e+00 1.154856e+00 1.154856e+00 0.000000e+00 8.230421e-03
0.000000e+00 7.590000e+00 1.154125e+00 1.154126e+00 0.000000e+00 8.352601e-03
0.000000e+00 7.645000e+00 1.153441e+00 1.153441e+00 0.000000e+00 8.474750e-03
0.000000e+00 7.700000e+00 1.152761e+00 1.152761e+00 0.000000e+00 8.660813e-03
0.000000e+00 7.755000e+00 1.152061e+00 1.152061e+00 0.000000e+00 8.923082e-03
0.000000e+00 7.810000e+00 1.151350e+00 1.151350e+00 0.000000e+00 9.218357e-03
0.000000e+00 7.865000e+00 1.150650e+00 1.150650e+00 0.000000e+00 9.484699e-03
0.000000e+00 7.920000e+00 1.149972e+00 1.149973e+00 0.000000e+00 9.684938e-03
0.000000e+00 7.975000e+00 1.149310e+00 1.149310e+00 0.000000e+00 9.823592e-03
0.000000e+00 8.030000e+00 1.148649e+00 1.148649e+00 0.000000e+00 9.932490e-03
0.000000e+00 8.085000e+00 1.147988e+00 1.147988e+00 0.000000e+00 1.004427e-02
0.000000e+00 8.140000e+00 1.147339e+00 1.147339e+00 0.000000e+00 1.017579e-02
0.000000e+00 8.195000e+00 1.146714e+00 1.146714e+00 0.000000e+00 1.032760e-02
0.000000e+00 8.250000e+00 1.146116e+00 1.146117e+00 0.000000e+00 1.049136e-02
0.000000e+00 8.305000e+00 1.145539e+00 1.145539e+00 0.000000e+00 1.065650e-02
0.000000e+00 8.360000e+00 1.144969e+00 1.144970e+00 0.000000e+00 1.081356e-02
0.000000e+00 8.415000e+00 1.144398e+00 1.144398e+00 0.000000e+00 1.095563e-02
0.000000e+00 8.470000e+00 1.143816e+00 1.143817e+00 0.000000e+00 1.107946e-02
0.000000e+00 8.525000e+00 1.143223e+00 1.143223e+00 0.000000e+00 1.118625e-02
0.000000e+00 8.580000e+00 1.142619e+00 1.142619e+00 0.000000e+00 1.128159e-02
0.000000e+00 8.635000e+00 1.142011e+00 1.142012e+00 0.000000e+00 1.137385e-02
0.000000e+00 8.690000e+00 1.141410e+00 1.141411e+00 0.000000e+00 1.147099e-02
0.000000e+00 8.745000e+00 1.140824e+00 1.140825e+00 0.000000e+00 1.157648e-02
0.000000e+00 8.800000e+00 1.140255e+00 1.140256e+00 0.000000e+00 1.168650e-02
0.000000e+00 8.855000e+00 1.139697e+00 1.139698e+00 0.000000e+00 1.179038e-02
0.000000e+00 8.910000e+00 1.139141e+00 1.139141e+00 0.000000e+00 1.187530e-02
0.000000e+00 8.965000e+00 1.138577e+00 1.138578e+00 0.000000e+00 1.193318e-02
0.000000e+00 9.020000e+00 1.138009e+00 1.138009e+00 0.000000e+00 1.196636e-02
0.000000e+00 9.075000e+00 1.137444e+00 1.137444e+00 0.000000e+00 1.198862e-02
0.000000e+00 9.130000e+00 1.136899e+00 1.136899e+00 0.000000e+00 1.202125e-02
0.000000e+00 9.185000e+00 1.136386e+00 1.136386e+00 0.000000e+00 1.208558e-02
0.000000e+00 9.240000e+00 1.135911e+00 1.135912e+00 0.000000e+00 1.219623e-02
0.000000e+00 9.295000e+00 1.135469e+00 1.135470e+00 0.000000e+00 1.235654e-02
0.000000e+00 9.350000e+00 1.135047e+00 1.135048e+00 0.000000e+00 1.255810e-02
0.000000e+00 9.405000e+00 1.134627e+00 1.134627e+00 0.000000e+00 1.278122e-02
0.000000e+00 9.460000e+00 1.134192e+00 1.134190e+00 0.000000e+00 1.299980e-02
0.000000e+00 9.515000e+00 1.133725e+00 1.133722e+00 0.000000e+00 1.318341e-02
0.000000e+00 9.570000e+00 1.133226e+00 1.133221e+00 0.000000e+00 1.330645e-02
0.000000e+00 9.625000e+00 1.132697e+00 1.132690e+00 0.000000e+00 1.333988e-02
0.000000e+00 9.680000e+00 1.132159e+00 1.132151e+00 0.000000e+00 1.326062e-02
0.000000e+00 9.735000e+00 1.131623e+00 1.131614e+00 0.000000e+00 1.302994e-02
0.000000e+00 9.790000e+00 1.131123e+00 1.131113e+00 0.000000e+00 1.266047e-02
0.000000e+00 9.845000e+00 1.130628e+00 1.130617e+00 0.000000e+00 1.218428e-02
0.000000e+00 9.900000e+00 1.130190e+00 1.130180e+00 0.000000e+00 1.180807e-02
0.000000e+00 9.955000e+00 1.129667e+00 1.129657e+00 0.000000e+00 1.158068e-02
0.000000e+00 1.001000e+01 1.105114e+00 1.105104e+00 -0.000000e+00 -1.013850e-02
0.000000e+00 1.006500e+01 1.105114e+00 1.105104e+00 -0.000000e+00 -1.013850e-02
0.000000e+00 1.012000e+01 1.105114e+00 1.105104e+00 -0.000000e+00 -1.013850e-02
0.000000e+00 1.017500e+01 1.105114e+00 1.105104e+00 -0.000000e+00 -1.013850e-02
0.000000e+00 1.023000e+01 1.105114e+00 1.105104e+00 -0.000000e+00 -1.013850e-02
0.000000e+00 1.028500e+01 1.105114e+00 1.105104e+00 -0.000000e+00 -1.013850e-02
0.000000e+00 1.034000e+01 1.105114e+00 1.105104e+00 -0.000000e+00 -1.013850e-02
0.000000e+00 1.039500e+01 1.105114e+00 1.105104e+00 -0.000000e+00 -1.013850e-02
0.000000e+00 1.045000e+01 1.105114e+00 1.105104e+00 -0.000000e+00 -1.013850e-02
0.000000e+00 1.050500e+01 1.105114e+00 1.105104e+00 -0.000000e+00 -1.013850e-02
0.000000e+00 1.056000e+01 1.105114e+00 1.105104e+00 -0.000000e+00 -1.013850e-02
0.000000e+00 1.061500e+01 1.105114e+00 1.105104e+00 -0.000000e+00 -1.013850e-02
0.000000e+00 1.067000e+01 1.105114e+00 1.105104e+00 -0.000000e+00 -1.013850e-02
0.000000e+00 1.072500e+01 1.105114e+00 1.105104e+00 -0.000000e+00 -1.013850e-02
0.000000e+00 1.078000e+01 1.105114e+00 1.105104e+00 -0.000000e+00 -1.013850e-02
0.000000e+00 1.083500e+01 1.105114e+00 1.105104e+00 -0.000000e+00 -1.013850e-02
0.000000e+00 1.089000e+01 1.105114e+00 1.105104e+00 -0.000000e+00 -1.013850e-02
0.000000e+00 1.094500e+01 1.105114e+00 1.105104e+00 -0.000000e+00 -1.013850e-02
0.000000e+00 1.100000e+01 1.105114e+00 1.105104e+00 -0.000000e+00 -1.013850e-02
