#############TIME##################
4.801765e+00 
###################################
0.000000e+00 0.000000e+00 6.087414e+01 6.087932e+01 0.000000e+00 -3.066868e+00
0.000000e+00 5.500000e-02 6.087414e+01 6.087932e+01 0.000000e+00 -3.066868e+00
0.000000e+00 1.100000e-01 2.305906e+01 2.305985e+01 0.000000e+00 -3.066881e+00
0.000000e+00 1.650000e-01 1.498281e+01 1.498319e+01 0.000000e+00 -2.314086e+00
0.000000e+00 2.200000e-01 1.111385e+01 1.111410e+01 0.000000e+00 -1.941899e+00
0.000000e+00 2.750000e-01 8.696313e+00 8.696491e+00 0.000000e+00 -1.654375e+00
0.000000e+00 3.300000e-01 7.182204e+00 7.182338e+00 0.000000e+00 -1.433051e+00
0.000000e+00 3.850000e-01 6.094836e+00 6.094940e+00 0.000000e+00 -1.262405e+00
0.000000e+00 4.400000e-01 5.326411e+00 5.326494e+00 0.000000e+00 -1.120045e+00
0.000000e+00 4.950000e-01 4.734566e+00 4.734635e+00 0.000000e+00 -1.005567e+00
0.000000e+00 5.500000e-01 4.277239e+00 4.277296e+00 0.000000e+00 -9.084792e-01
0.000000e+00 6.050000e-01 3.913472e+00 3.913521e+00 0.000000e+00 -8.265147e-01
0.000000e+00 6.600000e-01 3.616685e+00 3.616728e+00 0.000000e+00 -7.561234e-01
0.000000e+00 7.150000e-01 3.371233e+00 3.371271e+00 0.000000e+00 -6.954737e-01
0.000000e+00 7.700000e-01 3.164820e+00 3.164853e+00 0.000000e+00 -6.425561e-01
0.000000e+00 8.250000e-01 2.989315e+00 2.989345e+00 0.000000e+00 -5.962059e-01
0.000000e+00 8.800000e-01 2.838288e+00 2.838314e+00 0.000000e+00 -5.552784e-01
0.000000e+00 9.350000e-01 2.707141e+00 2.707165e+00 0.000000e+00 -5.189895e-01
0.000000e+00 9.900000e-01 2.592217e+00 2.592239e+00 0.000000e+00 -4.866314e-01
0.000000e+00 1.045000e+00 2.490748e+00 2.490768e+00 0.000000e+00 -4.576680e-01
0.000000e+00 1.100000e+00 2.400511e+00 2.400529e+00 0.000000e+00 -4.316362e-01
0.000000e+00 1.155000e+00 2.319758e+00 2.319775e+00 0.000000e+00 -4.081653e-01
0.000000e+00 1.210000e+00 2.247066e+00 2.247082e+00 0.000000e+00 -3.869391e-01
0.000000e+00 1.265000e+00 2.181285e+00 2.181300e+00 0.000000e+00 -3.676959e-01
0.000000e+00 1.320000e+00 2.121462e+00 2.121476e+00 0.000000e+00 -3.502121e-01
0.000000e+00 1.375000e+00 2.066810e+00 2.066823e+00 0.000000e+00 -3.342986e-01
0.000000e+00 1.430000e+00 2.016667e+00 2.016679e+00 0.000000e+00 -3.197931e-01
0.000000e+00 1.485000e+00 1.970475e+00 1.970486e+00 0.000000e+00 -3.065563e-01
0.000000e+00 1.540000e+00 1.927759e+00 1.927770e+00 0.000000e+00 -2.944671e-01
0.000000e+00 1.595000e+00 1.888116e+00 1.888126e+00 0.000000e+00 -2.834199e-01
0.000000e+00 1.650000e+00 1.851197e+00 1.851207e+00 0.000000e+00 -2.733216e-01
0.000000e+00 1.705000e+00 1.816704e+00 1.816713e+00 0.000000e+00 -2.640904e-01
0.000000e+00 1.760000e+00 1.784378e+00 1.784386e+00 0.000000e+00 -2.556544e-01
0.000000e+00 1.815000e+00 1.753991e+00 1.753999e+00 0.000000e+00 -2.479503e-01
0.000000e+00 1.870000e+00 1.725349e+00 1.725356e+00 0.000000e+00 -2.409217e-01
0.000000e+00 1.925000e+00 1.698278e+00 1.698285e+00 0.000000e+00 -2.345180e-01
0.000000e+00 1.980000e+00 1.672628e+00 1.672635e+00 0.000000e+00 -2.286935e-01
0.000000e+00 2.035000e+00 1.648265e+00 1.648272e+00 0.000000e+00 -2.234074e-01
0.000000e+00 2.090000e+00 1.625069e+00 1.625075e+00 0.000000e+00 -2.186231e-01
0.000000e+00 2.145000e+00 1.602933e+00 1.602939e+00 0.000000e+00 -2.143080e-01
0.000000e+00 2.200000e+00 1.581762e+00 1.581768e+00 0.000000e+00 -2.104325e-01
0.000000e+00 2.255000e+00 1.561471e+00 1.561477e+00 0.000000e+00 -2.069693e-01
0.000000e+00 2.310000e+00 1.541986e+00 1.541991e+00 0.000000e+00 -2.038929e-01
0.000000e+00 2.365000e+00 1.523242e+00 1.523247e+00 0.000000e+00 -2.011787e-01
0.000000e+00 2.420000e+00 1.505183e+00 1.505188e+00 0.000000e+00 -1.988030e-01
0.000000e+00 2.475000e+00 1.487759e+00 1.487763e+00 0.000000e+00 -1.967436e-01
0.000000e+00 2.530000e+00 1.470923e+00 1.470927e+00 0.000000e+00 -1.949804e-01
0.000000e+00 2.585000e+00 1.454633e+00 1.454637e+00 0.000000e+00 -1.934959e-01
0.000000e+00 2.640000e+00 1.438848e+00 1.438852e+00 0.000000e+00 -1.922751e-01
0.000000e+00 2.695000e+00 1.423531e+00 1.423534e+00 0.000000e+00 -1.913040e-01
0.000000e+00 2.750000e+00 1.408652e+00 1.408656e+00 0.000000e+00 -1.905663e-01
0.000000e+00 2.805000e+00 1.394196e+00 1.394199e+00 0.000000e+00 -1.900410e-01
0.000000e+00 2.860000e+00 1.380156e+00 1.380159e+00 0.000000e+00 -1.897008e-01
0.000000e+00 2.915000e+00 1.366538e+00 1.366541e+00 0.000000e+00 -1.895132e-01
0.000000e+00 2.970000e+00 1.353351e+00 1.353354e+00 0.000000e+00 -1.894442e-01
0.000000e+00 3.025000e+00 1.340605e+00 1.340608e+00 0.000000e+00 -1.894619e-01
0.000000e+00 3.080000e+00 1.328304e+00 1.328307e+00 0.000000e+00 -1.895380e-01
0.000000e+00 3.135000e+00 1.316451e+00 1.316454e+00 0.000000e+00 -1.896480e-01
0.000000e+00 3.190000e+00 1.305048e+00 1.305050e+00 0.000000e+00 -1.897685e-01
0.000000e+00 3.245000e+00 1.294098e+00 1.294100e+00 0.000000e+00 -1.898764e-01
0.000000e+00 3.300000e+00 1.283607e+00 1.283609e+00 0.000000e+00 -1.899487e-01
0.000000e+00 3.355000e+00 1.273578e+00 1.273580e+00 0.000000e+00 -1.899642e-01
0.000000e+00 3.410000e+00 1.264012e+00 1.264014e+00 0.000000e+00 -1.899058e-01
0.000000e+00 3.465000e+00 1.254903e+00 1.254905e+00 0.000000e+00 -1.897609e-01
0.000000e+00 3.520000e+00 1.246243e+00 1.246245e+00 0.000000e+00 -1.895214e-01
0.000000e+00 3.575000e+00 1.238019e+00 1.238021e+00 0.000000e+00 -1.891828e-01
0.000000e+00 3.630000e+00 1.230218e+00 1.230219e+00 0.000000e+00 -1.887421e-01
0.000000e+00 3.685000e+00 1.222825e+00 1.222826e+00 0.000000e+00 -1.881981e-01
0.000000e+00 3.740000e+00 1.215826e+00 1.215827e+00 0.000000e+00 -1.875500e-01
0.000000e+00 3.795000e+00 1.209207e+00 1.209208e+00 0.000000e+00 -1.867983e-01
0.000000e+00 3.850000e+00 1.202954e+00 1.202955e+00 0.000000e+00 -1.859446e-01
0.000000e+00 3.905000e+00 1.197051e+00 1.197052e+00 0.000000e+00 -1.849918e-01
0.000000e+00 3.960000e+00 1.191484e+00 1.191484e+00 0.000000e+00 -1.839437e-01
0.000000e+00 4.015000e+00 1.186237e+00 1.186238e+00 0.000000e+00 -1.828045e-01
0.000000e+00 4.070000e+00 1.181294e+00 1.181295e+00 0.000000e+00 -1.815777e-01
0.000000e+00 4.125000e+00 1.176639e+00 1.176640e+00 0.000000e+00 -1.802667e-01
0.000000e+00 4.180000e+00 1.172256e+00 1.172257e+00 0.000000e+00 -1.788754e-01
0.000000e+00 4.235000e+00 1.168133e+00 1.168133e+00 0.000000e+00 -1.774115e-01
0.000000e+00 4.290000e+00 1.164264e+00 1.164265e+00 0.000000e+00 -1.758870e-01
0.000000e+00 4.345000e+00 1.160645e+00 1.160646e+00 0.000000e+00 -1.743148e-01
0.000000e+00 4.400000e+00 1.157262e+00 1.157263e+00 0.000000e+00 -1.726993e-01
0.000000e+00 4.455000e+00 1.154081e+00 1.154081e+00 0.000000e+00 -1.710263e-01
0.000000e+00 4.510000e+00 1.151048e+00 1.151049e+00 0.000000e+00 -1.692659e-01
0.000000e+00 4.565000e+00 1.148122e+00 1.148123e+00 0.000000e+00 -1.673959e-01
0.000000e+00 4.620000e+00 1.145314e+00 1.145314e+00 0.000000e+00 -1.654412e-01
0.000000e+00 4.675000e+00 1.142729e+00 1.142729e+00 0.000000e+00 -1.635069e-01
0.000000e+00 4.730000e+00 1.140572e+00 1.140572e+00 0.000000e+00 -1.617850e-01
0.000000e+00 4.785000e+00 1.139106e+00 1.139106e+00 0.000000e+00 -1.605157e-01
0.000000e+00 4.840000e+00 1.138484e+00 1.138484e+00 0.000000e+00 -1.598419e-01
0.000000e+00 4.895000e+00 1.138513e+00 1.138513e+00 0.000000e+00 -1.595969e-01
0.000000e+00 4.950000e+00 1.138815e+00 1.138815e+00 0.000000e+00 -1.594564e-01
0.000000e+00 5.005000e+00 1.138967e+00 1.138968e+00 0.000000e+00 -1.590626e-01
0.000000e+00 5.060000e+00 1.138466e+00 1.138467e+00 0.000000e+00 -1.579921e-01
0.000000e+00 5.115000e+00 1.137072e+00 1.137072e+00 0.000000e+00 -1.560359e-01
0.000000e+00 5.170000e+00 1.135077e+00 1.135077e+00 0.000000e+00 -1.534730e-01
0.000000e+00 5.225000e+00 1.132907e+00 1.132907e+00 0.000000e+00 -1.506834e-01
0.000000e+00 5.280000e+00 1.130902e+00 1.130902e+00 0.000000e+00 -1.479752e-01
0.000000e+00 5.335000e+00 1.129224e+00 1.129224e+00 0.000000e+00 -1.455016e-01
0.000000e+00 5.390000e+00 1.127814e+00 1.127814e+00 0.000000e+00 -1.432200e-01
0.000000e+00 5.445000e+00 1.126470e+00 1.126470e+00 0.000000e+00 -1.409665e-01
0.000000e+00 5.500000e+00 1.125022e+00 1.125022e+00 0.000000e+00 -1.386023e-01
0.000000e+00 5.555000e+00 1.123443e+00 1.123443e+00 0.000000e+00 -1.361111e-01
0.000000e+00 5.610000e+00 1.121835e+00 1.121836e+00 0.000000e+00 -1.335804e-01
0.000000e+00 5.665000e+00 1.120337e+00 1.120337e+00 0.000000e+00 -1.311228e-01
0.000000e+00 5.720000e+00 1.119042e+00 1.119042e+00 0.000000e+00 -1.288088e-01
0.000000e+00 5.775000e+00 1.117965e+00 1.117965e+00 0.000000e+00 -1.266437e-01
0.000000e+00 5.830000e+00 1.117058e+00 1.117058e+00 0.000000e+00 -1.245855e-01
0.000000e+00 5.885000e+00 1.116245e+00 1.116245e+00 0.000000e+00 -1.225806e-01
0.000000e+00 5.940000e+00 1.115454e+00 1.115454e+00 0.000000e+00 -1.205857e-01
0.000000e+00 5.995000e+00 1.114631e+00 1.114631e+00 0.000000e+00 -1.185723e-01
0.000000e+00 6.050000e+00 1.113744e+00 1.113744e+00 0.000000e+00 -1.165260e-01
0.000000e+00 6.105000e+00 1.112793e+00 1.112793e+00 0.000000e+00 -1.144505e-01
0.000000e+00 6.160000e+00 1.111812e+00 1.111812e+00 0.000000e+00 -1.123689e-01
0.000000e+00 6.215000e+00 1.110853e+00 1.110853e+00 0.000000e+00 -1.103152e-01
0.000000e+00 6.270000e+00 1.109962e+00 1.109962e+00 0.000000e+00 -1.083189e-01
0.000000e+00 6.325000e+00 1.109165e+00 1.109165e+00 0.000000e+00 -1.063929e-01
0.000000e+00 6.380000e+00 1.108461e+00 1.108461e+00 0.000000e+00 -1.045328e-01
0.000000e+00 6.435000e+00 1.107826e+00 1.107826e+00 0.000000e+00 -1.027244e-01
0.000000e+00 6.490000e+00 1.107236e+00 1.107236e+00 0.000000e+00 -1.009530e-01
0.000000e+00 6.545000e+00 1.106662e+00 1.106662e+00 0.000000e+00 -9.920742e-02
0.000000e+00 6.600000e+00 1.106086e+00 1.106086e+00 0.000000e+00 -9.747980e-02
0.000000e+00 6.655000e+00 1.105494e+00 1.105494e+00 0.000000e+00 -9.576546e-02
0.000000e+00 6.710000e+00 1.104881e+00 1.104881e+00 0.000000e+00 -9.406335e-02
0.000000e+00 6.765000e+00 1.104252e+00 1.104252e+00 0.000000e+00 -9.237632e-02
0.000000e+00 6.820000e+00 1.103616e+00 1.103616e+00 0.000000e+00 -9.070972e-02
0.000000e+00 6.875000e+00 1.102987e+00 1.102987e+00 0.000000e+00 -8.906897e-02
0.000000e+00 6.930000e+00 1.102372e+00 1.102372e+00 0.000000e+00 -8.745781e-02
0.000000e+00 6.985000e+00 1.101779e+00 1.101779e+00 0.000000e+00 -8.587798e-02
0.000000e+00 7.040000e+00 1.101211e+00 1.101211e+00 0.000000e+00 -8.432985e-02
0.000000e+00 7.095000e+00 1.100670e+00 1.100670e+00 0.000000e+00 -8.281302e-02
0.000000e+00 7.150000e+00 1.100154e+00 1.100154e+00 0.000000e+00 -8.132654e-02
0.000000e+00 7.205000e+00 1.099662e+00 1.099661e+00 0.000000e+00 -7.986907e-02
0.000000e+00 7.260000e+00 1.099189e+00 1.099189e+00 0.000000e+00 -7.843906e-02
0.000000e+00 7.315000e+00 1.098735e+00 1.098734e+00 0.000000e+00 -7.703507e-02
0.000000e+00 7.370000e+00 1.098294e+00 1.098294e+00 0.000000e+00 -7.565587e-02
0.000000e+00 7.425000e+00 1.097866e+00 1.097866e+00 0.000000e+00 -7.430050e-02
0.000000e+00 7.480000e+00 1.097447e+00 1.097447e+00 0.000000e+00 -7.296816e-02
0.000000e+00 7.535000e+00 1.097038e+00 1.097038e+00 0.000000e+00 -7.165825e-02
0.000000e+00 7.590000e+00 1.096636e+00 1.096636e+00 0.000000e+00 -7.037026e-02
0.000000e+00 7.645000e+00 1.096241e+00 1.096241e+00 0.000000e+00 -6.910381e-02
0.000000e+00 7.700000e+00 1.095852e+00 1.095852e+00 0.000000e+00 -6.785852e-02
0.000000e+00 7.755000e+00 1.095470e+00 1.095469e+00 0.000000e+00 -6.663407e-02
0.000000e+00 7.810000e+00 1.095093e+00 1.095093e+00 0.000000e+00 -6.543010e-02
0.000000e+00 7.865000e+00 1.094721e+00 1.094721e+00 0.000000e+00 -6.424629e-02
0.000000e+00 7.920000e+00 1.094356e+00 1.094355e+00 0.000000e+00 -6.308229e-02
0.000000e+00 7.975000e+00 1.093995e+00 1.093995e+00 0.000000e+00 -6.193771e-02
0.000000e+00 8.030000e+00 1.093639e+00 1.093639e+00 0.000000e+00 -6.081212e-02
0.000000e+00 8.085000e+00 1.093287e+00 1.093287e+00 0.000000e+00 -5.970508e-02
0.000000e+00 8.140000e+00 1.092940e+00 1.092940e+00 0.000000e+00 -5.861621e-02
0.000000e+00 8.195000e+00 1.092597e+00 1.092597e+00 0.000000e+00 -5.754523e-02
0.000000e+00 8.250000e+00 1.092258e+00 1.092258e+00 0.000000e+00 -5.649192e-02
0.000000e+00 8.305000e+00 1.091924e+00 1.091924e+00 0.000000e+00 -5.545599e-02
0.000000e+00 8.360000e+00 1.091594e+00 1.091594e+00 0.000000e+00 -5.443705e-02
0.000000e+00 8.415000e+00 1.091268e+00 1.091268e+00 0.000000e+00 -5.343456e-02
0.000000e+00 8.470000e+00 1.090945e+00 1.090945e+00 0.000000e+00 -5.244795e-02
0.000000e+00 8.525000e+00 1.090626e+00 1.090626e+00 0.000000e+00 -5.147678e-02
0.000000e+00 8.580000e+00 1.090310e+00 1.090310e+00 0.000000e+00 -5.052079e-02
0.000000e+00 8.635000e+00 1.089997e+00 1.089997e+00 0.000000e+00 -4.957986e-02
0.000000e+00 8.690000e+00 1.089688e+00 1.089688e+00 0.000000e+00 -4.865385e-02
0.000000e+00 8.745000e+00 1.089383e+00 1.089383e+00 0.000000e+00 -4.774253e-02
0.000000e+00 8.800000e+00 1.089080e+00 1.089080e+00 0.000000e+00 -4.684547e-02
0.000000e+00 8.855000e+00 1.088781e+00 1.088780e+00 0.000000e+00 -4.596214e-02
0.000000e+00 8.910000e+00 1.088483e+00 1.088483e+00 0.000000e+00 -4.509200e-02
0.000000e+00 8.965000e+00 1.088188e+00 1.088188e+00 0.000000e+00 -4.423454e-02
0.000000e+00 9.020000e+00 1.087896e+00 1.087896e+00 0.000000e+00 -4.338929e-02
0.000000e+00 9.075000e+00 1.087605e+00 1.087605e+00 0.000000e+00 -4.255574e-02
0.000000e+00 9.130000e+00 1.087318e+00 1.087318e+00 0.000000e+00 -4.173341e-02
0.000000e+00 9.185000e+00 1.087033e+00 1.087032e+00 0.000000e+00 -4.092169e-02
0.000000e+00 9.240000e+00 1.086750e+00 1.086750e+00 0.000000e+00 -4.011987e-02
0.000000e+00 9.295000e+00 1.086470e+00 1.086470e+00 0.000000e+00 -3.932667e-02
0.000000e+00 9.350000e+00 1.086193e+00 1.086193e+00 0.000000e+00 -3.854078e-02
0.000000e+00 9.405000e+00 1.085919e+00 1.085918e+00 0.000000e+00 -3.776066e-02
0.000000e+00 9.460000e+00 1.085646e+00 1.085646e+00 0.000000e+00 -3.698675e-02
0.000000e+00 9.515000e+00 1.085377e+00 1.085377e+00 0.000000e+00 -3.621865e-02
0.000000e+00 9.570000e+00 1.085110e+00 1.085110e+00 0.000000e+00 -3.545747e-02
0.000000e+00 9.625000e+00 1.084848e+00 1.084848e+00 0.000000e+00 -3.469549e-02
0.000000e+00 9.680000e+00 1.084585e+00 1.084585e+00 0.000000e+00 -3.393039e-02
0.000000e+00 9.735000e+00 1.084333e+00 1.084332e+00 0.000000e+00 -3.314821e-02
0.000000e+00 9.790000e+00 1.084073e+00 1.084070e+00 0.000000e+00 -3.237613e-02
0.000000e+00 9.845000e+00 1.083837e+00 1.083832e+00 0.000000e+00 -3.161552e-02
0.000000e+00 9.900000e+00 1.083568e+00 1.083560e+00 0.000000e+00 -3.096361e-02
0.000000e+00 9.955000e+00 1.083385e+00 1.083376e+00 0.000000e+00 -3.034645e-02
0.000000e+00 1.001000e+01 1.105114e+00 1.105104e+00 -0.000000e+00 -1.013850e-02
0.000000e+00 1.006500e+01 1.105114e+00 1.105104e+00 -0.000000e+00 -1.013850e-02
0.000000e+00 1.012000e+01 1.105114e+00 1.105104e+00 -0.000000e+00 -1.013850e-02
0.000000e+00 1.017500e+01 1.105114e+00 1.105104e+00 -0.000000e+00 -1.013850e-02
0.000000e+00 1.023000e+01 1.105114e+00 1.105104e+00 -0.000000e+00 -1.013850e-02
0.000000e+00 1.028500e+01 1.105114e+00 1.105104e+00 -0.000000e+00 -1.013850e-02
0.000000e+00 1.034000e+01 1.105114e+00 1.105104e+00 -0.000000e+00 -1.013850e-02
0.000000e+00 1.039500e+01 1.105114e+00 1.105104e+00 -0.000000e+00 -1.013850e-02
0.000000e+00 1.045000e+01 1.105114e+00 1.105104e+00 -0.000000e+00 -1.013850e-02
0.000000e+00 1.050500e+01 1.105114e+00 1.105104e+00 -0.000000e+00 -1.013850e-02
0.000000e+00 1.056000e+01 1.105114e+00 1.105104e+00 -0.000000e+00 -1.013850e-02
0.000000e+00 1.061500e+01 1.105114e+00 1.105104e+00 -0.000000e+00 -1.013850e-02
0.000000e+00 1.067000e+01 1.105114e+00 1.105104e+00 -0.000000e+00 -1.013850e-02
0.000000e+00 1.072500e+01 1.105114e+00 1.105104e+00 -0.000000e+00 -1.013850e-02
0.000000e+00 1.078000e+01 1.105114e+00 1.105104e+00 -0.000000e+00 -1.013850e-02
0.000000e+00 1.083500e+01 1.105114e+00 1.105104e+00 -0.000000e+00 -1.013850e-02
0.000000e+00 1.089000e+01 1.105114e+00 1.105104e+00 -0.000000e+00 -1.013850e-02
0.000000e+00 1.094500e+01 1.105114e+00 1.105104e+00 -0.000000e+00 -1.013850e-02
0.000000e+00 1.100000e+01 1.105114e+00 1.105104e+00 -0.000000e+00 -1.013850e-02
