#############TIME##################
1.504517e+00 
###################################
0.000000e+00 0.000000e+00 3.432305e+01 3.432580e+01 0.000000e+00 -3.098993e+00
0.000000e+00 5.500000e-02 3.432305e+01 3.432580e+01 0.000000e+00 -3.098993e+00
0.000000e+00 1.100000e-01 1.309659e+01 1.309696e+01 0.000000e+00 -3.099005e+00
0.000000e+00 1.650000e-01 8.502759e+00 8.502929e+00 0.000000e+00 -2.367329e+00
0.000000e+00 2.200000e-01 6.299577e+00 6.299686e+00 0.000000e+00 -2.007549e+00
0.000000e+00 2.750000e-01 4.930987e+00 4.931060e+00 0.000000e+00 -1.730859e+00
0.000000e+00 3.300000e-01 4.068820e+00 4.068873e+00 0.000000e+00 -1.520587e+00
0.000000e+00 3.850000e-01 3.453114e+00 3.453153e+00 0.000000e+00 -1.359651e+00
0.000000e+00 4.400000e-01 3.015165e+00 3.015195e+00 0.000000e+00 -1.227346e+00
0.000000e+00 4.950000e-01 2.678711e+00 2.678735e+00 0.000000e+00 -1.122090e+00
0.000000e+00 5.500000e-01 2.420550e+00 2.420569e+00 0.000000e+00 -1.033151e+00
0.000000e+00 6.050000e-01 2.214582e+00 2.214597e+00 0.000000e+00 -9.591332e-01
0.000000e+00 6.600000e-01 2.047997e+00 2.048010e+00 0.000000e+00 -8.956921e-01
0.000000e+00 7.150000e-01 1.911643e+00 1.911654e+00 0.000000e+00 -8.409286e-01
0.000000e+00 7.700000e-01 1.798315e+00 1.798324e+00 0.000000e+00 -7.928973e-01
0.000000e+00 8.250000e-01 1.703273e+00 1.703280e+00 0.000000e+00 -7.504436e-01
0.000000e+00 8.800000e-01 1.622783e+00 1.622789e+00 0.000000e+00 -7.124372e-01
0.000000e+00 9.350000e-01 1.554174e+00 1.554179e+00 0.000000e+00 -6.781263e-01
0.000000e+00 9.900000e-01 1.495338e+00 1.495343e+00 0.000000e+00 -6.468283e-01
0.000000e+00 1.045000e+00 1.444679e+00 1.444683e+00 0.000000e+00 -6.180412e-01
0.000000e+00 1.100000e+00 1.400906e+00 1.400909e+00 0.000000e+00 -5.913377e-01
0.000000e+00 1.155000e+00 1.362992e+00 1.362994e+00 0.000000e+00 -5.663920e-01
0.000000e+00 1.210000e+00 1.330086e+00 1.330088e+00 0.000000e+00 -5.429394e-01
0.000000e+00 1.265000e+00 1.301484e+00 1.301487e+00 0.000000e+00 -5.207769e-01
0.000000e+00 1.320000e+00 1.276591e+00 1.276593e+00 0.000000e+00 -4.997475e-01
0.000000e+00 1.375000e+00 1.254901e+00 1.254902e+00 0.000000e+00 -4.797325e-01
0.000000e+00 1.430000e+00 1.235984e+00 1.235985e+00 0.000000e+00 -4.606378e-01
0.000000e+00 1.485000e+00 1.219479e+00 1.219480e+00 0.000000e+00 -4.423877e-01
0.000000e+00 1.540000e+00 1.205076e+00 1.205077e+00 0.000000e+00 -4.249198e-01
0.000000e+00 1.595000e+00 1.192508e+00 1.192509e+00 0.000000e+00 -4.081839e-01
0.000000e+00 1.650000e+00 1.181544e+00 1.181545e+00 0.000000e+00 -3.921393e-01
0.000000e+00 1.705000e+00 1.171981e+00 1.171982e+00 0.000000e+00 -3.767533e-01
0.000000e+00 1.760000e+00 1.163642e+00 1.163643e+00 0.000000e+00 -3.619989e-01
0.000000e+00 1.815000e+00 1.156372e+00 1.156373e+00 0.000000e+00 -3.478529e-01
0.000000e+00 1.870000e+00 1.150034e+00 1.150035e+00 0.000000e+00 -3.342951e-01
0.000000e+00 1.925000e+00 1.144509e+00 1.144509e+00 0.000000e+00 -3.213067e-01
0.000000e+00 1.980000e+00 1.139692e+00 1.139693e+00 0.000000e+00 -3.088699e-01
0.000000e+00 2.035000e+00 1.135493e+00 1.135493e+00 0.000000e+00 -2.969674e-01
0.000000e+00 2.090000e+00 1.131830e+00 1.131830e+00 0.000000e+00 -2.855819e-01
0.000000e+00 2.145000e+00 1.128634e+00 1.128634e+00 0.000000e+00 -2.746962e-01
0.000000e+00 2.200000e+00 1.125845e+00 1.125845e+00 0.000000e+00 -2.642929e-01
0.000000e+00 2.255000e+00 1.123409e+00 1.123409e+00 0.000000e+00 -2.543544e-01
0.000000e+00 2.310000e+00 1.121279e+00 1.121280e+00 0.000000e+00 -2.448632e-01
0.000000e+00 2.365000e+00 1.119417e+00 1.119417e+00 0.000000e+00 -2.358016e-01
0.000000e+00 2.420000e+00 1.117787e+00 1.117787e+00 0.000000e+00 -2.271521e-01
0.000000e+00 2.475000e+00 1.116358e+00 1.116358e+00 0.000000e+00 -2.188971e-01
0.000000e+00 2.530000e+00 1.115105e+00 1.115105e+00 0.000000e+00 -2.110194e-01
0.000000e+00 2.585000e+00 1.114005e+00 1.114005e+00 0.000000e+00 -2.035021e-01
0.000000e+00 2.640000e+00 1.113037e+00 1.113037e+00 0.000000e+00 -1.963285e-01
0.000000e+00 2.695000e+00 1.112185e+00 1.112185e+00 0.000000e+00 -1.894825e-01
0.000000e+00 2.750000e+00 1.111434e+00 1.111434e+00 0.000000e+00 -1.829483e-01
0.000000e+00 2.805000e+00 1.110772e+00 1.110772e+00 0.000000e+00 -1.767109e-01
0.000000e+00 2.860000e+00 1.110186e+00 1.110186e+00 0.000000e+00 -1.707557e-01
0.000000e+00 2.915000e+00 1.109668e+00 1.109668e+00 0.000000e+00 -1.650685e-01
0.000000e+00 2.970000e+00 1.109209e+00 1.109209e+00 0.000000e+00 -1.596359e-01
0.000000e+00 3.025000e+00 1.108801e+00 1.108801e+00 0.000000e+00 -1.544451e-01
0.000000e+00 3.080000e+00 1.108439e+00 1.108439e+00 0.000000e+00 -1.494837e-01
0.000000e+00 3.135000e+00 1.108116e+00 1.108116e+00 0.000000e+00 -1.447402e-01
0.000000e+00 3.190000e+00 1.107829e+00 1.107829e+00 0.000000e+00 -1.402033e-01
0.000000e+00 3.245000e+00 1.107573e+00 1.107573e+00 0.000000e+00 -1.358625e-01
0.000000e+00 3.300000e+00 1.107344e+00 1.107344e+00 0.000000e+00 -1.317079e-01
0.000000e+00 3.355000e+00 1.107139e+00 1.107139e+00 0.000000e+00 -1.277298e-01
0.000000e+00 3.410000e+00 1.106955e+00 1.106955e+00 0.000000e+00 -1.239194e-01
0.000000e+00 3.465000e+00 1.106790e+00 1.106790e+00 0.000000e+00 -1.202680e-01
0.000000e+00 3.520000e+00 1.106642e+00 1.106642e+00 0.000000e+00 -1.167677e-01
0.000000e+00 3.575000e+00 1.106508e+00 1.106508e+00 0.000000e+00 -1.134109e-01
0.000000e+00 3.630000e+00 1.106388e+00 1.106388e+00 0.000000e+00 -1.101903e-01
0.000000e+00 3.685000e+00 1.106280e+00 1.106280e+00 0.000000e+00 -1.070992e-01
0.000000e+00 3.740000e+00 1.106182e+00 1.106182e+00 0.000000e+00 -1.041311e-01
0.000000e+00 3.795000e+00 1.106093e+00 1.106093e+00 0.000000e+00 -1.012800e-01
0.000000e+00 3.850000e+00 1.106013e+00 1.106013e+00 0.000000e+00 -9.854020e-02
0.000000e+00 3.905000e+00 1.105940e+00 1.105940e+00 0.000000e+00 -9.590619e-02
0.000000e+00 3.960000e+00 1.105874e+00 1.105874e+00 0.000000e+00 -9.337291e-02
0.000000e+00 4.015000e+00 1.105814e+00 1.105814e+00 0.000000e+00 -9.093553e-02
0.000000e+00 4.070000e+00 1.105760e+00 1.105760e+00 0.000000e+00 -8.858948e-02
0.000000e+00 4.125000e+00 1.105710e+00 1.105710e+00 0.000000e+00 -8.633045e-02
0.000000e+00 4.180000e+00 1.105665e+00 1.105665e+00 0.000000e+00 -8.415437e-02
0.000000e+00 4.235000e+00 1.105623e+00 1.105623e+00 0.000000e+00 -8.205738e-02
0.000000e+00 4.290000e+00 1.105585e+00 1.105585e+00 0.000000e+00 -8.003583e-02
0.000000e+00 4.345000e+00 1.105551e+00 1.105551e+00 0.000000e+00 -7.808627e-02
0.000000e+00 4.400000e+00 1.105519e+00 1.105519e+00 0.000000e+00 -7.620545e-02
0.000000e+00 4.455000e+00 1.105490e+00 1.105490e+00 0.000000e+00 -7.439027e-02
0.000000e+00 4.510000e+00 1.105463e+00 1.105463e+00 0.000000e+00 -7.263780e-02
0.000000e+00 4.565000e+00 1.105439e+00 1.105439e+00 0.000000e+00 -7.094528e-02
0.000000e+00 4.620000e+00 1.105416e+00 1.105416e+00 0.000000e+00 -6.931007e-02
0.000000e+00 4.675000e+00 1.105395e+00 1.105395e+00 0.000000e+00 -6.772969e-02
0.000000e+00 4.730000e+00 1.105376e+00 1.105376e+00 0.000000e+00 -6.620178e-02
0.000000e+00 4.785000e+00 1.105359e+00 1.105359e+00 0.000000e+00 -6.472409e-02
0.000000e+00 4.840000e+00 1.105342e+00 1.105342e+00 0.000000e+00 -6.329451e-02
0.000000e+00 4.895000e+00 1.105327e+00 1.105327e+00 0.000000e+00 -6.191101e-02
0.000000e+00 4.950000e+00 1.105314e+00 1.105314e+00 0.000000e+00 -6.057167e-02
0.000000e+00 5.005000e+00 1.105301e+00 1.105301e+00 0.000000e+00 -5.927468e-02
0.000000e+00 5.060000e+00 1.105289e+00 1.105289e+00 0.000000e+00 -5.801831e-02
0.000000e+00 5.115000e+00 1.105278e+00 1.105278e+00 0.000000e+00 -5.680091e-02
0.000000e+00 5.170000e+00 1.105268e+00 1.105268e+00 0.000000e+00 -5.562091e-02
0.000000e+00 5.225000e+00 1.105258e+00 1.105258e+00 0.000000e+00 -5.447683e-02
0.000000e+00 5.280000e+00 1.105249e+00 1.105249e+00 0.000000e+00 -5.336724e-02
0.000000e+00 5.335000e+00 1.105241e+00 1.105241e+00 0.000000e+00 -5.229081e-02
0.000000e+00 5.390000e+00 1.105233e+00 1.105233e+00 0.000000e+00 -5.124623e-02
0.000000e+00 5.445000e+00 1.105226e+00 1.105226e+00 0.000000e+00 -5.023230e-02
0.000000e+00 5.500000e+00 1.105220e+00 1.105220e+00 0.000000e+00 -4.924783e-02
0.000000e+00 5.555000e+00 1.105214e+00 1.105214e+00 0.000000e+00 -4.829172e-02
0.000000e+00 5.610000e+00 1.105208e+00 1.105208e+00 0.000000e+00 -4.736289e-02
0.000000e+00 5.665000e+00 1.105202e+00 1.105202e+00 0.000000e+00 -4.646034e-02
0.000000e+00 5.720000e+00 1.105197e+00 1.105197e+00 0.000000e+00 -4.558310e-02
0.000000e+00 5.775000e+00 1.105193e+00 1.105193e+00 0.000000e+00 -4.473024e-02
0.000000e+00 5.830000e+00 1.105188e+00 1.105188e+00 0.000000e+00 -4.390088e-02
0.000000e+00 5.885000e+00 1.105184e+00 1.105184e+00 0.000000e+00 -4.309417e-02
0.000000e+00 5.940000e+00 1.105180e+00 1.105180e+00 0.000000e+00 -4.230931e-02
0.000000e+00 5.995000e+00 1.105177e+00 1.105177e+00 0.000000e+00 -4.154552e-02
0.000000e+00 6.050000e+00 1.105174e+00 1.105174e+00 0.000000e+00 -4.080206e-02
0.000000e+00 6.105000e+00 1.105170e+00 1.105170e+00 0.000000e+00 -4.007822e-02
0.000000e+00 6.160000e+00 1.105167e+00 1.105167e+00 0.000000e+00 -3.937333e-02
0.000000e+00 6.215000e+00 1.105165e+00 1.105165e+00 0.000000e+00 -3.868674e-02
0.000000e+00 6.270000e+00 1.105162e+00 1.105162e+00 0.000000e+00 -3.801782e-02
0.000000e+00 6.325000e+00 1.105160e+00 1.105160e+00 0.000000e+00 -3.736599e-02
0.000000e+00 6.380000e+00 1.105157e+00 1.105157e+00 0.000000e+00 -3.673066e-02
0.000000e+00 6.435000e+00 1.105155e+00 1.105155e+00 0.000000e+00 -3.611130e-02
0.000000e+00 6.490000e+00 1.105153e+00 1.105153e+00 0.000000e+00 -3.550737e-02
0.000000e+00 6.545000e+00 1.105151e+00 1.105151e+00 0.000000e+00 -3.491837e-02
0.000000e+00 6.600000e+00 1.105149e+00 1.105149e+00 0.000000e+00 -3.434381e-02
0.000000e+00 6.655000e+00 1.105148e+00 1.105148e+00 0.000000e+00 -3.378324e-02
0.000000e+00 6.710000e+00 1.105146e+00 1.105146e+00 0.000000e+00 -3.323620e-02
0.000000e+00 6.765000e+00 1.105144e+00 1.105144e+00 0.000000e+00 -3.270227e-02
0.000000e+00 6.820000e+00 1.105143e+00 1.105143e+00 0.000000e+00 -3.218104e-02
0.000000e+00 6.875000e+00 1.105142e+00 1.105142e+00 0.000000e+00 -3.167210e-02
0.000000e+00 6.930000e+00 1.105140e+00 1.105140e+00 0.000000e+00 -3.117508e-02
0.000000e+00 6.985000e+00 1.105139e+00 1.105139e+00 0.000000e+00 -3.068960e-02
0.000000e+00 7.040000e+00 1.105138e+00 1.105138e+00 0.000000e+00 -3.021533e-02
0.000000e+00 7.095000e+00 1.105137e+00 1.105137e+00 0.000000e+00 -2.975191e-02
0.000000e+00 7.150000e+00 1.105136e+00 1.105136e+00 0.000000e+00 -2.929902e-02
0.000000e+00 7.205000e+00 1.105135e+00 1.105135e+00 0.000000e+00 -2.885634e-02
0.000000e+00 7.260000e+00 1.105134e+00 1.105134e+00 0.000000e+00 -2.842358e-02
0.000000e+00 7.315000e+00 1.105133e+00 1.105133e+00 0.000000e+00 -2.800044e-02
0.000000e+00 7.370000e+00 1.105132e+00 1.105132e+00 0.000000e+00 -2.758664e-02
0.000000e+00 7.425000e+00 1.105131e+00 1.105131e+00 0.000000e+00 -2.718191e-02
0.000000e+00 7.480000e+00 1.105131e+00 1.105131e+00 0.000000e+00 -2.678599e-02
0.000000e+00 7.535000e+00 1.105130e+00 1.105130e+00 0.000000e+00 -2.639861e-02
0.000000e+00 7.590000e+00 1.105129e+00 1.105129e+00 0.000000e+00 -2.601950e-02
0.000000e+00 7.645000e+00 1.105128e+00 1.105128e+00 0.000000e+00 -2.564849e-02
0.000000e+00 7.700000e+00 1.105128e+00 1.105128e+00 0.000000e+00 -2.528548e-02
0.000000e+00 7.755000e+00 1.105128e+00 1.105128e+00 0.000000e+00 -2.493027e-02
0.000000e+00 7.810000e+00 1.105127e+00 1.105127e+00 0.000000e+00 -2.458215e-02
0.000000e+00 7.865000e+00 1.105125e+00 1.105125e+00 0.000000e+00 -2.424010e-02
0.000000e+00 7.920000e+00 1.105123e+00 1.105123e+00 0.000000e+00 -2.390450e-02
0.000000e+00 7.975000e+00 1.105124e+00 1.105124e+00 0.000000e+00 -2.357882e-02
0.000000e+00 8.030000e+00 1.105133e+00 1.105133e+00 0.000000e+00 -2.326683e-02
0.000000e+00 8.085000e+00 1.105143e+00 1.105143e+00 0.000000e+00 -2.296300e-02
0.000000e+00 8.140000e+00 1.105133e+00 1.105133e+00 0.000000e+00 -2.264609e-02
0.000000e+00 8.195000e+00 1.105080e+00 1.105080e+00 0.000000e+00 -2.229700e-02
0.000000e+00 8.250000e+00 1.105019e+00 1.105019e+00 0.000000e+00 -2.194628e-02
0.000000e+00 8.305000e+00 1.105085e+00 1.105085e+00 0.000000e+00 -2.171566e-02
0.000000e+00 8.360000e+00 1.105509e+00 1.105509e+00 0.000000e+00 -2.181496e-02
0.000000e+00 8.415000e+00 1.106471e+00 1.106471e+00 0.000000e+00 -2.240968e-02
0.000000e+00 8.470000e+00 1.107838e+00 1.107838e+00 0.000000e+00 -2.337734e-02
0.000000e+00 8.525000e+00 1.109233e+00 1.109233e+00 0.000000e+00 -2.436629e-02
0.000000e+00 8.580000e+00 1.110236e+00 1.110236e+00 0.000000e+00 -2.498113e-02
0.000000e+00 8.635000e+00 1.110642e+00 1.110642e+00 0.000000e+00 -2.502447e-02
0.000000e+00 8.690000e+00 1.110618e+00 1.110618e+00 0.000000e+00 -2.465315e-02
0.000000e+00 8.745000e+00 1.110367e+00 1.110367e+00 0.000000e+00 -2.409121e-02
0.000000e+00 8.800000e+00 1.109957e+00 1.109957e+00 0.000000e+00 -2.344749e-02
0.000000e+00 8.855000e+00 1.109363e+00 1.109363e+00 0.000000e+00 -2.272163e-02
0.000000e+00 8.910000e+00 1.108618e+00 1.108618e+00 0.000000e+00 -2.191806e-02
0.000000e+00 8.965000e+00 1.107913e+00 1.107913e+00 0.000000e+00 -2.113891e-02
0.000000e+00 9.020000e+00 1.107476e+00 1.107476e+00 0.000000e+00 -2.052770e-02
0.000000e+00 9.075000e+00 1.107356e+00 1.107356e+00 0.000000e+00 -2.011795e-02
0.000000e+00 9.130000e+00 1.107379e+00 1.107379e+00 0.000000e+00 -1.979037e-02
0.000000e+00 9.185000e+00 1.107327e+00 1.107327e+00 0.000000e+00 -1.940275e-02
0.000000e+00 9.240000e+00 1.107110e+00 1.107110e+00 0.000000e+00 -1.891125e-02
0.000000e+00 9.295000e+00 1.106789e+00 1.106789e+00 0.000000e+00 -1.837938e-02
0.000000e+00 9.350000e+00 1.106456e+00 1.106456e+00 0.000000e+00 -1.787509e-02
0.000000e+00 9.405000e+00 1.106135e+00 1.106135e+00 0.000000e+00 -1.740560e-02
0.000000e+00 9.460000e+00 1.105796e+00 1.105796e+00 0.000000e+00 -1.693168e-02
0.000000e+00 9.515000e+00 1.105411e+00 1.105411e+00 0.000000e+00 -1.643193e-02
0.000000e+00 9.570000e+00 1.105010e+00 1.105010e+00 0.000000e+00 -1.591004e-02
0.000000e+00 9.625000e+00 1.104625e+00 1.104625e+00 0.000000e+00 -1.540637e-02
0.000000e+00 9.680000e+00 1.104285e+00 1.104285e+00 0.000000e+00 -1.492107e-02
0.000000e+00 9.735000e+00 1.103949e+00 1.103950e+00 0.000000e+00 -1.446706e-02
0.000000e+00 9.790000e+00 1.103646e+00 1.103646e+00 0.000000e+00 -1.399082e-02
0.000000e+00 9.845000e+00 1.103321e+00 1.103319e+00 0.000000e+00 -1.353866e-02
0.000000e+00 9.900000e+00 1.103059e+00 1.103054e+00 0.000000e+00 -1.303907e-02
0.000000e+00 9.955000e+00 1.102707e+00 1.102698e+00 0.000000e+00 -1.263645e-02
0.000000e+00 1.001000e+01 1.105114e+00 1.105104e+00 -0.000000e+00 -1.013850e-02
0.000000e+00 1.006500e+01 1.105114e+00 1.105104e+00 -0.000000e+00 -1.013850e-02
0.000000e+00 1.012000e+01 1.105114e+00 1.105104e+00 -0.000000e+00 -1.013850e-02
0.000000e+00 1.017500e+01 1.105114e+00 1.105104e+00 -0.000000e+00 -1.013850e-02
0.000000e+00 1.023000e+01 1.105114e+00 1.105104e+00 -0.000000e+00 -1.013850e-02
0.000000e+00 1.028500e+01 1.105114e+00 1.105104e+00 -0.000000e+00 -1.013850e-02
0.000000e+00 1.034000e+01 1.105114e+00 1.105104e+00 -0.000000e+00 -1.013850e-02
0.000000e+00 1.039500e+01 1.105114e+00 1.105104e+00 -0.000000e+00 -1.013850e-02
0.000000e+00 1.045000e+01 1.105114e+00 1.105104e+00 -0.000000e+00 -1.013850e-02
0.000000e+00 1.050500e+01 1.105114e+00 1.105104e+00 -0.000000e+00 -1.013850e-02
0.000000e+00 1.056000e+01 1.105114e+00 1.105104e+00 -0.000000e+00 -1.013850e-02
0.000000e+00 1.061500e+01 1.105114e+00 1.105104e+00 -0.000000e+00 -1.013850e-02
0.000000e+00 1.067000e+01 1.105114e+00 1.105104e+00 -0.000000e+00 -1.013850e-02
0.000000e+00 1.072500e+01 1.105114e+00 1.105104e+00 -0.000000e+00 -1.013850e-02
0.000000e+00 1.078000e+01 1.105114e+00 1.105104e+00 -0.000000e+00 -1.013850e-02
0.000000e+00 1.083500e+01 1.105114e+00 1.105104e+00 -0.000000e+00 -1.013850e-02
0.000000e+00 1.089000e+01 1.105114e+00 1.105104e+00 -0.000000e+00 -1.013850e-02
0.000000e+00 1.094500e+01 1.105114e+00 1.105104e+00 -0.000000e+00 -1.013850e-02
0.000000e+00 1.100000e+01 1.105114e+00 1.105104e+00 -0.000000e+00 -1.013850e-02
