#############TIME##################
4.200214e+00 
###################################
0.000000e+00 0.000000e+00 5.902521e+01 5.903022e+01 0.000000e+00 -3.068475e+00
0.000000e+00 5.500000e-02 5.902521e+01 5.903022e+01 0.000000e+00 -3.068475e+00
0.000000e+00 1.100000e-01 2.236995e+01 2.237071e+01 0.000000e+00 -3.068498e+00
0.000000e+00 1.650000e-01 1.453421e+01 1.453458e+01 0.000000e+00 -2.316895e+00
0.000000e+00 2.200000e-01 1.077891e+01 1.077916e+01 0.000000e+00 -1.945478e+00
0.000000e+00 2.750000e-01 8.433074e+00 8.433245e+00 0.000000e+00 -1.658654e+00
0.000000e+00 3.300000e-01 6.962838e+00 6.962966e+00 0.000000e+00 -1.438115e+00
0.000000e+00 3.850000e-01 5.906904e+00 5.907002e+00 0.000000e+00 -1.268198e+00
0.000000e+00 4.400000e-01 5.160525e+00 5.160605e+00 0.000000e+00 -1.126654e+00
0.000000e+00 4.950000e-01 4.585487e+00 4.585552e+00 0.000000e+00 -1.012967e+00
0.000000e+00 5.500000e-01 4.141411e+00 4.141466e+00 0.000000e+00 -9.166030e-01
0.000000e+00 6.050000e-01 3.788016e+00 3.788063e+00 0.000000e+00 -8.353804e-01
0.000000e+00 6.600000e-01 3.499588e+00 3.499628e+00 0.000000e+00 -7.657273e-01
0.000000e+00 7.150000e-01 3.260962e+00 3.260997e+00 0.000000e+00 -7.058087e-01
0.000000e+00 7.700000e-01 3.060185e+00 3.060216e+00 0.000000e+00 -6.536158e-01
0.000000e+00 8.250000e-01 2.889358e+00 2.889386e+00 0.000000e+00 -6.079895e-01
0.000000e+00 8.800000e-01 2.742235e+00 2.742260e+00 0.000000e+00 -5.677873e-01
0.000000e+00 9.350000e-01 2.614353e+00 2.614375e+00 0.000000e+00 -5.322278e-01
0.000000e+00 9.900000e-01 2.502163e+00 2.502183e+00 0.000000e+00 -5.006048e-01
0.000000e+00 1.045000e+00 2.402981e+00 2.403000e+00 0.000000e+00 -4.723841e-01
0.000000e+00 1.100000e+00 2.314652e+00 2.314669e+00 0.000000e+00 -4.471040e-01
0.000000e+00 1.155000e+00 2.235478e+00 2.235494e+00 0.000000e+00 -4.243956e-01
0.000000e+00 1.210000e+00 2.164078e+00 2.164093e+00 0.000000e+00 -4.039450e-01
0.000000e+00 1.265000e+00 2.099334e+00 2.099348e+00 0.000000e+00 -3.854927e-01
0.000000e+00 1.320000e+00 2.040324e+00 2.040337e+00 0.000000e+00 -3.688165e-01
0.000000e+00 1.375000e+00 1.986286e+00 1.986297e+00 0.000000e+00 -3.537280e-01
0.000000e+00 1.430000e+00 1.936583e+00 1.936593e+00 0.000000e+00 -3.400641e-01
0.000000e+00 1.485000e+00 1.890679e+00 1.890690e+00 0.000000e+00 -3.276838e-01
0.000000e+00 1.540000e+00 1.848122e+00 1.848132e+00 0.000000e+00 -3.164643e-01
0.000000e+00 1.595000e+00 1.808522e+00 1.808531e+00 0.000000e+00 -3.062985e-01
0.000000e+00 1.650000e+00 1.771546e+00 1.771555e+00 0.000000e+00 -2.970923e-01
0.000000e+00 1.705000e+00 1.736908e+00 1.736915e+00 0.000000e+00 -2.887629e-01
0.000000e+00 1.760000e+00 1.704358e+00 1.704365e+00 0.000000e+00 -2.812368e-01
0.000000e+00 1.815000e+00 1.673683e+00 1.673690e+00 0.000000e+00 -2.744481e-01
0.000000e+00 1.870000e+00 1.644700e+00 1.644707e+00 0.000000e+00 -2.683370e-01
0.000000e+00 1.925000e+00 1.617248e+00 1.617254e+00 0.000000e+00 -2.628489e-01
0.000000e+00 1.980000e+00 1.591187e+00 1.591193e+00 0.000000e+00 -2.579342e-01
0.000000e+00 2.035000e+00 1.566393e+00 1.566398e+00 0.000000e+00 -2.535482e-01
0.000000e+00 2.090000e+00 1.542753e+00 1.542758e+00 0.000000e+00 -2.496522e-01
0.000000e+00 2.145000e+00 1.520165e+00 1.520170e+00 0.000000e+00 -2.462118e-01
0.000000e+00 2.200000e+00 1.498539e+00 1.498544e+00 0.000000e+00 -2.431955e-01
0.000000e+00 2.255000e+00 1.477803e+00 1.477807e+00 0.000000e+00 -2.405703e-01
0.000000e+00 2.310000e+00 1.457900e+00 1.457904e+00 0.000000e+00 -2.382987e-01
0.000000e+00 2.365000e+00 1.438797e+00 1.438800e+00 0.000000e+00 -2.363372e-01
0.000000e+00 2.420000e+00 1.420471e+00 1.420474e+00 0.000000e+00 -2.346388e-01
0.000000e+00 2.475000e+00 1.402908e+00 1.402911e+00 0.000000e+00 -2.331565e-01
0.000000e+00 2.530000e+00 1.386092e+00 1.386095e+00 0.000000e+00 -2.318476e-01
0.000000e+00 2.585000e+00 1.370007e+00 1.370010e+00 0.000000e+00 -2.306745e-01
0.000000e+00 2.640000e+00 1.354636e+00 1.354639e+00 0.000000e+00 -2.296038e-01
0.000000e+00 2.695000e+00 1.339963e+00 1.339966e+00 0.000000e+00 -2.286033e-01
0.000000e+00 2.750000e+00 1.325978e+00 1.325981e+00 0.000000e+00 -2.276408e-01
0.000000e+00 2.805000e+00 1.312675e+00 1.312677e+00 0.000000e+00 -2.266851e-01
0.000000e+00 2.860000e+00 1.300044e+00 1.300046e+00 0.000000e+00 -2.257083e-01
0.000000e+00 2.915000e+00 1.288072e+00 1.288074e+00 0.000000e+00 -2.246881e-01
0.000000e+00 2.970000e+00 1.276742e+00 1.276744e+00 0.000000e+00 -2.236082e-01
0.000000e+00 3.025000e+00 1.266031e+00 1.266032e+00 0.000000e+00 -2.224578e-01
0.000000e+00 3.080000e+00 1.255914e+00 1.255916e+00 0.000000e+00 -2.212295e-01
0.000000e+00 3.135000e+00 1.246367e+00 1.246369e+00 0.000000e+00 -2.199183e-01
0.000000e+00 3.190000e+00 1.237367e+00 1.237369e+00 0.000000e+00 -2.185203e-01
0.000000e+00 3.245000e+00 1.228891e+00 1.228892e+00 0.000000e+00 -2.170329e-01
0.000000e+00 3.300000e+00 1.220915e+00 1.220916e+00 0.000000e+00 -2.154549e-01
0.000000e+00 3.355000e+00 1.213417e+00 1.213418e+00 0.000000e+00 -2.137868e-01
0.000000e+00 3.410000e+00 1.206375e+00 1.206376e+00 0.000000e+00 -2.120302e-01
0.000000e+00 3.465000e+00 1.199766e+00 1.199767e+00 0.000000e+00 -2.101880e-01
0.000000e+00 3.520000e+00 1.193567e+00 1.193568e+00 0.000000e+00 -2.082642e-01
0.000000e+00 3.575000e+00 1.187757e+00 1.187758e+00 0.000000e+00 -2.062632e-01
0.000000e+00 3.630000e+00 1.182315e+00 1.182315e+00 0.000000e+00 -2.041900e-01
0.000000e+00 3.685000e+00 1.177220e+00 1.177221e+00 0.000000e+00 -2.020498e-01
0.000000e+00 3.740000e+00 1.172454e+00 1.172454e+00 0.000000e+00 -1.998482e-01
0.000000e+00 3.795000e+00 1.167996e+00 1.167997e+00 0.000000e+00 -1.975908e-01
0.000000e+00 3.850000e+00 1.163830e+00 1.163831e+00 0.000000e+00 -1.952834e-01
0.000000e+00 3.905000e+00 1.159938e+00 1.159938e+00 0.000000e+00 -1.929318e-01
0.000000e+00 3.960000e+00 1.156303e+00 1.156304e+00 0.000000e+00 -1.905416e-01
0.000000e+00 4.015000e+00 1.152910e+00 1.152910e+00 0.000000e+00 -1.881184e-01
0.000000e+00 4.070000e+00 1.149743e+00 1.149744e+00 0.000000e+00 -1.856678e-01
0.000000e+00 4.125000e+00 1.146789e+00 1.146790e+00 0.000000e+00 -1.831948e-01
0.000000e+00 4.180000e+00 1.144034e+00 1.144035e+00 0.000000e+00 -1.807046e-01
0.000000e+00 4.235000e+00 1.141466e+00 1.141466e+00 0.000000e+00 -1.782019e-01
0.000000e+00 4.290000e+00 1.139071e+00 1.139071e+00 0.000000e+00 -1.756914e-01
0.000000e+00 4.345000e+00 1.136840e+00 1.136840e+00 0.000000e+00 -1.731773e-01
0.000000e+00 4.400000e+00 1.134760e+00 1.134760e+00 0.000000e+00 -1.706637e-01
0.000000e+00 4.455000e+00 1.132822e+00 1.132823e+00 0.000000e+00 -1.681543e-01
0.000000e+00 4.510000e+00 1.131017e+00 1.131018e+00 0.000000e+00 -1.656525e-01
0.000000e+00 4.565000e+00 1.129336e+00 1.129336e+00 0.000000e+00 -1.631617e-01
0.000000e+00 4.620000e+00 1.127769e+00 1.127769e+00 0.000000e+00 -1.606851e-01
0.000000e+00 4.675000e+00 1.126310e+00 1.126310e+00 0.000000e+00 -1.582256e-01
0.000000e+00 4.730000e+00 1.124952e+00 1.124952e+00 0.000000e+00 -1.557860e-01
0.000000e+00 4.785000e+00 1.123687e+00 1.123687e+00 0.000000e+00 -1.533677e-01
0.000000e+00 4.840000e+00 1.122506e+00 1.122506e+00 0.000000e+00 -1.509713e-01
0.000000e+00 4.895000e+00 1.121402e+00 1.121402e+00 0.000000e+00 -1.485976e-01
0.000000e+00 4.950000e+00 1.120373e+00 1.120373e+00 0.000000e+00 -1.462503e-01
0.000000e+00 5.005000e+00 1.119419e+00 1.119419e+00 0.000000e+00 -1.439369e-01
0.000000e+00 5.060000e+00 1.118544e+00 1.118544e+00 0.000000e+00 -1.416657e-01
0.000000e+00 5.115000e+00 1.117741e+00 1.117741e+00 0.000000e+00 -1.394354e-01
0.000000e+00 5.170000e+00 1.116982e+00 1.116982e+00 0.000000e+00 -1.372263e-01
0.000000e+00 5.225000e+00 1.116225e+00 1.116226e+00 0.000000e+00 -1.350049e-01
0.000000e+00 5.280000e+00 1.115445e+00 1.115445e+00 0.000000e+00 -1.327529e-01
0.000000e+00 5.335000e+00 1.114679e+00 1.114680e+00 0.000000e+00 -1.305091e-01
0.000000e+00 5.390000e+00 1.114063e+00 1.114063e+00 0.000000e+00 -1.283963e-01
0.000000e+00 5.445000e+00 1.113821e+00 1.113821e+00 0.000000e+00 -1.266163e-01
0.000000e+00 5.500000e+00 1.114208e+00 1.114208e+00 0.000000e+00 -1.253985e-01
0.000000e+00 5.555000e+00 1.115278e+00 1.115278e+00 0.000000e+00 -1.247849e-01
0.000000e+00 5.610000e+00 1.116751e+00 1.116752e+00 0.000000e+00 -1.245253e-01
0.000000e+00 5.665000e+00 1.118216e+00 1.118216e+00 0.000000e+00 -1.242468e-01
0.000000e+00 5.720000e+00 1.119197e+00 1.119197e+00 0.000000e+00 -1.235313e-01
0.000000e+00 5.775000e+00 1.119286e+00 1.119286e+00 0.000000e+00 -1.220267e-01
0.000000e+00 5.830000e+00 1.118571e+00 1.118571e+00 0.000000e+00 -1.198182e-01
0.000000e+00 5.885000e+00 1.117449e+00 1.117450e+00 0.000000e+00 -1.172644e-01
0.000000e+00 5.940000e+00 1.116306e+00 1.116306e+00 0.000000e+00 -1.147110e-01
0.000000e+00 5.995000e+00 1.115392e+00 1.115392e+00 0.000000e+00 -1.123856e-01
0.000000e+00 6.050000e+00 1.114741e+00 1.114741e+00 0.000000e+00 -1.103183e-01
0.000000e+00 6.105000e+00 1.114210e+00 1.114210e+00 0.000000e+00 -1.083778e-01
0.000000e+00 6.160000e+00 1.113641e+00 1.113641e+00 0.000000e+00 -1.064208e-01
0.000000e+00 6.215000e+00 1.112986e+00 1.112986e+00 0.000000e+00 -1.044016e-01
0.000000e+00 6.270000e+00 1.112295e+00 1.112295e+00 0.000000e+00 -1.023709e-01
0.000000e+00 6.325000e+00 1.111636e+00 1.111636e+00 0.000000e+00 -1.003954e-01
0.000000e+00 6.380000e+00 1.111018e+00 1.111018e+00 0.000000e+00 -9.849405e-02
0.000000e+00 6.435000e+00 1.110401e+00 1.110401e+00 0.000000e+00 -9.663684e-02
0.000000e+00 6.490000e+00 1.109751e+00 1.109751e+00 0.000000e+00 -9.479022e-02
0.000000e+00 6.545000e+00 1.109074e+00 1.109074e+00 0.000000e+00 -9.295387e-02
0.000000e+00 6.600000e+00 1.108410e+00 1.108410e+00 0.000000e+00 -9.115315e-02
0.000000e+00 6.655000e+00 1.107788e+00 1.107788e+00 0.000000e+00 -8.940678e-02
0.000000e+00 6.710000e+00 1.107206e+00 1.107206e+00 0.000000e+00 -8.770996e-02
0.000000e+00 6.765000e+00 1.106649e+00 1.106649e+00 0.000000e+00 -8.604695e-02
0.000000e+00 6.820000e+00 1.106114e+00 1.106114e+00 0.000000e+00 -8.441280e-02
0.000000e+00 6.875000e+00 1.105617e+00 1.105617e+00 0.000000e+00 -8.281861e-02
0.000000e+00 6.930000e+00 1.105175e+00 1.105175e+00 0.000000e+00 -8.127801e-02
0.000000e+00 6.985000e+00 1.104790e+00 1.104790e+00 0.000000e+00 -7.979270e-02
0.000000e+00 7.040000e+00 1.104444e+00 1.104444e+00 0.000000e+00 -7.835122e-02
0.000000e+00 7.095000e+00 1.104111e+00 1.104111e+00 0.000000e+00 -7.693843e-02
0.000000e+00 7.150000e+00 1.103770e+00 1.103770e+00 0.000000e+00 -7.554367e-02
0.000000e+00 7.205000e+00 1.103405e+00 1.103405e+00 0.000000e+00 -7.416165e-02
0.000000e+00 7.260000e+00 1.103009e+00 1.103009e+00 0.000000e+00 -7.278962e-02
0.000000e+00 7.315000e+00 1.102580e+00 1.102580e+00 0.000000e+00 -7.142649e-02
0.000000e+00 7.370000e+00 1.102121e+00 1.102121e+00 0.000000e+00 -7.007404e-02
0.000000e+00 7.425000e+00 1.101642e+00 1.101642e+00 0.000000e+00 -6.873721e-02
0.000000e+00 7.480000e+00 1.101157e+00 1.101156e+00 0.000000e+00 -6.742178e-02
0.000000e+00 7.535000e+00 1.100674e+00 1.100674e+00 0.000000e+00 -6.613182e-02
0.000000e+00 7.590000e+00 1.100202e+00 1.100202e+00 0.000000e+00 -6.486892e-02
0.000000e+00 7.645000e+00 1.099745e+00 1.099745e+00 0.000000e+00 -6.363327e-02
0.000000e+00 7.700000e+00 1.099307e+00 1.099307e+00 0.000000e+00 -6.242478e-02
0.000000e+00 7.755000e+00 1.098890e+00 1.098890e+00 0.000000e+00 -6.124320e-02
0.000000e+00 7.810000e+00 1.098494e+00 1.098494e+00 0.000000e+00 -6.008768e-02
0.000000e+00 7.865000e+00 1.098118e+00 1.098118e+00 0.000000e+00 -5.895679e-02
0.000000e+00 7.920000e+00 1.097759e+00 1.097759e+00 0.000000e+00 -5.784891e-02
0.000000e+00 7.975000e+00 1.097415e+00 1.097415e+00 0.000000e+00 -5.676257e-02
0.000000e+00 8.030000e+00 1.097083e+00 1.097083e+00 0.000000e+00 -5.569657e-02
0.000000e+00 8.085000e+00 1.096761e+00 1.096761e+00 0.000000e+00 -5.464979e-02
0.000000e+00 8.140000e+00 1.096446e+00 1.096446e+00 0.000000e+00 -5.362123e-02
0.000000e+00 8.195000e+00 1.096136e+00 1.096136e+00 0.000000e+00 -5.261001e-02
0.000000e+00 8.250000e+00 1.095829e+00 1.095829e+00 0.000000e+00 -5.161544e-02
0.000000e+00 8.305000e+00 1.095525e+00 1.095525e+00 0.000000e+00 -5.063700e-02
0.000000e+00 8.360000e+00 1.095222e+00 1.095222e+00 0.000000e+00 -4.967423e-02
0.000000e+00 8.415000e+00 1.094920e+00 1.094920e+00 0.000000e+00 -4.872674e-02
0.000000e+00 8.470000e+00 1.094618e+00 1.094618e+00 0.000000e+00 -4.779413e-02
0.000000e+00 8.525000e+00 1.094317e+00 1.094317e+00 0.000000e+00 -4.687610e-02
0.000000e+00 8.580000e+00 1.094016e+00 1.094016e+00 0.000000e+00 -4.597242e-02
0.000000e+00 8.635000e+00 1.093716e+00 1.093716e+00 0.000000e+00 -4.508295e-02
0.000000e+00 8.690000e+00 1.093417e+00 1.093417e+00 0.000000e+00 -4.420759e-02
0.000000e+00 8.745000e+00 1.093120e+00 1.093120e+00 0.000000e+00 -4.334614e-02
0.000000e+00 8.800000e+00 1.092824e+00 1.092824e+00 0.000000e+00 -4.249834e-02
0.000000e+00 8.855000e+00 1.092529e+00 1.092529e+00 0.000000e+00 -4.166383e-02
0.000000e+00 8.910000e+00 1.092236e+00 1.092236e+00 0.000000e+00 -4.084227e-02
0.000000e+00 8.965000e+00 1.091945e+00 1.091944e+00 0.000000e+00 -4.003333e-02
0.000000e+00 9.020000e+00 1.091655e+00 1.091655e+00 0.000000e+00 -3.923661e-02
0.000000e+00 9.075000e+00 1.091367e+00 1.091367e+00 0.000000e+00 -3.845160e-02
0.000000e+00 9.130000e+00 1.091081e+00 1.091081e+00 0.000000e+00 -3.767765e-02
0.000000e+00 9.185000e+00 1.090797e+00 1.090796e+00 0.000000e+00 -3.691406e-02
0.000000e+00 9.240000e+00 1.090514e+00 1.090514e+00 0.000000e+00 -3.616024e-02
0.000000e+00 9.295000e+00 1.090232e+00 1.090232e+00 0.000000e+00 -3.541539e-02
0.000000e+00 9.350000e+00 1.089952e+00 1.089952e+00 0.000000e+00 -3.467861e-02
0.000000e+00 9.405000e+00 1.089674e+00 1.089673e+00 0.000000e+00 -3.394856e-02
0.000000e+00 9.460000e+00 1.089396e+00 1.089396e+00 0.000000e+00 -3.322501e-02
0.000000e+00 9.515000e+00 1.089121e+00 1.089121e+00 0.000000e+00 -3.250779e-02
0.000000e+00 9.570000e+00 1.088846e+00 1.088846e+00 0.000000e+00 -3.179862e-02
0.000000e+00 9.625000e+00 1.088574e+00 1.088574e+00 0.000000e+00 -3.109328e-02
0.000000e+00 9.680000e+00 1.088301e+00 1.088301e+00 0.000000e+00 -3.038888e-02
0.000000e+00 9.735000e+00 1.088034e+00 1.088033e+00 0.000000e+00 -2.967176e-02
0.000000e+00 9.790000e+00 1.087760e+00 1.087758e+00 0.000000e+00 -2.895549e-02
0.000000e+00 9.845000e+00 1.087503e+00 1.087498e+00 0.000000e+00 -2.824216e-02
0.000000e+00 9.900000e+00 1.087222e+00 1.087215e+00 0.000000e+00 -2.760940e-02
0.000000e+00 9.955000e+00 1.087000e+00 1.086991e+00 0.000000e+00 -2.702027e-02
0.000000e+00 1.001000e+01 1.105114e+00 1.105104e+00 -0.000000e+00 -1.013850e-02
0.000000e+00 1.006500e+01 1.105114e+00 1.105104e+00 -0.000000e+00 -1.013850e-02
0.000000e+00 1.012000e+01 1.105114e+00 1.105104e+00 -0.000000e+00 -1.013850e-02
0.000000e+00 1.017500e+01 1.105114e+00 1.105104e+00 -0.000000e+00 -1.013850e-02
0.000000e+00 1.023000e+01 1.105114e+00 1.105104e+00 -0.000000e+00 -1.013850e-02
0.000000e+00 1.028500e+01 1.105114e+00 1.105104e+00 -0.000000e+00 -1.013850e-02
0.000000e+00 1.034000e+01 1.105114e+00 1.105104e+00 -0.000000e+00 -1.013850e-02
0.000000e+00 1.039500e+01 1.105114e+00 1.105104e+00 -0.000000e+00 -1.013850e-02
0.000000e+00 1.045000e+01 1.105114e+00 1.105104e+00 -0.000000e+00 -1.013850e-02
0.000000e+00 1.050500e+01 1.105114e+00 1.105104e+00 -0.000000e+00 -1.013850e-02
0.000000e+00 1.056000e+01 1.105114e+00 1.105104e+00 -0.000000e+00 -1.013850e-02
0.000000e+00 1.061500e+01 1.105114e+00 1.105104e+00 -0.000000e+00 -1.013850e-02
0.000000e+00 1.067000e+01 1.105114e+00 1.105104e+00 -0.000000e+00 -1.013850e-02
0.000000e+00 1.072500e+01 1.105114e+00 1.105104e+00 -0.000000e+00 -1.013850e-02
0.000000e+00 1.078000e+01 1.105114e+00 1.105104e+00 -0.000000e+00 -1.013850e-02
0.000000e+00 1.083500e+01 1.105114e+00 1.105104e+00 -0.000000e+00 -1.013850e-02
0.000000e+00 1.089000e+01 1.105114e+00 1.105104e+00 -0.000000e+00 -1.013850e-02
0.000000e+00 1.094500e+01 1.105114e+00 1.105104e+00 -0.000000e+00 -1.013850e-02
0.000000e+00 1.100000e+01 1.105114e+00 1.105104e+00 -0.000000e+00 -1.013850e-02
