#############TIME##################
2.910559e+01 
###################################
0.000000e+00 0.000000e+00 5.799941e+01 5.800431e+01 0.000000e+00 -3.063285e+00
0.000000e+00 5.500000e-02 5.799941e+01 5.800431e+01 0.000000e+00 -3.063285e+00
0.000000e+00 1.100000e-01 2.196205e+01 2.196279e+01 0.000000e+00 -3.063298e+00
0.000000e+00 1.650000e-01 1.427313e+01 1.427349e+01 0.000000e+00 -2.308104e+00
0.000000e+00 2.200000e-01 1.058936e+01 1.058960e+01 0.000000e+00 -1.934502e+00
0.000000e+00 2.750000e-01 8.285953e+00 8.286119e+00 0.000000e+00 -1.645708e+00
0.000000e+00 3.300000e-01 6.844581e+00 6.844706e+00 0.000000e+00 -1.423044e+00
0.000000e+00 3.850000e-01 5.808895e+00 5.808991e+00 0.000000e+00 -1.251175e+00
0.000000e+00 4.400000e-01 5.077762e+00 5.077840e+00 0.000000e+00 -1.107496e+00
0.000000e+00 4.950000e-01 4.514956e+00 4.515019e+00 0.000000e+00 -9.917094e-01
0.000000e+00 5.500000e-01 4.079885e+00 4.079938e+00 0.000000e+00 -8.934132e-01
0.000000e+00 6.050000e-01 3.734290e+00 3.734336e+00 0.000000e+00 -8.102008e-01
0.000000e+00 6.600000e-01 3.452686e+00 3.452725e+00 0.000000e+00 -7.385412e-01
0.000000e+00 7.150000e-01 3.220117e+00 3.220152e+00 0.000000e+00 -6.766261e-01
0.000000e+00 7.700000e-01 3.024842e+00 3.024872e+00 0.000000e+00 -6.224468e-01
0.000000e+00 8.250000e-01 2.859116e+00 2.859143e+00 0.000000e+00 -5.748422e-01
0.000000e+00 8.800000e-01 2.716794e+00 2.716818e+00 0.000000e+00 -5.326679e-01
0.000000e+00 9.350000e-01 2.593485e+00 2.593507e+00 0.000000e+00 -4.951346e-01
0.000000e+00 9.900000e-01 2.485684e+00 2.485704e+00 0.000000e+00 -4.615249e-01
0.000000e+00 1.045000e+00 2.390738e+00 2.390756e+00 0.000000e+00 -4.312891e-01
0.000000e+00 1.100000e+00 2.306511e+00 2.306528e+00 0.000000e+00 -4.039495e-01
0.000000e+00 1.155000e+00 2.231328e+00 2.231343e+00 0.000000e+00 -3.791246e-01
0.000000e+00 1.210000e+00 2.163829e+00 2.163844e+00 0.000000e+00 -3.564933e-01
0.000000e+00 1.265000e+00 2.102930e+00 2.102944e+00 0.000000e+00 -3.357962e-01
0.000000e+00 1.320000e+00 2.047742e+00 2.047755e+00 0.000000e+00 -3.168172e-01
0.000000e+00 1.375000e+00 1.997536e+00 1.997548e+00 0.000000e+00 -2.993766e-01
0.000000e+00 1.430000e+00 1.951700e+00 1.951712e+00 0.000000e+00 -2.833184e-01
0.000000e+00 1.485000e+00 1.909711e+00 1.909721e+00 0.000000e+00 -2.685030e-01
0.000000e+00 1.540000e+00 1.871114e+00 1.871124e+00 0.000000e+00 -2.548023e-01
0.000000e+00 1.595000e+00 1.835517e+00 1.835527e+00 0.000000e+00 -2.421002e-01
0.000000e+00 1.650000e+00 1.802586e+00 1.802595e+00 0.000000e+00 -2.302940e-01
0.000000e+00 1.705000e+00 1.772037e+00 1.772045e+00 0.000000e+00 -2.192975e-01
0.000000e+00 1.760000e+00 1.743635e+00 1.743643e+00 0.000000e+00 -2.090411e-01
0.000000e+00 1.815000e+00 1.717181e+00 1.717188e+00 0.000000e+00 -1.994674e-01
0.000000e+00 1.870000e+00 1.692500e+00 1.692508e+00 0.000000e+00 -1.905262e-01
0.000000e+00 1.925000e+00 1.669434e+00 1.669441e+00 0.000000e+00 -1.821690e-01
0.000000e+00 1.980000e+00 1.647832e+00 1.647838e+00 0.000000e+00 -1.743465e-01
0.000000e+00 2.035000e+00 1.627554e+00 1.627560e+00 0.000000e+00 -1.670102e-01
0.000000e+00 2.090000e+00 1.608475e+00 1.608481e+00 0.000000e+00 -1.601153e-01
0.000000e+00 2.145000e+00 1.590488e+00 1.590494e+00 0.000000e+00 -1.536230e-01
0.000000e+00 2.200000e+00 1.573501e+00 1.573507e+00 0.000000e+00 -1.475018e-01
0.000000e+00 2.255000e+00 1.557437e+00 1.557442e+00 0.000000e+00 -1.417251e-01
0.000000e+00 2.310000e+00 1.542225e+00 1.542230e+00 0.000000e+00 -1.362693e-01
0.000000e+00 2.365000e+00 1.527802e+00 1.527807e+00 0.000000e+00 -1.311122e-01
0.000000e+00 2.420000e+00 1.514108e+00 1.514113e+00 0.000000e+00 -1.262319e-01
0.000000e+00 2.475000e+00 1.501089e+00 1.501094e+00 0.000000e+00 -1.216083e-01
0.000000e+00 2.530000e+00 1.488697e+00 1.488702e+00 0.000000e+00 -1.172232e-01
0.000000e+00 2.585000e+00 1.476889e+00 1.476893e+00 0.000000e+00 -1.130605e-01
0.000000e+00 2.640000e+00 1.465625e+00 1.465629e+00 0.000000e+00 -1.091058e-01
0.000000e+00 2.695000e+00 1.454870e+00 1.454874e+00 0.000000e+00 -1.053459e-01
0.000000e+00 2.750000e+00 1.444591e+00 1.444594e+00 0.000000e+00 -1.017684e-01
0.000000e+00 2.805000e+00 1.434757e+00 1.434760e+00 0.000000e+00 -9.836184e-02
0.000000e+00 2.860000e+00 1.425340e+00 1.425344e+00 0.000000e+00 -9.511557e-02
0.000000e+00 2.915000e+00 1.416316e+00 1.416319e+00 0.000000e+00 -9.201987e-02
0.000000e+00 2.970000e+00 1.407660e+00 1.407663e+00 0.000000e+00 -8.906569e-02
0.000000e+00 3.025000e+00 1.399352e+00 1.399355e+00 0.000000e+00 -8.624449e-02
0.000000e+00 3.080000e+00 1.391371e+00 1.391374e+00 0.000000e+00 -8.354828e-02
0.000000e+00 3.135000e+00 1.383698e+00 1.383701e+00 0.000000e+00 -8.096973e-02
0.000000e+00 3.190000e+00 1.376316e+00 1.376319e+00 0.000000e+00 -7.850226e-02
0.000000e+00 3.245000e+00 1.369207e+00 1.369210e+00 0.000000e+00 -7.614003e-02
0.000000e+00 3.300000e+00 1.362357e+00 1.362359e+00 0.000000e+00 -7.387768e-02
0.000000e+00 3.355000e+00 1.355750e+00 1.355753e+00 0.000000e+00 -7.171008e-02
0.000000e+00 3.410000e+00 1.349375e+00 1.349378e+00 0.000000e+00 -6.963216e-02
0.000000e+00 3.465000e+00 1.343221e+00 1.343223e+00 0.000000e+00 -6.763896e-02
0.000000e+00 3.520000e+00 1.337275e+00 1.337278e+00 0.000000e+00 -6.572585e-02
0.000000e+00 3.575000e+00 1.331529e+00 1.331532e+00 0.000000e+00 -6.388875e-02
0.000000e+00 3.630000e+00 1.325971e+00 1.325973e+00 0.000000e+00 -6.212413e-02
0.000000e+00 3.685000e+00 1.320591e+00 1.320594e+00 0.000000e+00 -6.042881e-02
0.000000e+00 3.740000e+00 1.315381e+00 1.315383e+00 0.000000e+00 -5.879962e-02
0.000000e+00 3.795000e+00 1.310333e+00 1.310335e+00 0.000000e+00 -5.723313e-02
0.000000e+00 3.850000e+00 1.305440e+00 1.305442e+00 0.000000e+00 -5.572574e-02
0.000000e+00 3.905000e+00 1.300697e+00 1.300699e+00 0.000000e+00 -5.427407e-02
0.000000e+00 3.960000e+00 1.296096e+00 1.296098e+00 0.000000e+00 -5.287539e-02
0.000000e+00 4.015000e+00 1.291631e+00 1.291633e+00 0.000000e+00 -5.152777e-02
0.000000e+00 4.070000e+00 1.287293e+00 1.287295e+00 0.000000e+00 -5.022989e-02
0.000000e+00 4.125000e+00 1.283077e+00 1.283079e+00 0.000000e+00 -4.898040e-02
0.000000e+00 4.180000e+00 1.278977e+00 1.278979e+00 0.000000e+00 -4.777740e-02
0.000000e+00 4.235000e+00 1.274990e+00 1.274991e+00 0.000000e+00 -4.661817e-02
0.000000e+00 4.290000e+00 1.271111e+00 1.271113e+00 0.000000e+00 -4.549942e-02
0.000000e+00 4.345000e+00 1.267340e+00 1.267341e+00 0.000000e+00 -4.441780e-02
0.000000e+00 4.400000e+00 1.263672e+00 1.263674e+00 0.000000e+00 -4.337054e-02
0.000000e+00 4.455000e+00 1.260105e+00 1.260107e+00 0.000000e+00 -4.235585e-02
0.000000e+00 4.510000e+00 1.256634e+00 1.256635e+00 0.000000e+00 -4.137292e-02
0.000000e+00 4.565000e+00 1.253252e+00 1.253253e+00 0.000000e+00 -4.042172e-02
0.000000e+00 4.620000e+00 1.249954e+00 1.249955e+00 0.000000e+00 -3.950265e-02
0.000000e+00 4.675000e+00 1.246734e+00 1.246735e+00 0.000000e+00 -3.861612e-02
0.000000e+00 4.730000e+00 1.243588e+00 1.243589e+00 0.000000e+00 -3.776215e-02
0.000000e+00 4.785000e+00 1.240511e+00 1.240512e+00 0.000000e+00 -3.694016e-02
0.000000e+00 4.840000e+00 1.237500e+00 1.237502e+00 0.000000e+00 -3.614884e-02
0.000000e+00 4.895000e+00 1.234555e+00 1.234557e+00 0.000000e+00 -3.538630e-02
0.000000e+00 4.950000e+00 1.231675e+00 1.231676e+00 0.000000e+00 -3.465055e-02
0.000000e+00 5.005000e+00 1.228859e+00 1.228860e+00 0.000000e+00 -3.393995e-02
0.000000e+00 5.060000e+00 1.226106e+00 1.226107e+00 0.000000e+00 -3.325357e-02
0.000000e+00 5.115000e+00 1.223412e+00 1.223414e+00 0.000000e+00 -3.259114e-02
0.000000e+00 5.170000e+00 1.220776e+00 1.220777e+00 0.000000e+00 -3.195235e-02
0.000000e+00 5.225000e+00 1.218195e+00 1.218196e+00 0.000000e+00 -3.133609e-02
0.000000e+00 5.280000e+00 1.215669e+00 1.215670e+00 0.000000e+00 -3.073973e-02
0.000000e+00 5.335000e+00 1.213200e+00 1.213201e+00 0.000000e+00 -3.015935e-02
0.000000e+00 5.390000e+00 1.210790e+00 1.210791e+00 0.000000e+00 -2.959092e-02
0.000000e+00 5.445000e+00 1.208439e+00 1.208440e+00 0.000000e+00 -2.903216e-02
0.000000e+00 5.500000e+00 1.206143e+00 1.206144e+00 0.000000e+00 -2.848409e-02
0.000000e+00 5.555000e+00 1.203893e+00 1.203894e+00 0.000000e+00 -2.795129e-02
0.000000e+00 5.610000e+00 1.201679e+00 1.201680e+00 0.000000e+00 -2.744008e-02
0.000000e+00 5.665000e+00 1.199495e+00 1.199496e+00 0.000000e+00 -2.695540e-02
0.000000e+00 5.720000e+00 1.197337e+00 1.197338e+00 0.000000e+00 -2.649793e-02
0.000000e+00 5.775000e+00 1.195211e+00 1.195212e+00 0.000000e+00 -2.606308e-02
0.000000e+00 5.830000e+00 1.193123e+00 1.193124e+00 0.000000e+00 -2.564285e-02
0.000000e+00 5.885000e+00 1.191083e+00 1.191084e+00 0.000000e+00 -2.522947e-02
0.000000e+00 5.940000e+00 1.189092e+00 1.189093e+00 0.000000e+00 -2.481886e-02
0.000000e+00 5.995000e+00 1.187150e+00 1.187151e+00 0.000000e+00 -2.441172e-02
0.000000e+00 6.050000e+00 1.185250e+00 1.185251e+00 0.000000e+00 -2.401202e-02
0.000000e+00 6.105000e+00 1.183386e+00 1.183387e+00 0.000000e+00 -2.362388e-02
0.000000e+00 6.160000e+00 1.181552e+00 1.181553e+00 0.000000e+00 -2.324929e-02
0.000000e+00 6.215000e+00 1.179748e+00 1.179748e+00 0.000000e+00 -2.288792e-02
0.000000e+00 6.270000e+00 1.177971e+00 1.177972e+00 0.000000e+00 -2.253891e-02
0.000000e+00 6.325000e+00 1.176220e+00 1.176221e+00 0.000000e+00 -2.220281e-02
0.000000e+00 6.380000e+00 1.174492e+00 1.174493e+00 0.000000e+00 -2.188216e-02
0.000000e+00 6.435000e+00 1.172782e+00 1.172783e+00 0.000000e+00 -2.158010e-02
0.000000e+00 6.490000e+00 1.171087e+00 1.171088e+00 0.000000e+00 -2.129821e-02
0.000000e+00 6.545000e+00 1.169408e+00 1.169409e+00 0.000000e+00 -2.103520e-02
0.000000e+00 6.600000e+00 1.167748e+00 1.167748e+00 0.000000e+00 -2.078744e-02
0.000000e+00 6.655000e+00 1.166110e+00 1.166111e+00 0.000000e+00 -2.055066e-02
0.000000e+00 6.710000e+00 1.164499e+00 1.164499e+00 0.000000e+00 -2.032151e-02
0.000000e+00 6.765000e+00 1.162916e+00 1.162916e+00 0.000000e+00 -2.009790e-02
0.000000e+00 6.820000e+00 1.161363e+00 1.161363e+00 0.000000e+00 -1.987800e-02
0.000000e+00 6.875000e+00 1.159842e+00 1.159842e+00 0.000000e+00 -1.965921e-02
0.000000e+00 6.930000e+00 1.158356e+00 1.158356e+00 0.000000e+00 -1.943806e-02
0.000000e+00 6.985000e+00 1.156908e+00 1.156908e+00 0.000000e+00 -1.921132e-02
0.000000e+00 7.040000e+00 1.155498e+00 1.155498e+00 0.000000e+00 -1.897754e-02
0.000000e+00 7.095000e+00 1.154125e+00 1.154125e+00 0.000000e+00 -1.873780e-02
0.000000e+00 7.150000e+00 1.152784e+00 1.152785e+00 0.000000e+00 -1.849524e-02
0.000000e+00 7.205000e+00 1.151469e+00 1.151470e+00 0.000000e+00 -1.825377e-02
0.000000e+00 7.260000e+00 1.150176e+00 1.150177e+00 0.000000e+00 -1.801691e-02
0.000000e+00 7.315000e+00 1.148900e+00 1.148901e+00 0.000000e+00 -1.778750e-02
0.000000e+00 7.370000e+00 1.147639e+00 1.147639e+00 0.000000e+00 -1.756799e-02
0.000000e+00 7.425000e+00 1.146388e+00 1.146389e+00 0.000000e+00 -1.736077e-02
0.000000e+00 7.480000e+00 1.145145e+00 1.145146e+00 0.000000e+00 -1.716784e-02
0.000000e+00 7.535000e+00 1.143908e+00 1.143908e+00 0.000000e+00 -1.699000e-02
0.000000e+00 7.590000e+00 1.142676e+00 1.142677e+00 0.000000e+00 -1.682628e-02
0.000000e+00 7.645000e+00 1.141453e+00 1.141453e+00 0.000000e+00 -1.667434e-02
0.000000e+00 7.700000e+00 1.140241e+00 1.140241e+00 0.000000e+00 -1.653171e-02
0.000000e+00 7.755000e+00 1.139040e+00 1.139041e+00 0.000000e+00 -1.639710e-02
0.000000e+00 7.810000e+00 1.137852e+00 1.137853e+00 0.000000e+00 -1.627084e-02
0.000000e+00 7.865000e+00 1.136674e+00 1.136674e+00 0.000000e+00 -1.615406e-02
0.000000e+00 7.920000e+00 1.135504e+00 1.135505e+00 0.000000e+00 -1.604704e-02
0.000000e+00 7.975000e+00 1.134344e+00 1.134345e+00 0.000000e+00 -1.594791e-02
0.000000e+00 8.030000e+00 1.133199e+00 1.133199e+00 0.000000e+00 -1.585261e-02
0.000000e+00 8.085000e+00 1.132073e+00 1.132073e+00 0.000000e+00 -1.575614e-02
0.000000e+00 8.140000e+00 1.130972e+00 1.130972e+00 0.000000e+00 -1.565447e-02
0.000000e+00 8.195000e+00 1.129897e+00 1.129898e+00 0.000000e+00 -1.554601e-02
0.000000e+00 8.250000e+00 1.128847e+00 1.128848e+00 0.000000e+00 -1.543184e-02
0.000000e+00 8.305000e+00 1.127819e+00 1.127819e+00 0.000000e+00 -1.531476e-02
0.000000e+00 8.360000e+00 1.126807e+00 1.126807e+00 0.000000e+00 -1.519775e-02
0.000000e+00 8.415000e+00 1.125810e+00 1.125811e+00 0.000000e+00 -1.508272e-02
0.000000e+00 8.470000e+00 1.124828e+00 1.124828e+00 0.000000e+00 -1.496995e-02
0.000000e+00 8.525000e+00 1.123859e+00 1.123859e+00 0.000000e+00 -1.485842e-02
0.000000e+00 8.580000e+00 1.122906e+00 1.122906e+00 0.000000e+00 -1.474631e-02
0.000000e+00 8.635000e+00 1.121969e+00 1.121970e+00 0.000000e+00 -1.463164e-02
0.000000e+00 8.690000e+00 1.121050e+00 1.121050e+00 0.000000e+00 -1.451260e-02
0.000000e+00 8.745000e+00 1.120148e+00 1.120148e+00 0.000000e+00 -1.438789e-02
0.000000e+00 8.800000e+00 1.119262e+00 1.119262e+00 0.000000e+00 -1.425728e-02
0.000000e+00 8.855000e+00 1.118392e+00 1.118392e+00 0.000000e+00 -1.412214e-02
0.000000e+00 8.910000e+00 1.117532e+00 1.117532e+00 0.000000e+00 -1.398562e-02
0.000000e+00 8.965000e+00 1.116678e+00 1.116678e+00 0.000000e+00 -1.385191e-02
0.000000e+00 9.020000e+00 1.115826e+00 1.115826e+00 0.000000e+00 -1.372412e-02
0.000000e+00 9.075000e+00 1.114973e+00 1.114973e+00 0.000000e+00 -1.360145e-02
0.000000e+00 9.130000e+00 1.114119e+00 1.114120e+00 0.000000e+00 -1.347716e-02
0.000000e+00 9.185000e+00 1.113266e+00 1.113267e+00 0.000000e+00 -1.333939e-02
0.000000e+00 9.240000e+00 1.112419e+00 1.112419e+00 0.000000e+00 -1.317587e-02
0.000000e+00 9.295000e+00 1.111581e+00 1.111580e+00 0.000000e+00 -1.298210e-02
0.000000e+00 9.350000e+00 1.110755e+00 1.110753e+00 0.000000e+00 -1.276833e-02
0.000000e+00 9.405000e+00 1.109946e+00 1.109942e+00 0.000000e+00 -1.256202e-02
0.000000e+00 9.460000e+00 1.109155e+00 1.109150e+00 0.000000e+00 -1.239958e-02
0.000000e+00 9.515000e+00 1.108383e+00 1.108376e+00 0.000000e+00 -1.231373e-02
0.000000e+00 9.570000e+00 1.107632e+00 1.107624e+00 0.000000e+00 -1.231453e-02
0.000000e+00 9.625000e+00 1.106899e+00 1.106889e+00 0.000000e+00 -1.238850e-02
0.000000e+00 9.680000e+00 1.106184e+00 1.106175e+00 0.000000e+00 -1.249338e-02
0.000000e+00 9.735000e+00 1.105477e+00 1.105467e+00 0.000000e+00 -1.259536e-02
0.000000e+00 9.790000e+00 1.104790e+00 1.104779e+00 0.000000e+00 -1.265166e-02
0.000000e+00 9.845000e+00 1.104089e+00 1.104079e+00 0.000000e+00 -1.268184e-02
0.000000e+00 9.900000e+00 1.103424e+00 1.103414e+00 0.000000e+00 -1.265197e-02
0.000000e+00 9.955000e+00 1.102693e+00 1.102683e+00 0.000000e+00 -1.267638e-02
0.000000e+00 1.001000e+01 1.105114e+00 1.105104e+00 -0.000000e+00 -1.013850e-02
0.000000e+00 1.006500e+01 1.105114e+00 1.105104e+00 -0.000000e+00 -1.013850e-02
0.000000e+00 1.012000e+01 1.105114e+00 1.105104e+00 -0.000000e+00 -1.013850e-02
0.000000e+00 1.017500e+01 1.105114e+00 1.105104e+00 -0.000000e+00 -1.013850e-02
0.000000e+00 1.023000e+01 1.105114e+00 1.105104e+00 -0.000000e+00 -1.013850e-02
0.000000e+00 1.028500e+01 1.105114e+00 1.105104e+00 -0.000000e+00 -1.013850e-02
0.000000e+00 1.034000e+01 1.105114e+00 1.105104e+00 -0.000000e+00 -1.013850e-02
0.000000e+00 1.039500e+01 1.105114e+00 1.105104e+00 -0.000000e+00 -1.013850e-02
0.000000e+00 1.045000e+01 1.105114e+00 1.105104e+00 -0.000000e+00 -1.013850e-02
0.000000e+00 1.050500e+01 1.105114e+00 1.105104e+00 -0.000000e+00 -1.013850e-02
0.000000e+00 1.056000e+01 1.105114e+00 1.105104e+00 -0.000000e+00 -1.013850e-02
0.000000e+00 1.061500e+01 1.105114e+00 1.105104e+00 -0.000000e+00 -1.013850e-02
0.000000e+00 1.067000e+01 1.105114e+00 1.105104e+00 -0.000000e+00 -1.013850e-02
0.000000e+00 1.072500e+01 1.105114e+00 1.105104e+00 -0.000000e+00 -1.013850e-02
0.000000e+00 1.078000e+01 1.105114e+00 1.105104e+00 -0.000000e+00 -1.013850e-02
0.000000e+00 1.083500e+01 1.105114e+00 1.105104e+00 -0.000000e+00 -1.013850e-02
0.000000e+00 1.089000e+01 1.105114e+00 1.105104e+00 -0.000000e+00 -1.013850e-02
0.000000e+00 1.094500e+01 1.105114e+00 1.105104e+00 -0.000000e+00 -1.013850e-02
0.000000e+00 1.100000e+01 1.105114e+00 1.105104e+00 -0.000000e+00 -1.013850e-02
