#############TIME##################
1.250159e+01 
###################################
0.000000e+00 0.000000e+00 5.875386e+01 5.875884e+01 0.000000e+00 -3.062308e+00
0.000000e+00 5.500000e-02 5.875386e+01 5.875884e+01 0.000000e+00 -3.062308e+00
0.000000e+00 1.100000e-01 2.224396e+01 2.224472e+01 0.000000e+00 -3.062321e+00
0.000000e+00 1.650000e-01 1.445657e+01 1.445694e+01 0.000000e+00 -2.306494e+00
0.000000e+00 2.200000e-01 1.072528e+01 1.072552e+01 0.000000e+00 -1.932539e+00
0.000000e+00 2.750000e-01 8.391682e+00 8.391851e+00 0.000000e+00 -1.643432e+00
0.000000e+00 3.300000e-01 6.931675e+00 6.931802e+00 0.000000e+00 -1.420439e+00
0.000000e+00 3.850000e-01 5.882529e+00 5.882627e+00 0.000000e+00 -1.248263e+00
0.000000e+00 4.400000e-01 5.142165e+00 5.142244e+00 0.000000e+00 -1.104247e+00
0.000000e+00 4.950000e-01 4.572402e+00 4.572467e+00 0.000000e+00 -9.881038e-01
0.000000e+00 5.500000e-01 4.131895e+00 4.131949e+00 0.000000e+00 -8.894600e-01
0.000000e+00 6.050000e-01 3.782063e+00 3.782110e+00 0.000000e+00 -8.058845e-01
0.000000e+00 6.600000e-01 3.496990e+00 3.497031e+00 0.000000e+00 -7.338524e-01
0.000000e+00 7.150000e-01 3.261512e+00 3.261547e+00 0.000000e+00 -6.715602e-01
0.000000e+00 7.700000e-01 3.063745e+00 3.063776e+00 0.000000e+00 -6.169980e-01
0.000000e+00 8.250000e-01 2.895867e+00 2.895895e+00 0.000000e+00 -5.689968e-01
0.000000e+00 8.800000e-01 2.751683e+00 2.751709e+00 0.000000e+00 -5.264073e-01
0.000000e+00 9.350000e-01 2.626773e+00 2.626795e+00 0.000000e+00 -4.884389e-01
0.000000e+00 9.900000e-01 2.517605e+00 2.517626e+00 0.000000e+00 -4.543802e-01
0.000000e+00 1.045000e+00 2.421505e+00 2.421524e+00 0.000000e+00 -4.236941e-01
0.000000e+00 1.100000e+00 2.336313e+00 2.336331e+00 0.000000e+00 -3.959197e-01
0.000000e+00 1.155000e+00 2.260324e+00 2.260340e+00 0.000000e+00 -3.706921e-01
0.000000e+00 1.210000e+00 2.192147e+00 2.192162e+00 0.000000e+00 -3.477011e-01
0.000000e+00 1.265000e+00 2.130663e+00 2.130677e+00 0.000000e+00 -3.266894e-01
0.000000e+00 1.320000e+00 2.074956e+00 2.074969e+00 0.000000e+00 -3.074335e-01
0.000000e+00 1.375000e+00 2.024280e+00 2.024292e+00 0.000000e+00 -2.897393e-01
0.000000e+00 1.430000e+00 1.978017e+00 1.978029e+00 0.000000e+00 -2.734346e-01
0.000000e+00 1.485000e+00 1.935656e+00 1.935667e+00 0.000000e+00 -2.583668e-01
0.000000e+00 1.540000e+00 1.896762e+00 1.896772e+00 0.000000e+00 -2.444012e-01
0.000000e+00 1.595000e+00 1.860961e+00 1.860971e+00 0.000000e+00 -2.314200e-01
0.000000e+00 1.650000e+00 1.827927e+00 1.827936e+00 0.000000e+00 -2.193225e-01
0.000000e+00 1.705000e+00 1.797366e+00 1.797375e+00 0.000000e+00 -2.080249e-01
0.000000e+00 1.760000e+00 1.769018e+00 1.769027e+00 0.000000e+00 -1.974583e-01
0.000000e+00 1.815000e+00 1.742649e+00 1.742657e+00 0.000000e+00 -1.875654e-01
0.000000e+00 1.870000e+00 1.718054e+00 1.718062e+00 0.000000e+00 -1.782960e-01
0.000000e+00 1.925000e+00 1.695056e+00 1.695063e+00 0.000000e+00 -1.696039e-01
0.000000e+00 1.980000e+00 1.673504e+00 1.673511e+00 0.000000e+00 -1.614450e-01
0.000000e+00 2.035000e+00 1.653270e+00 1.653276e+00 0.000000e+00 -1.537764e-01
0.000000e+00 2.090000e+00 1.634242e+00 1.634249e+00 0.000000e+00 -1.465573e-01
0.000000e+00 2.145000e+00 1.616328e+00 1.616334e+00 0.000000e+00 -1.397488e-01
0.000000e+00 2.200000e+00 1.599442e+00 1.599448e+00 0.000000e+00 -1.333144e-01
0.000000e+00 2.255000e+00 1.583512e+00 1.583518e+00 0.000000e+00 -1.272205e-01
0.000000e+00 2.310000e+00 1.568471e+00 1.568477e+00 0.000000e+00 -1.214372e-01
0.000000e+00 2.365000e+00 1.554254e+00 1.554259e+00 0.000000e+00 -1.159395e-01
0.000000e+00 2.420000e+00 1.540797e+00 1.540802e+00 0.000000e+00 -1.107085e-01
0.000000e+00 2.475000e+00 1.528034e+00 1.528039e+00 0.000000e+00 -1.057309e-01
0.000000e+00 2.530000e+00 1.515903e+00 1.515907e+00 0.000000e+00 -1.009981e-01
0.000000e+00 2.585000e+00 1.504341e+00 1.504346e+00 0.000000e+00 -9.650384e-02
0.000000e+00 2.640000e+00 1.493296e+00 1.493301e+00 0.000000e+00 -9.224099e-02
0.000000e+00 2.695000e+00 1.482727e+00 1.482732e+00 0.000000e+00 -8.819886e-02
0.000000e+00 2.750000e+00 1.472606e+00 1.472610e+00 0.000000e+00 -8.436129e-02
0.000000e+00 2.805000e+00 1.462917e+00 1.462921e+00 0.000000e+00 -8.070727e-02
0.000000e+00 2.860000e+00 1.453652e+00 1.453656e+00 0.000000e+00 -7.721405e-02
0.000000e+00 2.915000e+00 1.444801e+00 1.444805e+00 0.000000e+00 -7.386176e-02
0.000000e+00 2.970000e+00 1.436346e+00 1.436350e+00 0.000000e+00 -7.063711e-02
0.000000e+00 3.025000e+00 1.428262e+00 1.428265e+00 0.000000e+00 -6.753433e-02
0.000000e+00 3.080000e+00 1.420516e+00 1.420520e+00 0.000000e+00 -6.455301e-02
0.000000e+00 3.135000e+00 1.413077e+00 1.413081e+00 0.000000e+00 -6.169416e-02
0.000000e+00 3.190000e+00 1.405919e+00 1.405922e+00 0.000000e+00 -5.895676e-02
0.000000e+00 3.245000e+00 1.399022e+00 1.399025e+00 0.000000e+00 -5.633597e-02
0.000000e+00 3.300000e+00 1.392375e+00 1.392378e+00 0.000000e+00 -5.382271e-02
0.000000e+00 3.355000e+00 1.385976e+00 1.385980e+00 0.000000e+00 -5.140424e-02
0.000000e+00 3.410000e+00 1.379828e+00 1.379831e+00 0.000000e+00 -4.906595e-02
0.000000e+00 3.465000e+00 1.373930e+00 1.373933e+00 0.000000e+00 -4.679499e-02
0.000000e+00 3.520000e+00 1.368274e+00 1.368277e+00 0.000000e+00 -4.458543e-02
0.000000e+00 3.575000e+00 1.362833e+00 1.362836e+00 0.000000e+00 -4.244253e-02
0.000000e+00 3.630000e+00 1.357567e+00 1.357569e+00 0.000000e+00 -4.038212e-02
0.000000e+00 3.685000e+00 1.352429e+00 1.352432e+00 0.000000e+00 -3.842350e-02
0.000000e+00 3.740000e+00 1.347389e+00 1.347391e+00 0.000000e+00 -3.657849e-02
0.000000e+00 3.795000e+00 1.342441e+00 1.342443e+00 0.000000e+00 -3.484291e-02
0.000000e+00 3.850000e+00 1.337605e+00 1.337607e+00 0.000000e+00 -3.319652e-02
0.000000e+00 3.905000e+00 1.332912e+00 1.332914e+00 0.000000e+00 -3.161185e-02
0.000000e+00 3.960000e+00 1.328383e+00 1.328386e+00 0.000000e+00 -3.006655e-02
0.000000e+00 4.015000e+00 1.324023e+00 1.324026e+00 0.000000e+00 -2.855126e-02
0.000000e+00 4.070000e+00 1.319818e+00 1.319820e+00 0.000000e+00 -2.706877e-02
0.000000e+00 4.125000e+00 1.315747e+00 1.315750e+00 0.000000e+00 -2.562670e-02
0.000000e+00 4.180000e+00 1.311798e+00 1.311800e+00 0.000000e+00 -2.422993e-02
0.000000e+00 4.235000e+00 1.307962e+00 1.307964e+00 0.000000e+00 -2.287827e-02
0.000000e+00 4.290000e+00 1.304235e+00 1.304237e+00 0.000000e+00 -2.156958e-02
0.000000e+00 4.345000e+00 1.300606e+00 1.300608e+00 0.000000e+00 -2.030438e-02
0.000000e+00 4.400000e+00 1.297060e+00 1.297062e+00 0.000000e+00 -1.908696e-02
0.000000e+00 4.455000e+00 1.293584e+00 1.293586e+00 0.000000e+00 -1.792197e-02
0.000000e+00 4.510000e+00 1.290173e+00 1.290175e+00 0.000000e+00 -1.680925e-02
0.000000e+00 4.565000e+00 1.286834e+00 1.286836e+00 0.000000e+00 -1.574148e-02
0.000000e+00 4.620000e+00 1.283581e+00 1.283583e+00 0.000000e+00 -1.470685e-02
0.000000e+00 4.675000e+00 1.280423e+00 1.280425e+00 0.000000e+00 -1.369504e-02
0.000000e+00 4.730000e+00 1.277360e+00 1.277362e+00 0.000000e+00 -1.270222e-02
0.000000e+00 4.785000e+00 1.274381e+00 1.274383e+00 0.000000e+00 -1.173179e-02
0.000000e+00 4.840000e+00 1.271468e+00 1.271470e+00 0.000000e+00 -1.079082e-02
0.000000e+00 4.895000e+00 1.268611e+00 1.268613e+00 0.000000e+00 -9.884887e-03
0.000000e+00 4.950000e+00 1.265805e+00 1.265806e+00 0.000000e+00 -9.015158e-03
0.000000e+00 5.005000e+00 1.263049e+00 1.263051e+00 0.000000e+00 -8.179190e-03
0.000000e+00 5.060000e+00 1.260346e+00 1.260348e+00 0.000000e+00 -7.374194e-03
0.000000e+00 5.115000e+00 1.257691e+00 1.257692e+00 0.000000e+00 -6.599769e-03
0.000000e+00 5.170000e+00 1.255075e+00 1.255076e+00 0.000000e+00 -5.857680e-03
0.000000e+00 5.225000e+00 1.252494e+00 1.252496e+00 0.000000e+00 -5.148576e-03
0.000000e+00 5.280000e+00 1.249954e+00 1.249956e+00 0.000000e+00 -4.467995e-03
0.000000e+00 5.335000e+00 1.247473e+00 1.247474e+00 0.000000e+00 -3.804831e-03
0.000000e+00 5.390000e+00 1.245073e+00 1.245074e+00 0.000000e+00 -3.144100e-03
0.000000e+00 5.445000e+00 1.242773e+00 1.242774e+00 0.000000e+00 -2.473120e-03
0.000000e+00 5.500000e+00 1.240576e+00 1.240578e+00 0.000000e+00 -1.788002e-03
0.000000e+00 5.555000e+00 1.238465e+00 1.238466e+00 0.000000e+00 -1.096768e-03
0.000000e+00 5.610000e+00 1.236404e+00 1.236406e+00 0.000000e+00 -4.170129e-04
0.000000e+00 5.665000e+00 1.234358e+00 1.234360e+00 0.000000e+00 2.311098e-04
0.000000e+00 5.720000e+00 1.232301e+00 1.232302e+00 0.000000e+00 8.332741e-04
0.000000e+00 5.775000e+00 1.230227e+00 1.230228e+00 0.000000e+00 1.386680e-03
0.000000e+00 5.830000e+00 1.228152e+00 1.228153e+00 0.000000e+00 1.900343e-03
0.000000e+00 5.885000e+00 1.226101e+00 1.226102e+00 0.000000e+00 2.389997e-03
0.000000e+00 5.940000e+00 1.224098e+00 1.224099e+00 0.000000e+00 2.870338e-03
0.000000e+00 5.995000e+00 1.222151e+00 1.222153e+00 0.000000e+00 3.348526e-03
0.000000e+00 6.050000e+00 1.220254e+00 1.220255e+00 0.000000e+00 3.822050e-03
0.000000e+00 6.105000e+00 1.218386e+00 1.218387e+00 0.000000e+00 4.281747e-03
0.000000e+00 6.160000e+00 1.216531e+00 1.216532e+00 0.000000e+00 4.718110e-03
0.000000e+00 6.215000e+00 1.214681e+00 1.214682e+00 0.000000e+00 5.127420e-03
0.000000e+00 6.270000e+00 1.212845e+00 1.212847e+00 0.000000e+00 5.514487e-03
0.000000e+00 6.325000e+00 1.211043e+00 1.211044e+00 0.000000e+00 5.890637e-03
0.000000e+00 6.380000e+00 1.209294e+00 1.209295e+00 0.000000e+00 6.268147e-03
0.000000e+00 6.435000e+00 1.207608e+00 1.207609e+00 0.000000e+00 6.654081e-03
0.000000e+00 6.490000e+00 1.205979e+00 1.205980e+00 0.000000e+00 7.046737e-03
0.000000e+00 6.545000e+00 1.204388e+00 1.204389e+00 0.000000e+00 7.436563e-03
0.000000e+00 6.600000e+00 1.202812e+00 1.202813e+00 0.000000e+00 7.811058e-03
0.000000e+00 6.655000e+00 1.201237e+00 1.201238e+00 0.000000e+00 8.161063e-03
0.000000e+00 6.710000e+00 1.199662e+00 1.199663e+00 0.000000e+00 8.485135e-03
0.000000e+00 6.765000e+00 1.198097e+00 1.198098e+00 0.000000e+00 8.789642e-03
0.000000e+00 6.820000e+00 1.196559e+00 1.196560e+00 0.000000e+00 9.084471e-03
0.000000e+00 6.875000e+00 1.195055e+00 1.195056e+00 0.000000e+00 9.376490e-03
0.000000e+00 6.930000e+00 1.193580e+00 1.193581e+00 0.000000e+00 9.664222e-03
0.000000e+00 6.985000e+00 1.192111e+00 1.192112e+00 0.000000e+00 9.936741e-03
0.000000e+00 7.040000e+00 1.190620e+00 1.190621e+00 0.000000e+00 1.017778e-02
0.000000e+00 7.095000e+00 1.189084e+00 1.189085e+00 0.000000e+00 1.037335e-02
0.000000e+00 7.150000e+00 1.187501e+00 1.187501e+00 0.000000e+00 1.051920e-02
0.000000e+00 7.205000e+00 1.185887e+00 1.185888e+00 0.000000e+00 1.062439e-02
0.000000e+00 7.260000e+00 1.184277e+00 1.184277e+00 0.000000e+00 1.070898e-02
0.000000e+00 7.315000e+00 1.182708e+00 1.182709e+00 0.000000e+00 1.079685e-02
0.000000e+00 7.370000e+00 1.181210e+00 1.181211e+00 0.000000e+00 1.090694e-02
0.000000e+00 7.425000e+00 1.179794e+00 1.179794e+00 0.000000e+00 1.104703e-02
0.000000e+00 7.480000e+00 1.178451e+00 1.178451e+00 0.000000e+00 1.121246e-02
0.000000e+00 7.535000e+00 1.177161e+00 1.177161e+00 0.000000e+00 1.139003e-02
0.000000e+00 7.590000e+00 1.175899e+00 1.175900e+00 0.000000e+00 1.156430e-02
0.000000e+00 7.645000e+00 1.174646e+00 1.174646e+00 0.000000e+00 1.172320e-02
0.000000e+00 7.700000e+00 1.173388e+00 1.173389e+00 0.000000e+00 1.186036e-02
0.000000e+00 7.755000e+00 1.172122e+00 1.172123e+00 0.000000e+00 1.197441e-02
0.000000e+00 7.810000e+00 1.170847e+00 1.170848e+00 0.000000e+00 1.206646e-02
0.000000e+00 7.865000e+00 1.169567e+00 1.169567e+00 0.000000e+00 1.213829e-02
0.000000e+00 7.920000e+00 1.168286e+00 1.168287e+00 0.000000e+00 1.219182e-02
0.000000e+00 7.975000e+00 1.167011e+00 1.167012e+00 0.000000e+00 1.222978e-02
0.000000e+00 8.030000e+00 1.165750e+00 1.165751e+00 0.000000e+00 1.225579e-02
0.000000e+00 8.085000e+00 1.164507e+00 1.164507e+00 0.000000e+00 1.227266e-02
0.000000e+00 8.140000e+00 1.163276e+00 1.163277e+00 0.000000e+00 1.227898e-02
0.000000e+00 8.195000e+00 1.162040e+00 1.162040e+00 0.000000e+00 1.226577e-02
0.000000e+00 8.250000e+00 1.160764e+00 1.160765e+00 0.000000e+00 1.221575e-02
0.000000e+00 8.305000e+00 1.159411e+00 1.159412e+00 0.000000e+00 1.210723e-02
0.000000e+00 8.360000e+00 1.157951e+00 1.157951e+00 0.000000e+00 1.192222e-02
0.000000e+00 8.415000e+00 1.156380e+00 1.156380e+00 0.000000e+00 1.165611e-02
0.000000e+00 8.470000e+00 1.154729e+00 1.154729e+00 0.000000e+00 1.132415e-02
0.000000e+00 8.525000e+00 1.153060e+00 1.153061e+00 0.000000e+00 1.096021e-02
0.000000e+00 8.580000e+00 1.151448e+00 1.151449e+00 0.000000e+00 1.060675e-02
0.000000e+00 8.635000e+00 1.149950e+00 1.149951e+00 0.000000e+00 1.029956e-02
0.000000e+00 8.690000e+00 1.148586e+00 1.148586e+00 0.000000e+00 1.005298e-02
0.000000e+00 8.745000e+00 1.147322e+00 1.147323e+00 0.000000e+00 9.852306e-03
0.000000e+00 8.800000e+00 1.146090e+00 1.146091e+00 0.000000e+00 9.658463e-03
0.000000e+00 8.855000e+00 1.144807e+00 1.144807e+00 0.000000e+00 9.423806e-03
0.000000e+00 8.910000e+00 1.143411e+00 1.143411e+00 0.000000e+00 9.111147e-03
0.000000e+00 8.965000e+00 1.141884e+00 1.141884e+00 0.000000e+00 8.707482e-03
0.000000e+00 9.020000e+00 1.140251e+00 1.140252e+00 0.000000e+00 8.226164e-03
0.000000e+00 9.075000e+00 1.138566e+00 1.138567e+00 0.000000e+00 7.697446e-03
0.000000e+00 9.130000e+00 1.136881e+00 1.136881e+00 0.000000e+00 7.153567e-03
0.000000e+00 9.185000e+00 1.135223e+00 1.135224e+00 0.000000e+00 6.616532e-03
0.000000e+00 9.240000e+00 1.133592e+00 1.133593e+00 0.000000e+00 6.093575e-03
0.000000e+00 9.295000e+00 1.131966e+00 1.131966e+00 0.000000e+00 5.580255e-03
0.000000e+00 9.350000e+00 1.130315e+00 1.130315e+00 0.000000e+00 5.066123e-03
0.000000e+00 9.405000e+00 1.128621e+00 1.128620e+00 0.000000e+00 4.536198e-03
0.000000e+00 9.460000e+00 1.126877e+00 1.126875e+00 0.000000e+00 3.969702e-03
0.000000e+00 9.515000e+00 1.125079e+00 1.125075e+00 0.000000e+00 3.330073e-03
0.000000e+00 9.570000e+00 1.123230e+00 1.123223e+00 0.000000e+00 2.581228e-03
0.000000e+00 9.625000e+00 1.121292e+00 1.121284e+00 0.000000e+00 1.660355e-03
0.000000e+00 9.680000e+00 1.119295e+00 1.119286e+00 0.000000e+00 5.849044e-04
0.000000e+00 9.735000e+00 1.117123e+00 1.117114e+00 0.000000e+00 -7.690990e-04
0.000000e+00 9.790000e+00 1.115053e+00 1.115043e+00 0.000000e+00 -2.227739e-03
0.000000e+00 9.845000e+00 1.112715e+00 1.112705e+00 0.000000e+00 -4.201053e-03
0.000000e+00 9.900000e+00 1.110770e+00 1.110760e+00 0.000000e+00 -5.850465e-03
0.000000e+00 9.955000e+00 1.107717e+00 1.107707e+00 0.000000e+00 -8.051511e-03
0.000000e+00 1.001000e+01 1.105114e+00 1.105104e+00 -0.000000e+00 -1.013850e-02
0.000000e+00 1.006500e+01 1.105114e+00 1.105104e+00 -0.000000e+00 -1.013850e-02
0.000000e+00 1.012000e+01 1.105114e+00 1.105104e+00 -0.000000e+00 -1.013850e-02
0.000000e+00 1.017500e+01 1.105114e+00 1.105104e+00 -0.000000e+00 -1.013850e-02
0.000000e+00 1.023000e+01 1.105114e+00 1.105104e+00 -0.000000e+00 -1.013850e-02
0.000000e+00 1.028500e+01 1.105114e+00 1.105104e+00 -0.000000e+00 -1.013850e-02
0.000000e+00 1.034000e+01 1.105114e+00 1.105104e+00 -0.000000e+00 -1.013850e-02
0.000000e+00 1.039500e+01 1.105114e+00 1.105104e+00 -0.000000e+00 -1.013850e-02
0.000000e+00 1.045000e+01 1.105114e+00 1.105104e+00 -0.000000e+00 -1.013850e-02
0.000000e+00 1.050500e+01 1.105114e+00 1.105104e+00 -0.000000e+00 -1.013850e-02
0.000000e+00 1.056000e+01 1.105114e+00 1.105104e+00 -0.000000e+00 -1.013850e-02
0.000000e+00 1.061500e+01 1.105114e+00 1.105104e+00 -0.000000e+00 -1.013850e-02
0.000000e+00 1.067000e+01 1.105114e+00 1.105104e+00 -0.000000e+00 -1.013850e-02
0.000000e+00 1.072500e+01 1.105114e+00 1.105104e+00 -0.000000e+00 -1.013850e-02
0.000000e+00 1.078000e+01 1.105114e+00 1.105104e+00 -0.000000e+00 -1.013850e-02
0.000000e+00 1.083500e+01 1.105114e+00 1.105104e+00 -0.000000e+00 -1.013850e-02
0.000000e+00 1.089000e+01 1.105114e+00 1.105104e+00 -0.000000e+00 -1.013850e-02
0.000000e+00 1.094500e+01 1.105114e+00 1.105104e+00 -0.000000e+00 -1.013850e-02
0.000000e+00 1.100000e+01 1.105114e+00 1.105104e+00 -0.000000e+00 -1.013850e-02
