#############TIME##################
1.480248e+01 
###################################
0.000000e+00 0.000000e+00 5.709627e+01 5.710109e+01 0.000000e+00 -3.062901e+00
0.000000e+00 5.500000e-02 5.709627e+01 5.710109e+01 0.000000e+00 -3.062901e+00
0.000000e+00 1.100000e-01 2.161800e+01 2.161873e+01 0.000000e+00 -3.062913e+00
0.000000e+00 1.650000e-01 1.404943e+01 1.404978e+01 0.000000e+00 -2.307489e+00
0.000000e+00 2.200000e-01 1.042339e+01 1.042362e+01 0.000000e+00 -1.933748e+00
0.000000e+00 2.750000e-01 8.156024e+00 8.156186e+00 0.000000e+00 -1.644821e+00
0.000000e+00 3.300000e-01 6.737274e+00 6.737395e+00 0.000000e+00 -1.422015e+00
0.000000e+00 3.850000e-01 5.717821e+00 5.717915e+00 0.000000e+00 -1.250008e+00
0.000000e+00 4.400000e-01 4.998200e+00 4.998275e+00 0.000000e+00 -1.106189e+00
0.000000e+00 4.950000e-01 4.444268e+00 4.444330e+00 0.000000e+00 -9.902560e-01
0.000000e+00 5.500000e-01 4.015989e+00 4.016041e+00 0.000000e+00 -8.918196e-01
0.000000e+00 6.050000e-01 3.675812e+00 3.675856e+00 0.000000e+00 -8.084593e-01
0.000000e+00 6.600000e-01 3.398602e+00 3.398640e+00 0.000000e+00 -7.366411e-01
0.000000e+00 7.150000e-01 3.169628e+00 3.169662e+00 0.000000e+00 -6.745550e-01
0.000000e+00 7.700000e-01 2.977328e+00 2.977357e+00 0.000000e+00 -6.201920e-01
0.000000e+00 8.250000e-01 2.814072e+00 2.814098e+00 0.000000e+00 -5.723884e-01
0.000000e+00 8.800000e-01 2.673817e+00 2.673840e+00 0.000000e+00 -5.300010e-01
0.000000e+00 9.350000e-01 2.552257e+00 2.552278e+00 0.000000e+00 -4.922442e-01
0.000000e+00 9.900000e-01 2.445964e+00 2.445983e+00 0.000000e+00 -4.584073e-01
0.000000e+00 1.045000e+00 2.352354e+00 2.352372e+00 0.000000e+00 -4.279501e-01
0.000000e+00 1.100000e+00 2.269349e+00 2.269365e+00 0.000000e+00 -4.004047e-01
0.000000e+00 1.155000e+00 2.195314e+00 2.195329e+00 0.000000e+00 -3.753970e-01
0.000000e+00 1.210000e+00 2.128916e+00 2.128930e+00 0.000000e+00 -3.526080e-01
0.000000e+00 1.265000e+00 2.069076e+00 2.069089e+00 0.000000e+00 -3.317743e-01
0.000000e+00 1.320000e+00 2.014900e+00 2.014912e+00 0.000000e+00 -3.126714e-01
0.000000e+00 1.375000e+00 1.965647e+00 1.965658e+00 0.000000e+00 -2.951095e-01
0.000000e+00 1.430000e+00 1.920696e+00 1.920706e+00 0.000000e+00 -2.789249e-01
0.000000e+00 1.485000e+00 1.879525e+00 1.879535e+00 0.000000e+00 -2.639758e-01
0.000000e+00 1.540000e+00 1.841692e+00 1.841702e+00 0.000000e+00 -2.501379e-01
0.000000e+00 1.595000e+00 1.806822e+00 1.806831e+00 0.000000e+00 -2.373010e-01
0.000000e+00 1.650000e+00 1.774591e+00 1.774600e+00 0.000000e+00 -2.253680e-01
0.000000e+00 1.705000e+00 1.744724e+00 1.744732e+00 0.000000e+00 -2.142537e-01
0.000000e+00 1.760000e+00 1.716977e+00 1.716985e+00 0.000000e+00 -2.038835e-01
0.000000e+00 1.815000e+00 1.691142e+00 1.691149e+00 0.000000e+00 -1.941921e-01
0.000000e+00 1.870000e+00 1.667031e+00 1.667038e+00 0.000000e+00 -1.851219e-01
0.000000e+00 1.925000e+00 1.644484e+00 1.644490e+00 0.000000e+00 -1.766212e-01
0.000000e+00 1.980000e+00 1.623355e+00 1.623361e+00 0.000000e+00 -1.686438e-01
0.000000e+00 2.035000e+00 1.603517e+00 1.603523e+00 0.000000e+00 -1.611480e-01
0.000000e+00 2.090000e+00 1.584860e+00 1.584866e+00 0.000000e+00 -1.540956e-01
0.000000e+00 2.145000e+00 1.567285e+00 1.567290e+00 0.000000e+00 -1.474513e-01
0.000000e+00 2.200000e+00 1.550705e+00 1.550710e+00 0.000000e+00 -1.411824e-01
0.000000e+00 2.255000e+00 1.535043e+00 1.535048e+00 0.000000e+00 -1.352587e-01
0.000000e+00 2.310000e+00 1.520230e+00 1.520235e+00 0.000000e+00 -1.296523e-01
0.000000e+00 2.365000e+00 1.506205e+00 1.506209e+00 0.000000e+00 -1.243383e-01
0.000000e+00 2.420000e+00 1.492910e+00 1.492915e+00 0.000000e+00 -1.192946e-01
0.000000e+00 2.475000e+00 1.480294e+00 1.480298e+00 0.000000e+00 -1.145016e-01
0.000000e+00 2.530000e+00 1.468309e+00 1.468313e+00 0.000000e+00 -1.099425e-01
0.000000e+00 2.585000e+00 1.456908e+00 1.456912e+00 0.000000e+00 -1.056024e-01
0.000000e+00 2.640000e+00 1.446051e+00 1.446055e+00 0.000000e+00 -1.014681e-01
0.000000e+00 2.695000e+00 1.435699e+00 1.435703e+00 0.000000e+00 -9.752742e-02
0.000000e+00 2.750000e+00 1.425817e+00 1.425821e+00 0.000000e+00 -9.376850e-02
0.000000e+00 2.805000e+00 1.416375e+00 1.416378e+00 0.000000e+00 -9.017971e-02
0.000000e+00 2.860000e+00 1.407345e+00 1.407348e+00 0.000000e+00 -8.674940e-02
0.000000e+00 2.915000e+00 1.398704e+00 1.398708e+00 0.000000e+00 -8.346613e-02
0.000000e+00 2.970000e+00 1.390432e+00 1.390435e+00 0.000000e+00 -8.031896e-02
0.000000e+00 3.025000e+00 1.382509e+00 1.382512e+00 0.000000e+00 -7.729784e-02
0.000000e+00 3.080000e+00 1.374918e+00 1.374921e+00 0.000000e+00 -7.439398e-02
0.000000e+00 3.135000e+00 1.367642e+00 1.367645e+00 0.000000e+00 -7.160018e-02
0.000000e+00 3.190000e+00 1.360661e+00 1.360663e+00 0.000000e+00 -6.891098e-02
0.000000e+00 3.245000e+00 1.353956e+00 1.353959e+00 0.000000e+00 -6.632267e-02
0.000000e+00 3.300000e+00 1.347509e+00 1.347512e+00 0.000000e+00 -6.383280e-02
0.000000e+00 3.355000e+00 1.341300e+00 1.341303e+00 0.000000e+00 -6.143951e-02
0.000000e+00 3.410000e+00 1.335312e+00 1.335315e+00 0.000000e+00 -5.914063e-02
0.000000e+00 3.465000e+00 1.329530e+00 1.329533e+00 0.000000e+00 -5.693295e-02
0.000000e+00 3.520000e+00 1.323943e+00 1.323945e+00 0.000000e+00 -5.481194e-02
0.000000e+00 3.575000e+00 1.318543e+00 1.318545e+00 0.000000e+00 -5.277181e-02
0.000000e+00 3.630000e+00 1.313324e+00 1.313326e+00 0.000000e+00 -5.080579e-02
0.000000e+00 3.685000e+00 1.308284e+00 1.308286e+00 0.000000e+00 -4.890651e-02
0.000000e+00 3.740000e+00 1.303419e+00 1.303421e+00 0.000000e+00 -4.706636e-02
0.000000e+00 3.795000e+00 1.298729e+00 1.298731e+00 0.000000e+00 -4.527818e-02
0.000000e+00 3.850000e+00 1.294209e+00 1.294211e+00 0.000000e+00 -4.353609e-02
0.000000e+00 3.905000e+00 1.289853e+00 1.289855e+00 0.000000e+00 -4.183638e-02
0.000000e+00 3.960000e+00 1.285654e+00 1.285655e+00 0.000000e+00 -4.017809e-02
0.000000e+00 4.015000e+00 1.281599e+00 1.281600e+00 0.000000e+00 -3.856255e-02
0.000000e+00 4.070000e+00 1.277676e+00 1.277678e+00 0.000000e+00 -3.699230e-02
0.000000e+00 4.125000e+00 1.273877e+00 1.273878e+00 0.000000e+00 -3.546942e-02
0.000000e+00 4.180000e+00 1.270190e+00 1.270192e+00 0.000000e+00 -3.399437e-02
0.000000e+00 4.235000e+00 1.266612e+00 1.266614e+00 0.000000e+00 -3.256551e-02
0.000000e+00 4.290000e+00 1.263137e+00 1.263138e+00 0.000000e+00 -3.117959e-02
0.000000e+00 4.345000e+00 1.259762e+00 1.259764e+00 0.000000e+00 -2.983260e-02
0.000000e+00 4.400000e+00 1.256486e+00 1.256488e+00 0.000000e+00 -2.852050e-02
0.000000e+00 4.455000e+00 1.253309e+00 1.253311e+00 0.000000e+00 -2.723964e-02
0.000000e+00 4.510000e+00 1.250230e+00 1.250231e+00 0.000000e+00 -2.598677e-02
0.000000e+00 4.565000e+00 1.247249e+00 1.247251e+00 0.000000e+00 -2.475914e-02
0.000000e+00 4.620000e+00 1.244365e+00 1.244367e+00 0.000000e+00 -2.355469e-02
0.000000e+00 4.675000e+00 1.241576e+00 1.241578e+00 0.000000e+00 -2.237227e-02
0.000000e+00 4.730000e+00 1.238876e+00 1.238878e+00 0.000000e+00 -2.121189e-02
0.000000e+00 4.785000e+00 1.236258e+00 1.236259e+00 0.000000e+00 -2.007464e-02
0.000000e+00 4.840000e+00 1.233714e+00 1.233715e+00 0.000000e+00 -1.896243e-02
0.000000e+00 4.895000e+00 1.231236e+00 1.231238e+00 0.000000e+00 -1.787768e-02
0.000000e+00 4.950000e+00 1.228818e+00 1.228820e+00 0.000000e+00 -1.682288e-02
0.000000e+00 5.005000e+00 1.226455e+00 1.226456e+00 0.000000e+00 -1.580014e-02
0.000000e+00 5.060000e+00 1.224142e+00 1.224143e+00 0.000000e+00 -1.481055e-02
0.000000e+00 5.115000e+00 1.221879e+00 1.221880e+00 0.000000e+00 -1.385344e-02
0.000000e+00 5.170000e+00 1.219666e+00 1.219667e+00 0.000000e+00 -1.292576e-02
0.000000e+00 5.225000e+00 1.217507e+00 1.217508e+00 0.000000e+00 -1.202224e-02
0.000000e+00 5.280000e+00 1.215405e+00 1.215406e+00 0.000000e+00 -1.113670e-02
0.000000e+00 5.335000e+00 1.213364e+00 1.213365e+00 0.000000e+00 -1.026430e-02
0.000000e+00 5.390000e+00 1.211382e+00 1.211383e+00 0.000000e+00 -9.403864e-03
0.000000e+00 5.445000e+00 1.209452e+00 1.209453e+00 0.000000e+00 -8.558650e-03
0.000000e+00 5.500000e+00 1.207566e+00 1.207567e+00 0.000000e+00 -7.734792e-03
0.000000e+00 5.555000e+00 1.205714e+00 1.205715e+00 0.000000e+00 -6.937673e-03
0.000000e+00 5.610000e+00 1.203896e+00 1.203897e+00 0.000000e+00 -6.168312e-03
0.000000e+00 5.665000e+00 1.202114e+00 1.202115e+00 0.000000e+00 -5.422226e-03
0.000000e+00 5.720000e+00 1.200375e+00 1.200376e+00 0.000000e+00 -4.691870e-03
0.000000e+00 5.775000e+00 1.198684e+00 1.198685e+00 0.000000e+00 -3.971222e-03
0.000000e+00 5.830000e+00 1.197041e+00 1.197042e+00 0.000000e+00 -3.259226e-03
0.000000e+00 5.885000e+00 1.195438e+00 1.195439e+00 0.000000e+00 -2.559313e-03
0.000000e+00 5.940000e+00 1.193871e+00 1.193872e+00 0.000000e+00 -1.875068e-03
0.000000e+00 5.995000e+00 1.192342e+00 1.192343e+00 0.000000e+00 -1.205479e-03
0.000000e+00 6.050000e+00 1.190860e+00 1.190861e+00 0.000000e+00 -5.441504e-04
0.000000e+00 6.105000e+00 1.189432e+00 1.189433e+00 0.000000e+00 1.157292e-04
0.000000e+00 6.160000e+00 1.188056e+00 1.188057e+00 0.000000e+00 7.735217e-04
0.000000e+00 6.215000e+00 1.186711e+00 1.186712e+00 0.000000e+00 1.416445e-03
0.000000e+00 6.270000e+00 1.185367e+00 1.185368e+00 0.000000e+00 2.023084e-03
0.000000e+00 6.325000e+00 1.183997e+00 1.183998e+00 0.000000e+00 2.574753e-03
0.000000e+00 6.380000e+00 1.182597e+00 1.182598e+00 0.000000e+00 3.068181e-03
0.000000e+00 6.435000e+00 1.181190e+00 1.181190e+00 0.000000e+00 3.520685e-03
0.000000e+00 6.490000e+00 1.179815e+00 1.179815e+00 0.000000e+00 3.963158e-03
0.000000e+00 6.545000e+00 1.178508e+00 1.178509e+00 0.000000e+00 4.424206e-03
0.000000e+00 6.600000e+00 1.177282e+00 1.177282e+00 0.000000e+00 4.914499e-03
0.000000e+00 6.655000e+00 1.176117e+00 1.176117e+00 0.000000e+00 5.420912e-03
0.000000e+00 6.710000e+00 1.174975e+00 1.174976e+00 0.000000e+00 5.914580e-03
0.000000e+00 6.765000e+00 1.173822e+00 1.173823e+00 0.000000e+00 6.368049e-03
0.000000e+00 6.820000e+00 1.172645e+00 1.172646e+00 0.000000e+00 6.771019e-03
0.000000e+00 6.875000e+00 1.171461e+00 1.171462e+00 0.000000e+00 7.135271e-03
0.000000e+00 6.930000e+00 1.170301e+00 1.170302e+00 0.000000e+00 7.486308e-03
0.000000e+00 6.985000e+00 1.169196e+00 1.169197e+00 0.000000e+00 7.847569e-03
0.000000e+00 7.040000e+00 1.168154e+00 1.168155e+00 0.000000e+00 8.226949e-03
0.000000e+00 7.095000e+00 1.167162e+00 1.167163e+00 0.000000e+00 8.613554e-03
0.000000e+00 7.150000e+00 1.166191e+00 1.166191e+00 0.000000e+00 8.986169e-03
0.000000e+00 7.205000e+00 1.165212e+00 1.165212e+00 0.000000e+00 9.327169e-03
0.000000e+00 7.260000e+00 1.164212e+00 1.164212e+00 0.000000e+00 9.632290e-03
0.000000e+00 7.315000e+00 1.163198e+00 1.163199e+00 0.000000e+00 9.910359e-03
0.000000e+00 7.370000e+00 1.162194e+00 1.162195e+00 0.000000e+00 1.017498e-02
0.000000e+00 7.425000e+00 1.161227e+00 1.161228e+00 0.000000e+00 1.043615e-02
0.000000e+00 7.480000e+00 1.160314e+00 1.160314e+00 0.000000e+00 1.069817e-02
0.000000e+00 7.535000e+00 1.159449e+00 1.159449e+00 0.000000e+00 1.096290e-02
0.000000e+00 7.590000e+00 1.158610e+00 1.158611e+00 0.000000e+00 1.123130e-02
0.000000e+00 7.645000e+00 1.157776e+00 1.157777e+00 0.000000e+00 1.149970e-02
0.000000e+00 7.700000e+00 1.156937e+00 1.156937e+00 0.000000e+00 1.175539e-02
0.000000e+00 7.755000e+00 1.156101e+00 1.156101e+00 0.000000e+00 1.198003e-02
0.000000e+00 7.810000e+00 1.155283e+00 1.155283e+00 0.000000e+00 1.216180e-02
0.000000e+00 7.865000e+00 1.154490e+00 1.154491e+00 0.000000e+00 1.230636e-02
0.000000e+00 7.920000e+00 1.153719e+00 1.153720e+00 0.000000e+00 1.243542e-02
0.000000e+00 7.975000e+00 1.152961e+00 1.152962e+00 0.000000e+00 1.257207e-02
0.000000e+00 8.030000e+00 1.152210e+00 1.152210e+00 0.000000e+00 1.272495e-02
0.000000e+00 8.085000e+00 1.151464e+00 1.151465e+00 0.000000e+00 1.288379e-02
0.000000e+00 8.140000e+00 1.150721e+00 1.150722e+00 0.000000e+00 1.302810e-02
0.000000e+00 8.195000e+00 1.149976e+00 1.149977e+00 0.000000e+00 1.314092e-02
0.000000e+00 8.250000e+00 1.149227e+00 1.149227e+00 0.000000e+00 1.321796e-02
0.000000e+00 8.305000e+00 1.148479e+00 1.148479e+00 0.000000e+00 1.326859e-02
0.000000e+00 8.360000e+00 1.147750e+00 1.147751e+00 0.000000e+00 1.331026e-02
0.000000e+00 8.415000e+00 1.147064e+00 1.147065e+00 0.000000e+00 1.336077e-02
0.000000e+00 8.470000e+00 1.146438e+00 1.146439e+00 0.000000e+00 1.343238e-02
0.000000e+00 8.525000e+00 1.145871e+00 1.145871e+00 0.000000e+00 1.352911e-02
0.000000e+00 8.580000e+00 1.145341e+00 1.145341e+00 0.000000e+00 1.364631e-02
0.000000e+00 8.635000e+00 1.144815e+00 1.144815e+00 0.000000e+00 1.377122e-02
0.000000e+00 8.690000e+00 1.144263e+00 1.144264e+00 0.000000e+00 1.388529e-02
0.000000e+00 8.745000e+00 1.143671e+00 1.143671e+00 0.000000e+00 1.397003e-02
0.000000e+00 8.800000e+00 1.143038e+00 1.143039e+00 0.000000e+00 1.401499e-02
0.000000e+00 8.855000e+00 1.142378e+00 1.142379e+00 0.000000e+00 1.402326e-02
0.000000e+00 8.910000e+00 1.141711e+00 1.141711e+00 0.000000e+00 1.401038e-02
0.000000e+00 8.965000e+00 1.141058e+00 1.141059e+00 0.000000e+00 1.399720e-02
0.000000e+00 9.020000e+00 1.140438e+00 1.140438e+00 0.000000e+00 1.400049e-02
0.000000e+00 9.075000e+00 1.139856e+00 1.139857e+00 0.000000e+00 1.402603e-02
0.000000e+00 9.130000e+00 1.139306e+00 1.139306e+00 0.000000e+00 1.406753e-02
0.000000e+00 9.185000e+00 1.138766e+00 1.138766e+00 0.000000e+00 1.411175e-02
0.000000e+00 9.240000e+00 1.138213e+00 1.138213e+00 0.000000e+00 1.414780e-02
0.000000e+00 9.295000e+00 1.137628e+00 1.137628e+00 0.000000e+00 1.417476e-02
0.000000e+00 9.350000e+00 1.137007e+00 1.137008e+00 0.000000e+00 1.420412e-02
0.000000e+00 9.405000e+00 1.136364e+00 1.136364e+00 0.000000e+00 1.425273e-02
0.000000e+00 9.460000e+00 1.135721e+00 1.135720e+00 0.000000e+00 1.433346e-02
0.000000e+00 9.515000e+00 1.135104e+00 1.135101e+00 0.000000e+00 1.444180e-02
0.000000e+00 9.570000e+00 1.134531e+00 1.134525e+00 0.000000e+00 1.455534e-02
0.000000e+00 9.625000e+00 1.133998e+00 1.133991e+00 0.000000e+00 1.462358e-02
0.000000e+00 9.680000e+00 1.133497e+00 1.133488e+00 0.000000e+00 1.458799e-02
0.000000e+00 9.735000e+00 1.132986e+00 1.132977e+00 0.000000e+00 1.436736e-02
0.000000e+00 9.790000e+00 1.132460e+00 1.132450e+00 0.000000e+00 1.394689e-02
0.000000e+00 9.845000e+00 1.131870e+00 1.131860e+00 0.000000e+00 1.334892e-02
0.000000e+00 9.900000e+00 1.131287e+00 1.131277e+00 0.000000e+00 1.280197e-02
0.000000e+00 9.955000e+00 1.130627e+00 1.130617e+00 0.000000e+00 1.241584e-02
0.000000e+00 1.001000e+01 1.105114e+00 1.105104e+00 -0.000000e+00 -1.013850e-02
0.000000e+00 1.006500e+01 1.105114e+00 1.105104e+00 -0.000000e+00 -1.013850e-02
0.000000e+00 1.012000e+01 1.105114e+00 1.105104e+00 -0.000000e+00 -1.013850e-02
0.000000e+00 1.017500e+01 1.105114e+00 1.105104e+00 -0.000000e+00 -1.013850e-02
0.000000e+00 1.023000e+01 1.105114e+00 1.105104e+00 -0.000000e+00 -1.013850e-02
0.000000e+00 1.028500e+01 1.105114e+00 1.105104e+00 -0.000000e+00 -1.013850e-02
0.000000e+00 1.034000e+01 1.105114e+00 1.105104e+00 -0.000000e+00 -1.013850e-02
0.000000e+00 1.039500e+01 1.105114e+00 1.105104e+00 -0.000000e+00 -1.013850e-02
0.000000e+00 1.045000e+01 1.105114e+00 1.105104e+00 -0.000000e+00 -1.013850e-02
0.000000e+00 1.050500e+01 1.105114e+00 1.105104e+00 -0.000000e+00 -1.013850e-02
0.000000e+00 1.056000e+01 1.105114e+00 1.105104e+00 -0.000000e+00 -1.013850e-02
0.000000e+00 1.061500e+01 1.105114e+00 1.105104e+00 -0.000000e+00 -1.013850e-02
0.000000e+00 1.067000e+01 1.105114e+00 1.105104e+00 -0.000000e+00 -1.013850e-02
0.000000e+00 1.072500e+01 1.105114e+00 1.105104e+00 -0.000000e+00 -1.013850e-02
0.000000e+00 1.078000e+01 1.105114e+00 1.105104e+00 -0.000000e+00 -1.013850e-02
0.000000e+00 1.083500e+01 1.105114e+00 1.105104e+00 -0.000000e+00 -1.013850e-02
0.000000e+00 1.089000e+01 1.105114e+00 1.105104e+00 -0.000000e+00 -1.013850e-02
0.000000e+00 1.094500e+01 1.105114e+00 1.105104e+00 -0.000000e+00 -1.013850e-02
0.000000e+00 1.100000e+01 1.105114e+00 1.105104e+00 -0.000000e+00 -1.013850e-02
