#############TIME##################
2.203139e+00 
###################################
0.000000e+00 0.000000e+00 4.431117e+01 4.431482e+01 0.000000e+00 -3.086465e+00
0.000000e+00 5.500000e-02 4.431117e+01 4.431482e+01 0.000000e+00 -3.086465e+00
0.000000e+00 1.100000e-01 1.681086e+01 1.681138e+01 0.000000e+00 -3.086478e+00
0.000000e+00 1.650000e-01 1.090893e+01 1.090918e+01 0.000000e+00 -2.346405e+00
0.000000e+00 2.200000e-01 8.081077e+00 8.081237e+00 0.000000e+00 -1.981955e+00
0.000000e+00 2.750000e-01 6.319999e+00 6.320108e+00 0.000000e+00 -1.701362e+00
0.000000e+00 3.300000e-01 5.212889e+00 5.212970e+00 0.000000e+00 -1.487220e+00
0.000000e+00 3.850000e-01 4.420486e+00 4.420547e+00 0.000000e+00 -1.322980e+00
0.000000e+00 4.400000e-01 3.857972e+00 3.858021e+00 0.000000e+00 -1.187344e+00
0.000000e+00 4.950000e-01 3.424603e+00 3.424642e+00 0.000000e+00 -1.079242e+00
0.000000e+00 5.500000e-01 3.090568e+00 3.090600e+00 0.000000e+00 -9.880064e-01
0.000000e+00 6.050000e-01 2.822972e+00 2.822999e+00 0.000000e+00 -9.121243e-01
0.000000e+00 6.600000e-01 2.604116e+00 2.604139e+00 0.000000e+00 -8.476905e-01
0.000000e+00 7.150000e-01 2.422656e+00 2.422675e+00 0.000000e+00 -7.927819e-01
0.000000e+00 7.700000e-01 2.269581e+00 2.269597e+00 0.000000e+00 -7.454400e-01
0.000000e+00 8.250000e-01 2.138988e+00 2.139003e+00 0.000000e+00 -7.044974e-01
0.000000e+00 8.800000e-01 2.026310e+00 2.026323e+00 0.000000e+00 -6.687716e-01
0.000000e+00 9.350000e-01 1.928306e+00 1.928317e+00 0.000000e+00 -6.374319e-01
0.000000e+00 9.900000e-01 1.842412e+00 1.842421e+00 0.000000e+00 -6.097183e-01
0.000000e+00 1.045000e+00 1.766688e+00 1.766696e+00 0.000000e+00 -5.850479e-01
0.000000e+00 1.100000e+00 1.699592e+00 1.699599e+00 0.000000e+00 -5.629086e-01
0.000000e+00 1.155000e+00 1.639917e+00 1.639923e+00 0.000000e+00 -5.428809e-01
0.000000e+00 1.210000e+00 1.586682e+00 1.586688e+00 0.000000e+00 -5.246041e-01
0.000000e+00 1.265000e+00 1.539075e+00 1.539081e+00 0.000000e+00 -5.077837e-01
0.000000e+00 1.320000e+00 1.496404e+00 1.496408e+00 0.000000e+00 -4.921787e-01
0.000000e+00 1.375000e+00 1.458074e+00 1.458078e+00 0.000000e+00 -4.775953e-01
0.000000e+00 1.430000e+00 1.423581e+00 1.423585e+00 0.000000e+00 -4.638731e-01
0.000000e+00 1.485000e+00 1.392499e+00 1.392502e+00 0.000000e+00 -4.508778e-01
0.000000e+00 1.540000e+00 1.364462e+00 1.364465e+00 0.000000e+00 -4.384967e-01
0.000000e+00 1.595000e+00 1.339156e+00 1.339159e+00 0.000000e+00 -4.266368e-01
0.000000e+00 1.650000e+00 1.316306e+00 1.316308e+00 0.000000e+00 -4.152224e-01
0.000000e+00 1.705000e+00 1.295667e+00 1.295669e+00 0.000000e+00 -4.041925e-01
0.000000e+00 1.760000e+00 1.277024e+00 1.277026e+00 0.000000e+00 -3.934984e-01
0.000000e+00 1.815000e+00 1.260182e+00 1.260184e+00 0.000000e+00 -3.831015e-01
0.000000e+00 1.870000e+00 1.244970e+00 1.244971e+00 0.000000e+00 -3.729715e-01
0.000000e+00 1.925000e+00 1.231232e+00 1.231233e+00 0.000000e+00 -3.630847e-01
0.000000e+00 1.980000e+00 1.218830e+00 1.218832e+00 0.000000e+00 -3.534232e-01
0.000000e+00 2.035000e+00 1.207639e+00 1.207640e+00 0.000000e+00 -3.439742e-01
0.000000e+00 2.090000e+00 1.197544e+00 1.197545e+00 0.000000e+00 -3.347287e-01
0.000000e+00 2.145000e+00 1.188443e+00 1.188443e+00 0.000000e+00 -3.256813e-01
0.000000e+00 2.200000e+00 1.180239e+00 1.180240e+00 0.000000e+00 -3.168287e-01
0.000000e+00 2.255000e+00 1.172849e+00 1.172850e+00 0.000000e+00 -3.081696e-01
0.000000e+00 2.310000e+00 1.166193e+00 1.166194e+00 0.000000e+00 -2.997038e-01
0.000000e+00 2.365000e+00 1.160202e+00 1.160202e+00 0.000000e+00 -2.914318e-01
0.000000e+00 2.420000e+00 1.154809e+00 1.154810e+00 0.000000e+00 -2.833547e-01
0.000000e+00 2.475000e+00 1.149958e+00 1.149958e+00 0.000000e+00 -2.754735e-01
0.000000e+00 2.530000e+00 1.145594e+00 1.145595e+00 0.000000e+00 -2.677895e-01
0.000000e+00 2.585000e+00 1.141670e+00 1.141670e+00 0.000000e+00 -2.603034e-01
0.000000e+00 2.640000e+00 1.138141e+00 1.138141e+00 0.000000e+00 -2.530158e-01
0.000000e+00 2.695000e+00 1.134968e+00 1.134968e+00 0.000000e+00 -2.459268e-01
0.000000e+00 2.750000e+00 1.132115e+00 1.132115e+00 0.000000e+00 -2.390360e-01
0.000000e+00 2.805000e+00 1.129549e+00 1.129549e+00 0.000000e+00 -2.323427e-01
0.000000e+00 2.860000e+00 1.127241e+00 1.127241e+00 0.000000e+00 -2.258453e-01
0.000000e+00 2.915000e+00 1.125165e+00 1.125165e+00 0.000000e+00 -2.195421e-01
0.000000e+00 2.970000e+00 1.123297e+00 1.123298e+00 0.000000e+00 -2.134307e-01
0.000000e+00 3.025000e+00 1.121616e+00 1.121616e+00 0.000000e+00 -2.075084e-01
0.000000e+00 3.080000e+00 1.120102e+00 1.120102e+00 0.000000e+00 -2.017720e-01
0.000000e+00 3.135000e+00 1.118738e+00 1.118738e+00 0.000000e+00 -1.962180e-01
0.000000e+00 3.190000e+00 1.117508e+00 1.117509e+00 0.000000e+00 -1.908427e-01
0.000000e+00 3.245000e+00 1.116400e+00 1.116400e+00 0.000000e+00 -1.856420e-01
0.000000e+00 3.300000e+00 1.115399e+00 1.115399e+00 0.000000e+00 -1.806115e-01
0.000000e+00 3.355000e+00 1.114496e+00 1.114496e+00 0.000000e+00 -1.757470e-01
0.000000e+00 3.410000e+00 1.113679e+00 1.113679e+00 0.000000e+00 -1.710439e-01
0.000000e+00 3.465000e+00 1.112941e+00 1.112941e+00 0.000000e+00 -1.664974e-01
0.000000e+00 3.520000e+00 1.112273e+00 1.112273e+00 0.000000e+00 -1.621029e-01
0.000000e+00 3.575000e+00 1.111668e+00 1.111668e+00 0.000000e+00 -1.578558e-01
0.000000e+00 3.630000e+00 1.111120e+00 1.111120e+00 0.000000e+00 -1.537511e-01
0.000000e+00 3.685000e+00 1.110622e+00 1.110622e+00 0.000000e+00 -1.497844e-01
0.000000e+00 3.740000e+00 1.110171e+00 1.110171e+00 0.000000e+00 -1.459509e-01
0.000000e+00 3.795000e+00 1.109761e+00 1.109761e+00 0.000000e+00 -1.422460e-01
0.000000e+00 3.850000e+00 1.109388e+00 1.109388e+00 0.000000e+00 -1.386653e-01
0.000000e+00 3.905000e+00 1.109048e+00 1.109048e+00 0.000000e+00 -1.352044e-01
0.000000e+00 3.960000e+00 1.108739e+00 1.108739e+00 0.000000e+00 -1.318588e-01
0.000000e+00 4.015000e+00 1.108457e+00 1.108457e+00 0.000000e+00 -1.286245e-01
0.000000e+00 4.070000e+00 1.108200e+00 1.108200e+00 0.000000e+00 -1.254974e-01
0.000000e+00 4.125000e+00 1.107965e+00 1.107965e+00 0.000000e+00 -1.224734e-01
0.000000e+00 4.180000e+00 1.107750e+00 1.107750e+00 0.000000e+00 -1.195488e-01
0.000000e+00 4.235000e+00 1.107554e+00 1.107554e+00 0.000000e+00 -1.167198e-01
0.000000e+00 4.290000e+00 1.107374e+00 1.107374e+00 0.000000e+00 -1.139828e-01
0.000000e+00 4.345000e+00 1.107209e+00 1.107209e+00 0.000000e+00 -1.113343e-01
0.000000e+00 4.400000e+00 1.107058e+00 1.107058e+00 0.000000e+00 -1.087711e-01
0.000000e+00 4.455000e+00 1.106919e+00 1.106919e+00 0.000000e+00 -1.062898e-01
0.000000e+00 4.510000e+00 1.106791e+00 1.106791e+00 0.000000e+00 -1.038874e-01
0.000000e+00 4.565000e+00 1.106674e+00 1.106674e+00 0.000000e+00 -1.015609e-01
0.000000e+00 4.620000e+00 1.106566e+00 1.106566e+00 0.000000e+00 -9.930747e-02
0.000000e+00 4.675000e+00 1.106466e+00 1.106466e+00 0.000000e+00 -9.712426e-02
0.000000e+00 4.730000e+00 1.106375e+00 1.106375e+00 0.000000e+00 -9.500866e-02
0.000000e+00 4.785000e+00 1.106290e+00 1.106290e+00 0.000000e+00 -9.295813e-02
0.000000e+00 4.840000e+00 1.106212e+00 1.106212e+00 0.000000e+00 -9.097023e-02
0.000000e+00 4.895000e+00 1.106140e+00 1.106140e+00 0.000000e+00 -8.904261e-02
0.000000e+00 4.950000e+00 1.106073e+00 1.106073e+00 0.000000e+00 -8.717303e-02
0.000000e+00 5.005000e+00 1.106011e+00 1.106011e+00 0.000000e+00 -8.535933e-02
0.000000e+00 5.060000e+00 1.105954e+00 1.105954e+00 0.000000e+00 -8.359944e-02
0.000000e+00 5.115000e+00 1.105901e+00 1.105901e+00 0.000000e+00 -8.189139e-02
0.000000e+00 5.170000e+00 1.105851e+00 1.105851e+00 0.000000e+00 -8.023327e-02
0.000000e+00 5.225000e+00 1.105806e+00 1.105806e+00 0.000000e+00 -7.862327e-02
0.000000e+00 5.280000e+00 1.105763e+00 1.105763e+00 0.000000e+00 -7.705963e-02
0.000000e+00 5.335000e+00 1.105724e+00 1.105724e+00 0.000000e+00 -7.554068e-02
0.000000e+00 5.390000e+00 1.105687e+00 1.105687e+00 0.000000e+00 -7.406481e-02
0.000000e+00 5.445000e+00 1.105653e+00 1.105653e+00 0.000000e+00 -7.263049e-02
0.000000e+00 5.500000e+00 1.105621e+00 1.105621e+00 0.000000e+00 -7.123624e-02
0.000000e+00 5.555000e+00 1.105591e+00 1.105591e+00 0.000000e+00 -6.988064e-02
0.000000e+00 5.610000e+00 1.105564e+00 1.105564e+00 0.000000e+00 -6.856234e-02
0.000000e+00 5.665000e+00 1.105538e+00 1.105538e+00 0.000000e+00 -6.728003e-02
0.000000e+00 5.720000e+00 1.105514e+00 1.105514e+00 0.000000e+00 -6.603247e-02
0.000000e+00 5.775000e+00 1.105491e+00 1.105491e+00 0.000000e+00 -6.481845e-02
0.000000e+00 5.830000e+00 1.105470e+00 1.105470e+00 0.000000e+00 -6.363683e-02
0.000000e+00 5.885000e+00 1.105450e+00 1.105450e+00 0.000000e+00 -6.248650e-02
0.000000e+00 5.940000e+00 1.105432e+00 1.105432e+00 0.000000e+00 -6.136641e-02
0.000000e+00 5.995000e+00 1.105415e+00 1.105415e+00 0.000000e+00 -6.027553e-02
0.000000e+00 6.050000e+00 1.105398e+00 1.105398e+00 0.000000e+00 -5.921289e-02
0.000000e+00 6.105000e+00 1.105383e+00 1.105383e+00 0.000000e+00 -5.817755e-02
0.000000e+00 6.160000e+00 1.105369e+00 1.105369e+00 0.000000e+00 -5.716861e-02
0.000000e+00 6.215000e+00 1.105355e+00 1.105356e+00 0.000000e+00 -5.618520e-02
0.000000e+00 6.270000e+00 1.105343e+00 1.105343e+00 0.000000e+00 -5.522650e-02
0.000000e+00 6.325000e+00 1.105331e+00 1.105331e+00 0.000000e+00 -5.429170e-02
0.000000e+00 6.380000e+00 1.105320e+00 1.105320e+00 0.000000e+00 -5.338003e-02
0.000000e+00 6.435000e+00 1.105309e+00 1.105310e+00 0.000000e+00 -5.249077e-02
0.000000e+00 6.490000e+00 1.105300e+00 1.105300e+00 0.000000e+00 -5.162318e-02
0.000000e+00 6.545000e+00 1.105290e+00 1.105290e+00 0.000000e+00 -5.077660e-02
0.000000e+00 6.600000e+00 1.105282e+00 1.105282e+00 0.000000e+00 -4.995036e-02
0.000000e+00 6.655000e+00 1.105273e+00 1.105273e+00 0.000000e+00 -4.914384e-02
0.000000e+00 6.710000e+00 1.105266e+00 1.105266e+00 0.000000e+00 -4.835642e-02
0.000000e+00 6.765000e+00 1.105258e+00 1.105258e+00 0.000000e+00 -4.758749e-02
0.000000e+00 6.820000e+00 1.105251e+00 1.105251e+00 0.000000e+00 -4.683647e-02
0.000000e+00 6.875000e+00 1.105245e+00 1.105245e+00 0.000000e+00 -4.610287e-02
0.000000e+00 6.930000e+00 1.105239e+00 1.105239e+00 0.000000e+00 -4.538633e-02
0.000000e+00 6.985000e+00 1.105233e+00 1.105233e+00 0.000000e+00 -4.468639e-02
0.000000e+00 7.040000e+00 1.105228e+00 1.105228e+00 0.000000e+00 -4.400213e-02
0.000000e+00 7.095000e+00 1.105222e+00 1.105222e+00 0.000000e+00 -4.333220e-02
0.000000e+00 7.150000e+00 1.105214e+00 1.105214e+00 0.000000e+00 -4.267605e-02
0.000000e+00 7.205000e+00 1.105209e+00 1.105209e+00 0.000000e+00 -4.203588e-02
0.000000e+00 7.260000e+00 1.105210e+00 1.105210e+00 0.000000e+00 -4.141602e-02
0.000000e+00 7.315000e+00 1.105220e+00 1.105220e+00 0.000000e+00 -4.081658e-02
0.000000e+00 7.370000e+00 1.105223e+00 1.105223e+00 0.000000e+00 -4.022445e-02
0.000000e+00 7.425000e+00 1.105193e+00 1.105193e+00 0.000000e+00 -3.961517e-02
0.000000e+00 7.480000e+00 1.105121e+00 1.105121e+00 0.000000e+00 -3.897968e-02
0.000000e+00 7.535000e+00 1.105060e+00 1.105060e+00 0.000000e+00 -3.836790e-02
0.000000e+00 7.590000e+00 1.105162e+00 1.105162e+00 0.000000e+00 -3.791535e-02
0.000000e+00 7.645000e+00 1.105659e+00 1.105659e+00 0.000000e+00 -3.783277e-02
0.000000e+00 7.700000e+00 1.106735e+00 1.106735e+00 0.000000e+00 -3.827859e-02
0.000000e+00 7.755000e+00 1.108265e+00 1.108265e+00 0.000000e+00 -3.913368e-02
0.000000e+00 7.810000e+00 1.109872e+00 1.109872e+00 0.000000e+00 -4.005201e-02
0.000000e+00 7.865000e+00 1.111077e+00 1.111077e+00 0.000000e+00 -4.060269e-02
0.000000e+00 7.920000e+00 1.111465e+00 1.111465e+00 0.000000e+00 -4.042616e-02
0.000000e+00 7.975000e+00 1.111121e+00 1.111121e+00 0.000000e+00 -3.960618e-02
0.000000e+00 8.030000e+00 1.110442e+00 1.110442e+00 0.000000e+00 -3.850051e-02
0.000000e+00 8.085000e+00 1.109794e+00 1.109794e+00 0.000000e+00 -3.743158e-02
0.000000e+00 8.140000e+00 1.109375e+00 1.109375e+00 0.000000e+00 -3.657737e-02
0.000000e+00 8.195000e+00 1.109123e+00 1.109123e+00 0.000000e+00 -3.588783e-02
0.000000e+00 8.250000e+00 1.108849e+00 1.108850e+00 0.000000e+00 -3.519742e-02
0.000000e+00 8.305000e+00 1.108446e+00 1.108446e+00 0.000000e+00 -3.440652e-02
0.000000e+00 8.360000e+00 1.107964e+00 1.107964e+00 0.000000e+00 -3.355593e-02
0.000000e+00 8.415000e+00 1.107513e+00 1.107514e+00 0.000000e+00 -3.274105e-02
0.000000e+00 8.470000e+00 1.107131e+00 1.107131e+00 0.000000e+00 -3.200076e-02
0.000000e+00 8.525000e+00 1.106764e+00 1.106764e+00 0.000000e+00 -3.129962e-02
0.000000e+00 8.580000e+00 1.106359e+00 1.106359e+00 0.000000e+00 -3.059534e-02
0.000000e+00 8.635000e+00 1.105935e+00 1.105935e+00 0.000000e+00 -2.989145e-02
0.000000e+00 8.690000e+00 1.105552e+00 1.105553e+00 0.000000e+00 -2.921924e-02
0.000000e+00 8.745000e+00 1.105247e+00 1.105247e+00 0.000000e+00 -2.859068e-02
0.000000e+00 8.800000e+00 1.104999e+00 1.104999e+00 0.000000e+00 -2.798569e-02
0.000000e+00 8.855000e+00 1.104769e+00 1.104769e+00 0.000000e+00 -2.738094e-02
0.000000e+00 8.910000e+00 1.104537e+00 1.104537e+00 0.000000e+00 -2.677413e-02
0.000000e+00 8.965000e+00 1.104302e+00 1.104302e+00 0.000000e+00 -2.617564e-02
0.000000e+00 9.020000e+00 1.104059e+00 1.104059e+00 0.000000e+00 -2.558762e-02
0.000000e+00 9.075000e+00 1.103794e+00 1.103794e+00 0.000000e+00 -2.500057e-02
0.000000e+00 9.130000e+00 1.103498e+00 1.103498e+00 0.000000e+00 -2.440689e-02
0.000000e+00 9.185000e+00 1.103173e+00 1.103173e+00 0.000000e+00 -2.380960e-02
0.000000e+00 9.240000e+00 1.102834e+00 1.102834e+00 0.000000e+00 -2.321698e-02
0.000000e+00 9.295000e+00 1.102491e+00 1.102491e+00 0.000000e+00 -2.263463e-02
0.000000e+00 9.350000e+00 1.102152e+00 1.102152e+00 0.000000e+00 -2.206388e-02
0.000000e+00 9.405000e+00 1.101820e+00 1.101820e+00 0.000000e+00 -2.150439e-02
0.000000e+00 9.460000e+00 1.101496e+00 1.101496e+00 0.000000e+00 -2.095448e-02
0.000000e+00 9.515000e+00 1.101179e+00 1.101179e+00 0.000000e+00 -2.041179e-02
0.000000e+00 9.570000e+00 1.100866e+00 1.100866e+00 0.000000e+00 -1.987412e-02
0.000000e+00 9.625000e+00 1.100557e+00 1.100557e+00 0.000000e+00 -1.934222e-02
0.000000e+00 9.680000e+00 1.100253e+00 1.100253e+00 0.000000e+00 -1.881614e-02
0.000000e+00 9.735000e+00 1.099951e+00 1.099952e+00 0.000000e+00 -1.829504e-02
0.000000e+00 9.790000e+00 1.099655e+00 1.099655e+00 0.000000e+00 -1.777103e-02
0.000000e+00 9.845000e+00 1.099361e+00 1.099358e+00 0.000000e+00 -1.724393e-02
0.000000e+00 9.900000e+00 1.099072e+00 1.099066e+00 0.000000e+00 -1.671855e-02
0.000000e+00 9.955000e+00 1.098773e+00 1.098764e+00 0.000000e+00 -1.623050e-02
0.000000e+00 1.001000e+01 1.105114e+00 1.105104e+00 -0.000000e+00 -1.013850e-02
0.000000e+00 1.006500e+01 1.105114e+00 1.105104e+00 -0.000000e+00 -1.013850e-02
0.000000e+00 1.012000e+01 1.105114e+00 1.105104e+00 -0.000000e+00 -1.013850e-02
0.000000e+00 1.017500e+01 1.105114e+00 1.105104e+00 -0.000000e+00 -1.013850e-02
0.000000e+00 1.023000e+01 1.105114e+00 1.105104e+00 -0.000000e+00 -1.013850e-02
0.000000e+00 1.028500e+01 1.105114e+00 1.105104e+00 -0.000000e+00 -1.013850e-02
0.000000e+00 1.034000e+01 1.105114e+00 1.105104e+00 -0.000000e+00 -1.013850e-02
0.000000e+00 1.039500e+01 1.105114e+00 1.105104e+00 -0.000000e+00 -1.013850e-02
0.000000e+00 1.045000e+01 1.105114e+00 1.105104e+00 -0.000000e+00 -1.013850e-02
0.000000e+00 1.050500e+01 1.105114e+00 1.105104e+00 -0.000000e+00 -1.013850e-02
0.000000e+00 1.056000e+01 1.105114e+00 1.105104e+00 -0.000000e+00 -1.013850e-02
0.000000e+00 1.061500e+01 1.105114e+00 1.105104e+00 -0.000000e+00 -1.013850e-02
0.000000e+00 1.067000e+01 1.105114e+00 1.105104e+00 -0.000000e+00 -1.013850e-02
0.000000e+00 1.072500e+01 1.105114e+00 1.105104e+00 -0.000000e+00 -1.013850e-02
0.000000e+00 1.078000e+01 1.105114e+00 1.105104e+00 -0.000000e+00 -1.013850e-02
0.000000e+00 1.083500e+01 1.105114e+00 1.105104e+00 -0.000000e+00 -1.013850e-02
0.000000e+00 1.089000e+01 1.105114e+00 1.105104e+00 -0.000000e+00 -1.013850e-02
0.000000e+00 1.094500e+01 1.105114e+00 1.105104e+00 -0.000000e+00 -1.013850e-02
0.000000e+00 1.100000e+01 1.105114e+00 1.105104e+00 -0.000000e+00 -1.013850e-02
