#############TIME##################
7.405760e+00 
###################################
0.000000e+00 0.000000e+00 6.374169e+01 6.374714e+01 0.000000e+00 -3.063916e+00
0.000000e+00 5.500000e-02 6.374169e+01 6.374714e+01 0.000000e+00 -3.063916e+00
0.000000e+00 1.100000e-01 2.413782e+01 2.413865e+01 0.000000e+00 -3.063928e+00
0.000000e+00 1.650000e-01 1.568644e+01 1.568685e+01 0.000000e+00 -2.309186e+00
0.000000e+00 2.200000e-01 1.163751e+01 1.163778e+01 0.000000e+00 -1.935844e+00
0.000000e+00 2.750000e-01 9.106138e+00 9.106330e+00 0.000000e+00 -1.647282e+00
0.000000e+00 3.300000e-01 7.521900e+00 7.522044e+00 0.000000e+00 -1.424860e+00
0.000000e+00 3.850000e-01 6.383675e+00 6.383786e+00 0.000000e+00 -1.253212e+00
0.000000e+00 4.400000e-01 5.580011e+00 5.580102e+00 0.000000e+00 -1.109767e+00
0.000000e+00 4.950000e-01 4.961310e+00 4.961385e+00 0.000000e+00 -9.942130e-01
0.000000e+00 5.500000e-01 4.483071e+00 4.483133e+00 0.000000e+00 -8.961272e-01
0.000000e+00 6.050000e-01 4.103091e+00 4.103144e+00 0.000000e+00 -8.131246e-01
0.000000e+00 6.600000e-01 3.793387e+00 3.793434e+00 0.000000e+00 -7.416689e-01
0.000000e+00 7.150000e-01 3.537527e+00 3.537568e+00 0.000000e+00 -6.799457e-01
0.000000e+00 7.700000e-01 3.322601e+00 3.322637e+00 0.000000e+00 -6.259437e-01
0.000000e+00 8.250000e-01 3.140097e+00 3.140130e+00 0.000000e+00 -5.784996e-01
0.000000e+00 8.800000e-01 2.983266e+00 2.983296e+00 0.000000e+00 -5.364685e-01
0.000000e+00 9.350000e-01 2.847293e+00 2.847320e+00 0.000000e+00 -4.990641e-01
0.000000e+00 9.900000e-01 2.728347e+00 2.728371e+00 0.000000e+00 -4.655754e-01
0.000000e+00 1.045000e+00 2.623536e+00 2.623558e+00 0.000000e+00 -4.354634e-01
0.000000e+00 1.100000e+00 2.530544e+00 2.530565e+00 0.000000e+00 -4.082644e-01
0.000000e+00 1.155000e+00 2.447562e+00 2.447581e+00 0.000000e+00 -3.836118e-01
0.000000e+00 1.210000e+00 2.373119e+00 2.373137e+00 0.000000e+00 -3.611960e-01
0.000000e+00 1.265000e+00 2.306023e+00 2.306040e+00 0.000000e+00 -3.407604e-01
0.000000e+00 1.320000e+00 2.245264e+00 2.245280e+00 0.000000e+00 -3.220757e-01
0.000000e+00 1.375000e+00 2.189968e+00 2.189983e+00 0.000000e+00 -3.049297e-01
0.000000e+00 1.430000e+00 2.139357e+00 2.139371e+00 0.000000e+00 -2.891182e-01
0.000000e+00 1.485000e+00 2.092760e+00 2.092774e+00 0.000000e+00 -2.744545e-01
0.000000e+00 1.540000e+00 2.049650e+00 2.049662e+00 0.000000e+00 -2.607943e-01
0.000000e+00 1.595000e+00 2.009704e+00 2.009716e+00 0.000000e+00 -2.480730e-01
0.000000e+00 1.650000e+00 1.972862e+00 1.972873e+00 0.000000e+00 -2.363425e-01
0.000000e+00 1.705000e+00 1.939324e+00 1.939335e+00 0.000000e+00 -2.257811e-01
0.000000e+00 1.760000e+00 1.909445e+00 1.909456e+00 0.000000e+00 -2.166459e-01
0.000000e+00 1.815000e+00 1.883464e+00 1.883474e+00 0.000000e+00 -2.091340e-01
0.000000e+00 1.870000e+00 1.861107e+00 1.861117e+00 0.000000e+00 -2.031655e-01
0.000000e+00 1.925000e+00 1.841338e+00 1.841347e+00 0.000000e+00 -1.982399e-01
0.000000e+00 1.980000e+00 1.822638e+00 1.822647e+00 0.000000e+00 -1.935744e-01
0.000000e+00 2.035000e+00 1.803615e+00 1.803623e+00 0.000000e+00 -1.884357e-01
0.000000e+00 2.090000e+00 1.783526e+00 1.783534e+00 0.000000e+00 -1.824341e-01
0.000000e+00 2.145000e+00 1.762462e+00 1.762470e+00 0.000000e+00 -1.756346e-01
0.000000e+00 2.200000e+00 1.741114e+00 1.741122e+00 0.000000e+00 -1.684416e-01
0.000000e+00 2.255000e+00 1.720352e+00 1.720360e+00 0.000000e+00 -1.613697e-01
0.000000e+00 2.310000e+00 1.700829e+00 1.700836e+00 0.000000e+00 -1.548167e-01
0.000000e+00 2.365000e+00 1.682770e+00 1.682777e+00 0.000000e+00 -1.489371e-01
0.000000e+00 2.420000e+00 1.666013e+00 1.666019e+00 0.000000e+00 -1.436559e-01
0.000000e+00 2.475000e+00 1.650193e+00 1.650200e+00 0.000000e+00 -1.387737e-01
0.000000e+00 2.530000e+00 1.634953e+00 1.634959e+00 0.000000e+00 -1.340888e-01
0.000000e+00 2.585000e+00 1.620101e+00 1.620107e+00 0.000000e+00 -1.294971e-01
0.000000e+00 2.640000e+00 1.605664e+00 1.605670e+00 0.000000e+00 -1.250262e-01
0.000000e+00 2.695000e+00 1.591794e+00 1.591800e+00 0.000000e+00 -1.207817e-01
0.000000e+00 2.750000e+00 1.578615e+00 1.578621e+00 0.000000e+00 -1.168520e-01
0.000000e+00 2.805000e+00 1.566129e+00 1.566135e+00 0.000000e+00 -1.132503e-01
0.000000e+00 2.860000e+00 1.554233e+00 1.554238e+00 0.000000e+00 -1.099227e-01
0.000000e+00 2.915000e+00 1.542791e+00 1.542796e+00 0.000000e+00 -1.067953e-01
0.000000e+00 2.970000e+00 1.531700e+00 1.531705e+00 0.000000e+00 -1.038155e-01
0.000000e+00 3.025000e+00 1.520915e+00 1.520920e+00 0.000000e+00 -1.009659e-01
0.000000e+00 3.080000e+00 1.510420e+00 1.510425e+00 0.000000e+00 -9.824949e-02
0.000000e+00 3.135000e+00 1.500206e+00 1.500210e+00 0.000000e+00 -9.566846e-02
0.000000e+00 3.190000e+00 1.490253e+00 1.490258e+00 0.000000e+00 -9.321664e-02
0.000000e+00 3.245000e+00 1.480549e+00 1.480554e+00 0.000000e+00 -9.088689e-02
0.000000e+00 3.300000e+00 1.471099e+00 1.471103e+00 0.000000e+00 -8.868092e-02
0.000000e+00 3.355000e+00 1.461924e+00 1.461928e+00 0.000000e+00 -8.661031e-02
0.000000e+00 3.410000e+00 1.453048e+00 1.453052e+00 0.000000e+00 -8.468847e-02
0.000000e+00 3.465000e+00 1.444481e+00 1.444485e+00 0.000000e+00 -8.292106e-02
0.000000e+00 3.520000e+00 1.436212e+00 1.436215e+00 0.000000e+00 -8.130257e-02
0.000000e+00 3.575000e+00 1.428212e+00 1.428215e+00 0.000000e+00 -7.982055e-02
0.000000e+00 3.630000e+00 1.420448e+00 1.420452e+00 0.000000e+00 -7.846242e-02
0.000000e+00 3.685000e+00 1.412890e+00 1.412893e+00 0.000000e+00 -7.721877e-02
0.000000e+00 3.740000e+00 1.405504e+00 1.405507e+00 0.000000e+00 -7.608258e-02
0.000000e+00 3.795000e+00 1.398261e+00 1.398264e+00 0.000000e+00 -7.504753e-02
0.000000e+00 3.850000e+00 1.391131e+00 1.391134e+00 0.000000e+00 -7.410791e-02
0.000000e+00 3.905000e+00 1.384089e+00 1.384092e+00 0.000000e+00 -7.325971e-02
0.000000e+00 3.960000e+00 1.377116e+00 1.377119e+00 0.000000e+00 -7.250130e-02
0.000000e+00 4.015000e+00 1.370198e+00 1.370201e+00 0.000000e+00 -7.183278e-02
0.000000e+00 4.070000e+00 1.363326e+00 1.363329e+00 0.000000e+00 -7.125494e-02
0.000000e+00 4.125000e+00 1.356494e+00 1.356497e+00 0.000000e+00 -7.076863e-02
0.000000e+00 4.180000e+00 1.349698e+00 1.349701e+00 0.000000e+00 -7.037484e-02
0.000000e+00 4.235000e+00 1.342938e+00 1.342941e+00 0.000000e+00 -7.007503e-02
0.000000e+00 4.290000e+00 1.336214e+00 1.336217e+00 0.000000e+00 -6.987094e-02
0.000000e+00 4.345000e+00 1.329529e+00 1.329531e+00 0.000000e+00 -6.976437e-02
0.000000e+00 4.400000e+00 1.322882e+00 1.322884e+00 0.000000e+00 -6.975687e-02
0.000000e+00 4.455000e+00 1.316273e+00 1.316276e+00 0.000000e+00 -6.984990e-02
0.000000e+00 4.510000e+00 1.309703e+00 1.309705e+00 0.000000e+00 -7.004484e-02
0.000000e+00 4.565000e+00 1.303168e+00 1.303170e+00 0.000000e+00 -7.034289e-02
0.000000e+00 4.620000e+00 1.296668e+00 1.296670e+00 0.000000e+00 -7.074459e-02
0.000000e+00 4.675000e+00 1.290200e+00 1.290202e+00 0.000000e+00 -7.124934e-02
0.000000e+00 4.730000e+00 1.283763e+00 1.283764e+00 0.000000e+00 -7.185531e-02
0.000000e+00 4.785000e+00 1.277355e+00 1.277357e+00 0.000000e+00 -7.255971e-02
0.000000e+00 4.840000e+00 1.270975e+00 1.270977e+00 0.000000e+00 -7.335956e-02
0.000000e+00 4.895000e+00 1.264621e+00 1.264622e+00 0.000000e+00 -7.425243e-02
0.000000e+00 4.950000e+00 1.258288e+00 1.258290e+00 0.000000e+00 -7.523670e-02
0.000000e+00 5.005000e+00 1.251975e+00 1.251976e+00 0.000000e+00 -7.631075e-02
0.000000e+00 5.060000e+00 1.245678e+00 1.245680e+00 0.000000e+00 -7.747109e-02
0.000000e+00 5.115000e+00 1.239404e+00 1.239405e+00 0.000000e+00 -7.871020e-02
0.000000e+00 5.170000e+00 1.233162e+00 1.233163e+00 0.000000e+00 -8.001523e-02
0.000000e+00 5.225000e+00 1.226969e+00 1.226971e+00 0.000000e+00 -8.136843e-02
0.000000e+00 5.280000e+00 1.220847e+00 1.220848e+00 0.000000e+00 -8.274931e-02
0.000000e+00 5.335000e+00 1.214816e+00 1.214817e+00 0.000000e+00 -8.413728e-02
0.000000e+00 5.390000e+00 1.208895e+00 1.208896e+00 0.000000e+00 -8.551373e-02
0.000000e+00 5.445000e+00 1.203099e+00 1.203100e+00 0.000000e+00 -8.686258e-02
0.000000e+00 5.500000e+00 1.197441e+00 1.197442e+00 0.000000e+00 -8.816958e-02
0.000000e+00 5.555000e+00 1.191936e+00 1.191937e+00 0.000000e+00 -8.942145e-02
0.000000e+00 5.610000e+00 1.186593e+00 1.186594e+00 0.000000e+00 -9.060562e-02
0.000000e+00 5.665000e+00 1.181423e+00 1.181424e+00 0.000000e+00 -9.171083e-02
0.000000e+00 5.720000e+00 1.176434e+00 1.176435e+00 0.000000e+00 -9.272816e-02
0.000000e+00 5.775000e+00 1.171631e+00 1.171631e+00 0.000000e+00 -9.365167e-02
0.000000e+00 5.830000e+00 1.167013e+00 1.167013e+00 0.000000e+00 -9.447837e-02
0.000000e+00 5.885000e+00 1.162580e+00 1.162580e+00 0.000000e+00 -9.520745e-02
0.000000e+00 5.940000e+00 1.158328e+00 1.158329e+00 0.000000e+00 -9.583941e-02
0.000000e+00 5.995000e+00 1.154255e+00 1.154255e+00 0.000000e+00 -9.637538e-02
0.000000e+00 6.050000e+00 1.150355e+00 1.150355e+00 0.000000e+00 -9.681688e-02
0.000000e+00 6.105000e+00 1.146625e+00 1.146625e+00 0.000000e+00 -9.716586e-02
0.000000e+00 6.160000e+00 1.143059e+00 1.143059e+00 0.000000e+00 -9.742487e-02
0.000000e+00 6.215000e+00 1.139652e+00 1.139652e+00 0.000000e+00 -9.759704e-02
0.000000e+00 6.270000e+00 1.136399e+00 1.136399e+00 0.000000e+00 -9.768599e-02
0.000000e+00 6.325000e+00 1.133292e+00 1.133293e+00 0.000000e+00 -9.769554e-02
0.000000e+00 6.380000e+00 1.130328e+00 1.130328e+00 0.000000e+00 -9.762956e-02
0.000000e+00 6.435000e+00 1.127499e+00 1.127499e+00 0.000000e+00 -9.749183e-02
0.000000e+00 6.490000e+00 1.124799e+00 1.124799e+00 0.000000e+00 -9.728610e-02
0.000000e+00 6.545000e+00 1.122224e+00 1.122224e+00 0.000000e+00 -9.701604e-02
0.000000e+00 6.600000e+00 1.119768e+00 1.119768e+00 0.000000e+00 -9.668533e-02
0.000000e+00 6.655000e+00 1.117426e+00 1.117426e+00 0.000000e+00 -9.629761e-02
0.000000e+00 6.710000e+00 1.115193e+00 1.115193e+00 0.000000e+00 -9.585644e-02
0.000000e+00 6.765000e+00 1.113065e+00 1.113065e+00 0.000000e+00 -9.536527e-02
0.000000e+00 6.820000e+00 1.111036e+00 1.111036e+00 0.000000e+00 -9.482742e-02
0.000000e+00 6.875000e+00 1.109102e+00 1.109102e+00 0.000000e+00 -9.424603e-02
0.000000e+00 6.930000e+00 1.107260e+00 1.107260e+00 0.000000e+00 -9.362409e-02
0.000000e+00 6.985000e+00 1.105505e+00 1.105505e+00 0.000000e+00 -9.296440e-02
0.000000e+00 7.040000e+00 1.103833e+00 1.103833e+00 0.000000e+00 -9.226962e-02
0.000000e+00 7.095000e+00 1.102240e+00 1.102240e+00 0.000000e+00 -9.154234e-02
0.000000e+00 7.150000e+00 1.100723e+00 1.100723e+00 0.000000e+00 -9.078507e-02
0.000000e+00 7.205000e+00 1.099278e+00 1.099278e+00 0.000000e+00 -9.000028e-02
0.000000e+00 7.260000e+00 1.097903e+00 1.097903e+00 0.000000e+00 -8.919037e-02
0.000000e+00 7.315000e+00 1.096594e+00 1.096594e+00 0.000000e+00 -8.835758e-02
0.000000e+00 7.370000e+00 1.095349e+00 1.095349e+00 0.000000e+00 -8.750395e-02
0.000000e+00 7.425000e+00 1.094163e+00 1.094163e+00 0.000000e+00 -8.663136e-02
0.000000e+00 7.480000e+00 1.093034e+00 1.093034e+00 0.000000e+00 -8.574156e-02
0.000000e+00 7.535000e+00 1.091959e+00 1.091959e+00 0.000000e+00 -8.483625e-02
0.000000e+00 7.590000e+00 1.090935e+00 1.090934e+00 0.000000e+00 -8.391712e-02
0.000000e+00 7.645000e+00 1.089957e+00 1.089957e+00 0.000000e+00 -8.298587e-02
0.000000e+00 7.700000e+00 1.089025e+00 1.089024e+00 0.000000e+00 -8.204415e-02
0.000000e+00 7.755000e+00 1.088133e+00 1.088133e+00 0.000000e+00 -8.109354e-02
0.000000e+00 7.810000e+00 1.087281e+00 1.087280e+00 0.000000e+00 -8.013550e-02
0.000000e+00 7.865000e+00 1.086463e+00 1.086463e+00 0.000000e+00 -7.917142e-02
0.000000e+00 7.920000e+00 1.085679e+00 1.085678e+00 0.000000e+00 -7.820265e-02
0.000000e+00 7.975000e+00 1.084924e+00 1.084923e+00 0.000000e+00 -7.723051e-02
0.000000e+00 8.030000e+00 1.084196e+00 1.084196e+00 0.000000e+00 -7.625632e-02
0.000000e+00 8.085000e+00 1.083492e+00 1.083492e+00 0.000000e+00 -7.528133e-02
0.000000e+00 8.140000e+00 1.082811e+00 1.082811e+00 0.000000e+00 -7.430664e-02
0.000000e+00 8.195000e+00 1.082150e+00 1.082150e+00 0.000000e+00 -7.333323e-02
0.000000e+00 8.250000e+00 1.081507e+00 1.081507e+00 0.000000e+00 -7.236195e-02
0.000000e+00 8.305000e+00 1.080881e+00 1.080880e+00 0.000000e+00 -7.139357e-02
0.000000e+00 8.360000e+00 1.080269e+00 1.080269e+00 0.000000e+00 -7.042881e-02
0.000000e+00 8.415000e+00 1.079672e+00 1.079672e+00 0.000000e+00 -6.946828e-02
0.000000e+00 8.470000e+00 1.079089e+00 1.079089e+00 0.000000e+00 -6.851248e-02
0.000000e+00 8.525000e+00 1.078520e+00 1.078519e+00 0.000000e+00 -6.756178e-02
0.000000e+00 8.580000e+00 1.077964e+00 1.077964e+00 0.000000e+00 -6.661642e-02
0.000000e+00 8.635000e+00 1.077423e+00 1.077422e+00 0.000000e+00 -6.567657e-02
0.000000e+00 8.690000e+00 1.076896e+00 1.076896e+00 0.000000e+00 -6.474232e-02
0.000000e+00 8.745000e+00 1.076385e+00 1.076385e+00 0.000000e+00 -6.381365e-02
0.000000e+00 8.800000e+00 1.075890e+00 1.075890e+00 0.000000e+00 -6.289030e-02
0.000000e+00 8.855000e+00 1.075411e+00 1.075411e+00 0.000000e+00 -6.197178e-02
0.000000e+00 8.910000e+00 1.074949e+00 1.074949e+00 0.000000e+00 -6.105747e-02
0.000000e+00 8.965000e+00 1.074503e+00 1.074503e+00 0.000000e+00 -6.014671e-02
0.000000e+00 9.020000e+00 1.074072e+00 1.074072e+00 0.000000e+00 -5.923901e-02
0.000000e+00 9.075000e+00 1.073656e+00 1.073656e+00 0.000000e+00 -5.833379e-02
0.000000e+00 9.130000e+00 1.073254e+00 1.073254e+00 0.000000e+00 -5.743041e-02
0.000000e+00 9.185000e+00 1.072864e+00 1.072864e+00 0.000000e+00 -5.652796e-02
0.000000e+00 9.240000e+00 1.072484e+00 1.072484e+00 0.000000e+00 -5.562609e-02
0.000000e+00 9.295000e+00 1.072113e+00 1.072113e+00 0.000000e+00 -5.472459e-02
0.000000e+00 9.350000e+00 1.071748e+00 1.071747e+00 0.000000e+00 -5.382463e-02
0.000000e+00 9.405000e+00 1.071387e+00 1.071386e+00 0.000000e+00 -5.292473e-02
0.000000e+00 9.460000e+00 1.071026e+00 1.071026e+00 0.000000e+00 -5.202357e-02
0.000000e+00 9.515000e+00 1.070670e+00 1.070670e+00 0.000000e+00 -5.111135e-02
0.000000e+00 9.570000e+00 1.070313e+00 1.070312e+00 0.000000e+00 -5.018665e-02
0.000000e+00 9.625000e+00 1.069965e+00 1.069964e+00 0.000000e+00 -4.923866e-02
0.000000e+00 9.680000e+00 1.069612e+00 1.069609e+00 0.000000e+00 -4.829704e-02
0.000000e+00 9.735000e+00 1.069287e+00 1.069281e+00 0.000000e+00 -4.736013e-02
0.000000e+00 9.790000e+00 1.068936e+00 1.068929e+00 0.000000e+00 -4.652128e-02
0.000000e+00 9.845000e+00 1.068660e+00 1.068651e+00 0.000000e+00 -4.572981e-02
0.000000e+00 9.900000e+00 1.068285e+00 1.068276e+00 0.000000e+00 -4.516025e-02
0.000000e+00 9.955000e+00 1.068195e+00 1.068185e+00 0.000000e+00 -4.448505e-02
0.000000e+00 1.001000e+01 1.105114e+00 1.105104e+00 -0.000000e+00 -1.013850e-02
0.000000e+00 1.006500e+01 1.105114e+00 1.105104e+00 -0.000000e+00 -1.013850e-02
0.000000e+00 1.012000e+01 1.105114e+00 1.105104e+00 -0.000000e+00 -1.013850e-02
0.000000e+00 1.017500e+01 1.105114e+00 1.105104e+00 -0.000000e+00 -1.013850e-02
0.000000e+00 1.023000e+01 1.105114e+00 1.105104e+00 -0.000000e+00 -1.013850e-02
0.000000e+00 1.028500e+01 1.105114e+00 1.105104e+00 -0.000000e+00 -1.013850e-02
0.000000e+00 1.034000e+01 1.105114e+00 1.105104e+00 -0.000000e+00 -1.013850e-02
0.000000e+00 1.039500e+01 1.105114e+00 1.105104e+00 -0.000000e+00 -1.013850e-02
0.000000e+00 1.045000e+01 1.105114e+00 1.105104e+00 -0.000000e+00 -1.013850e-02
0.000000e+00 1.050500e+01 1.105114e+00 1.105104e+00 -0.000000e+00 -1.013850e-02
0.000000e+00 1.056000e+01 1.105114e+00 1.105104e+00 -0.000000e+00 -1.013850e-02
0.000000e+00 1.061500e+01 1.105114e+00 1.105104e+00 -0.000000e+00 -1.013850e-02
0.000000e+00 1.067000e+01 1.105114e+00 1.105104e+00 -0.000000e+00 -1.013850e-02
0.000000e+00 1.072500e+01 1.105114e+00 1.105104e+00 -0.000000e+00 -1.013850e-02
0.000000e+00 1.078000e+01 1.105114e+00 1.105104e+00 -0.000000e+00 -1.013850e-02
0.000000e+00 1.083500e+01 1.105114e+00 1.105104e+00 -0.000000e+00 -1.013850e-02
0.000000e+00 1.089000e+01 1.105114e+00 1.105104e+00 -0.000000e+00 -1.013850e-02
0.000000e+00 1.094500e+01 1.105114e+00 1.105104e+00 -0.000000e+00 -1.013850e-02
0.000000e+00 1.100000e+01 1.105114e+00 1.105104e+00 -0.000000e+00 -1.013850e-02
