#############TIME##################
1.640622e+01 
###################################
0.000000e+00 0.000000e+00 5.638770e+01 5.639245e+01 0.000000e+00 -3.063073e+00
0.000000e+00 5.500000e-02 5.638770e+01 5.639245e+01 0.000000e+00 -3.063073e+00
0.000000e+00 1.100000e-01 2.135060e+01 2.135131e+01 0.000000e+00 -3.063086e+00
0.000000e+00 1.650000e-01 1.387571e+01 1.387605e+01 0.000000e+00 -2.307758e+00
0.000000e+00 2.200000e-01 1.029450e+01 1.029473e+01 0.000000e+00 -1.934077e+00
0.000000e+00 2.750000e-01 8.055156e+00 8.055315e+00 0.000000e+00 -1.645210e+00
0.000000e+00 3.300000e-01 6.653938e+00 6.654057e+00 0.000000e+00 -1.422468e+00
0.000000e+00 3.850000e-01 5.647071e+00 5.647162e+00 0.000000e+00 -1.250525e+00
0.000000e+00 4.400000e-01 4.936318e+00 4.936391e+00 0.000000e+00 -1.106765e+00
0.000000e+00 4.950000e-01 4.389204e+00 4.389265e+00 0.000000e+00 -9.908959e-01
0.000000e+00 5.500000e-01 3.966232e+00 3.966283e+00 0.000000e+00 -8.925187e-01
0.000000e+00 6.050000e-01 3.630237e+00 3.630280e+00 0.000000e+00 -8.092180e-01
0.000000e+00 6.600000e-01 3.356425e+00 3.356462e+00 0.000000e+00 -7.374617e-01
0.000000e+00 7.150000e-01 3.130252e+00 3.130284e+00 0.000000e+00 -6.754390e-01
0.000000e+00 7.700000e-01 2.940298e+00 2.940327e+00 0.000000e+00 -6.211378e-01
0.000000e+00 8.250000e-01 2.779038e+00 2.779064e+00 0.000000e+00 -5.733944e-01
0.000000e+00 8.800000e-01 2.640502e+00 2.640525e+00 0.000000e+00 -5.310645e-01
0.000000e+00 9.350000e-01 2.520434e+00 2.520455e+00 0.000000e+00 -4.933627e-01
0.000000e+00 9.900000e-01 2.415445e+00 2.415463e+00 0.000000e+00 -4.595797e-01
0.000000e+00 1.045000e+00 2.322977e+00 2.322994e+00 0.000000e+00 -4.291764e-01
0.000000e+00 1.100000e+00 2.240976e+00 2.240992e+00 0.000000e+00 -4.016862e-01
0.000000e+00 1.155000e+00 2.167828e+00 2.167842e+00 0.000000e+00 -3.767357e-01
0.000000e+00 1.210000e+00 2.102217e+00 2.102230e+00 0.000000e+00 -3.540059e-01
0.000000e+00 1.265000e+00 2.043077e+00 2.043090e+00 0.000000e+00 -3.332335e-01
0.000000e+00 1.320000e+00 1.989528e+00 1.989539e+00 0.000000e+00 -3.141935e-01
0.000000e+00 1.375000e+00 1.940838e+00 1.940848e+00 0.000000e+00 -2.966956e-01
0.000000e+00 1.430000e+00 1.896395e+00 1.896405e+00 0.000000e+00 -2.805753e-01
0.000000e+00 1.485000e+00 1.855685e+00 1.855695e+00 0.000000e+00 -2.656902e-01
0.000000e+00 1.540000e+00 1.818273e+00 1.818282e+00 0.000000e+00 -2.519149e-01
0.000000e+00 1.595000e+00 1.783788e+00 1.783797e+00 0.000000e+00 -2.391393e-01
0.000000e+00 1.650000e+00 1.751912e+00 1.751920e+00 0.000000e+00 -2.272662e-01
0.000000e+00 1.705000e+00 1.722370e+00 1.722377e+00 0.000000e+00 -2.162111e-01
0.000000e+00 1.760000e+00 1.694923e+00 1.694930e+00 0.000000e+00 -2.059001e-01
0.000000e+00 1.815000e+00 1.669364e+00 1.669371e+00 0.000000e+00 -1.962685e-01
0.000000e+00 1.870000e+00 1.645509e+00 1.645516e+00 0.000000e+00 -1.872583e-01
0.000000e+00 1.925000e+00 1.623199e+00 1.623206e+00 0.000000e+00 -1.788172e-01
0.000000e+00 1.980000e+00 1.602293e+00 1.602299e+00 0.000000e+00 -1.708978e-01
0.000000e+00 2.035000e+00 1.582665e+00 1.582671e+00 0.000000e+00 -1.634573e-01
0.000000e+00 2.090000e+00 1.564206e+00 1.564212e+00 0.000000e+00 -1.564571e-01
0.000000e+00 2.145000e+00 1.546818e+00 1.546823e+00 0.000000e+00 -1.498627e-01
0.000000e+00 2.200000e+00 1.530412e+00 1.530417e+00 0.000000e+00 -1.436431e-01
0.000000e+00 2.255000e+00 1.514911e+00 1.514916e+00 0.000000e+00 -1.377707e-01
0.000000e+00 2.310000e+00 1.500244e+00 1.500248e+00 0.000000e+00 -1.322204e-01
0.000000e+00 2.365000e+00 1.486347e+00 1.486352e+00 0.000000e+00 -1.269691e-01
0.000000e+00 2.420000e+00 1.473164e+00 1.473168e+00 0.000000e+00 -1.219951e-01
0.000000e+00 2.475000e+00 1.460643e+00 1.460647e+00 0.000000e+00 -1.172782e-01
0.000000e+00 2.530000e+00 1.448736e+00 1.448740e+00 0.000000e+00 -1.127993e-01
0.000000e+00 2.585000e+00 1.437402e+00 1.437406e+00 0.000000e+00 -1.085412e-01
0.000000e+00 2.640000e+00 1.426602e+00 1.426606e+00 0.000000e+00 -1.044883e-01
0.000000e+00 2.695000e+00 1.416301e+00 1.416304e+00 0.000000e+00 -1.006269e-01
0.000000e+00 2.750000e+00 1.406467e+00 1.406471e+00 0.000000e+00 -9.694519e-02
0.000000e+00 2.805000e+00 1.397073e+00 1.397076e+00 0.000000e+00 -9.343238e-02
0.000000e+00 2.860000e+00 1.388090e+00 1.388093e+00 0.000000e+00 -9.007859e-02
0.000000e+00 2.915000e+00 1.379493e+00 1.379496e+00 0.000000e+00 -8.687442e-02
0.000000e+00 2.970000e+00 1.371257e+00 1.371260e+00 0.000000e+00 -8.381076e-02
0.000000e+00 3.025000e+00 1.363360e+00 1.363363e+00 0.000000e+00 -8.087887e-02
0.000000e+00 3.080000e+00 1.355781e+00 1.355784e+00 0.000000e+00 -7.807050e-02
0.000000e+00 3.135000e+00 1.348502e+00 1.348505e+00 0.000000e+00 -7.537808e-02
0.000000e+00 3.190000e+00 1.341506e+00 1.341508e+00 0.000000e+00 -7.279480e-02
0.000000e+00 3.245000e+00 1.334778e+00 1.334781e+00 0.000000e+00 -7.031467e-02
0.000000e+00 3.300000e+00 1.328307e+00 1.328310e+00 0.000000e+00 -6.793238e-02
0.000000e+00 3.355000e+00 1.322079e+00 1.322082e+00 0.000000e+00 -6.564319e-02
0.000000e+00 3.410000e+00 1.316082e+00 1.316084e+00 0.000000e+00 -6.344264e-02
0.000000e+00 3.465000e+00 1.310302e+00 1.310304e+00 0.000000e+00 -6.132635e-02
0.000000e+00 3.520000e+00 1.304727e+00 1.304729e+00 0.000000e+00 -5.928991e-02
0.000000e+00 3.575000e+00 1.299346e+00 1.299348e+00 0.000000e+00 -5.732888e-02
0.000000e+00 3.630000e+00 1.294148e+00 1.294150e+00 0.000000e+00 -5.543891e-02
0.000000e+00 3.685000e+00 1.289125e+00 1.289127e+00 0.000000e+00 -5.361595e-02
0.000000e+00 3.740000e+00 1.284271e+00 1.284273e+00 0.000000e+00 -5.185634e-02
0.000000e+00 3.795000e+00 1.279580e+00 1.279582e+00 0.000000e+00 -5.015672e-02
0.000000e+00 3.850000e+00 1.275046e+00 1.275048e+00 0.000000e+00 -4.851380e-02
0.000000e+00 3.905000e+00 1.270665e+00 1.270666e+00 0.000000e+00 -4.692417e-02
0.000000e+00 3.960000e+00 1.266429e+00 1.266431e+00 0.000000e+00 -4.538434e-02
0.000000e+00 4.015000e+00 1.262333e+00 1.262335e+00 0.000000e+00 -4.389099e-02
0.000000e+00 4.070000e+00 1.258370e+00 1.258372e+00 0.000000e+00 -4.244144e-02
0.000000e+00 4.125000e+00 1.254534e+00 1.254536e+00 0.000000e+00 -4.103396e-02
0.000000e+00 4.180000e+00 1.250819e+00 1.250820e+00 0.000000e+00 -3.966772e-02
0.000000e+00 4.235000e+00 1.247219e+00 1.247220e+00 0.000000e+00 -3.834238e-02
0.000000e+00 4.290000e+00 1.243728e+00 1.243730e+00 0.000000e+00 -3.705734e-02
0.000000e+00 4.345000e+00 1.240343e+00 1.240345e+00 0.000000e+00 -3.581133e-02
0.000000e+00 4.400000e+00 1.237060e+00 1.237061e+00 0.000000e+00 -3.460228e-02
0.000000e+00 4.455000e+00 1.233874e+00 1.233875e+00 0.000000e+00 -3.342758e-02
0.000000e+00 4.510000e+00 1.230784e+00 1.230786e+00 0.000000e+00 -3.228461e-02
0.000000e+00 4.565000e+00 1.227789e+00 1.227790e+00 0.000000e+00 -3.117098e-02
0.000000e+00 4.620000e+00 1.224886e+00 1.224887e+00 0.000000e+00 -3.008465e-02
0.000000e+00 4.675000e+00 1.222073e+00 1.222074e+00 0.000000e+00 -2.902390e-02
0.000000e+00 4.730000e+00 1.219346e+00 1.219347e+00 0.000000e+00 -2.798749e-02
0.000000e+00 4.785000e+00 1.216701e+00 1.216702e+00 0.000000e+00 -2.697497e-02
0.000000e+00 4.840000e+00 1.214133e+00 1.214134e+00 0.000000e+00 -2.598704e-02
0.000000e+00 4.895000e+00 1.211638e+00 1.211639e+00 0.000000e+00 -2.502541e-02
0.000000e+00 4.950000e+00 1.209210e+00 1.209212e+00 0.000000e+00 -2.409226e-02
0.000000e+00 5.005000e+00 1.206847e+00 1.206848e+00 0.000000e+00 -2.318923e-02
0.000000e+00 5.060000e+00 1.204544e+00 1.204545e+00 0.000000e+00 -2.231662e-02
0.000000e+00 5.115000e+00 1.202298e+00 1.202299e+00 0.000000e+00 -2.147319e-02
0.000000e+00 5.170000e+00 1.200108e+00 1.200109e+00 0.000000e+00 -2.065660e-02
0.000000e+00 5.225000e+00 1.197974e+00 1.197975e+00 0.000000e+00 -1.986399e-02
0.000000e+00 5.280000e+00 1.195898e+00 1.195899e+00 0.000000e+00 -1.909246e-02
0.000000e+00 5.335000e+00 1.193884e+00 1.193885e+00 0.000000e+00 -1.833914e-02
0.000000e+00 5.390000e+00 1.191935e+00 1.191936e+00 0.000000e+00 -1.760105e-02
0.000000e+00 5.445000e+00 1.190052e+00 1.190053e+00 0.000000e+00 -1.687513e-02
0.000000e+00 5.500000e+00 1.188233e+00 1.188234e+00 0.000000e+00 -1.615875e-02
0.000000e+00 5.555000e+00 1.186474e+00 1.186475e+00 0.000000e+00 -1.545060e-02
0.000000e+00 5.610000e+00 1.184768e+00 1.184768e+00 0.000000e+00 -1.475151e-02
0.000000e+00 5.665000e+00 1.183109e+00 1.183110e+00 0.000000e+00 -1.406467e-02
0.000000e+00 5.720000e+00 1.181497e+00 1.181497e+00 0.000000e+00 -1.339467e-02
0.000000e+00 5.775000e+00 1.179928e+00 1.179929e+00 0.000000e+00 -1.274542e-02
0.000000e+00 5.830000e+00 1.178403e+00 1.178404e+00 0.000000e+00 -1.211814e-02
0.000000e+00 5.885000e+00 1.176920e+00 1.176921e+00 0.000000e+00 -1.151090e-02
0.000000e+00 5.940000e+00 1.175476e+00 1.175477e+00 0.000000e+00 -1.092066e-02
0.000000e+00 5.995000e+00 1.174073e+00 1.174074e+00 0.000000e+00 -1.034668e-02
0.000000e+00 6.050000e+00 1.172719e+00 1.172719e+00 0.000000e+00 -9.792312e-03
0.000000e+00 6.105000e+00 1.171424e+00 1.171425e+00 0.000000e+00 -9.262624e-03
0.000000e+00 6.160000e+00 1.170197e+00 1.170198e+00 0.000000e+00 -8.758702e-03
0.000000e+00 6.215000e+00 1.169032e+00 1.169033e+00 0.000000e+00 -8.272711e-03
0.000000e+00 6.270000e+00 1.167910e+00 1.167911e+00 0.000000e+00 -7.788691e-03
0.000000e+00 6.325000e+00 1.166806e+00 1.166807e+00 0.000000e+00 -7.290121e-03
0.000000e+00 6.380000e+00 1.165700e+00 1.165701e+00 0.000000e+00 -6.769652e-03
0.000000e+00 6.435000e+00 1.164590e+00 1.164590e+00 0.000000e+00 -6.234175e-03
0.000000e+00 6.490000e+00 1.163490e+00 1.163490e+00 0.000000e+00 -5.701728e-03
0.000000e+00 6.545000e+00 1.162424e+00 1.162424e+00 0.000000e+00 -5.192406e-03
0.000000e+00 6.600000e+00 1.161408e+00 1.161409e+00 0.000000e+00 -4.718743e-03
0.000000e+00 6.655000e+00 1.160446e+00 1.160446e+00 0.000000e+00 -4.280616e-03
0.000000e+00 6.710000e+00 1.159521e+00 1.159521e+00 0.000000e+00 -3.866955e-03
0.000000e+00 6.765000e+00 1.158612e+00 1.158613e+00 0.000000e+00 -3.462918e-03
0.000000e+00 6.820000e+00 1.157706e+00 1.157706e+00 0.000000e+00 -3.058258e-03
0.000000e+00 6.875000e+00 1.156806e+00 1.156807e+00 0.000000e+00 -2.651999e-03
0.000000e+00 6.930000e+00 1.155931e+00 1.155932e+00 0.000000e+00 -2.250842e-03
0.000000e+00 6.985000e+00 1.155101e+00 1.155102e+00 0.000000e+00 -1.862969e-03
0.000000e+00 7.040000e+00 1.154324e+00 1.154325e+00 0.000000e+00 -1.492125e-03
0.000000e+00 7.095000e+00 1.153592e+00 1.153593e+00 0.000000e+00 -1.136284e-03
0.000000e+00 7.150000e+00 1.152884e+00 1.152885e+00 0.000000e+00 -7.911665e-04
0.000000e+00 7.205000e+00 1.152180e+00 1.152181e+00 0.000000e+00 -4.546347e-04
0.000000e+00 7.260000e+00 1.151468e+00 1.151468e+00 0.000000e+00 -1.278181e-04
0.000000e+00 7.315000e+00 1.150748e+00 1.150749e+00 0.000000e+00 1.876313e-04
0.000000e+00 7.370000e+00 1.150031e+00 1.150031e+00 0.000000e+00 4.930886e-04
0.000000e+00 7.425000e+00 1.149331e+00 1.149331e+00 0.000000e+00 7.938428e-04
0.000000e+00 7.480000e+00 1.148658e+00 1.148659e+00 0.000000e+00 1.096487e-03
0.000000e+00 7.535000e+00 1.148016e+00 1.148016e+00 0.000000e+00 1.404762e-03
0.000000e+00 7.590000e+00 1.147394e+00 1.147394e+00 0.000000e+00 1.716838e-03
0.000000e+00 7.645000e+00 1.146778e+00 1.146778e+00 0.000000e+00 2.026200e-03
0.000000e+00 7.700000e+00 1.146157e+00 1.146157e+00 0.000000e+00 2.326055e-03
0.000000e+00 7.755000e+00 1.145535e+00 1.145535e+00 0.000000e+00 2.614637e-03
0.000000e+00 7.810000e+00 1.144928e+00 1.144929e+00 0.000000e+00 2.897374e-03
0.000000e+00 7.865000e+00 1.144357e+00 1.144358e+00 0.000000e+00 3.183347e-03
0.000000e+00 7.920000e+00 1.143832e+00 1.143833e+00 0.000000e+00 3.477454e-03
0.000000e+00 7.975000e+00 1.143343e+00 1.143343e+00 0.000000e+00 3.773450e-03
0.000000e+00 8.030000e+00 1.142860e+00 1.142860e+00 0.000000e+00 4.053667e-03
0.000000e+00 8.085000e+00 1.142350e+00 1.142350e+00 0.000000e+00 4.297338e-03
0.000000e+00 8.140000e+00 1.141794e+00 1.141794e+00 0.000000e+00 4.493380e-03
0.000000e+00 8.195000e+00 1.141201e+00 1.141201e+00 0.000000e+00 4.649704e-03
0.000000e+00 8.250000e+00 1.140601e+00 1.140601e+00 0.000000e+00 4.792233e-03
0.000000e+00 8.305000e+00 1.140033e+00 1.140033e+00 0.000000e+00 4.953254e-03
0.000000e+00 8.360000e+00 1.139523e+00 1.139523e+00 0.000000e+00 5.155160e-03
0.000000e+00 8.415000e+00 1.139067e+00 1.139067e+00 0.000000e+00 5.398317e-03
0.000000e+00 8.470000e+00 1.138637e+00 1.138637e+00 0.000000e+00 5.660554e-03
0.000000e+00 8.525000e+00 1.138192e+00 1.138193e+00 0.000000e+00 5.908930e-03
0.000000e+00 8.580000e+00 1.137704e+00 1.137705e+00 0.000000e+00 6.116930e-03
0.000000e+00 8.635000e+00 1.137170e+00 1.137170e+00 0.000000e+00 6.277698e-03
0.000000e+00 8.690000e+00 1.136613e+00 1.136613e+00 0.000000e+00 6.406335e-03
0.000000e+00 8.745000e+00 1.136069e+00 1.136069e+00 0.000000e+00 6.530827e-03
0.000000e+00 8.800000e+00 1.135570e+00 1.135570e+00 0.000000e+00 6.677553e-03
0.000000e+00 8.855000e+00 1.135125e+00 1.135125e+00 0.000000e+00 6.858893e-03
0.000000e+00 8.910000e+00 1.134720e+00 1.134720e+00 0.000000e+00 7.068793e-03
0.000000e+00 8.965000e+00 1.134323e+00 1.134323e+00 0.000000e+00 7.287876e-03
0.000000e+00 9.020000e+00 1.133902e+00 1.133903e+00 0.000000e+00 7.494380e-03
0.000000e+00 9.075000e+00 1.133443e+00 1.133443e+00 0.000000e+00 7.674745e-03
0.000000e+00 9.130000e+00 1.132951e+00 1.132951e+00 0.000000e+00 7.829225e-03
0.000000e+00 9.185000e+00 1.132447e+00 1.132447e+00 0.000000e+00 7.970685e-03
0.000000e+00 9.240000e+00 1.131955e+00 1.131956e+00 0.000000e+00 8.118798e-03
0.000000e+00 9.295000e+00 1.131493e+00 1.131494e+00 0.000000e+00 8.292199e-03
0.000000e+00 9.350000e+00 1.131065e+00 1.131066e+00 0.000000e+00 8.502470e-03
0.000000e+00 9.405000e+00 1.130662e+00 1.130662e+00 0.000000e+00 8.749875e-03
0.000000e+00 9.460000e+00 1.130272e+00 1.130271e+00 0.000000e+00 9.024628e-03
0.000000e+00 9.515000e+00 1.129881e+00 1.129878e+00 0.000000e+00 9.306473e-03
0.000000e+00 9.570000e+00 1.129482e+00 1.129478e+00 0.000000e+00 9.568578e-03
0.000000e+00 9.625000e+00 1.129068e+00 1.129061e+00 0.000000e+00 9.767346e-03
0.000000e+00 9.680000e+00 1.128641e+00 1.128633e+00 0.000000e+00 9.852351e-03
0.000000e+00 9.735000e+00 1.128195e+00 1.128185e+00 0.000000e+00 9.761422e-03
0.000000e+00 9.790000e+00 1.127752e+00 1.127742e+00 0.000000e+00 9.497273e-03
0.000000e+00 9.845000e+00 1.127296e+00 1.127286e+00 0.000000e+00 9.111267e-03
0.000000e+00 9.900000e+00 1.126887e+00 1.126877e+00 0.000000e+00 8.817495e-03
0.000000e+00 9.955000e+00 1.126435e+00 1.126425e+00 0.000000e+00 8.698463e-03
0.000000e+00 1.001000e+01 1.105114e+00 1.105104e+00 -0.000000e+00 -1.013850e-02
0.000000e+00 1.006500e+01 1.105114e+00 1.105104e+00 -0.000000e+00 -1.013850e-02
0.000000e+00 1.012000e+01 1.105114e+00 1.105104e+00 -0.000000e+00 -1.013850e-02
0.000000e+00 1.017500e+01 1.105114e+00 1.105104e+00 -0.000000e+00 -1.013850e-02
0.000000e+00 1.023000e+01 1.105114e+00 1.105104e+00 -0.000000e+00 -1.013850e-02
0.000000e+00 1.028500e+01 1.105114e+00 1.105104e+00 -0.000000e+00 -1.013850e-02
0.000000e+00 1.034000e+01 1.105114e+00 1.105104e+00 -0.000000e+00 -1.013850e-02
0.000000e+00 1.039500e+01 1.105114e+00 1.105104e+00 -0.000000e+00 -1.013850e-02
0.000000e+00 1.045000e+01 1.105114e+00 1.105104e+00 -0.000000e+00 -1.013850e-02
0.000000e+00 1.050500e+01 1.105114e+00 1.105104e+00 -0.000000e+00 -1.013850e-02
0.000000e+00 1.056000e+01 1.105114e+00 1.105104e+00 -0.000000e+00 -1.013850e-02
0.000000e+00 1.061500e+01 1.105114e+00 1.105104e+00 -0.000000e+00 -1.013850e-02
0.000000e+00 1.067000e+01 1.105114e+00 1.105104e+00 -0.000000e+00 -1.013850e-02
0.000000e+00 1.072500e+01 1.105114e+00 1.105104e+00 -0.000000e+00 -1.013850e-02
0.000000e+00 1.078000e+01 1.105114e+00 1.105104e+00 -0.000000e+00 -1.013850e-02
0.000000e+00 1.083500e+01 1.105114e+00 1.105104e+00 -0.000000e+00 -1.013850e-02
0.000000e+00 1.089000e+01 1.105114e+00 1.105104e+00 -0.000000e+00 -1.013850e-02
0.000000e+00 1.094500e+01 1.105114e+00 1.105104e+00 -0.000000e+00 -1.013850e-02
0.000000e+00 1.100000e+01 1.105114e+00 1.105104e+00 -0.000000e+00 -1.013850e-02
