#############TIME##################
1.890308e+01 
###################################
0.000000e+00 0.000000e+00 5.563103e+01 5.563571e+01 0.000000e+00 -3.063233e+00
0.000000e+00 5.500000e-02 5.563103e+01 5.563571e+01 0.000000e+00 -3.063233e+00
0.000000e+00 1.100000e-01 2.106507e+01 2.106577e+01 0.000000e+00 -3.063245e+00
0.000000e+00 1.650000e-01 1.369010e+01 1.369044e+01 0.000000e+00 -2.308049e+00
0.000000e+00 2.200000e-01 1.015679e+01 1.015701e+01 0.000000e+00 -1.934441e+00
0.000000e+00 2.750000e-01 7.947500e+00 7.947656e+00 0.000000e+00 -1.645640e+00
0.000000e+00 3.300000e-01 6.565046e+00 6.565162e+00 0.000000e+00 -1.422968e+00
0.000000e+00 3.850000e-01 5.571709e+00 5.571799e+00 0.000000e+00 -1.251090e+00
0.000000e+00 4.400000e-01 4.870484e+00 4.870556e+00 0.000000e+00 -1.107401e+00
0.000000e+00 4.950000e-01 4.330709e+00 4.330768e+00 0.000000e+00 -9.916025e-01
0.000000e+00 5.500000e-01 3.913433e+00 3.913482e+00 0.000000e+00 -8.932922e-01
0.000000e+00 6.050000e-01 3.581965e+00 3.582007e+00 0.000000e+00 -8.100600e-01
0.000000e+00 6.600000e-01 3.311852e+00 3.311888e+00 0.000000e+00 -7.383730e-01
0.000000e+00 7.150000e-01 3.088740e+00 3.088772e+00 0.000000e+00 -6.764190e-01
0.000000e+00 7.700000e-01 2.901363e+00 2.901391e+00 0.000000e+00 -6.221868e-01
0.000000e+00 8.250000e-01 2.742295e+00 2.742320e+00 0.000000e+00 -5.745135e-01
0.000000e+00 8.800000e-01 2.605644e+00 2.605666e+00 0.000000e+00 -5.322546e-01
0.000000e+00 9.350000e-01 2.487215e+00 2.487235e+00 0.000000e+00 -4.946248e-01
0.000000e+00 9.900000e-01 2.383665e+00 2.383683e+00 0.000000e+00 -4.609141e-01
0.000000e+00 1.045000e+00 2.292472e+00 2.292489e+00 0.000000e+00 -4.305833e-01
0.000000e+00 1.100000e+00 2.211610e+00 2.211625e+00 0.000000e+00 -4.031656e-01
0.000000e+00 1.155000e+00 2.139482e+00 2.139496e+00 0.000000e+00 -3.782882e-01
0.000000e+00 1.210000e+00 2.074790e+00 2.074803e+00 0.000000e+00 -3.556329e-01
0.000000e+00 1.265000e+00 2.016481e+00 2.016493e+00 0.000000e+00 -3.349370e-01
0.000000e+00 1.320000e+00 1.963685e+00 1.963697e+00 0.000000e+00 -3.159755e-01
0.000000e+00 1.375000e+00 1.915684e+00 1.915695e+00 0.000000e+00 -2.985581e-01
0.000000e+00 1.430000e+00 1.871875e+00 1.871885e+00 0.000000e+00 -2.825199e-01
0.000000e+00 1.485000e+00 1.831750e+00 1.831760e+00 0.000000e+00 -2.677181e-01
0.000000e+00 1.540000e+00 1.794880e+00 1.794889e+00 0.000000e+00 -2.540272e-01
0.000000e+00 1.595000e+00 1.760898e+00 1.760907e+00 0.000000e+00 -2.413372e-01
0.000000e+00 1.650000e+00 1.729490e+00 1.729498e+00 0.000000e+00 -2.295510e-01
0.000000e+00 1.705000e+00 1.700383e+00 1.700391e+00 0.000000e+00 -2.185846e-01
0.000000e+00 1.760000e+00 1.673344e+00 1.673351e+00 0.000000e+00 -2.083644e-01
0.000000e+00 1.815000e+00 1.648166e+00 1.648172e+00 0.000000e+00 -1.988256e-01
0.000000e+00 1.870000e+00 1.624671e+00 1.624677e+00 0.000000e+00 -1.899105e-01
0.000000e+00 1.925000e+00 1.602703e+00 1.602709e+00 0.000000e+00 -1.815668e-01
0.000000e+00 1.980000e+00 1.582122e+00 1.582128e+00 0.000000e+00 -1.737476e-01
0.000000e+00 2.035000e+00 1.562806e+00 1.562811e+00 0.000000e+00 -1.664101e-01
0.000000e+00 2.090000e+00 1.544645e+00 1.544650e+00 0.000000e+00 -1.595161e-01
0.000000e+00 2.145000e+00 1.527542e+00 1.527547e+00 0.000000e+00 -1.530310e-01
0.000000e+00 2.200000e+00 1.511410e+00 1.511415e+00 0.000000e+00 -1.469236e-01
0.000000e+00 2.255000e+00 1.496173e+00 1.496177e+00 0.000000e+00 -1.411652e-01
0.000000e+00 2.310000e+00 1.481761e+00 1.481765e+00 0.000000e+00 -1.357298e-01
0.000000e+00 2.365000e+00 1.468113e+00 1.468117e+00 0.000000e+00 -1.305939e-01
0.000000e+00 2.420000e+00 1.455173e+00 1.455177e+00 0.000000e+00 -1.257364e-01
0.000000e+00 2.475000e+00 1.442892e+00 1.442895e+00 0.000000e+00 -1.211385e-01
0.000000e+00 2.530000e+00 1.431222e+00 1.431226e+00 0.000000e+00 -1.167836e-01
0.000000e+00 2.585000e+00 1.420122e+00 1.420126e+00 0.000000e+00 -1.126559e-01
0.000000e+00 2.640000e+00 1.409552e+00 1.409556e+00 0.000000e+00 -1.087400e-01
0.000000e+00 2.695000e+00 1.399475e+00 1.399479e+00 0.000000e+00 -1.050203e-01
0.000000e+00 2.750000e+00 1.389857e+00 1.389860e+00 0.000000e+00 -1.014819e-01
0.000000e+00 2.805000e+00 1.380667e+00 1.380670e+00 0.000000e+00 -9.811339e-02
0.000000e+00 2.860000e+00 1.371889e+00 1.371892e+00 0.000000e+00 -9.490912e-02
0.000000e+00 2.915000e+00 1.363510e+00 1.363513e+00 0.000000e+00 -9.186933e-02
0.000000e+00 2.970000e+00 1.355525e+00 1.355528e+00 0.000000e+00 -8.899603e-02
0.000000e+00 3.025000e+00 1.347918e+00 1.347921e+00 0.000000e+00 -8.628475e-02
0.000000e+00 3.080000e+00 1.340654e+00 1.340657e+00 0.000000e+00 -8.371650e-02
0.000000e+00 3.135000e+00 1.333675e+00 1.333678e+00 0.000000e+00 -8.125680e-02
0.000000e+00 3.190000e+00 1.326918e+00 1.326920e+00 0.000000e+00 -7.886679e-02
0.000000e+00 3.245000e+00 1.320339e+00 1.320341e+00 0.000000e+00 -7.652292e-02
0.000000e+00 3.300000e+00 1.313942e+00 1.313944e+00 0.000000e+00 -7.423300e-02
0.000000e+00 3.355000e+00 1.307775e+00 1.307777e+00 0.000000e+00 -7.203544e-02
0.000000e+00 3.410000e+00 1.301903e+00 1.301905e+00 0.000000e+00 -6.997761e-02
0.000000e+00 3.465000e+00 1.296357e+00 1.296359e+00 0.000000e+00 -6.808268e-02
0.000000e+00 3.520000e+00 1.291104e+00 1.291106e+00 0.000000e+00 -6.632547e-02
0.000000e+00 3.575000e+00 1.286047e+00 1.286049e+00 0.000000e+00 -6.463902e-02
0.000000e+00 3.630000e+00 1.281087e+00 1.281089e+00 0.000000e+00 -6.295460e-02
0.000000e+00 3.685000e+00 1.276180e+00 1.276182e+00 0.000000e+00 -6.124812e-02
0.000000e+00 3.740000e+00 1.271367e+00 1.271368e+00 0.000000e+00 -5.955693e-02
0.000000e+00 3.795000e+00 1.266739e+00 1.266740e+00 0.000000e+00 -5.795431e-02
0.000000e+00 3.850000e+00 1.262374e+00 1.262375e+00 0.000000e+00 -5.649918e-02
0.000000e+00 3.905000e+00 1.258276e+00 1.258278e+00 0.000000e+00 -5.519352e-02
0.000000e+00 3.960000e+00 1.254371e+00 1.254372e+00 0.000000e+00 -5.397923e-02
0.000000e+00 4.015000e+00 1.250557e+00 1.250558e+00 0.000000e+00 -5.278083e-02
0.000000e+00 4.070000e+00 1.246783e+00 1.246784e+00 0.000000e+00 -5.155955e-02
0.000000e+00 4.125000e+00 1.243071e+00 1.243073e+00 0.000000e+00 -5.033437e-02
0.000000e+00 4.180000e+00 1.239490e+00 1.239491e+00 0.000000e+00 -4.915797e-02
0.000000e+00 4.235000e+00 1.236093e+00 1.236095e+00 0.000000e+00 -4.807316e-02
0.000000e+00 4.290000e+00 1.232885e+00 1.232886e+00 0.000000e+00 -4.708344e-02
0.000000e+00 4.345000e+00 1.229818e+00 1.229819e+00 0.000000e+00 -4.615663e-02
0.000000e+00 4.400000e+00 1.226838e+00 1.226839e+00 0.000000e+00 -4.525361e-02
0.000000e+00 4.455000e+00 1.223913e+00 1.223914e+00 0.000000e+00 -4.435526e-02
0.000000e+00 4.510000e+00 1.221045e+00 1.221046e+00 0.000000e+00 -4.346666e-02
0.000000e+00 4.565000e+00 1.218248e+00 1.218249e+00 0.000000e+00 -4.260162e-02
0.000000e+00 4.620000e+00 1.215527e+00 1.215528e+00 0.000000e+00 -4.176607e-02
0.000000e+00 4.675000e+00 1.212871e+00 1.212872e+00 0.000000e+00 -4.095411e-02
0.000000e+00 4.730000e+00 1.210268e+00 1.210269e+00 0.000000e+00 -4.015627e-02
0.000000e+00 4.785000e+00 1.207711e+00 1.207712e+00 0.000000e+00 -3.936930e-02
0.000000e+00 4.840000e+00 1.205208e+00 1.205209e+00 0.000000e+00 -3.859813e-02
0.000000e+00 4.895000e+00 1.202772e+00 1.202773e+00 0.000000e+00 -3.785054e-02
0.000000e+00 4.950000e+00 1.200410e+00 1.200411e+00 0.000000e+00 -3.713092e-02
0.000000e+00 5.005000e+00 1.198124e+00 1.198125e+00 0.000000e+00 -3.643832e-02
0.000000e+00 5.060000e+00 1.195909e+00 1.195910e+00 0.000000e+00 -3.576880e-02
0.000000e+00 5.115000e+00 1.193759e+00 1.193760e+00 0.000000e+00 -3.511847e-02
0.000000e+00 5.170000e+00 1.191670e+00 1.191671e+00 0.000000e+00 -3.448477e-02
0.000000e+00 5.225000e+00 1.189635e+00 1.189636e+00 0.000000e+00 -3.386604e-02
0.000000e+00 5.280000e+00 1.187651e+00 1.187652e+00 0.000000e+00 -3.326082e-02
0.000000e+00 5.335000e+00 1.185713e+00 1.185714e+00 0.000000e+00 -3.266803e-02
0.000000e+00 5.390000e+00 1.183821e+00 1.183822e+00 0.000000e+00 -3.208739e-02
0.000000e+00 5.445000e+00 1.181975e+00 1.181976e+00 0.000000e+00 -3.151956e-02
0.000000e+00 5.500000e+00 1.180176e+00 1.180177e+00 0.000000e+00 -3.096559e-02
0.000000e+00 5.555000e+00 1.178426e+00 1.178427e+00 0.000000e+00 -3.042614e-02
0.000000e+00 5.610000e+00 1.176725e+00 1.176725e+00 0.000000e+00 -2.990093e-02
0.000000e+00 5.665000e+00 1.175069e+00 1.175070e+00 0.000000e+00 -2.938873e-02
0.000000e+00 5.720000e+00 1.173457e+00 1.173458e+00 0.000000e+00 -2.888784e-02
0.000000e+00 5.775000e+00 1.171884e+00 1.171885e+00 0.000000e+00 -2.839677e-02
0.000000e+00 5.830000e+00 1.170348e+00 1.170349e+00 0.000000e+00 -2.791457e-02
0.000000e+00 5.885000e+00 1.168847e+00 1.168847e+00 0.000000e+00 -2.744090e-02
0.000000e+00 5.940000e+00 1.167378e+00 1.167379e+00 0.000000e+00 -2.697565e-02
0.000000e+00 5.995000e+00 1.165942e+00 1.165942e+00 0.000000e+00 -2.651870e-02
0.000000e+00 6.050000e+00 1.164535e+00 1.164536e+00 0.000000e+00 -2.606981e-02
0.000000e+00 6.105000e+00 1.163158e+00 1.163159e+00 0.000000e+00 -2.562873e-02
0.000000e+00 6.160000e+00 1.161811e+00 1.161811e+00 0.000000e+00 -2.519515e-02
0.000000e+00 6.215000e+00 1.160492e+00 1.160492e+00 0.000000e+00 -2.476867e-02
0.000000e+00 6.270000e+00 1.159203e+00 1.159203e+00 0.000000e+00 -2.434850e-02
0.000000e+00 6.325000e+00 1.157943e+00 1.157944e+00 0.000000e+00 -2.393357e-02
0.000000e+00 6.380000e+00 1.156713e+00 1.156714e+00 0.000000e+00 -2.352269e-02
0.000000e+00 6.435000e+00 1.155513e+00 1.155513e+00 0.000000e+00 -2.311501e-02
0.000000e+00 6.490000e+00 1.154342e+00 1.154342e+00 0.000000e+00 -2.271015e-02
0.000000e+00 6.545000e+00 1.153199e+00 1.153199e+00 0.000000e+00 -2.230817e-02
0.000000e+00 6.600000e+00 1.152083e+00 1.152084e+00 0.000000e+00 -2.190944e-02
0.000000e+00 6.655000e+00 1.150994e+00 1.150994e+00 0.000000e+00 -2.151438e-02
0.000000e+00 6.710000e+00 1.149928e+00 1.149929e+00 0.000000e+00 -2.112348e-02
0.000000e+00 6.765000e+00 1.148887e+00 1.148888e+00 0.000000e+00 -2.073715e-02
0.000000e+00 6.820000e+00 1.147869e+00 1.147869e+00 0.000000e+00 -2.035555e-02
0.000000e+00 6.875000e+00 1.146873e+00 1.146874e+00 0.000000e+00 -1.997832e-02
0.000000e+00 6.930000e+00 1.145900e+00 1.145901e+00 0.000000e+00 -1.960457e-02
0.000000e+00 6.985000e+00 1.144949e+00 1.144950e+00 0.000000e+00 -1.923304e-02
0.000000e+00 7.040000e+00 1.144020e+00 1.144020e+00 0.000000e+00 -1.886257e-02
0.000000e+00 7.095000e+00 1.143112e+00 1.143113e+00 0.000000e+00 -1.849245e-02
0.000000e+00 7.150000e+00 1.142227e+00 1.142227e+00 0.000000e+00 -1.812249e-02
0.000000e+00 7.205000e+00 1.141363e+00 1.141363e+00 0.000000e+00 -1.775286e-02
0.000000e+00 7.260000e+00 1.140520e+00 1.140520e+00 0.000000e+00 -1.738397e-02
0.000000e+00 7.315000e+00 1.139695e+00 1.139695e+00 0.000000e+00 -1.701652e-02
0.000000e+00 7.370000e+00 1.138886e+00 1.138886e+00 0.000000e+00 -1.665163e-02
0.000000e+00 7.425000e+00 1.138091e+00 1.138091e+00 0.000000e+00 -1.629093e-02
0.000000e+00 7.480000e+00 1.137308e+00 1.137308e+00 0.000000e+00 -1.593624e-02
0.000000e+00 7.535000e+00 1.136536e+00 1.136536e+00 0.000000e+00 -1.558895e-02
0.000000e+00 7.590000e+00 1.135776e+00 1.135776e+00 0.000000e+00 -1.524937e-02
0.000000e+00 7.645000e+00 1.135026e+00 1.135026e+00 0.000000e+00 -1.491636e-02
0.000000e+00 7.700000e+00 1.134287e+00 1.134287e+00 0.000000e+00 -1.458754e-02
0.000000e+00 7.755000e+00 1.133557e+00 1.133558e+00 0.000000e+00 -1.425994e-02
0.000000e+00 7.810000e+00 1.132840e+00 1.132840e+00 0.000000e+00 -1.393078e-02
0.000000e+00 7.865000e+00 1.132136e+00 1.132136e+00 0.000000e+00 -1.359816e-02
0.000000e+00 7.920000e+00 1.131450e+00 1.131450e+00 0.000000e+00 -1.326143e-02
0.000000e+00 7.975000e+00 1.130785e+00 1.130785e+00 0.000000e+00 -1.292124e-02
0.000000e+00 8.030000e+00 1.130143e+00 1.130143e+00 0.000000e+00 -1.257923e-02
0.000000e+00 8.085000e+00 1.129523e+00 1.129524e+00 0.000000e+00 -1.223753e-02
0.000000e+00 8.140000e+00 1.128923e+00 1.128924e+00 0.000000e+00 -1.189809e-02
0.000000e+00 8.195000e+00 1.128339e+00 1.128339e+00 0.000000e+00 -1.156206e-02
0.000000e+00 8.250000e+00 1.127764e+00 1.127764e+00 0.000000e+00 -1.122953e-02
0.000000e+00 8.305000e+00 1.127194e+00 1.127194e+00 0.000000e+00 -1.089966e-02
0.000000e+00 8.360000e+00 1.126628e+00 1.126628e+00 0.000000e+00 -1.057125e-02
0.000000e+00 8.415000e+00 1.126064e+00 1.126064e+00 0.000000e+00 -1.024339e-02
0.000000e+00 8.470000e+00 1.125504e+00 1.125504e+00 0.000000e+00 -9.915804e-03
0.000000e+00 8.525000e+00 1.124953e+00 1.124953e+00 0.000000e+00 -9.588895e-03
0.000000e+00 8.580000e+00 1.124413e+00 1.124414e+00 0.000000e+00 -9.263299e-03
0.000000e+00 8.635000e+00 1.123891e+00 1.123891e+00 0.000000e+00 -8.939372e-03
0.000000e+00 8.690000e+00 1.123389e+00 1.123389e+00 0.000000e+00 -8.616749e-03
0.000000e+00 8.745000e+00 1.122906e+00 1.122906e+00 0.000000e+00 -8.294157e-03
0.000000e+00 8.800000e+00 1.122441e+00 1.122441e+00 0.000000e+00 -7.969515e-03
0.000000e+00 8.855000e+00 1.121989e+00 1.121990e+00 0.000000e+00 -7.640385e-03
0.000000e+00 8.910000e+00 1.121546e+00 1.121546e+00 0.000000e+00 -7.304757e-03
0.000000e+00 8.965000e+00 1.121109e+00 1.121109e+00 0.000000e+00 -6.961995e-03
0.000000e+00 9.020000e+00 1.120677e+00 1.120677e+00 0.000000e+00 -6.613481e-03
0.000000e+00 9.075000e+00 1.120251e+00 1.120251e+00 0.000000e+00 -6.262289e-03
0.000000e+00 9.130000e+00 1.119835e+00 1.119835e+00 0.000000e+00 -5.911587e-03
0.000000e+00 9.185000e+00 1.119429e+00 1.119429e+00 0.000000e+00 -5.562336e-03
0.000000e+00 9.240000e+00 1.119033e+00 1.119033e+00 0.000000e+00 -5.211508e-03
0.000000e+00 9.295000e+00 1.118646e+00 1.118647e+00 0.000000e+00 -4.852169e-03
0.000000e+00 9.350000e+00 1.118268e+00 1.118268e+00 0.000000e+00 -4.475189e-03
0.000000e+00 9.405000e+00 1.117898e+00 1.117898e+00 0.000000e+00 -4.072352e-03
0.000000e+00 9.460000e+00 1.117539e+00 1.117537e+00 0.000000e+00 -3.639654e-03
0.000000e+00 9.515000e+00 1.117190e+00 1.117188e+00 0.000000e+00 -3.183657e-03
0.000000e+00 9.570000e+00 1.116854e+00 1.116849e+00 0.000000e+00 -2.728268e-03
0.000000e+00 9.625000e+00 1.116527e+00 1.116521e+00 0.000000e+00 -2.322045e-03
0.000000e+00 9.680000e+00 1.116208e+00 1.116201e+00 0.000000e+00 -2.027091e-03
0.000000e+00 9.735000e+00 1.115893e+00 1.115884e+00 0.000000e+00 -1.894159e-03
0.000000e+00 9.790000e+00 1.115578e+00 1.115568e+00 0.000000e+00 -1.913720e-03
0.000000e+00 9.845000e+00 1.115255e+00 1.115245e+00 0.000000e+00 -2.005908e-03
0.000000e+00 9.900000e+00 1.114931e+00 1.114921e+00 0.000000e+00 -2.025001e-03
0.000000e+00 9.955000e+00 1.114586e+00 1.114576e+00 0.000000e+00 -1.888595e-03
0.000000e+00 1.001000e+01 1.105114e+00 1.105104e+00 -0.000000e+00 -1.013850e-02
0.000000e+00 1.006500e+01 1.105114e+00 1.105104e+00 -0.000000e+00 -1.013850e-02
0.000000e+00 1.012000e+01 1.105114e+00 1.105104e+00 -0.000000e+00 -1.013850e-02
0.000000e+00 1.017500e+01 1.105114e+00 1.105104e+00 -0.000000e+00 -1.013850e-02
0.000000e+00 1.023000e+01 1.105114e+00 1.105104e+00 -0.000000e+00 -1.013850e-02
0.000000e+00 1.028500e+01 1.105114e+00 1.105104e+00 -0.000000e+00 -1.013850e-02
0.000000e+00 1.034000e+01 1.105114e+00 1.105104e+00 -0.000000e+00 -1.013850e-02
0.000000e+00 1.039500e+01 1.105114e+00 1.105104e+00 -0.000000e+00 -1.013850e-02
0.000000e+00 1.045000e+01 1.105114e+00 1.105104e+00 -0.000000e+00 -1.013850e-02
0.000000e+00 1.050500e+01 1.105114e+00 1.105104e+00 -0.000000e+00 -1.013850e-02
0.000000e+00 1.056000e+01 1.105114e+00 1.105104e+00 -0.000000e+00 -1.013850e-02
0.000000e+00 1.061500e+01 1.105114e+00 1.105104e+00 -0.000000e+00 -1.013850e-02
0.000000e+00 1.067000e+01 1.105114e+00 1.105104e+00 -0.000000e+00 -1.013850e-02
0.000000e+00 1.072500e+01 1.105114e+00 1.105104e+00 -0.000000e+00 -1.013850e-02
0.000000e+00 1.078000e+01 1.105114e+00 1.105104e+00 -0.000000e+00 -1.013850e-02
0.000000e+00 1.083500e+01 1.105114e+00 1.105104e+00 -0.000000e+00 -1.013850e-02
0.000000e+00 1.089000e+01 1.105114e+00 1.105104e+00 -0.000000e+00 -1.013850e-02
0.000000e+00 1.094500e+01 1.105114e+00 1.105104e+00 -0.000000e+00 -1.013850e-02
0.000000e+00 1.100000e+01 1.105114e+00 1.105104e+00 -0.000000e+00 -1.013850e-02
