#############TIME##################
1.580398e+01 
###################################
0.000000e+00 0.000000e+00 5.662912e+01 5.663390e+01 0.000000e+00 -3.063022e+00
0.000000e+00 5.500000e-02 5.662912e+01 5.663390e+01 0.000000e+00 -3.063022e+00
0.000000e+00 1.100000e-01 2.144192e+01 2.144264e+01 0.000000e+00 -3.063035e+00
0.000000e+00 1.650000e-01 1.393508e+01 1.393543e+01 0.000000e+00 -2.307675e+00
0.000000e+00 2.200000e-01 1.033858e+01 1.033881e+01 0.000000e+00 -1.933972e+00
0.000000e+00 2.750000e-01 8.089661e+00 8.089821e+00 0.000000e+00 -1.645085e+00
0.000000e+00 3.300000e-01 6.682453e+00 6.682572e+00 0.000000e+00 -1.422321e+00
0.000000e+00 3.850000e-01 5.671268e+00 5.671361e+00 0.000000e+00 -1.250359e+00
0.000000e+00 4.400000e-01 4.957457e+00 4.957532e+00 0.000000e+00 -1.106582e+00
0.000000e+00 4.950000e-01 4.407986e+00 4.408047e+00 0.000000e+00 -9.906959e-01
0.000000e+00 5.500000e-01 3.983179e+00 3.983230e+00 0.000000e+00 -8.923044e-01
0.000000e+00 6.050000e-01 3.645734e+00 3.645778e+00 0.000000e+00 -8.089887e-01
0.000000e+00 6.600000e-01 3.370748e+00 3.370785e+00 0.000000e+00 -7.372172e-01
0.000000e+00 7.150000e-01 3.143607e+00 3.143639e+00 0.000000e+00 -6.751788e-01
0.000000e+00 7.700000e-01 2.952841e+00 2.952870e+00 0.000000e+00 -6.208619e-01
0.000000e+00 8.250000e-01 2.790892e+00 2.790918e+00 0.000000e+00 -5.731031e-01
0.000000e+00 8.800000e-01 2.651765e+00 2.651788e+00 0.000000e+00 -5.307573e-01
0.000000e+00 9.350000e-01 2.531189e+00 2.531210e+00 0.000000e+00 -4.930387e-01
0.000000e+00 9.900000e-01 2.425761e+00 2.425780e+00 0.000000e+00 -4.592374e-01
0.000000e+00 1.045000e+00 2.332913e+00 2.332930e+00 0.000000e+00 -4.288142e-01
0.000000e+00 1.100000e+00 2.250578e+00 2.250594e+00 0.000000e+00 -4.013031e-01
0.000000e+00 1.155000e+00 2.177135e+00 2.177149e+00 0.000000e+00 -3.763312e-01
0.000000e+00 1.210000e+00 2.111258e+00 2.111272e+00 0.000000e+00 -3.535805e-01
0.000000e+00 1.265000e+00 2.051879e+00 2.051892e+00 0.000000e+00 -3.327881e-01
0.000000e+00 1.320000e+00 1.998112e+00 1.998124e+00 0.000000e+00 -3.137288e-01
0.000000e+00 1.375000e+00 1.949226e+00 1.949237e+00 0.000000e+00 -2.962115e-01
0.000000e+00 1.430000e+00 1.904607e+00 1.904617e+00 0.000000e+00 -2.800715e-01
0.000000e+00 1.485000e+00 1.863739e+00 1.863748e+00 0.000000e+00 -2.651659e-01
0.000000e+00 1.540000e+00 1.826184e+00 1.826193e+00 0.000000e+00 -2.513696e-01
0.000000e+00 1.595000e+00 1.791568e+00 1.791577e+00 0.000000e+00 -2.385729e-01
0.000000e+00 1.650000e+00 1.759570e+00 1.759578e+00 0.000000e+00 -2.266792e-01
0.000000e+00 1.705000e+00 1.729914e+00 1.729922e+00 0.000000e+00 -2.156045e-01
0.000000e+00 1.760000e+00 1.702358e+00 1.702366e+00 0.000000e+00 -2.052749e-01
0.000000e+00 1.815000e+00 1.676695e+00 1.676702e+00 0.000000e+00 -1.956257e-01
0.000000e+00 1.870000e+00 1.652741e+00 1.652747e+00 0.000000e+00 -1.865983e-01
0.000000e+00 1.925000e+00 1.630337e+00 1.630343e+00 0.000000e+00 -1.781404e-01
0.000000e+00 1.980000e+00 1.609343e+00 1.609349e+00 0.000000e+00 -1.702043e-01
0.000000e+00 2.035000e+00 1.589637e+00 1.589642e+00 0.000000e+00 -1.627468e-01
0.000000e+00 2.090000e+00 1.571108e+00 1.571113e+00 0.000000e+00 -1.557290e-01
0.000000e+00 2.145000e+00 1.553659e+00 1.553664e+00 0.000000e+00 -1.491160e-01
0.000000e+00 2.200000e+00 1.537201e+00 1.537207e+00 0.000000e+00 -1.428762e-01
0.000000e+00 2.255000e+00 1.521656e+00 1.521661e+00 0.000000e+00 -1.369814e-01
0.000000e+00 2.310000e+00 1.506950e+00 1.506955e+00 0.000000e+00 -1.314061e-01
0.000000e+00 2.365000e+00 1.493018e+00 1.493023e+00 0.000000e+00 -1.261272e-01
0.000000e+00 2.420000e+00 1.479801e+00 1.479805e+00 0.000000e+00 -1.211240e-01
0.000000e+00 2.475000e+00 1.467246e+00 1.467250e+00 0.000000e+00 -1.163769e-01
0.000000e+00 2.530000e+00 1.455306e+00 1.455310e+00 0.000000e+00 -1.118685e-01
0.000000e+00 2.585000e+00 1.443941e+00 1.443945e+00 0.000000e+00 -1.075821e-01
0.000000e+00 2.640000e+00 1.433112e+00 1.433116e+00 0.000000e+00 -1.035029e-01
0.000000e+00 2.695000e+00 1.422785e+00 1.422789e+00 0.000000e+00 -9.961724e-02
0.000000e+00 2.750000e+00 1.412927e+00 1.412930e+00 0.000000e+00 -9.591256e-02
0.000000e+00 2.805000e+00 1.403506e+00 1.403510e+00 0.000000e+00 -9.237756e-02
0.000000e+00 2.860000e+00 1.394495e+00 1.394499e+00 0.000000e+00 -8.900184e-02
0.000000e+00 2.915000e+00 1.385867e+00 1.385870e+00 0.000000e+00 -8.577584e-02
0.000000e+00 2.970000e+00 1.377598e+00 1.377601e+00 0.000000e+00 -8.269069e-02
0.000000e+00 3.025000e+00 1.369667e+00 1.369670e+00 0.000000e+00 -7.973813e-02
0.000000e+00 3.080000e+00 1.362055e+00 1.362058e+00 0.000000e+00 -7.691032e-02
0.000000e+00 3.135000e+00 1.354746e+00 1.354749e+00 0.000000e+00 -7.419968e-02
0.000000e+00 3.190000e+00 1.347723e+00 1.347726e+00 0.000000e+00 -7.159875e-02
0.000000e+00 3.245000e+00 1.340973e+00 1.340976e+00 0.000000e+00 -6.910015e-02
0.000000e+00 3.300000e+00 1.334483e+00 1.334485e+00 0.000000e+00 -6.669673e-02
0.000000e+00 3.355000e+00 1.328240e+00 1.328242e+00 0.000000e+00 -6.438189e-02
0.000000e+00 3.410000e+00 1.322231e+00 1.322234e+00 0.000000e+00 -6.214992e-02
0.000000e+00 3.465000e+00 1.316446e+00 1.316448e+00 0.000000e+00 -5.999618e-02
0.000000e+00 3.520000e+00 1.310872e+00 1.310874e+00 0.000000e+00 -5.791719e-02
0.000000e+00 3.575000e+00 1.305497e+00 1.305500e+00 0.000000e+00 -5.591027e-02
0.000000e+00 3.630000e+00 1.300311e+00 1.300314e+00 0.000000e+00 -5.397310e-02
0.000000e+00 3.685000e+00 1.295304e+00 1.295306e+00 0.000000e+00 -5.210318e-02
0.000000e+00 3.740000e+00 1.290467e+00 1.290469e+00 0.000000e+00 -5.029748e-02
0.000000e+00 3.795000e+00 1.285791e+00 1.285793e+00 0.000000e+00 -4.855228e-02
0.000000e+00 3.850000e+00 1.281270e+00 1.281272e+00 0.000000e+00 -4.686338e-02
0.000000e+00 3.905000e+00 1.276898e+00 1.276900e+00 0.000000e+00 -4.522647e-02
0.000000e+00 3.960000e+00 1.272670e+00 1.272672e+00 0.000000e+00 -4.363759e-02
0.000000e+00 4.015000e+00 1.268582e+00 1.268583e+00 0.000000e+00 -4.209343e-02
0.000000e+00 4.070000e+00 1.264628e+00 1.264630e+00 0.000000e+00 -4.059155e-02
0.000000e+00 4.125000e+00 1.260805e+00 1.260807e+00 0.000000e+00 -3.913036e-02
0.000000e+00 4.180000e+00 1.257108e+00 1.257109e+00 0.000000e+00 -3.770906e-02
0.000000e+00 4.235000e+00 1.253528e+00 1.253530e+00 0.000000e+00 -3.632748e-02
0.000000e+00 4.290000e+00 1.250058e+00 1.250059e+00 0.000000e+00 -3.498591e-02
0.000000e+00 4.345000e+00 1.246688e+00 1.246689e+00 0.000000e+00 -3.368487e-02
0.000000e+00 4.400000e+00 1.243411e+00 1.243412e+00 0.000000e+00 -3.242480e-02
0.000000e+00 4.455000e+00 1.240221e+00 1.240222e+00 0.000000e+00 -3.120572e-02
0.000000e+00 4.510000e+00 1.237115e+00 1.237116e+00 0.000000e+00 -3.002678e-02
0.000000e+00 4.565000e+00 1.234091e+00 1.234093e+00 0.000000e+00 -2.888596e-02
0.000000e+00 4.620000e+00 1.231150e+00 1.231152e+00 0.000000e+00 -2.777984e-02
0.000000e+00 4.675000e+00 1.228292e+00 1.228294e+00 0.000000e+00 -2.670380e-02
0.000000e+00 4.730000e+00 1.225518e+00 1.225519e+00 0.000000e+00 -2.565256e-02
0.000000e+00 4.785000e+00 1.222828e+00 1.222830e+00 0.000000e+00 -2.462115e-02
0.000000e+00 4.840000e+00 1.220224e+00 1.220225e+00 0.000000e+00 -2.360601e-02
0.000000e+00 4.895000e+00 1.217704e+00 1.217705e+00 0.000000e+00 -2.260574e-02
0.000000e+00 4.950000e+00 1.215266e+00 1.215267e+00 0.000000e+00 -2.162119e-02
0.000000e+00 5.005000e+00 1.212905e+00 1.212906e+00 0.000000e+00 -2.065479e-02
0.000000e+00 5.060000e+00 1.210613e+00 1.210614e+00 0.000000e+00 -1.970945e-02
0.000000e+00 5.115000e+00 1.208384e+00 1.208385e+00 0.000000e+00 -1.878745e-02
0.000000e+00 5.170000e+00 1.206213e+00 1.206214e+00 0.000000e+00 -1.788994e-02
0.000000e+00 5.225000e+00 1.204095e+00 1.204096e+00 0.000000e+00 -1.701680e-02
0.000000e+00 5.280000e+00 1.202031e+00 1.202032e+00 0.000000e+00 -1.616701e-02
0.000000e+00 5.335000e+00 1.200020e+00 1.200021e+00 0.000000e+00 -1.533891e-02
0.000000e+00 5.390000e+00 1.198062e+00 1.198063e+00 0.000000e+00 -1.453033e-02
0.000000e+00 5.445000e+00 1.196159e+00 1.196160e+00 0.000000e+00 -1.373872e-02
0.000000e+00 5.500000e+00 1.194311e+00 1.194312e+00 0.000000e+00 -1.296136e-02
0.000000e+00 5.555000e+00 1.192518e+00 1.192518e+00 0.000000e+00 -1.219582e-02
0.000000e+00 5.610000e+00 1.190781e+00 1.190782e+00 0.000000e+00 -1.144042e-02
0.000000e+00 5.665000e+00 1.189099e+00 1.189100e+00 0.000000e+00 -1.069457e-02
0.000000e+00 5.720000e+00 1.187472e+00 1.187472e+00 0.000000e+00 -9.958729e-03
0.000000e+00 5.775000e+00 1.185894e+00 1.185895e+00 0.000000e+00 -9.234303e-03
0.000000e+00 5.830000e+00 1.184363e+00 1.184364e+00 0.000000e+00 -8.523388e-03
0.000000e+00 5.885000e+00 1.182874e+00 1.182874e+00 0.000000e+00 -7.828630e-03
0.000000e+00 5.940000e+00 1.181423e+00 1.181424e+00 0.000000e+00 -7.152978e-03
0.000000e+00 5.995000e+00 1.180008e+00 1.180009e+00 0.000000e+00 -6.499168e-03
0.000000e+00 6.050000e+00 1.178627e+00 1.178628e+00 0.000000e+00 -5.868848e-03
0.000000e+00 6.105000e+00 1.177278e+00 1.177278e+00 0.000000e+00 -5.261600e-03
0.000000e+00 6.160000e+00 1.175957e+00 1.175957e+00 0.000000e+00 -4.674440e-03
0.000000e+00 6.215000e+00 1.174663e+00 1.174664e+00 0.000000e+00 -4.102435e-03
0.000000e+00 6.270000e+00 1.173398e+00 1.173399e+00 0.000000e+00 -3.540562e-03
0.000000e+00 6.325000e+00 1.172166e+00 1.172167e+00 0.000000e+00 -2.985936e-03
0.000000e+00 6.380000e+00 1.170973e+00 1.170973e+00 0.000000e+00 -2.438968e-03
0.000000e+00 6.435000e+00 1.169820e+00 1.169821e+00 0.000000e+00 -1.902652e-03
0.000000e+00 6.490000e+00 1.168706e+00 1.168706e+00 0.000000e+00 -1.380866e-03
0.000000e+00 6.545000e+00 1.167620e+00 1.167620e+00 0.000000e+00 -8.775602e-04
0.000000e+00 6.600000e+00 1.166554e+00 1.166555e+00 0.000000e+00 -3.972914e-04
0.000000e+00 6.655000e+00 1.165509e+00 1.165510e+00 0.000000e+00 5.513372e-05
0.000000e+00 6.710000e+00 1.164492e+00 1.164493e+00 0.000000e+00 4.784997e-04
0.000000e+00 6.765000e+00 1.163509e+00 1.163510e+00 0.000000e+00 8.807989e-04
0.000000e+00 6.820000e+00 1.162557e+00 1.162557e+00 0.000000e+00 1.279650e-03
0.000000e+00 6.875000e+00 1.161625e+00 1.161626e+00 0.000000e+00 1.691833e-03
0.000000e+00 6.930000e+00 1.160710e+00 1.160711e+00 0.000000e+00 2.117274e-03
0.000000e+00 6.985000e+00 1.159824e+00 1.159825e+00 0.000000e+00 2.533224e-03
0.000000e+00 7.040000e+00 1.158989e+00 1.158989e+00 0.000000e+00 2.909484e-03
0.000000e+00 7.095000e+00 1.158213e+00 1.158213e+00 0.000000e+00 3.236323e-03
0.000000e+00 7.150000e+00 1.157475e+00 1.157476e+00 0.000000e+00 3.540352e-03
0.000000e+00 7.205000e+00 1.156740e+00 1.156740e+00 0.000000e+00 3.868381e-03
0.000000e+00 7.260000e+00 1.155981e+00 1.155981e+00 0.000000e+00 4.247817e-03
0.000000e+00 7.315000e+00 1.155206e+00 1.155206e+00 0.000000e+00 4.658869e-03
0.000000e+00 7.370000e+00 1.154439e+00 1.154439e+00 0.000000e+00 5.045171e-03
0.000000e+00 7.425000e+00 1.153694e+00 1.153694e+00 0.000000e+00 5.354657e-03
0.000000e+00 7.480000e+00 1.152959e+00 1.152959e+00 0.000000e+00 5.575953e-03
0.000000e+00 7.535000e+00 1.152212e+00 1.152213e+00 0.000000e+00 5.742733e-03
0.000000e+00 7.590000e+00 1.151453e+00 1.151453e+00 0.000000e+00 5.907949e-03
0.000000e+00 7.645000e+00 1.150706e+00 1.150707e+00 0.000000e+00 6.111956e-03
0.000000e+00 7.700000e+00 1.150006e+00 1.150006e+00 0.000000e+00 6.366291e-03
0.000000e+00 7.755000e+00 1.149361e+00 1.149362e+00 0.000000e+00 6.655714e-03
0.000000e+00 7.810000e+00 1.148747e+00 1.148748e+00 0.000000e+00 6.949662e-03
0.000000e+00 7.865000e+00 1.148125e+00 1.148125e+00 0.000000e+00 7.216196e-03
0.000000e+00 7.920000e+00 1.147465e+00 1.147465e+00 0.000000e+00 7.435157e-03
0.000000e+00 7.975000e+00 1.146767e+00 1.146767e+00 0.000000e+00 7.607290e-03
0.000000e+00 8.030000e+00 1.146057e+00 1.146058e+00 0.000000e+00 7.753677e-03
0.000000e+00 8.085000e+00 1.145373e+00 1.145373e+00 0.000000e+00 7.904010e-03
0.000000e+00 8.140000e+00 1.144742e+00 1.144742e+00 0.000000e+00 8.080081e-03
0.000000e+00 8.195000e+00 1.144171e+00 1.144172e+00 0.000000e+00 8.284309e-03
0.000000e+00 8.250000e+00 1.143646e+00 1.143646e+00 0.000000e+00 8.499953e-03
0.000000e+00 8.305000e+00 1.143136e+00 1.143137e+00 0.000000e+00 8.701864e-03
0.000000e+00 8.360000e+00 1.142617e+00 1.142617e+00 0.000000e+00 8.870317e-03
0.000000e+00 8.415000e+00 1.142076e+00 1.142076e+00 0.000000e+00 9.000220e-03
0.000000e+00 8.470000e+00 1.141519e+00 1.141520e+00 0.000000e+00 9.101829e-03
0.000000e+00 8.525000e+00 1.140963e+00 1.140964e+00 0.000000e+00 9.194102e-03
0.000000e+00 8.580000e+00 1.140424e+00 1.140424e+00 0.000000e+00 9.295312e-03
0.000000e+00 8.635000e+00 1.139907e+00 1.139907e+00 0.000000e+00 9.415820e-03
0.000000e+00 8.690000e+00 1.139410e+00 1.139410e+00 0.000000e+00 9.555803e-03
0.000000e+00 8.745000e+00 1.138924e+00 1.138924e+00 0.000000e+00 9.707660e-03
0.000000e+00 8.800000e+00 1.138441e+00 1.138442e+00 0.000000e+00 9.860599e-03
0.000000e+00 8.855000e+00 1.137958e+00 1.137959e+00 0.000000e+00 1.000476e-02
0.000000e+00 8.910000e+00 1.137473e+00 1.137473e+00 0.000000e+00 1.013365e-02
0.000000e+00 8.965000e+00 1.136983e+00 1.136984e+00 0.000000e+00 1.024514e-02
0.000000e+00 9.020000e+00 1.136489e+00 1.136489e+00 0.000000e+00 1.034180e-02
0.000000e+00 9.075000e+00 1.135990e+00 1.135990e+00 0.000000e+00 1.043050e-02
0.000000e+00 9.130000e+00 1.135491e+00 1.135491e+00 0.000000e+00 1.052137e-02
0.000000e+00 9.185000e+00 1.134996e+00 1.134997e+00 0.000000e+00 1.062521e-02
0.000000e+00 9.240000e+00 1.134510e+00 1.134511e+00 0.000000e+00 1.075069e-02
0.000000e+00 9.295000e+00 1.134029e+00 1.134030e+00 0.000000e+00 1.090110e-02
0.000000e+00 9.350000e+00 1.133545e+00 1.133545e+00 0.000000e+00 1.107340e-02
0.000000e+00 9.405000e+00 1.133047e+00 1.133047e+00 0.000000e+00 1.125767e-02
0.000000e+00 9.460000e+00 1.132532e+00 1.132530e+00 0.000000e+00 1.144118e-02
0.000000e+00 9.515000e+00 1.132005e+00 1.132002e+00 0.000000e+00 1.160895e-02
0.000000e+00 9.570000e+00 1.131486e+00 1.131481e+00 0.000000e+00 1.174875e-02
0.000000e+00 9.625000e+00 1.130992e+00 1.130986e+00 0.000000e+00 1.183764e-02
0.000000e+00 9.680000e+00 1.130544e+00 1.130536e+00 0.000000e+00 1.184703e-02
0.000000e+00 9.735000e+00 1.130134e+00 1.130125e+00 0.000000e+00 1.172436e-02
0.000000e+00 9.790000e+00 1.129769e+00 1.129760e+00 0.000000e+00 1.146548e-02
0.000000e+00 9.845000e+00 1.129400e+00 1.129390e+00 0.000000e+00 1.109446e-02
0.000000e+00 9.900000e+00 1.129059e+00 1.129049e+00 0.000000e+00 1.080360e-02
0.000000e+00 9.955000e+00 1.128618e+00 1.128608e+00 0.000000e+00 1.065088e-02
0.000000e+00 1.001000e+01 1.105114e+00 1.105104e+00 -0.000000e+00 -1.013850e-02
0.000000e+00 1.006500e+01 1.105114e+00 1.105104e+00 -0.000000e+00 -1.013850e-02
0.000000e+00 1.012000e+01 1.105114e+00 1.105104e+00 -0.000000e+00 -1.013850e-02
0.000000e+00 1.017500e+01 1.105114e+00 1.105104e+00 -0.000000e+00 -1.013850e-02
0.000000e+00 1.023000e+01 1.105114e+00 1.105104e+00 -0.000000e+00 -1.013850e-02
0.000000e+00 1.028500e+01 1.105114e+00 1.105104e+00 -0.000000e+00 -1.013850e-02
0.000000e+00 1.034000e+01 1.105114e+00 1.105104e+00 -0.000000e+00 -1.013850e-02
0.000000e+00 1.039500e+01 1.105114e+00 1.105104e+00 -0.000000e+00 -1.013850e-02
0.000000e+00 1.045000e+01 1.105114e+00 1.105104e+00 -0.000000e+00 -1.013850e-02
0.000000e+00 1.050500e+01 1.105114e+00 1.105104e+00 -0.000000e+00 -1.013850e-02
0.000000e+00 1.056000e+01 1.105114e+00 1.105104e+00 -0.000000e+00 -1.013850e-02
0.000000e+00 1.061500e+01 1.105114e+00 1.105104e+00 -0.000000e+00 -1.013850e-02
0.000000e+00 1.067000e+01 1.105114e+00 1.105104e+00 -0.000000e+00 -1.013850e-02
0.000000e+00 1.072500e+01 1.105114e+00 1.105104e+00 -0.000000e+00 -1.013850e-02
0.000000e+00 1.078000e+01 1.105114e+00 1.105104e+00 -0.000000e+00 -1.013850e-02
0.000000e+00 1.083500e+01 1.105114e+00 1.105104e+00 -0.000000e+00 -1.013850e-02
0.000000e+00 1.089000e+01 1.105114e+00 1.105104e+00 -0.000000e+00 -1.013850e-02
0.000000e+00 1.094500e+01 1.105114e+00 1.105104e+00 -0.000000e+00 -1.013850e-02
0.000000e+00 1.100000e+01 1.105114e+00 1.105104e+00 -0.000000e+00 -1.013850e-02
