#############TIME##################
1.410548e+01 
###################################
0.000000e+00 0.000000e+00 5.748810e+01 5.749296e+01 0.000000e+00 -3.062826e+00
0.000000e+00 5.500000e-02 5.748810e+01 5.749296e+01 0.000000e+00 -3.062826e+00
0.000000e+00 1.100000e-01 2.176608e+01 2.176681e+01 0.000000e+00 -3.062839e+00
0.000000e+00 1.650000e-01 1.414608e+01 1.414644e+01 0.000000e+00 -2.307300e+00
0.000000e+00 2.200000e-01 1.049537e+01 1.049560e+01 0.000000e+00 -1.933497e+00
0.000000e+00 2.750000e-01 8.212382e+00 8.212546e+00 0.000000e+00 -1.644519e+00
0.000000e+00 3.300000e-01 6.783925e+00 6.784048e+00 0.000000e+00 -1.421661e+00
0.000000e+00 3.850000e-01 5.757385e+00 5.757480e+00 0.000000e+00 -1.249615e+00
0.000000e+00 4.400000e-01 5.032751e+00 5.032827e+00 0.000000e+00 -1.105752e+00
0.000000e+00 4.950000e-01 4.474947e+00 4.475009e+00 0.000000e+00 -9.897815e-01
0.000000e+00 5.500000e-01 4.043678e+00 4.043730e+00 0.000000e+00 -8.913139e-01
0.000000e+00 6.050000e-01 3.701125e+00 3.701170e+00 0.000000e+00 -8.079190e-01
0.000000e+00 6.600000e-01 3.422003e+00 3.422041e+00 0.000000e+00 -7.360640e-01
0.000000e+00 7.150000e-01 3.191471e+00 3.191505e+00 0.000000e+00 -6.739388e-01
0.000000e+00 7.700000e-01 2.997878e+00 2.997908e+00 0.000000e+00 -6.195326e-01
0.000000e+00 8.250000e-01 2.833540e+00 2.833567e+00 0.000000e+00 -5.716836e-01
0.000000e+00 8.800000e-01 2.692366e+00 2.692390e+00 0.000000e+00 -5.292490e-01
0.000000e+00 9.350000e-01 2.570015e+00 2.570036e+00 0.000000e+00 -4.914445e-01
0.000000e+00 9.900000e-01 2.463033e+00 2.463053e+00 0.000000e+00 -4.575606e-01
0.000000e+00 1.045000e+00 2.368817e+00 2.368835e+00 0.000000e+00 -4.270576e-01
0.000000e+00 1.100000e+00 2.285273e+00 2.285290e+00 0.000000e+00 -3.994682e-01
0.000000e+00 1.155000e+00 2.210756e+00 2.210772e+00 0.000000e+00 -3.744189e-01
0.000000e+00 1.210000e+00 2.143923e+00 2.143938e+00 0.000000e+00 -3.515913e-01
0.000000e+00 1.265000e+00 2.083686e+00 2.083699e+00 0.000000e+00 -3.307231e-01
0.000000e+00 1.320000e+00 2.029142e+00 2.029154e+00 0.000000e+00 -3.115902e-01
0.000000e+00 1.375000e+00 1.979547e+00 1.979559e+00 0.000000e+00 -2.940032e-01
0.000000e+00 1.430000e+00 1.934278e+00 1.934289e+00 0.000000e+00 -2.777975e-01
0.000000e+00 1.485000e+00 1.892813e+00 1.892824e+00 0.000000e+00 -2.628299e-01
0.000000e+00 1.540000e+00 1.854711e+00 1.854721e+00 0.000000e+00 -2.489738e-01
0.000000e+00 1.595000e+00 1.819597e+00 1.819606e+00 0.000000e+00 -2.361171e-01
0.000000e+00 1.650000e+00 1.787150e+00 1.787159e+00 0.000000e+00 -2.241606e-01
0.000000e+00 1.705000e+00 1.757093e+00 1.757101e+00 0.000000e+00 -2.130177e-01
0.000000e+00 1.760000e+00 1.729184e+00 1.729191e+00 0.000000e+00 -2.026132e-01
0.000000e+00 1.815000e+00 1.703210e+00 1.703217e+00 0.000000e+00 -1.928816e-01
0.000000e+00 1.870000e+00 1.678984e+00 1.678991e+00 0.000000e+00 -1.837655e-01
0.000000e+00 1.925000e+00 1.656340e+00 1.656347e+00 0.000000e+00 -1.752145e-01
0.000000e+00 1.980000e+00 1.635131e+00 1.635137e+00 0.000000e+00 -1.671837e-01
0.000000e+00 2.035000e+00 1.615226e+00 1.615232e+00 0.000000e+00 -1.596327e-01
0.000000e+00 2.090000e+00 1.596510e+00 1.596516e+00 0.000000e+00 -1.525243e-01
0.000000e+00 2.145000e+00 1.578884e+00 1.578890e+00 0.000000e+00 -1.458239e-01
0.000000e+00 2.200000e+00 1.562260e+00 1.562266e+00 0.000000e+00 -1.394987e-01
0.000000e+00 2.255000e+00 1.546562e+00 1.546567e+00 0.000000e+00 -1.335179e-01
0.000000e+00 2.310000e+00 1.531721e+00 1.531726e+00 0.000000e+00 -1.278533e-01
0.000000e+00 2.365000e+00 1.517677e+00 1.517682e+00 0.000000e+00 -1.224794e-01
0.000000e+00 2.420000e+00 1.504372e+00 1.504377e+00 0.000000e+00 -1.173738e-01
0.000000e+00 2.475000e+00 1.491754e+00 1.491758e+00 0.000000e+00 -1.125176e-01
0.000000e+00 2.530000e+00 1.479770e+00 1.479774e+00 0.000000e+00 -1.078948e-01
0.000000e+00 2.585000e+00 1.468372e+00 1.468376e+00 0.000000e+00 -1.034926e-01
0.000000e+00 2.640000e+00 1.457513e+00 1.457517e+00 0.000000e+00 -9.930022e-02
0.000000e+00 2.695000e+00 1.447151e+00 1.447155e+00 0.000000e+00 -9.530806e-02
0.000000e+00 2.750000e+00 1.437248e+00 1.437251e+00 0.000000e+00 -9.150655e-02
0.000000e+00 2.805000e+00 1.427770e+00 1.427774e+00 0.000000e+00 -8.788540e-02
0.000000e+00 2.860000e+00 1.418694e+00 1.418697e+00 0.000000e+00 -8.443318e-02
0.000000e+00 2.915000e+00 1.409996e+00 1.409999e+00 0.000000e+00 -8.113735e-02
0.000000e+00 2.970000e+00 1.401661e+00 1.401664e+00 0.000000e+00 -7.798459e-02
0.000000e+00 3.025000e+00 1.393674e+00 1.393677e+00 0.000000e+00 -7.496128e-02
0.000000e+00 3.080000e+00 1.386023e+00 1.386027e+00 0.000000e+00 -7.205428e-02
0.000000e+00 3.135000e+00 1.378697e+00 1.378700e+00 0.000000e+00 -6.925202e-02
0.000000e+00 3.190000e+00 1.371682e+00 1.371685e+00 0.000000e+00 -6.654559e-02
0.000000e+00 3.245000e+00 1.364959e+00 1.364962e+00 0.000000e+00 -6.392951e-02
0.000000e+00 3.300000e+00 1.358510e+00 1.358513e+00 0.000000e+00 -6.140151e-02
0.000000e+00 3.355000e+00 1.352313e+00 1.352316e+00 0.000000e+00 -5.896140e-02
0.000000e+00 3.410000e+00 1.346347e+00 1.346349e+00 0.000000e+00 -5.660923e-02
0.000000e+00 3.465000e+00 1.340594e+00 1.340597e+00 0.000000e+00 -5.434382e-02
0.000000e+00 3.520000e+00 1.335043e+00 1.335045e+00 0.000000e+00 -5.216203e-02
0.000000e+00 3.575000e+00 1.329683e+00 1.329685e+00 0.000000e+00 -5.005910e-02
0.000000e+00 3.630000e+00 1.324507e+00 1.324509e+00 0.000000e+00 -4.802943e-02
0.000000e+00 3.685000e+00 1.319510e+00 1.319512e+00 0.000000e+00 -4.606726e-02
0.000000e+00 3.740000e+00 1.314686e+00 1.314689e+00 0.000000e+00 -4.416701e-02
0.000000e+00 3.795000e+00 1.310032e+00 1.310035e+00 0.000000e+00 -4.232321e-02
0.000000e+00 3.850000e+00 1.305544e+00 1.305546e+00 0.000000e+00 -4.053059e-02
0.000000e+00 3.905000e+00 1.301216e+00 1.301218e+00 0.000000e+00 -3.878454e-02
0.000000e+00 3.960000e+00 1.297042e+00 1.297044e+00 0.000000e+00 -3.708179e-02
0.000000e+00 4.015000e+00 1.293016e+00 1.293018e+00 0.000000e+00 -3.542089e-02
0.000000e+00 4.070000e+00 1.289126e+00 1.289128e+00 0.000000e+00 -3.380231e-02
0.000000e+00 4.125000e+00 1.285361e+00 1.285363e+00 0.000000e+00 -3.222793e-02
0.000000e+00 4.180000e+00 1.281709e+00 1.281711e+00 0.000000e+00 -3.070036e-02
0.000000e+00 4.235000e+00 1.278158e+00 1.278160e+00 0.000000e+00 -2.922216e-02
0.000000e+00 4.290000e+00 1.274700e+00 1.274702e+00 0.000000e+00 -2.779522e-02
0.000000e+00 4.345000e+00 1.271327e+00 1.271328e+00 0.000000e+00 -2.641989e-02
0.000000e+00 4.400000e+00 1.268035e+00 1.268037e+00 0.000000e+00 -2.509413e-02
0.000000e+00 4.455000e+00 1.264826e+00 1.264828e+00 0.000000e+00 -2.381291e-02
0.000000e+00 4.510000e+00 1.261706e+00 1.261707e+00 0.000000e+00 -2.256872e-02
0.000000e+00 4.565000e+00 1.258678e+00 1.258679e+00 0.000000e+00 -2.135358e-02
0.000000e+00 4.620000e+00 1.255745e+00 1.255747e+00 0.000000e+00 -2.016195e-02
0.000000e+00 4.675000e+00 1.252903e+00 1.252905e+00 0.000000e+00 -1.899295e-02
0.000000e+00 4.730000e+00 1.250142e+00 1.250143e+00 0.000000e+00 -1.785039e-02
0.000000e+00 4.785000e+00 1.247450e+00 1.247451e+00 0.000000e+00 -1.673993e-02
0.000000e+00 4.840000e+00 1.244819e+00 1.244820e+00 0.000000e+00 -1.566509e-02
0.000000e+00 4.895000e+00 1.242248e+00 1.242249e+00 0.000000e+00 -1.462471e-02
0.000000e+00 4.950000e+00 1.239740e+00 1.239741e+00 0.000000e+00 -1.361355e-02
0.000000e+00 5.005000e+00 1.237299e+00 1.237301e+00 0.000000e+00 -1.262574e-02
0.000000e+00 5.060000e+00 1.234925e+00 1.234926e+00 0.000000e+00 -1.165790e-02
0.000000e+00 5.115000e+00 1.232614e+00 1.232615e+00 0.000000e+00 -1.070950e-02
0.000000e+00 5.170000e+00 1.230363e+00 1.230364e+00 0.000000e+00 -9.779965e-03
0.000000e+00 5.225000e+00 1.228174e+00 1.228176e+00 0.000000e+00 -8.865723e-03
0.000000e+00 5.280000e+00 1.226056e+00 1.226058e+00 0.000000e+00 -7.960686e-03
0.000000e+00 5.335000e+00 1.224012e+00 1.224013e+00 0.000000e+00 -7.061429e-03
0.000000e+00 5.390000e+00 1.222031e+00 1.222032e+00 0.000000e+00 -6.173649e-03
0.000000e+00 5.445000e+00 1.220087e+00 1.220089e+00 0.000000e+00 -5.314125e-03
0.000000e+00 5.500000e+00 1.218148e+00 1.218149e+00 0.000000e+00 -4.504485e-03
0.000000e+00 5.555000e+00 1.216190e+00 1.216191e+00 0.000000e+00 -3.758949e-03
0.000000e+00 5.610000e+00 1.214215e+00 1.214216e+00 0.000000e+00 -3.073655e-03
0.000000e+00 5.665000e+00 1.212253e+00 1.212254e+00 0.000000e+00 -2.425653e-03
0.000000e+00 5.720000e+00 1.210346e+00 1.210347e+00 0.000000e+00 -1.783719e-03
0.000000e+00 5.775000e+00 1.208524e+00 1.208525e+00 0.000000e+00 -1.124990e-03
0.000000e+00 5.830000e+00 1.206788e+00 1.206789e+00 0.000000e+00 -4.472337e-04
0.000000e+00 5.885000e+00 1.205112e+00 1.205113e+00 0.000000e+00 2.311992e-04
0.000000e+00 5.940000e+00 1.203459e+00 1.203460e+00 0.000000e+00 8.838239e-04
0.000000e+00 5.995000e+00 1.201802e+00 1.201803e+00 0.000000e+00 1.492763e-03
0.000000e+00 6.050000e+00 1.200140e+00 1.200141e+00 0.000000e+00 2.059111e-03
0.000000e+00 6.105000e+00 1.198497e+00 1.198498e+00 0.000000e+00 2.600784e-03
0.000000e+00 6.160000e+00 1.196901e+00 1.196902e+00 0.000000e+00 3.140144e-03
0.000000e+00 6.215000e+00 1.195369e+00 1.195370e+00 0.000000e+00 3.689945e-03
0.000000e+00 6.270000e+00 1.193893e+00 1.193894e+00 0.000000e+00 4.246322e-03
0.000000e+00 6.325000e+00 1.192449e+00 1.192450e+00 0.000000e+00 4.792522e-03
0.000000e+00 6.380000e+00 1.191010e+00 1.191011e+00 0.000000e+00 5.310034e-03
0.000000e+00 6.435000e+00 1.189565e+00 1.189565e+00 0.000000e+00 5.789660e-03
0.000000e+00 6.490000e+00 1.188117e+00 1.188118e+00 0.000000e+00 6.236051e-03
0.000000e+00 6.545000e+00 1.186687e+00 1.186687e+00 0.000000e+00 6.664055e-03
0.000000e+00 6.600000e+00 1.185295e+00 1.185296e+00 0.000000e+00 7.090148e-03
0.000000e+00 6.655000e+00 1.183955e+00 1.183956e+00 0.000000e+00 7.524222e-03
0.000000e+00 6.710000e+00 1.182664e+00 1.182665e+00 0.000000e+00 7.965739e-03
0.000000e+00 6.765000e+00 1.181411e+00 1.181412e+00 0.000000e+00 8.405275e-03
0.000000e+00 6.820000e+00 1.180176e+00 1.180177e+00 0.000000e+00 8.829781e-03
0.000000e+00 6.875000e+00 1.178946e+00 1.178946e+00 0.000000e+00 9.228630e-03
0.000000e+00 6.930000e+00 1.177712e+00 1.177713e+00 0.000000e+00 9.597858e-03
0.000000e+00 6.985000e+00 1.176480e+00 1.176481e+00 0.000000e+00 9.941177e-03
0.000000e+00 7.040000e+00 1.175260e+00 1.175261e+00 0.000000e+00 1.026760e-02
0.000000e+00 7.095000e+00 1.174063e+00 1.174064e+00 0.000000e+00 1.058672e-02
0.000000e+00 7.150000e+00 1.172897e+00 1.172897e+00 0.000000e+00 1.090374e-02
0.000000e+00 7.205000e+00 1.171757e+00 1.171757e+00 0.000000e+00 1.121654e-02
0.000000e+00 7.260000e+00 1.170632e+00 1.170632e+00 0.000000e+00 1.151666e-02
0.000000e+00 7.315000e+00 1.169508e+00 1.169509e+00 0.000000e+00 1.179407e-02
0.000000e+00 7.370000e+00 1.168378e+00 1.168378e+00 0.000000e+00 1.204346e-02
0.000000e+00 7.425000e+00 1.167245e+00 1.167246e+00 0.000000e+00 1.226866e-02
0.000000e+00 7.480000e+00 1.166129e+00 1.166130e+00 0.000000e+00 1.248256e-02
0.000000e+00 7.535000e+00 1.165053e+00 1.165054e+00 0.000000e+00 1.270232e-02
0.000000e+00 7.590000e+00 1.164039e+00 1.164040e+00 0.000000e+00 1.294200e-02
0.000000e+00 7.645000e+00 1.163093e+00 1.163094e+00 0.000000e+00 1.320610e-02
0.000000e+00 7.700000e+00 1.162203e+00 1.162204e+00 0.000000e+00 1.348667e-02
0.000000e+00 7.755000e+00 1.161344e+00 1.161345e+00 0.000000e+00 1.376522e-02
0.000000e+00 7.810000e+00 1.160484e+00 1.160484e+00 0.000000e+00 1.401909e-02
0.000000e+00 7.865000e+00 1.159596e+00 1.159597e+00 0.000000e+00 1.423043e-02
0.000000e+00 7.920000e+00 1.158668e+00 1.158669e+00 0.000000e+00 1.439441e-02
0.000000e+00 7.975000e+00 1.157703e+00 1.157703e+00 0.000000e+00 1.452121e-02
0.000000e+00 8.030000e+00 1.156722e+00 1.156722e+00 0.000000e+00 1.462874e-02
0.000000e+00 8.085000e+00 1.155762e+00 1.155763e+00 0.000000e+00 1.473021e-02
0.000000e+00 8.140000e+00 1.154862e+00 1.154863e+00 0.000000e+00 1.482762e-02
0.000000e+00 8.195000e+00 1.154035e+00 1.154035e+00 0.000000e+00 1.491922e-02
0.000000e+00 8.250000e+00 1.153249e+00 1.153249e+00 0.000000e+00 1.501184e-02
0.000000e+00 8.305000e+00 1.152445e+00 1.152446e+00 0.000000e+00 1.511772e-02
0.000000e+00 8.360000e+00 1.151586e+00 1.151586e+00 0.000000e+00 1.523285e-02
0.000000e+00 8.415000e+00 1.150689e+00 1.150689e+00 0.000000e+00 1.532348e-02
0.000000e+00 8.470000e+00 1.149812e+00 1.149812e+00 0.000000e+00 1.535004e-02
0.000000e+00 8.525000e+00 1.148991e+00 1.148992e+00 0.000000e+00 1.531384e-02
0.000000e+00 8.580000e+00 1.148207e+00 1.148207e+00 0.000000e+00 1.527390e-02
0.000000e+00 8.635000e+00 1.147424e+00 1.147424e+00 0.000000e+00 1.529786e-02
0.000000e+00 8.690000e+00 1.146656e+00 1.146657e+00 0.000000e+00 1.539132e-02
0.000000e+00 8.745000e+00 1.145966e+00 1.145967e+00 0.000000e+00 1.548773e-02
0.000000e+00 8.800000e+00 1.145385e+00 1.145386e+00 0.000000e+00 1.551372e-02
0.000000e+00 8.855000e+00 1.144853e+00 1.144853e+00 0.000000e+00 1.545866e-02
0.000000e+00 8.910000e+00 1.144251e+00 1.144252e+00 0.000000e+00 1.537321e-02
0.000000e+00 8.965000e+00 1.143512e+00 1.143512e+00 0.000000e+00 1.531180e-02
0.000000e+00 9.020000e+00 1.142667e+00 1.142668e+00 0.000000e+00 1.529040e-02
0.000000e+00 9.075000e+00 1.141813e+00 1.141813e+00 0.000000e+00 1.529842e-02
0.000000e+00 9.130000e+00 1.141021e+00 1.141021e+00 0.000000e+00 1.532732e-02
0.000000e+00 9.185000e+00 1.140304e+00 1.140305e+00 0.000000e+00 1.537468e-02
0.000000e+00 9.240000e+00 1.139630e+00 1.139631e+00 0.000000e+00 1.542838e-02
0.000000e+00 9.295000e+00 1.138952e+00 1.138953e+00 0.000000e+00 1.546195e-02
0.000000e+00 9.350000e+00 1.138234e+00 1.138234e+00 0.000000e+00 1.545127e-02
0.000000e+00 9.405000e+00 1.137456e+00 1.137455e+00 0.000000e+00 1.539016e-02
0.000000e+00 9.460000e+00 1.136626e+00 1.136624e+00 0.000000e+00 1.529069e-02
0.000000e+00 9.515000e+00 1.135775e+00 1.135772e+00 0.000000e+00 1.516591e-02
0.000000e+00 9.570000e+00 1.134947e+00 1.134941e+00 0.000000e+00 1.501924e-02
0.000000e+00 9.625000e+00 1.134169e+00 1.134162e+00 0.000000e+00 1.483025e-02
0.000000e+00 9.680000e+00 1.133457e+00 1.133448e+00 0.000000e+00 1.456741e-02
0.000000e+00 9.735000e+00 1.132783e+00 1.132773e+00 0.000000e+00 1.417482e-02
0.000000e+00 9.790000e+00 1.132131e+00 1.132121e+00 0.000000e+00 1.363659e-02
0.000000e+00 9.845000e+00 1.131439e+00 1.131429e+00 0.000000e+00 1.295654e-02
0.000000e+00 9.900000e+00 1.130743e+00 1.130733e+00 0.000000e+00 1.231294e-02
0.000000e+00 9.955000e+00 1.129943e+00 1.129933e+00 0.000000e+00 1.180611e-02
0.000000e+00 1.001000e+01 1.105114e+00 1.105104e+00 -0.000000e+00 -1.013850e-02
0.000000e+00 1.006500e+01 1.105114e+00 1.105104e+00 -0.000000e+00 -1.013850e-02
0.000000e+00 1.012000e+01 1.105114e+00 1.105104e+00 -0.000000e+00 -1.013850e-02
0.000000e+00 1.017500e+01 1.105114e+00 1.105104e+00 -0.000000e+00 -1.013850e-02
0.000000e+00 1.023000e+01 1.105114e+00 1.105104e+00 -0.000000e+00 -1.013850e-02
0.000000e+00 1.028500e+01 1.105114e+00 1.105104e+00 -0.000000e+00 -1.013850e-02
0.000000e+00 1.034000e+01 1.105114e+00 1.105104e+00 -0.000000e+00 -1.013850e-02
0.000000e+00 1.039500e+01 1.105114e+00 1.105104e+00 -0.000000e+00 -1.013850e-02
0.000000e+00 1.045000e+01 1.105114e+00 1.105104e+00 -0.000000e+00 -1.013850e-02
0.000000e+00 1.050500e+01 1.105114e+00 1.105104e+00 -0.000000e+00 -1.013850e-02
0.000000e+00 1.056000e+01 1.105114e+00 1.105104e+00 -0.000000e+00 -1.013850e-02
0.000000e+00 1.061500e+01 1.105114e+00 1.105104e+00 -0.000000e+00 -1.013850e-02
0.000000e+00 1.067000e+01 1.105114e+00 1.105104e+00 -0.000000e+00 -1.013850e-02
0.000000e+00 1.072500e+01 1.105114e+00 1.105104e+00 -0.000000e+00 -1.013850e-02
0.000000e+00 1.078000e+01 1.105114e+00 1.105104e+00 -0.000000e+00 -1.013850e-02
0.000000e+00 1.083500e+01 1.105114e+00 1.105104e+00 -0.000000e+00 -1.013850e-02
0.000000e+00 1.089000e+01 1.105114e+00 1.105104e+00 -0.000000e+00 -1.013850e-02
0.000000e+00 1.094500e+01 1.105114e+00 1.105104e+00 -0.000000e+00 -1.013850e-02
0.000000e+00 1.100000e+01 1.105114e+00 1.105104e+00 -0.000000e+00 -1.013850e-02
