#############TIME##################
1.770541e+01 
###################################
0.000000e+00 0.000000e+00 5.594415e+01 5.594886e+01 0.000000e+00 -3.063149e+00
0.000000e+00 5.500000e-02 5.594415e+01 5.594886e+01 0.000000e+00 -3.063149e+00
0.000000e+00 1.100000e-01 2.118305e+01 2.118375e+01 0.000000e+00 -3.063162e+00
0.000000e+00 1.650000e-01 1.376676e+01 1.376710e+01 0.000000e+00 -2.307900e+00
0.000000e+00 2.200000e-01 1.021364e+01 1.021386e+01 0.000000e+00 -1.934255e+00
0.000000e+00 2.750000e-01 7.991913e+00 7.992071e+00 0.000000e+00 -1.645420e+00
0.000000e+00 3.300000e-01 6.601701e+00 6.601818e+00 0.000000e+00 -1.422712e+00
0.000000e+00 3.850000e-01 5.602758e+00 5.602849e+00 0.000000e+00 -1.250800e+00
0.000000e+00 4.400000e-01 4.897581e+00 4.897654e+00 0.000000e+00 -1.107075e+00
0.000000e+00 4.950000e-01 4.354756e+00 4.354816e+00 0.000000e+00 -9.912407e-01
0.000000e+00 5.500000e-01 3.935109e+00 3.935159e+00 0.000000e+00 -8.928964e-01
0.000000e+00 6.050000e-01 3.601757e+00 3.601799e+00 0.000000e+00 -8.096291e-01
0.000000e+00 6.600000e-01 3.330105e+00 3.330142e+00 0.000000e+00 -7.379054e-01
0.000000e+00 7.150000e-01 3.105721e+00 3.105753e+00 0.000000e+00 -6.759145e-01
0.000000e+00 7.700000e-01 2.917271e+00 2.917299e+00 0.000000e+00 -6.216448e-01
0.000000e+00 8.250000e-01 2.757285e+00 2.757311e+00 0.000000e+00 -5.739334e-01
0.000000e+00 8.800000e-01 2.619842e+00 2.619865e+00 0.000000e+00 -5.316363e-01
0.000000e+00 9.350000e-01 2.500720e+00 2.500740e+00 0.000000e+00 -4.939678e-01
0.000000e+00 9.900000e-01 2.396558e+00 2.396577e+00 0.000000e+00 -4.602177e-01
0.000000e+00 1.045000e+00 2.304823e+00 2.304840e+00 0.000000e+00 -4.298466e-01
0.000000e+00 1.100000e+00 2.223473e+00 2.223489e+00 0.000000e+00 -4.023876e-01
0.000000e+00 1.155000e+00 2.150907e+00 2.150922e+00 0.000000e+00 -3.774677e-01
0.000000e+00 1.210000e+00 2.085817e+00 2.085830e+00 0.000000e+00 -3.547690e-01
0.000000e+00 1.265000e+00 2.027144e+00 2.027156e+00 0.000000e+00 -3.340289e-01
0.000000e+00 1.320000e+00 1.974014e+00 1.974026e+00 0.000000e+00 -3.150224e-01
0.000000e+00 1.375000e+00 1.925706e+00 1.925717e+00 0.000000e+00 -2.975590e-01
0.000000e+00 1.430000e+00 1.881613e+00 1.881623e+00 0.000000e+00 -2.814738e-01
0.000000e+00 1.485000e+00 1.841226e+00 1.841235e+00 0.000000e+00 -2.666241e-01
0.000000e+00 1.540000e+00 1.804112e+00 1.804121e+00 0.000000e+00 -2.528846e-01
0.000000e+00 1.595000e+00 1.769903e+00 1.769911e+00 0.000000e+00 -2.401453e-01
0.000000e+00 1.650000e+00 1.738280e+00 1.738288e+00 0.000000e+00 -2.283096e-01
0.000000e+00 1.705000e+00 1.708971e+00 1.708979e+00 0.000000e+00 -2.172927e-01
0.000000e+00 1.760000e+00 1.681738e+00 1.681745e+00 0.000000e+00 -2.070208e-01
0.000000e+00 1.815000e+00 1.656376e+00 1.656382e+00 0.000000e+00 -1.974284e-01
0.000000e+00 1.870000e+00 1.632703e+00 1.632710e+00 0.000000e+00 -1.884574e-01
0.000000e+00 1.925000e+00 1.610563e+00 1.610569e+00 0.000000e+00 -1.800559e-01
0.000000e+00 1.980000e+00 1.589816e+00 1.589822e+00 0.000000e+00 -1.721773e-01
0.000000e+00 2.035000e+00 1.570340e+00 1.570345e+00 0.000000e+00 -1.647797e-01
0.000000e+00 2.090000e+00 1.552024e+00 1.552029e+00 0.000000e+00 -1.578252e-01
0.000000e+00 2.145000e+00 1.534771e+00 1.534776e+00 0.000000e+00 -1.512790e-01
0.000000e+00 2.200000e+00 1.518495e+00 1.518500e+00 0.000000e+00 -1.451094e-01
0.000000e+00 2.255000e+00 1.503117e+00 1.503121e+00 0.000000e+00 -1.392870e-01
0.000000e+00 2.310000e+00 1.488566e+00 1.488570e+00 0.000000e+00 -1.337854e-01
0.000000e+00 2.365000e+00 1.474780e+00 1.474784e+00 0.000000e+00 -1.285809e-01
0.000000e+00 2.420000e+00 1.461702e+00 1.461707e+00 0.000000e+00 -1.236524e-01
0.000000e+00 2.475000e+00 1.449282e+00 1.449286e+00 0.000000e+00 -1.189810e-01
0.000000e+00 2.530000e+00 1.437473e+00 1.437477e+00 0.000000e+00 -1.145495e-01
0.000000e+00 2.585000e+00 1.426233e+00 1.426236e+00 0.000000e+00 -1.103419e-01
0.000000e+00 2.640000e+00 1.415523e+00 1.415526e+00 0.000000e+00 -1.063430e-01
0.000000e+00 2.695000e+00 1.405308e+00 1.405312e+00 0.000000e+00 -1.025386e-01
0.000000e+00 2.750000e+00 1.395556e+00 1.395560e+00 0.000000e+00 -9.891587e-02
0.000000e+00 2.805000e+00 1.386238e+00 1.386241e+00 0.000000e+00 -9.546304e-02
0.000000e+00 2.860000e+00 1.377325e+00 1.377328e+00 0.000000e+00 -9.216985e-02
0.000000e+00 2.915000e+00 1.368795e+00 1.368798e+00 0.000000e+00 -8.902707e-02
0.000000e+00 2.970000e+00 1.360625e+00 1.360627e+00 0.000000e+00 -8.602616e-02
0.000000e+00 3.025000e+00 1.352793e+00 1.352795e+00 0.000000e+00 -8.315889e-02
0.000000e+00 3.080000e+00 1.345280e+00 1.345282e+00 0.000000e+00 -8.041724e-02
0.000000e+00 3.135000e+00 1.338068e+00 1.338070e+00 0.000000e+00 -7.779350e-02
0.000000e+00 3.190000e+00 1.331141e+00 1.331143e+00 0.000000e+00 -7.528049e-02
0.000000e+00 3.245000e+00 1.324483e+00 1.324485e+00 0.000000e+00 -7.287188e-02
0.000000e+00 3.300000e+00 1.318080e+00 1.318082e+00 0.000000e+00 -7.056221e-02
0.000000e+00 3.355000e+00 1.311919e+00 1.311921e+00 0.000000e+00 -6.834676e-02
0.000000e+00 3.410000e+00 1.305988e+00 1.305990e+00 0.000000e+00 -6.622133e-02
0.000000e+00 3.465000e+00 1.300275e+00 1.300277e+00 0.000000e+00 -6.418188e-02
0.000000e+00 3.520000e+00 1.294769e+00 1.294771e+00 0.000000e+00 -6.222431e-02
0.000000e+00 3.575000e+00 1.289459e+00 1.289461e+00 0.000000e+00 -6.034437e-02
0.000000e+00 3.630000e+00 1.284337e+00 1.284339e+00 0.000000e+00 -5.853773e-02
0.000000e+00 3.685000e+00 1.279393e+00 1.279395e+00 0.000000e+00 -5.680020e-02
0.000000e+00 3.740000e+00 1.274618e+00 1.274620e+00 0.000000e+00 -5.512798e-02
0.000000e+00 3.795000e+00 1.270007e+00 1.270009e+00 0.000000e+00 -5.351783e-02
0.000000e+00 3.850000e+00 1.265552e+00 1.265553e+00 0.000000e+00 -5.196711e-02
0.000000e+00 3.905000e+00 1.261247e+00 1.261249e+00 0.000000e+00 -5.047348e-02
0.000000e+00 3.960000e+00 1.257088e+00 1.257090e+00 0.000000e+00 -4.903452e-02
0.000000e+00 4.015000e+00 1.253068e+00 1.253070e+00 0.000000e+00 -4.764739e-02
0.000000e+00 4.070000e+00 1.249180e+00 1.249181e+00 0.000000e+00 -4.630884e-02
0.000000e+00 4.125000e+00 1.245417e+00 1.245419e+00 0.000000e+00 -4.501585e-02
0.000000e+00 4.180000e+00 1.241774e+00 1.241775e+00 0.000000e+00 -4.376658e-02
0.000000e+00 4.235000e+00 1.238246e+00 1.238248e+00 0.000000e+00 -4.256108e-02
0.000000e+00 4.290000e+00 1.234834e+00 1.234835e+00 0.000000e+00 -4.140108e-02
0.000000e+00 4.345000e+00 1.231537e+00 1.231538e+00 0.000000e+00 -4.028829e-02
0.000000e+00 4.400000e+00 1.228353e+00 1.228354e+00 0.000000e+00 -3.922216e-02
0.000000e+00 4.455000e+00 1.225277e+00 1.225279e+00 0.000000e+00 -3.819879e-02
0.000000e+00 4.510000e+00 1.222302e+00 1.222304e+00 0.000000e+00 -3.721253e-02
0.000000e+00 4.565000e+00 1.219422e+00 1.219423e+00 0.000000e+00 -3.625959e-02
0.000000e+00 4.620000e+00 1.216633e+00 1.216634e+00 0.000000e+00 -3.534074e-02
0.000000e+00 4.675000e+00 1.213935e+00 1.213936e+00 0.000000e+00 -3.445931e-02
0.000000e+00 4.730000e+00 1.211322e+00 1.211323e+00 0.000000e+00 -3.361424e-02
0.000000e+00 4.785000e+00 1.208773e+00 1.208774e+00 0.000000e+00 -3.279328e-02
0.000000e+00 4.840000e+00 1.206261e+00 1.206262e+00 0.000000e+00 -3.197437e-02
0.000000e+00 4.895000e+00 1.203762e+00 1.203763e+00 0.000000e+00 -3.113791e-02
0.000000e+00 4.950000e+00 1.201277e+00 1.201278e+00 0.000000e+00 -3.028278e-02
0.000000e+00 5.005000e+00 1.198836e+00 1.198837e+00 0.000000e+00 -2.943293e-02
0.000000e+00 5.060000e+00 1.196490e+00 1.196491e+00 0.000000e+00 -2.862768e-02
0.000000e+00 5.115000e+00 1.194280e+00 1.194281e+00 0.000000e+00 -2.790027e-02
0.000000e+00 5.170000e+00 1.192216e+00 1.192217e+00 0.000000e+00 -2.725776e-02
0.000000e+00 5.225000e+00 1.190273e+00 1.190274e+00 0.000000e+00 -2.667682e-02
0.000000e+00 5.280000e+00 1.188407e+00 1.188408e+00 0.000000e+00 -2.611991e-02
0.000000e+00 5.335000e+00 1.186584e+00 1.186584e+00 0.000000e+00 -2.555875e-02
0.000000e+00 5.390000e+00 1.184789e+00 1.184790e+00 0.000000e+00 -2.498654e-02
0.000000e+00 5.445000e+00 1.183026e+00 1.183027e+00 0.000000e+00 -2.441183e-02
0.000000e+00 5.500000e+00 1.181295e+00 1.181296e+00 0.000000e+00 -2.384364e-02
0.000000e+00 5.555000e+00 1.179589e+00 1.179590e+00 0.000000e+00 -2.328235e-02
0.000000e+00 5.610000e+00 1.177902e+00 1.177902e+00 0.000000e+00 -2.272295e-02
0.000000e+00 5.665000e+00 1.176236e+00 1.176237e+00 0.000000e+00 -2.216454e-02
0.000000e+00 5.720000e+00 1.174610e+00 1.174611e+00 0.000000e+00 -2.161500e-02
0.000000e+00 5.775000e+00 1.173044e+00 1.173045e+00 0.000000e+00 -2.108617e-02
0.000000e+00 5.830000e+00 1.171548e+00 1.171549e+00 0.000000e+00 -2.058444e-02
0.000000e+00 5.885000e+00 1.170118e+00 1.170119e+00 0.000000e+00 -2.010555e-02
0.000000e+00 5.940000e+00 1.168735e+00 1.168736e+00 0.000000e+00 -1.963780e-02
0.000000e+00 5.995000e+00 1.167384e+00 1.167385e+00 0.000000e+00 -1.917037e-02
0.000000e+00 6.050000e+00 1.166060e+00 1.166061e+00 0.000000e+00 -1.870009e-02
0.000000e+00 6.105000e+00 1.164768e+00 1.164768e+00 0.000000e+00 -1.823207e-02
0.000000e+00 6.160000e+00 1.163515e+00 1.163516e+00 0.000000e+00 -1.777494e-02
0.000000e+00 6.215000e+00 1.162307e+00 1.162307e+00 0.000000e+00 -1.733498e-02
0.000000e+00 6.270000e+00 1.161138e+00 1.161138e+00 0.000000e+00 -1.691285e-02
0.000000e+00 6.325000e+00 1.159997e+00 1.159997e+00 0.000000e+00 -1.650439e-02
0.000000e+00 6.380000e+00 1.158873e+00 1.158873e+00 0.000000e+00 -1.610419e-02
0.000000e+00 6.435000e+00 1.157761e+00 1.157761e+00 0.000000e+00 -1.570886e-02
0.000000e+00 6.490000e+00 1.156661e+00 1.156662e+00 0.000000e+00 -1.531783e-02
0.000000e+00 6.545000e+00 1.155581e+00 1.155581e+00 0.000000e+00 -1.493168e-02
0.000000e+00 6.600000e+00 1.154526e+00 1.154526e+00 0.000000e+00 -1.455002e-02
0.000000e+00 6.655000e+00 1.153500e+00 1.153501e+00 0.000000e+00 -1.417069e-02
0.000000e+00 6.710000e+00 1.152508e+00 1.152509e+00 0.000000e+00 -1.379098e-02
0.000000e+00 6.765000e+00 1.151551e+00 1.151552e+00 0.000000e+00 -1.340933e-02
0.000000e+00 6.820000e+00 1.150630e+00 1.150630e+00 0.000000e+00 -1.302609e-02
0.000000e+00 6.875000e+00 1.149743e+00 1.149744e+00 0.000000e+00 -1.264296e-02
0.000000e+00 6.930000e+00 1.148887e+00 1.148888e+00 0.000000e+00 -1.226176e-02
0.000000e+00 6.985000e+00 1.148056e+00 1.148057e+00 0.000000e+00 -1.188373e-02
0.000000e+00 7.040000e+00 1.147245e+00 1.147246e+00 0.000000e+00 -1.150961e-02
0.000000e+00 7.095000e+00 1.146450e+00 1.146451e+00 0.000000e+00 -1.114011e-02
0.000000e+00 7.150000e+00 1.145670e+00 1.145671e+00 0.000000e+00 -1.077600e-02
0.000000e+00 7.205000e+00 1.144906e+00 1.144907e+00 0.000000e+00 -1.041776e-02
0.000000e+00 7.260000e+00 1.144159e+00 1.144159e+00 0.000000e+00 -1.006505e-02
0.000000e+00 7.315000e+00 1.143428e+00 1.143429e+00 0.000000e+00 -9.716524e-03
0.000000e+00 7.370000e+00 1.142716e+00 1.142716e+00 0.000000e+00 -9.370186e-03
0.000000e+00 7.425000e+00 1.142022e+00 1.142022e+00 0.000000e+00 -9.023977e-03
0.000000e+00 7.480000e+00 1.141348e+00 1.141348e+00 0.000000e+00 -8.676350e-03
0.000000e+00 7.535000e+00 1.140695e+00 1.140696e+00 0.000000e+00 -8.326572e-03
0.000000e+00 7.590000e+00 1.140064e+00 1.140064e+00 0.000000e+00 -7.974771e-03
0.000000e+00 7.645000e+00 1.139451e+00 1.139451e+00 0.000000e+00 -7.621762e-03
0.000000e+00 7.700000e+00 1.138855e+00 1.138855e+00 0.000000e+00 -7.268684e-03
0.000000e+00 7.755000e+00 1.138272e+00 1.138272e+00 0.000000e+00 -6.916538e-03
0.000000e+00 7.810000e+00 1.137698e+00 1.137698e+00 0.000000e+00 -6.565852e-03
0.000000e+00 7.865000e+00 1.137131e+00 1.137131e+00 0.000000e+00 -6.216754e-03
0.000000e+00 7.920000e+00 1.136567e+00 1.136567e+00 0.000000e+00 -5.869443e-03
0.000000e+00 7.975000e+00 1.136005e+00 1.136005e+00 0.000000e+00 -5.524721e-03
0.000000e+00 8.030000e+00 1.135445e+00 1.135445e+00 0.000000e+00 -5.184080e-03
0.000000e+00 8.085000e+00 1.134890e+00 1.134890e+00 0.000000e+00 -4.849135e-03
0.000000e+00 8.140000e+00 1.134346e+00 1.134346e+00 0.000000e+00 -4.520708e-03
0.000000e+00 8.195000e+00 1.133817e+00 1.133818e+00 0.000000e+00 -4.198188e-03
0.000000e+00 8.250000e+00 1.133308e+00 1.133308e+00 0.000000e+00 -3.879617e-03
0.000000e+00 8.305000e+00 1.132817e+00 1.132817e+00 0.000000e+00 -3.562483e-03
0.000000e+00 8.360000e+00 1.132343e+00 1.132344e+00 0.000000e+00 -3.244825e-03
0.000000e+00 8.415000e+00 1.131882e+00 1.131882e+00 0.000000e+00 -2.926166e-03
0.000000e+00 8.470000e+00 1.131428e+00 1.131428e+00 0.000000e+00 -2.608012e-03
0.000000e+00 8.525000e+00 1.130977e+00 1.130977e+00 0.000000e+00 -2.293737e-03
0.000000e+00 8.580000e+00 1.130523e+00 1.130524e+00 0.000000e+00 -1.987725e-03
0.000000e+00 8.635000e+00 1.130066e+00 1.130066e+00 0.000000e+00 -1.693653e-03
0.000000e+00 8.690000e+00 1.129605e+00 1.129605e+00 0.000000e+00 -1.412318e-03
0.000000e+00 8.745000e+00 1.129146e+00 1.129147e+00 0.000000e+00 -1.140036e-03
0.000000e+00 8.800000e+00 1.128699e+00 1.128699e+00 0.000000e+00 -8.689996e-04
0.000000e+00 8.855000e+00 1.128270e+00 1.128271e+00 0.000000e+00 -5.902813e-04
0.000000e+00 8.910000e+00 1.127865e+00 1.127866e+00 0.000000e+00 -2.985053e-04
0.000000e+00 8.965000e+00 1.127480e+00 1.127480e+00 0.000000e+00 4.411588e-06
0.000000e+00 9.020000e+00 1.127102e+00 1.127102e+00 0.000000e+00 3.094369e-04
0.000000e+00 9.075000e+00 1.126719e+00 1.126719e+00 0.000000e+00 6.055536e-04
0.000000e+00 9.130000e+00 1.126325e+00 1.126325e+00 0.000000e+00 8.877566e-04
0.000000e+00 9.185000e+00 1.125925e+00 1.125925e+00 0.000000e+00 1.162923e-03
0.000000e+00 9.240000e+00 1.125534e+00 1.125535e+00 0.000000e+00 1.449081e-03
0.000000e+00 9.295000e+00 1.125168e+00 1.125169e+00 0.000000e+00 1.766509e-03
0.000000e+00 9.350000e+00 1.124832e+00 1.124833e+00 0.000000e+00 2.125643e-03
0.000000e+00 9.405000e+00 1.124512e+00 1.124512e+00 0.000000e+00 2.518191e-03
0.000000e+00 9.460000e+00 1.124182e+00 1.124181e+00 0.000000e+00 2.919411e-03
0.000000e+00 9.515000e+00 1.123816e+00 1.123813e+00 0.000000e+00 3.296487e-03
0.000000e+00 9.570000e+00 1.123404e+00 1.123399e+00 0.000000e+00 3.619528e-03
0.000000e+00 9.625000e+00 1.122957e+00 1.122951e+00 0.000000e+00 3.858920e-03
0.000000e+00 9.680000e+00 1.122510e+00 1.122502e+00 0.000000e+00 3.988090e-03
0.000000e+00 9.735000e+00 1.122094e+00 1.122085e+00 0.000000e+00 3.981896e-03
0.000000e+00 9.790000e+00 1.121736e+00 1.121726e+00 0.000000e+00 3.859940e-03
0.000000e+00 9.845000e+00 1.121418e+00 1.121408e+00 0.000000e+00 3.684445e-03
0.000000e+00 9.900000e+00 1.121140e+00 1.121129e+00 0.000000e+00 3.607878e-03
0.000000e+00 9.955000e+00 1.120807e+00 1.120797e+00 0.000000e+00 3.682285e-03
0.000000e+00 1.001000e+01 1.105114e+00 1.105104e+00 -0.000000e+00 -1.013850e-02
0.000000e+00 1.006500e+01 1.105114e+00 1.105104e+00 -0.000000e+00 -1.013850e-02
0.000000e+00 1.012000e+01 1.105114e+00 1.105104e+00 -0.000000e+00 -1.013850e-02
0.000000e+00 1.017500e+01 1.105114e+00 1.105104e+00 -0.000000e+00 -1.013850e-02
0.000000e+00 1.023000e+01 1.105114e+00 1.105104e+00 -0.000000e+00 -1.013850e-02
0.000000e+00 1.028500e+01 1.105114e+00 1.105104e+00 -0.000000e+00 -1.013850e-02
0.000000e+00 1.034000e+01 1.105114e+00 1.105104e+00 -0.000000e+00 -1.013850e-02
0.000000e+00 1.039500e+01 1.105114e+00 1.105104e+00 -0.000000e+00 -1.013850e-02
0.000000e+00 1.045000e+01 1.105114e+00 1.105104e+00 -0.000000e+00 -1.013850e-02
0.000000e+00 1.050500e+01 1.105114e+00 1.105104e+00 -0.000000e+00 -1.013850e-02
0.000000e+00 1.056000e+01 1.105114e+00 1.105104e+00 -0.000000e+00 -1.013850e-02
0.000000e+00 1.061500e+01 1.105114e+00 1.105104e+00 -0.000000e+00 -1.013850e-02
0.000000e+00 1.067000e+01 1.105114e+00 1.105104e+00 -0.000000e+00 -1.013850e-02
0.000000e+00 1.072500e+01 1.105114e+00 1.105104e+00 -0.000000e+00 -1.013850e-02
0.000000e+00 1.078000e+01 1.105114e+00 1.105104e+00 -0.000000e+00 -1.013850e-02
0.000000e+00 1.083500e+01 1.105114e+00 1.105104e+00 -0.000000e+00 -1.013850e-02
0.000000e+00 1.089000e+01 1.105114e+00 1.105104e+00 -0.000000e+00 -1.013850e-02
0.000000e+00 1.094500e+01 1.105114e+00 1.105104e+00 -0.000000e+00 -1.013850e-02
0.000000e+00 1.100000e+01 1.105114e+00 1.105104e+00 -0.000000e+00 -1.013850e-02
