#############TIME##################
4.605728e+00 
###################################
0.000000e+00 0.000000e+00 6.034975e+01 6.035488e+01 0.000000e+00 -3.067384e+00
0.000000e+00 5.500000e-02 6.034975e+01 6.035488e+01 0.000000e+00 -3.067384e+00
0.000000e+00 1.100000e-01 2.286398e+01 2.286476e+01 0.000000e+00 -3.067396e+00
0.000000e+00 1.650000e-01 1.485607e+01 1.485645e+01 0.000000e+00 -2.314909e+00
0.000000e+00 2.200000e-01 1.101967e+01 1.101992e+01 0.000000e+00 -1.942905e+00
0.000000e+00 2.750000e-01 8.622525e+00 8.622701e+00 0.000000e+00 -1.655557e+00
0.000000e+00 3.300000e-01 7.120975e+00 7.121107e+00 0.000000e+00 -1.434424e+00
0.000000e+00 3.850000e-01 6.042551e+00 6.042654e+00 0.000000e+00 -1.263971e+00
0.000000e+00 4.400000e-01 5.280253e+00 5.280336e+00 0.000000e+00 -1.121821e+00
0.000000e+00 4.950000e-01 4.693034e+00 4.693102e+00 0.000000e+00 -1.007566e+00
0.000000e+00 5.500000e-01 4.239318e+00 4.239375e+00 0.000000e+00 -9.106920e-01
0.000000e+00 6.050000e-01 3.878342e+00 3.878390e+00 0.000000e+00 -8.289475e-01
0.000000e+00 6.600000e-01 3.583818e+00 3.583860e+00 0.000000e+00 -7.587759e-01
0.000000e+00 7.150000e-01 3.340235e+00 3.340272e+00 0.000000e+00 -6.983407e-01
0.000000e+00 7.700000e-01 3.135383e+00 3.135415e+00 0.000000e+00 -6.456299e-01
0.000000e+00 8.250000e-01 2.961188e+00 2.961217e+00 0.000000e+00 -5.994831e-01
0.000000e+00 8.800000e-01 2.811255e+00 2.811281e+00 0.000000e+00 -5.587585e-01
0.000000e+00 9.350000e-01 2.681018e+00 2.681042e+00 0.000000e+00 -5.226750e-01
0.000000e+00 9.900000e-01 2.566847e+00 2.566869e+00 0.000000e+00 -4.905262e-01
0.000000e+00 1.045000e+00 2.466003e+00 2.466022e+00 0.000000e+00 -4.617760e-01
0.000000e+00 1.100000e+00 2.376284e+00 2.376302e+00 0.000000e+00 -4.359599e-01
0.000000e+00 1.155000e+00 2.295963e+00 2.295980e+00 0.000000e+00 -4.127064e-01
0.000000e+00 1.210000e+00 2.223629e+00 2.223644e+00 0.000000e+00 -3.916987e-01
0.000000e+00 1.265000e+00 2.158139e+00 2.158153e+00 0.000000e+00 -3.726761e-01
0.000000e+00 1.320000e+00 2.098545e+00 2.098559e+00 0.000000e+00 -3.554164e-01
0.000000e+00 1.375000e+00 2.044064e+00 2.044077e+00 0.000000e+00 -3.397325e-01
0.000000e+00 1.430000e+00 1.994038e+00 1.994050e+00 0.000000e+00 -3.254634e-01
0.000000e+00 1.485000e+00 1.947911e+00 1.947923e+00 0.000000e+00 -3.124706e-01
0.000000e+00 1.540000e+00 1.905216e+00 1.905227e+00 0.000000e+00 -3.006333e-01
0.000000e+00 1.595000e+00 1.865552e+00 1.865562e+00 0.000000e+00 -2.898455e-01
0.000000e+00 1.650000e+00 1.828578e+00 1.828587e+00 0.000000e+00 -2.800134e-01
0.000000e+00 1.705000e+00 1.793999e+00 1.794008e+00 0.000000e+00 -2.710541e-01
0.000000e+00 1.760000e+00 1.761562e+00 1.761571e+00 0.000000e+00 -2.628938e-01
0.000000e+00 1.815000e+00 1.731047e+00 1.731055e+00 0.000000e+00 -2.554681e-01
0.000000e+00 1.870000e+00 1.702259e+00 1.702266e+00 0.000000e+00 -2.487200e-01
0.000000e+00 1.925000e+00 1.675026e+00 1.675033e+00 0.000000e+00 -2.425992e-01
0.000000e+00 1.980000e+00 1.649198e+00 1.649205e+00 0.000000e+00 -2.370612e-01
0.000000e+00 2.035000e+00 1.624641e+00 1.624647e+00 0.000000e+00 -2.320655e-01
0.000000e+00 2.090000e+00 1.601237e+00 1.601243e+00 0.000000e+00 -2.275753e-01
0.000000e+00 2.145000e+00 1.578883e+00 1.578889e+00 0.000000e+00 -2.235559e-01
0.000000e+00 2.200000e+00 1.557490e+00 1.557495e+00 0.000000e+00 -2.199748e-01
0.000000e+00 2.255000e+00 1.536980e+00 1.536985e+00 0.000000e+00 -2.168012e-01
0.000000e+00 2.310000e+00 1.517284e+00 1.517288e+00 0.000000e+00 -2.140065e-01
0.000000e+00 2.365000e+00 1.498338e+00 1.498343e+00 0.000000e+00 -2.115648e-01
0.000000e+00 2.420000e+00 1.480086e+00 1.480090e+00 0.000000e+00 -2.094536e-01
0.000000e+00 2.475000e+00 1.462472e+00 1.462476e+00 0.000000e+00 -2.076535e-01
0.000000e+00 2.530000e+00 1.445447e+00 1.445451e+00 0.000000e+00 -2.061462e-01
0.000000e+00 2.585000e+00 1.428973e+00 1.428977e+00 0.000000e+00 -2.049119e-01
0.000000e+00 2.640000e+00 1.413023e+00 1.413027e+00 0.000000e+00 -2.039258e-01
0.000000e+00 2.695000e+00 1.397586e+00 1.397589e+00 0.000000e+00 -2.031566e-01
0.000000e+00 2.750000e+00 1.382660e+00 1.382664e+00 0.000000e+00 -2.025686e-01
0.000000e+00 2.805000e+00 1.368251e+00 1.368254e+00 0.000000e+00 -2.021244e-01
0.000000e+00 2.860000e+00 1.354360e+00 1.354363e+00 0.000000e+00 -2.017893e-01
0.000000e+00 2.915000e+00 1.340989e+00 1.340991e+00 0.000000e+00 -2.015328e-01
0.000000e+00 2.970000e+00 1.328134e+00 1.328137e+00 0.000000e+00 -2.013279e-01
0.000000e+00 3.025000e+00 1.315795e+00 1.315797e+00 0.000000e+00 -2.011491e-01
0.000000e+00 3.080000e+00 1.303971e+00 1.303973e+00 0.000000e+00 -2.009711e-01
0.000000e+00 3.135000e+00 1.292664e+00 1.292666e+00 0.000000e+00 -2.007688e-01
0.000000e+00 3.190000e+00 1.281876e+00 1.281878e+00 0.000000e+00 -2.005190e-01
0.000000e+00 3.245000e+00 1.271604e+00 1.271606e+00 0.000000e+00 -2.002030e-01
0.000000e+00 3.300000e+00 1.261840e+00 1.261842e+00 0.000000e+00 -1.998071e-01
0.000000e+00 3.355000e+00 1.252571e+00 1.252573e+00 0.000000e+00 -1.993225e-01
0.000000e+00 3.410000e+00 1.243782e+00 1.243784e+00 0.000000e+00 -1.987437e-01
0.000000e+00 3.465000e+00 1.235457e+00 1.235459e+00 0.000000e+00 -1.980673e-01
0.000000e+00 3.520000e+00 1.227580e+00 1.227581e+00 0.000000e+00 -1.972912e-01
0.000000e+00 3.575000e+00 1.220133e+00 1.220134e+00 0.000000e+00 -1.964144e-01
0.000000e+00 3.630000e+00 1.213101e+00 1.213102e+00 0.000000e+00 -1.954370e-01
0.000000e+00 3.685000e+00 1.206466e+00 1.206467e+00 0.000000e+00 -1.943600e-01
0.000000e+00 3.740000e+00 1.200211e+00 1.200212e+00 0.000000e+00 -1.931859e-01
0.000000e+00 3.795000e+00 1.194320e+00 1.194321e+00 0.000000e+00 -1.919181e-01
0.000000e+00 3.850000e+00 1.188776e+00 1.188777e+00 0.000000e+00 -1.905605e-01
0.000000e+00 3.905000e+00 1.183560e+00 1.183561e+00 0.000000e+00 -1.891178e-01
0.000000e+00 3.960000e+00 1.178658e+00 1.178659e+00 0.000000e+00 -1.875948e-01
0.000000e+00 4.015000e+00 1.174052e+00 1.174053e+00 0.000000e+00 -1.859967e-01
0.000000e+00 4.070000e+00 1.169727e+00 1.169728e+00 0.000000e+00 -1.843288e-01
0.000000e+00 4.125000e+00 1.165668e+00 1.165669e+00 0.000000e+00 -1.825969e-01
0.000000e+00 4.180000e+00 1.161861e+00 1.161862e+00 0.000000e+00 -1.808066e-01
0.000000e+00 4.235000e+00 1.158292e+00 1.158293e+00 0.000000e+00 -1.789639e-01
0.000000e+00 4.290000e+00 1.154947e+00 1.154948e+00 0.000000e+00 -1.770733e-01
0.000000e+00 4.345000e+00 1.151811e+00 1.151812e+00 0.000000e+00 -1.751388e-01
0.000000e+00 4.400000e+00 1.148871e+00 1.148871e+00 0.000000e+00 -1.731641e-01
0.000000e+00 4.455000e+00 1.146115e+00 1.146116e+00 0.000000e+00 -1.711552e-01
0.000000e+00 4.510000e+00 1.143540e+00 1.143540e+00 0.000000e+00 -1.691224e-01
0.000000e+00 4.565000e+00 1.141142e+00 1.141142e+00 0.000000e+00 -1.670782e-01
0.000000e+00 4.620000e+00 1.138915e+00 1.138916e+00 0.000000e+00 -1.650290e-01
0.000000e+00 4.675000e+00 1.136833e+00 1.136833e+00 0.000000e+00 -1.629646e-01
0.000000e+00 4.730000e+00 1.134850e+00 1.134850e+00 0.000000e+00 -1.608565e-01
0.000000e+00 4.785000e+00 1.132921e+00 1.132921e+00 0.000000e+00 -1.586773e-01
0.000000e+00 4.840000e+00 1.131048e+00 1.131048e+00 0.000000e+00 -1.564390e-01
0.000000e+00 4.895000e+00 1.129317e+00 1.129317e+00 0.000000e+00 -1.542285e-01
0.000000e+00 4.950000e+00 1.127914e+00 1.127914e+00 0.000000e+00 -1.522186e-01
0.000000e+00 5.005000e+00 1.127093e+00 1.127093e+00 0.000000e+00 -1.506402e-01
0.000000e+00 5.060000e+00 1.127045e+00 1.127045e+00 0.000000e+00 -1.496681e-01
0.000000e+00 5.115000e+00 1.127652e+00 1.127653e+00 0.000000e+00 -1.491943e-01
0.000000e+00 5.170000e+00 1.128549e+00 1.128549e+00 0.000000e+00 -1.489041e-01
0.000000e+00 5.225000e+00 1.129302e+00 1.129302e+00 0.000000e+00 -1.484146e-01
0.000000e+00 5.280000e+00 1.129418e+00 1.129418e+00 0.000000e+00 -1.473117e-01
0.000000e+00 5.335000e+00 1.128631e+00 1.128631e+00 0.000000e+00 -1.453577e-01
0.000000e+00 5.390000e+00 1.127179e+00 1.127180e+00 0.000000e+00 -1.427864e-01
0.000000e+00 5.445000e+00 1.125481e+00 1.125482e+00 0.000000e+00 -1.399686e-01
0.000000e+00 5.500000e+00 1.123894e+00 1.123894e+00 0.000000e+00 -1.372268e-01
0.000000e+00 5.555000e+00 1.122613e+00 1.122613e+00 0.000000e+00 -1.347387e-01
0.000000e+00 5.610000e+00 1.121612e+00 1.121612e+00 0.000000e+00 -1.324838e-01
0.000000e+00 5.665000e+00 1.120709e+00 1.120709e+00 0.000000e+00 -1.303060e-01
0.000000e+00 5.720000e+00 1.119724e+00 1.119724e+00 0.000000e+00 -1.280570e-01
0.000000e+00 5.775000e+00 1.118597e+00 1.118597e+00 0.000000e+00 -1.256947e-01
0.000000e+00 5.830000e+00 1.117384e+00 1.117384e+00 0.000000e+00 -1.232772e-01
0.000000e+00 5.885000e+00 1.116184e+00 1.116184e+00 0.000000e+00 -1.208920e-01
0.000000e+00 5.940000e+00 1.115074e+00 1.115074e+00 0.000000e+00 -1.185991e-01
0.000000e+00 5.995000e+00 1.114087e+00 1.114087e+00 0.000000e+00 -1.164151e-01
0.000000e+00 6.050000e+00 1.113228e+00 1.113228e+00 0.000000e+00 -1.143306e-01
0.000000e+00 6.105000e+00 1.112489e+00 1.112489e+00 0.000000e+00 -1.123316e-01
0.000000e+00 6.160000e+00 1.111852e+00 1.111852e+00 0.000000e+00 -1.104030e-01
0.000000e+00 6.215000e+00 1.111277e+00 1.111277e+00 0.000000e+00 -1.085214e-01
0.000000e+00 6.270000e+00 1.110713e+00 1.110713e+00 0.000000e+00 -1.066559e-01
0.000000e+00 6.325000e+00 1.110112e+00 1.110112e+00 0.000000e+00 -1.047812e-01
0.000000e+00 6.380000e+00 1.109455e+00 1.109455e+00 0.000000e+00 -1.028911e-01
0.000000e+00 6.435000e+00 1.108748e+00 1.108748e+00 0.000000e+00 -1.009975e-01
0.000000e+00 6.490000e+00 1.108013e+00 1.108013e+00 0.000000e+00 -9.911927e-02
0.000000e+00 6.545000e+00 1.107275e+00 1.107275e+00 0.000000e+00 -9.727077e-02
0.000000e+00 6.600000e+00 1.106555e+00 1.106555e+00 0.000000e+00 -9.546047e-02
0.000000e+00 6.655000e+00 1.105875e+00 1.105875e+00 0.000000e+00 -9.369433e-02
0.000000e+00 6.710000e+00 1.105250e+00 1.105250e+00 0.000000e+00 -9.197757e-02
0.000000e+00 6.765000e+00 1.104688e+00 1.104688e+00 0.000000e+00 -9.031236e-02
0.000000e+00 6.820000e+00 1.104184e+00 1.104184e+00 0.000000e+00 -8.869519e-02
0.000000e+00 6.875000e+00 1.103724e+00 1.103724e+00 0.000000e+00 -8.711789e-02
0.000000e+00 6.930000e+00 1.103290e+00 1.103290e+00 0.000000e+00 -8.557139e-02
0.000000e+00 6.985000e+00 1.102866e+00 1.102866e+00 0.000000e+00 -8.404890e-02
0.000000e+00 7.040000e+00 1.102440e+00 1.102440e+00 0.000000e+00 -8.254655e-02
0.000000e+00 7.095000e+00 1.102003e+00 1.102003e+00 0.000000e+00 -8.106236e-02
0.000000e+00 7.150000e+00 1.101552e+00 1.101552e+00 0.000000e+00 -7.959550e-02
0.000000e+00 7.205000e+00 1.101087e+00 1.101087e+00 0.000000e+00 -7.814628e-02
0.000000e+00 7.260000e+00 1.100612e+00 1.100612e+00 0.000000e+00 -7.671615e-02
0.000000e+00 7.315000e+00 1.100131e+00 1.100131e+00 0.000000e+00 -7.530717e-02
0.000000e+00 7.370000e+00 1.099650e+00 1.099650e+00 0.000000e+00 -7.392122e-02
0.000000e+00 7.425000e+00 1.099173e+00 1.099173e+00 0.000000e+00 -7.255958e-02
0.000000e+00 7.480000e+00 1.098704e+00 1.098704e+00 0.000000e+00 -7.122291e-02
0.000000e+00 7.535000e+00 1.098246e+00 1.098246e+00 0.000000e+00 -6.991142e-02
0.000000e+00 7.590000e+00 1.097800e+00 1.097800e+00 0.000000e+00 -6.862498e-02
0.000000e+00 7.645000e+00 1.097366e+00 1.097366e+00 0.000000e+00 -6.736311e-02
0.000000e+00 7.700000e+00 1.096946e+00 1.096946e+00 0.000000e+00 -6.612517e-02
0.000000e+00 7.755000e+00 1.096537e+00 1.096537e+00 0.000000e+00 -6.491041e-02
0.000000e+00 7.810000e+00 1.096140e+00 1.096140e+00 0.000000e+00 -6.371812e-02
0.000000e+00 7.865000e+00 1.095754e+00 1.095754e+00 0.000000e+00 -6.254758e-02
0.000000e+00 7.920000e+00 1.095376e+00 1.095376e+00 0.000000e+00 -6.139806e-02
0.000000e+00 7.975000e+00 1.095008e+00 1.095008e+00 0.000000e+00 -6.026890e-02
0.000000e+00 8.030000e+00 1.094646e+00 1.094646e+00 0.000000e+00 -5.915947e-02
0.000000e+00 8.085000e+00 1.094292e+00 1.094292e+00 0.000000e+00 -5.806928e-02
0.000000e+00 8.140000e+00 1.093944e+00 1.093944e+00 0.000000e+00 -5.699786e-02
0.000000e+00 8.195000e+00 1.093602e+00 1.093602e+00 0.000000e+00 -5.594476e-02
0.000000e+00 8.250000e+00 1.093265e+00 1.093265e+00 0.000000e+00 -5.490945e-02
0.000000e+00 8.305000e+00 1.092933e+00 1.092933e+00 0.000000e+00 -5.389138e-02
0.000000e+00 8.360000e+00 1.092605e+00 1.092605e+00 0.000000e+00 -5.289002e-02
0.000000e+00 8.415000e+00 1.092282e+00 1.092282e+00 0.000000e+00 -5.190494e-02
0.000000e+00 8.470000e+00 1.091962e+00 1.091962e+00 0.000000e+00 -5.093582e-02
0.000000e+00 8.525000e+00 1.091647e+00 1.091647e+00 0.000000e+00 -4.998237e-02
0.000000e+00 8.580000e+00 1.091336e+00 1.091336e+00 0.000000e+00 -4.904424e-02
0.000000e+00 8.635000e+00 1.091029e+00 1.091029e+00 0.000000e+00 -4.812100e-02
0.000000e+00 8.690000e+00 1.090725e+00 1.090725e+00 0.000000e+00 -4.721216e-02
0.000000e+00 8.745000e+00 1.090425e+00 1.090425e+00 0.000000e+00 -4.631731e-02
0.000000e+00 8.800000e+00 1.090128e+00 1.090128e+00 0.000000e+00 -4.543614e-02
0.000000e+00 8.855000e+00 1.089835e+00 1.089835e+00 0.000000e+00 -4.456845e-02
0.000000e+00 8.910000e+00 1.089546e+00 1.089545e+00 0.000000e+00 -4.371403e-02
0.000000e+00 8.965000e+00 1.089260e+00 1.089260e+00 0.000000e+00 -4.287251e-02
0.000000e+00 9.020000e+00 1.088978e+00 1.088978e+00 0.000000e+00 -4.204330e-02
0.000000e+00 9.075000e+00 1.088699e+00 1.088699e+00 0.000000e+00 -4.122563e-02
0.000000e+00 9.130000e+00 1.088423e+00 1.088423e+00 0.000000e+00 -4.041867e-02
0.000000e+00 9.185000e+00 1.088150e+00 1.088150e+00 0.000000e+00 -3.962166e-02
0.000000e+00 9.240000e+00 1.087880e+00 1.087880e+00 0.000000e+00 -3.883395e-02
0.000000e+00 9.295000e+00 1.087613e+00 1.087612e+00 0.000000e+00 -3.805456e-02
0.000000e+00 9.350000e+00 1.087347e+00 1.087347e+00 0.000000e+00 -3.728244e-02
0.000000e+00 9.405000e+00 1.087085e+00 1.087085e+00 0.000000e+00 -3.651619e-02
0.000000e+00 9.460000e+00 1.086824e+00 1.086824e+00 0.000000e+00 -3.575608e-02
0.000000e+00 9.515000e+00 1.086566e+00 1.086566e+00 0.000000e+00 -3.500192e-02
0.000000e+00 9.570000e+00 1.086308e+00 1.086308e+00 0.000000e+00 -3.425512e-02
0.000000e+00 9.625000e+00 1.086054e+00 1.086054e+00 0.000000e+00 -3.350920e-02
0.000000e+00 9.680000e+00 1.085798e+00 1.085798e+00 0.000000e+00 -3.276146e-02
0.000000e+00 9.735000e+00 1.085549e+00 1.085548e+00 0.000000e+00 -3.199806e-02
0.000000e+00 9.790000e+00 1.085291e+00 1.085288e+00 0.000000e+00 -3.124153e-02
0.000000e+00 9.845000e+00 1.085052e+00 1.085047e+00 0.000000e+00 -3.049389e-02
0.000000e+00 9.900000e+00 1.084782e+00 1.084774e+00 0.000000e+00 -2.984552e-02
0.000000e+00 9.955000e+00 1.084587e+00 1.084578e+00 0.000000e+00 -2.923742e-02
0.000000e+00 1.001000e+01 1.105114e+00 1.105104e+00 -0.000000e+00 -1.013850e-02
0.000000e+00 1.006500e+01 1.105114e+00 1.105104e+00 -0.000000e+00 -1.013850e-02
0.000000e+00 1.012000e+01 1.105114e+00 1.105104e+00 -0.000000e+00 -1.013850e-02
0.000000e+00 1.017500e+01 1.105114e+00 1.105104e+00 -0.000000e+00 -1.013850e-02
0.000000e+00 1.023000e+01 1.105114e+00 1.105104e+00 -0.000000e+00 -1.013850e-02
0.000000e+00 1.028500e+01 1.105114e+00 1.105104e+00 -0.000000e+00 -1.013850e-02
0.000000e+00 1.034000e+01 1.105114e+00 1.105104e+00 -0.000000e+00 -1.013850e-02
0.000000e+00 1.039500e+01 1.105114e+00 1.105104e+00 -0.000000e+00 -1.013850e-02
0.000000e+00 1.045000e+01 1.105114e+00 1.105104e+00 -0.000000e+00 -1.013850e-02
0.000000e+00 1.050500e+01 1.105114e+00 1.105104e+00 -0.000000e+00 -1.013850e-02
0.000000e+00 1.056000e+01 1.105114e+00 1.105104e+00 -0.000000e+00 -1.013850e-02
0.000000e+00 1.061500e+01 1.105114e+00 1.105104e+00 -0.000000e+00 -1.013850e-02
0.000000e+00 1.067000e+01 1.105114e+00 1.105104e+00 -0.000000e+00 -1.013850e-02
0.000000e+00 1.072500e+01 1.105114e+00 1.105104e+00 -0.000000e+00 -1.013850e-02
0.000000e+00 1.078000e+01 1.105114e+00 1.105104e+00 -0.000000e+00 -1.013850e-02
0.000000e+00 1.083500e+01 1.105114e+00 1.105104e+00 -0.000000e+00 -1.013850e-02
0.000000e+00 1.089000e+01 1.105114e+00 1.105104e+00 -0.000000e+00 -1.013850e-02
0.000000e+00 1.094500e+01 1.105114e+00 1.105104e+00 -0.000000e+00 -1.013850e-02
0.000000e+00 1.100000e+01 1.105114e+00 1.105104e+00 -0.000000e+00 -1.013850e-02
