#############TIME##################
1.900583e+00 
###################################
0.000000e+00 0.000000e+00 4.037085e+01 4.037415e+01 0.000000e+00 -3.091788e+00
0.000000e+00 5.500000e-02 4.037085e+01 4.037415e+01 0.000000e+00 -3.091788e+00
0.000000e+00 1.100000e-01 1.533921e+01 1.533967e+01 0.000000e+00 -3.091811e+00
0.000000e+00 1.650000e-01 9.954190e+00 9.954405e+00 0.000000e+00 -2.354923e+00
0.000000e+00 2.200000e-01 7.373368e+00 7.373507e+00 0.000000e+00 -1.992421e+00
0.000000e+00 2.750000e-01 5.768407e+00 5.768502e+00 0.000000e+00 -1.713405e+00
0.000000e+00 3.300000e-01 4.758200e+00 4.758270e+00 0.000000e+00 -1.500885e+00
0.000000e+00 3.850000e-01 4.035827e+00 4.035879e+00 0.000000e+00 -1.337988e+00
0.000000e+00 4.400000e-01 3.522674e+00 3.522715e+00 0.000000e+00 -1.203745e+00
0.000000e+00 4.950000e-01 3.127295e+00 3.127327e+00 0.000000e+00 -1.096892e+00
0.000000e+00 5.500000e-01 2.822540e+00 2.822566e+00 0.000000e+00 -1.006814e+00
0.000000e+00 6.050000e-01 2.578087e+00 2.578109e+00 0.000000e+00 -9.321126e-01
0.000000e+00 6.600000e-01 2.378391e+00 2.378409e+00 0.000000e+00 -8.686930e-01
0.000000e+00 7.150000e-01 2.213179e+00 2.213194e+00 0.000000e+00 -8.145927e-01
0.000000e+00 7.700000e-01 2.074286e+00 2.074299e+00 0.000000e+00 -7.678151e-01
0.000000e+00 8.250000e-01 1.956365e+00 1.956376e+00 0.000000e+00 -7.271449e-01
0.000000e+00 8.800000e-01 1.855249e+00 1.855259e+00 0.000000e+00 -6.913722e-01
0.000000e+00 9.350000e-01 1.767961e+00 1.767970e+00 0.000000e+00 -6.596532e-01
0.000000e+00 9.900000e-01 1.692130e+00 1.692137e+00 0.000000e+00 -6.312270e-01
0.000000e+00 1.045000e+00 1.625924e+00 1.625931e+00 0.000000e+00 -6.055278e-01
0.000000e+00 1.100000e+00 1.567846e+00 1.567851e+00 0.000000e+00 -5.820811e-01
0.000000e+00 1.155000e+00 1.516692e+00 1.516697e+00 0.000000e+00 -5.605205e-01
0.000000e+00 1.210000e+00 1.471483e+00 1.471487e+00 0.000000e+00 -5.405394e-01
0.000000e+00 1.265000e+00 1.431427e+00 1.431431e+00 0.000000e+00 -5.218856e-01
0.000000e+00 1.320000e+00 1.395872e+00 1.395876e+00 0.000000e+00 -5.043454e-01
0.000000e+00 1.375000e+00 1.364275e+00 1.364278e+00 0.000000e+00 -4.877441e-01
0.000000e+00 1.430000e+00 1.336165e+00 1.336168e+00 0.000000e+00 -4.719421e-01
0.000000e+00 1.485000e+00 1.311136e+00 1.311138e+00 0.000000e+00 -4.568319e-01
0.000000e+00 1.540000e+00 1.288831e+00 1.288833e+00 0.000000e+00 -4.423301e-01
0.000000e+00 1.595000e+00 1.268942e+00 1.268944e+00 0.000000e+00 -4.283703e-01
0.000000e+00 1.650000e+00 1.251202e+00 1.251204e+00 0.000000e+00 -4.148987e-01
0.000000e+00 1.705000e+00 1.235378e+00 1.235380e+00 0.000000e+00 -4.018717e-01
0.000000e+00 1.760000e+00 1.221265e+00 1.221267e+00 0.000000e+00 -3.892546e-01
0.000000e+00 1.815000e+00 1.208682e+00 1.208683e+00 0.000000e+00 -3.770206e-01
0.000000e+00 1.870000e+00 1.197465e+00 1.197466e+00 0.000000e+00 -3.651497e-01
0.000000e+00 1.925000e+00 1.187469e+00 1.187470e+00 0.000000e+00 -3.536268e-01
0.000000e+00 1.980000e+00 1.178566e+00 1.178567e+00 0.000000e+00 -3.424409e-01
0.000000e+00 2.035000e+00 1.170637e+00 1.170638e+00 0.000000e+00 -3.315838e-01
0.000000e+00 2.090000e+00 1.163579e+00 1.163580e+00 0.000000e+00 -3.210494e-01
0.000000e+00 2.145000e+00 1.157298e+00 1.157299e+00 0.000000e+00 -3.108328e-01
0.000000e+00 2.200000e+00 1.151710e+00 1.151710e+00 0.000000e+00 -3.009297e-01
0.000000e+00 2.255000e+00 1.146738e+00 1.146739e+00 0.000000e+00 -2.913365e-01
0.000000e+00 2.310000e+00 1.142316e+00 1.142317e+00 0.000000e+00 -2.820495e-01
0.000000e+00 2.365000e+00 1.138384e+00 1.138384e+00 0.000000e+00 -2.730648e-01
0.000000e+00 2.420000e+00 1.134886e+00 1.134886e+00 0.000000e+00 -2.643783e-01
0.000000e+00 2.475000e+00 1.131775e+00 1.131775e+00 0.000000e+00 -2.559855e-01
0.000000e+00 2.530000e+00 1.129007e+00 1.129007e+00 0.000000e+00 -2.478812e-01
0.000000e+00 2.585000e+00 1.126544e+00 1.126544e+00 0.000000e+00 -2.400601e-01
0.000000e+00 2.640000e+00 1.124352e+00 1.124352e+00 0.000000e+00 -2.325163e-01
0.000000e+00 2.695000e+00 1.122399e+00 1.122399e+00 0.000000e+00 -2.252433e-01
0.000000e+00 2.750000e+00 1.120660e+00 1.120660e+00 0.000000e+00 -2.182344e-01
0.000000e+00 2.805000e+00 1.119109e+00 1.119109e+00 0.000000e+00 -2.114826e-01
0.000000e+00 2.860000e+00 1.117726e+00 1.117726e+00 0.000000e+00 -2.049805e-01
0.000000e+00 2.915000e+00 1.116491e+00 1.116491e+00 0.000000e+00 -1.987206e-01
0.000000e+00 2.970000e+00 1.115388e+00 1.115388e+00 0.000000e+00 -1.926952e-01
0.000000e+00 3.025000e+00 1.114402e+00 1.114402e+00 0.000000e+00 -1.868965e-01
0.000000e+00 3.080000e+00 1.113520e+00 1.113520e+00 0.000000e+00 -1.813167e-01
0.000000e+00 3.135000e+00 1.112730e+00 1.112730e+00 0.000000e+00 -1.759480e-01
0.000000e+00 3.190000e+00 1.112022e+00 1.112022e+00 0.000000e+00 -1.707827e-01
0.000000e+00 3.245000e+00 1.111386e+00 1.111386e+00 0.000000e+00 -1.658130e-01
0.000000e+00 3.300000e+00 1.110816e+00 1.110816e+00 0.000000e+00 -1.610315e-01
0.000000e+00 3.355000e+00 1.110303e+00 1.110303e+00 0.000000e+00 -1.564307e-01
0.000000e+00 3.410000e+00 1.109841e+00 1.109841e+00 0.000000e+00 -1.520035e-01
0.000000e+00 3.465000e+00 1.109425e+00 1.109425e+00 0.000000e+00 -1.477428e-01
0.000000e+00 3.520000e+00 1.109051e+00 1.109051e+00 0.000000e+00 -1.436418e-01
0.000000e+00 3.575000e+00 1.108712e+00 1.108712e+00 0.000000e+00 -1.396939e-01
0.000000e+00 3.630000e+00 1.108406e+00 1.108406e+00 0.000000e+00 -1.358928e-01
0.000000e+00 3.685000e+00 1.108130e+00 1.108130e+00 0.000000e+00 -1.322322e-01
0.000000e+00 3.740000e+00 1.107879e+00 1.107879e+00 0.000000e+00 -1.287063e-01
0.000000e+00 3.795000e+00 1.107652e+00 1.107652e+00 0.000000e+00 -1.253093e-01
0.000000e+00 3.850000e+00 1.107446e+00 1.107446e+00 0.000000e+00 -1.220358e-01
0.000000e+00 3.905000e+00 1.107259e+00 1.107259e+00 0.000000e+00 -1.188805e-01
0.000000e+00 3.960000e+00 1.107089e+00 1.107089e+00 0.000000e+00 -1.158383e-01
0.000000e+00 4.015000e+00 1.106934e+00 1.106934e+00 0.000000e+00 -1.129046e-01
0.000000e+00 4.070000e+00 1.106793e+00 1.106793e+00 0.000000e+00 -1.100746e-01
0.000000e+00 4.125000e+00 1.106665e+00 1.106665e+00 0.000000e+00 -1.073440e-01
0.000000e+00 4.180000e+00 1.106547e+00 1.106547e+00 0.000000e+00 -1.047085e-01
0.000000e+00 4.235000e+00 1.106440e+00 1.106440e+00 0.000000e+00 -1.021642e-01
0.000000e+00 4.290000e+00 1.106341e+00 1.106342e+00 0.000000e+00 -9.970711e-02
0.000000e+00 4.345000e+00 1.106252e+00 1.106252e+00 0.000000e+00 -9.733369e-02
0.000000e+00 4.400000e+00 1.106169e+00 1.106169e+00 0.000000e+00 -9.504039e-02
0.000000e+00 4.455000e+00 1.106094e+00 1.106094e+00 0.000000e+00 -9.282389e-02
0.000000e+00 4.510000e+00 1.106024e+00 1.106024e+00 0.000000e+00 -9.068101e-02
0.000000e+00 4.565000e+00 1.105960e+00 1.105960e+00 0.000000e+00 -8.860871e-02
0.000000e+00 4.620000e+00 1.105902e+00 1.105902e+00 0.000000e+00 -8.660409e-02
0.000000e+00 4.675000e+00 1.105848e+00 1.105848e+00 0.000000e+00 -8.466441e-02
0.000000e+00 4.730000e+00 1.105798e+00 1.105798e+00 0.000000e+00 -8.278701e-02
0.000000e+00 4.785000e+00 1.105752e+00 1.105752e+00 0.000000e+00 -8.096941e-02
0.000000e+00 4.840000e+00 1.105709e+00 1.105709e+00 0.000000e+00 -7.920919e-02
0.000000e+00 4.895000e+00 1.105670e+00 1.105670e+00 0.000000e+00 -7.750408e-02
0.000000e+00 4.950000e+00 1.105634e+00 1.105634e+00 0.000000e+00 -7.585190e-02
0.000000e+00 5.005000e+00 1.105601e+00 1.105601e+00 0.000000e+00 -7.425056e-02
0.000000e+00 5.060000e+00 1.105569e+00 1.105569e+00 0.000000e+00 -7.269809e-02
0.000000e+00 5.115000e+00 1.105541e+00 1.105541e+00 0.000000e+00 -7.119259e-02
0.000000e+00 5.170000e+00 1.105514e+00 1.105514e+00 0.000000e+00 -6.973225e-02
0.000000e+00 5.225000e+00 1.105489e+00 1.105489e+00 0.000000e+00 -6.831535e-02
0.000000e+00 5.280000e+00 1.105466e+00 1.105466e+00 0.000000e+00 -6.694023e-02
0.000000e+00 5.335000e+00 1.105445e+00 1.105445e+00 0.000000e+00 -6.560532e-02
0.000000e+00 5.390000e+00 1.105425e+00 1.105425e+00 0.000000e+00 -6.430912e-02
0.000000e+00 5.445000e+00 1.105406e+00 1.105407e+00 0.000000e+00 -6.305018e-02
0.000000e+00 5.500000e+00 1.105389e+00 1.105389e+00 0.000000e+00 -6.182714e-02
0.000000e+00 5.555000e+00 1.105373e+00 1.105373e+00 0.000000e+00 -6.063868e-02
0.000000e+00 5.610000e+00 1.105358e+00 1.105358e+00 0.000000e+00 -5.948354e-02
0.000000e+00 5.665000e+00 1.105344e+00 1.105344e+00 0.000000e+00 -5.836051e-02
0.000000e+00 5.720000e+00 1.105331e+00 1.105331e+00 0.000000e+00 -5.726846e-02
0.000000e+00 5.775000e+00 1.105319e+00 1.105319e+00 0.000000e+00 -5.620627e-02
0.000000e+00 5.830000e+00 1.105307e+00 1.105307e+00 0.000000e+00 -5.517289e-02
0.000000e+00 5.885000e+00 1.105297e+00 1.105297e+00 0.000000e+00 -5.416732e-02
0.000000e+00 5.940000e+00 1.105287e+00 1.105287e+00 0.000000e+00 -5.318858e-02
0.000000e+00 5.995000e+00 1.105277e+00 1.105277e+00 0.000000e+00 -5.223575e-02
0.000000e+00 6.050000e+00 1.105269e+00 1.105269e+00 0.000000e+00 -5.130793e-02
0.000000e+00 6.105000e+00 1.105260e+00 1.105260e+00 0.000000e+00 -5.040429e-02
0.000000e+00 6.160000e+00 1.105253e+00 1.105253e+00 0.000000e+00 -4.952399e-02
0.000000e+00 6.215000e+00 1.105245e+00 1.105245e+00 0.000000e+00 -4.866627e-02
0.000000e+00 6.270000e+00 1.105239e+00 1.105239e+00 0.000000e+00 -4.783036e-02
0.000000e+00 6.325000e+00 1.105232e+00 1.105232e+00 0.000000e+00 -4.701554e-02
0.000000e+00 6.380000e+00 1.105226e+00 1.105226e+00 0.000000e+00 -4.622113e-02
0.000000e+00 6.435000e+00 1.105220e+00 1.105220e+00 0.000000e+00 -4.544646e-02
0.000000e+00 6.490000e+00 1.105215e+00 1.105215e+00 0.000000e+00 -4.469089e-02
0.000000e+00 6.545000e+00 1.105210e+00 1.105210e+00 0.000000e+00 -4.395380e-02
0.000000e+00 6.600000e+00 1.105205e+00 1.105205e+00 0.000000e+00 -4.323461e-02
0.000000e+00 6.655000e+00 1.105201e+00 1.105201e+00 0.000000e+00 -4.253275e-02
0.000000e+00 6.710000e+00 1.105197e+00 1.105197e+00 0.000000e+00 -4.184767e-02
0.000000e+00 6.765000e+00 1.105193e+00 1.105193e+00 0.000000e+00 -4.117886e-02
0.000000e+00 6.820000e+00 1.105189e+00 1.105189e+00 0.000000e+00 -4.052580e-02
0.000000e+00 6.875000e+00 1.105185e+00 1.105185e+00 0.000000e+00 -3.988801e-02
0.000000e+00 6.930000e+00 1.105182e+00 1.105182e+00 0.000000e+00 -3.926503e-02
0.000000e+00 6.985000e+00 1.105179e+00 1.105179e+00 0.000000e+00 -3.865642e-02
0.000000e+00 7.040000e+00 1.105176e+00 1.105176e+00 0.000000e+00 -3.806173e-02
0.000000e+00 7.095000e+00 1.105173e+00 1.105173e+00 0.000000e+00 -3.748053e-02
0.000000e+00 7.150000e+00 1.105170e+00 1.105170e+00 0.000000e+00 -3.691239e-02
0.000000e+00 7.205000e+00 1.105168e+00 1.105168e+00 0.000000e+00 -3.635698e-02
0.000000e+00 7.260000e+00 1.105165e+00 1.105165e+00 0.000000e+00 -3.581409e-02
0.000000e+00 7.315000e+00 1.105163e+00 1.105163e+00 0.000000e+00 -3.528338e-02
0.000000e+00 7.370000e+00 1.105161e+00 1.105161e+00 0.000000e+00 -3.476407e-02
0.000000e+00 7.425000e+00 1.105158e+00 1.105158e+00 0.000000e+00 -3.425498e-02
0.000000e+00 7.480000e+00 1.105154e+00 1.105154e+00 0.000000e+00 -3.375593e-02
0.000000e+00 7.535000e+00 1.105152e+00 1.105152e+00 0.000000e+00 -3.326947e-02
0.000000e+00 7.590000e+00 1.105157e+00 1.105157e+00 0.000000e+00 -3.279973e-02
0.000000e+00 7.645000e+00 1.105168e+00 1.105168e+00 0.000000e+00 -3.234520e-02
0.000000e+00 7.700000e+00 1.105168e+00 1.105168e+00 0.000000e+00 -3.189054e-02
0.000000e+00 7.755000e+00 1.105133e+00 1.105133e+00 0.000000e+00 -3.141279e-02
0.000000e+00 7.810000e+00 1.105064e+00 1.105064e+00 0.000000e+00 -3.091372e-02
0.000000e+00 7.865000e+00 1.105038e+00 1.105038e+00 0.000000e+00 -3.046259e-02
0.000000e+00 7.920000e+00 1.105224e+00 1.105224e+00 0.000000e+00 -3.021383e-02
0.000000e+00 7.975000e+00 1.105853e+00 1.105853e+00 0.000000e+00 -3.037639e-02
0.000000e+00 8.030000e+00 1.107031e+00 1.107031e+00 0.000000e+00 -3.103800e-02
0.000000e+00 8.085000e+00 1.108559e+00 1.108559e+00 0.000000e+00 -3.201027e-02
0.000000e+00 8.140000e+00 1.110049e+00 1.110049e+00 0.000000e+00 -3.293172e-02
0.000000e+00 8.195000e+00 1.111041e+00 1.111041e+00 0.000000e+00 -3.339460e-02
0.000000e+00 8.250000e+00 1.111221e+00 1.111221e+00 0.000000e+00 -3.313750e-02
0.000000e+00 8.305000e+00 1.110752e+00 1.110752e+00 0.000000e+00 -3.232757e-02
0.000000e+00 8.360000e+00 1.110008e+00 1.110008e+00 0.000000e+00 -3.129647e-02
0.000000e+00 8.415000e+00 1.109336e+00 1.109336e+00 0.000000e+00 -3.033543e-02
0.000000e+00 8.470000e+00 1.108951e+00 1.108951e+00 0.000000e+00 -2.961382e-02
0.000000e+00 8.525000e+00 1.108814e+00 1.108814e+00 0.000000e+00 -2.909245e-02
0.000000e+00 8.580000e+00 1.108701e+00 1.108701e+00 0.000000e+00 -2.859739e-02
0.000000e+00 8.635000e+00 1.108401e+00 1.108401e+00 0.000000e+00 -2.797898e-02
0.000000e+00 8.690000e+00 1.107881e+00 1.107881e+00 0.000000e+00 -2.722102e-02
0.000000e+00 8.745000e+00 1.107280e+00 1.107280e+00 0.000000e+00 -2.642251e-02
0.000000e+00 8.800000e+00 1.106776e+00 1.106776e+00 0.000000e+00 -2.569739e-02
0.000000e+00 8.855000e+00 1.106458e+00 1.106458e+00 0.000000e+00 -2.509882e-02
0.000000e+00 8.910000e+00 1.106286e+00 1.106286e+00 0.000000e+00 -2.459750e-02
0.000000e+00 8.965000e+00 1.106149e+00 1.106149e+00 0.000000e+00 -2.412373e-02
0.000000e+00 9.020000e+00 1.105951e+00 1.105951e+00 0.000000e+00 -2.361896e-02
0.000000e+00 9.075000e+00 1.105654e+00 1.105654e+00 0.000000e+00 -2.306191e-02
0.000000e+00 9.130000e+00 1.105277e+00 1.105277e+00 0.000000e+00 -2.246560e-02
0.000000e+00 9.185000e+00 1.104861e+00 1.104861e+00 0.000000e+00 -2.185899e-02
0.000000e+00 9.240000e+00 1.104445e+00 1.104445e+00 0.000000e+00 -2.126724e-02
0.000000e+00 9.295000e+00 1.104047e+00 1.104047e+00 0.000000e+00 -2.069962e-02
0.000000e+00 9.350000e+00 1.103669e+00 1.103669e+00 0.000000e+00 -2.015127e-02
0.000000e+00 9.405000e+00 1.103311e+00 1.103311e+00 0.000000e+00 -1.961712e-02
0.000000e+00 9.460000e+00 1.102975e+00 1.102975e+00 0.000000e+00 -1.909738e-02
0.000000e+00 9.515000e+00 1.102663e+00 1.102663e+00 0.000000e+00 -1.859299e-02
0.000000e+00 9.570000e+00 1.102368e+00 1.102368e+00 0.000000e+00 -1.809731e-02
0.000000e+00 9.625000e+00 1.102080e+00 1.102079e+00 0.000000e+00 -1.760583e-02
0.000000e+00 9.680000e+00 1.101796e+00 1.101796e+00 0.000000e+00 -1.711569e-02
0.000000e+00 9.735000e+00 1.101514e+00 1.101515e+00 0.000000e+00 -1.663181e-02
0.000000e+00 9.790000e+00 1.101244e+00 1.101243e+00 0.000000e+00 -1.614389e-02
0.000000e+00 9.845000e+00 1.100974e+00 1.100972e+00 0.000000e+00 -1.565531e-02
0.000000e+00 9.900000e+00 1.100717e+00 1.100712e+00 0.000000e+00 -1.515870e-02
0.000000e+00 9.955000e+00 1.100445e+00 1.100436e+00 0.000000e+00 -1.469748e-02
0.000000e+00 1.001000e+01 1.105114e+00 1.105104e+00 -0.000000e+00 -1.013850e-02
0.000000e+00 1.006500e+01 1.105114e+00 1.105104e+00 -0.000000e+00 -1.013850e-02
0.000000e+00 1.012000e+01 1.105114e+00 1.105104e+00 -0.000000e+00 -1.013850e-02
0.000000e+00 1.017500e+01 1.105114e+00 1.105104e+00 -0.000000e+00 -1.013850e-02
0.000000e+00 1.023000e+01 1.105114e+00 1.105104e+00 -0.000000e+00 -1.013850e-02
0.000000e+00 1.028500e+01 1.105114e+00 1.105104e+00 -0.000000e+00 -1.013850e-02
0.000000e+00 1.034000e+01 1.105114e+00 1.105104e+00 -0.000000e+00 -1.013850e-02
0.000000e+00 1.039500e+01 1.105114e+00 1.105104e+00 -0.000000e+00 -1.013850e-02
0.000000e+00 1.045000e+01 1.105114e+00 1.105104e+00 -0.000000e+00 -1.013850e-02
0.000000e+00 1.050500e+01 1.105114e+00 1.105104e+00 -0.000000e+00 -1.013850e-02
0.000000e+00 1.056000e+01 1.105114e+00 1.105104e+00 -0.000000e+00 -1.013850e-02
0.000000e+00 1.061500e+01 1.105114e+00 1.105104e+00 -0.000000e+00 -1.013850e-02
0.000000e+00 1.067000e+01 1.105114e+00 1.105104e+00 -0.000000e+00 -1.013850e-02
0.000000e+00 1.072500e+01 1.105114e+00 1.105104e+00 -0.000000e+00 -1.013850e-02
0.000000e+00 1.078000e+01 1.105114e+00 1.105104e+00 -0.000000e+00 -1.013850e-02
0.000000e+00 1.083500e+01 1.105114e+00 1.105104e+00 -0.000000e+00 -1.013850e-02
0.000000e+00 1.089000e+01 1.105114e+00 1.105104e+00 -0.000000e+00 -1.013850e-02
0.000000e+00 1.094500e+01 1.105114e+00 1.105104e+00 -0.000000e+00 -1.013850e-02
0.000000e+00 1.100000e+01 1.105114e+00 1.105104e+00 -0.000000e+00 -1.013850e-02
