#############TIME##################
1.750241e+01 
###################################
0.000000e+00 0.000000e+00 5.600719e+01 5.601190e+01 0.000000e+00 -3.063131e+00
0.000000e+00 5.500000e-02 5.600719e+01 5.601190e+01 0.000000e+00 -3.063131e+00
0.000000e+00 1.100000e-01 2.120679e+01 2.120749e+01 0.000000e+00 -3.063143e+00
0.000000e+00 1.650000e-01 1.378215e+01 1.378249e+01 0.000000e+00 -2.307877e+00
0.000000e+00 2.200000e-01 1.022505e+01 1.022527e+01 0.000000e+00 -1.934229e+00
0.000000e+00 2.750000e-01 8.000866e+00 8.001024e+00 0.000000e+00 -1.645388e+00
0.000000e+00 3.300000e-01 6.609052e+00 6.609170e+00 0.000000e+00 -1.422676e+00
0.000000e+00 3.850000e-01 5.608997e+00 5.609088e+00 0.000000e+00 -1.250757e+00
0.000000e+00 4.400000e-01 4.903039e+00 4.903112e+00 0.000000e+00 -1.107031e+00
0.000000e+00 4.950000e-01 4.359621e+00 4.359681e+00 0.000000e+00 -9.911898e-01
0.000000e+00 5.500000e-01 3.939498e+00 3.939548e+00 0.000000e+00 -8.928390e-01
0.000000e+00 6.050000e-01 3.605781e+00 3.605824e+00 0.000000e+00 -8.095665e-01
0.000000e+00 6.600000e-01 3.333824e+00 3.333861e+00 0.000000e+00 -7.378382e-01
0.000000e+00 7.150000e-01 3.109181e+00 3.109213e+00 0.000000e+00 -6.758421e-01
0.000000e+00 7.700000e-01 2.920514e+00 2.920543e+00 0.000000e+00 -6.215685e-01
0.000000e+00 8.250000e-01 2.760344e+00 2.760369e+00 0.000000e+00 -5.738524e-01
0.000000e+00 8.800000e-01 2.622743e+00 2.622765e+00 0.000000e+00 -5.315499e-01
0.000000e+00 9.350000e-01 2.503485e+00 2.503506e+00 0.000000e+00 -4.938753e-01
0.000000e+00 9.900000e-01 2.399205e+00 2.399224e+00 0.000000e+00 -4.601192e-01
0.000000e+00 1.045000e+00 2.307364e+00 2.307381e+00 0.000000e+00 -4.297425e-01
0.000000e+00 1.100000e+00 2.225921e+00 2.225936e+00 0.000000e+00 -4.022787e-01
0.000000e+00 1.155000e+00 2.153272e+00 2.153286e+00 0.000000e+00 -3.773543e-01
0.000000e+00 1.210000e+00 2.088110e+00 2.088123e+00 0.000000e+00 -3.546509e-01
0.000000e+00 1.265000e+00 2.029375e+00 2.029387e+00 0.000000e+00 -3.339054e-01
0.000000e+00 1.320000e+00 1.976190e+00 1.976202e+00 0.000000e+00 -3.148929e-01
0.000000e+00 1.375000e+00 1.927830e+00 1.927841e+00 0.000000e+00 -2.974233e-01
0.000000e+00 1.430000e+00 1.883685e+00 1.883695e+00 0.000000e+00 -2.813322e-01
0.000000e+00 1.485000e+00 1.843247e+00 1.843256e+00 0.000000e+00 -2.664767e-01
0.000000e+00 1.540000e+00 1.806082e+00 1.806091e+00 0.000000e+00 -2.527313e-01
0.000000e+00 1.595000e+00 1.771825e+00 1.771833e+00 0.000000e+00 -2.399854e-01
0.000000e+00 1.650000e+00 1.740159e+00 1.740167e+00 0.000000e+00 -2.281421e-01
0.000000e+00 1.705000e+00 1.710813e+00 1.710820e+00 0.000000e+00 -2.171172e-01
0.000000e+00 1.760000e+00 1.683548e+00 1.683555e+00 0.000000e+00 -2.068376e-01
0.000000e+00 1.815000e+00 1.658158e+00 1.658165e+00 0.000000e+00 -1.972389e-01
0.000000e+00 1.870000e+00 1.634461e+00 1.634467e+00 0.000000e+00 -1.882635e-01
0.000000e+00 1.925000e+00 1.612297e+00 1.612303e+00 0.000000e+00 -1.798590e-01
0.000000e+00 1.980000e+00 1.591527e+00 1.591532e+00 0.000000e+00 -1.719776e-01
0.000000e+00 2.035000e+00 1.572026e+00 1.572032e+00 0.000000e+00 -1.645762e-01
0.000000e+00 2.090000e+00 1.553686e+00 1.553691e+00 0.000000e+00 -1.576155e-01
0.000000e+00 2.145000e+00 1.536408e+00 1.536413e+00 0.000000e+00 -1.510608e-01
0.000000e+00 2.200000e+00 1.520106e+00 1.520111e+00 0.000000e+00 -1.448810e-01
0.000000e+00 2.255000e+00 1.504703e+00 1.504708e+00 0.000000e+00 -1.390480e-01
0.000000e+00 2.310000e+00 1.490130e+00 1.490135e+00 0.000000e+00 -1.335368e-01
0.000000e+00 2.365000e+00 1.476324e+00 1.476329e+00 0.000000e+00 -1.283240e-01
0.000000e+00 2.420000e+00 1.463229e+00 1.463234e+00 0.000000e+00 -1.233882e-01
0.000000e+00 2.475000e+00 1.450794e+00 1.450798e+00 0.000000e+00 -1.187096e-01
0.000000e+00 2.530000e+00 1.438970e+00 1.438974e+00 0.000000e+00 -1.142696e-01
0.000000e+00 2.585000e+00 1.427716e+00 1.427719e+00 0.000000e+00 -1.100519e-01
0.000000e+00 2.640000e+00 1.416992e+00 1.416995e+00 0.000000e+00 -1.060418e-01
0.000000e+00 2.695000e+00 1.406762e+00 1.406766e+00 0.000000e+00 -1.022260e-01
0.000000e+00 2.750000e+00 1.396997e+00 1.397000e+00 0.000000e+00 -9.859262e-02
0.000000e+00 2.805000e+00 1.387665e+00 1.387668e+00 0.000000e+00 -9.513048e-02
0.000000e+00 2.860000e+00 1.378740e+00 1.378743e+00 0.000000e+00 -9.182876e-02
0.000000e+00 2.915000e+00 1.370197e+00 1.370200e+00 0.000000e+00 -8.867706e-02
0.000000e+00 2.970000e+00 1.362014e+00 1.362017e+00 0.000000e+00 -8.566563e-02
0.000000e+00 3.025000e+00 1.354168e+00 1.354171e+00 0.000000e+00 -8.278570e-02
0.000000e+00 3.080000e+00 1.346641e+00 1.346644e+00 0.000000e+00 -8.002963e-02
0.000000e+00 3.135000e+00 1.339415e+00 1.339418e+00 0.000000e+00 -7.739082e-02
0.000000e+00 3.190000e+00 1.332473e+00 1.332475e+00 0.000000e+00 -7.486341e-02
0.000000e+00 3.245000e+00 1.325799e+00 1.325801e+00 0.000000e+00 -7.244180e-02
0.000000e+00 3.300000e+00 1.319379e+00 1.319381e+00 0.000000e+00 -7.012044e-02
0.000000e+00 3.355000e+00 1.313199e+00 1.313201e+00 0.000000e+00 -6.789377e-02
0.000000e+00 3.410000e+00 1.307246e+00 1.307249e+00 0.000000e+00 -6.575639e-02
0.000000e+00 3.465000e+00 1.301510e+00 1.301512e+00 0.000000e+00 -6.370326e-02
0.000000e+00 3.520000e+00 1.295980e+00 1.295982e+00 0.000000e+00 -6.172988e-02
0.000000e+00 3.575000e+00 1.290646e+00 1.290648e+00 0.000000e+00 -5.983225e-02
0.000000e+00 3.630000e+00 1.285500e+00 1.285502e+00 0.000000e+00 -5.800673e-02
0.000000e+00 3.685000e+00 1.280535e+00 1.280537e+00 0.000000e+00 -5.624984e-02
0.000000e+00 3.740000e+00 1.275742e+00 1.275744e+00 0.000000e+00 -5.455818e-02
0.000000e+00 3.795000e+00 1.271115e+00 1.271117e+00 0.000000e+00 -5.292836e-02
0.000000e+00 3.850000e+00 1.266645e+00 1.266647e+00 0.000000e+00 -5.135710e-02
0.000000e+00 3.905000e+00 1.262326e+00 1.262328e+00 0.000000e+00 -4.984145e-02
0.000000e+00 3.960000e+00 1.258149e+00 1.258151e+00 0.000000e+00 -4.837896e-02
0.000000e+00 4.015000e+00 1.254109e+00 1.254111e+00 0.000000e+00 -4.696779e-02
0.000000e+00 4.070000e+00 1.250199e+00 1.250201e+00 0.000000e+00 -4.560657e-02
0.000000e+00 4.125000e+00 1.246415e+00 1.246417e+00 0.000000e+00 -4.429397e-02
0.000000e+00 4.180000e+00 1.242752e+00 1.242753e+00 0.000000e+00 -4.302829e-02
0.000000e+00 4.235000e+00 1.239205e+00 1.239206e+00 0.000000e+00 -4.180706e-02
0.000000e+00 4.290000e+00 1.235769e+00 1.235770e+00 0.000000e+00 -4.062718e-02
0.000000e+00 4.345000e+00 1.232438e+00 1.232440e+00 0.000000e+00 -3.948565e-02
0.000000e+00 4.400000e+00 1.229210e+00 1.229211e+00 0.000000e+00 -3.838061e-02
0.000000e+00 4.455000e+00 1.226082e+00 1.226083e+00 0.000000e+00 -3.731199e-02
0.000000e+00 4.510000e+00 1.223052e+00 1.223053e+00 0.000000e+00 -3.628122e-02
0.000000e+00 4.565000e+00 1.220120e+00 1.220121e+00 0.000000e+00 -3.528966e-02
0.000000e+00 4.620000e+00 1.217283e+00 1.217284e+00 0.000000e+00 -3.433672e-02
0.000000e+00 4.675000e+00 1.214535e+00 1.214536e+00 0.000000e+00 -3.341952e-02
0.000000e+00 4.730000e+00 1.211872e+00 1.211873e+00 0.000000e+00 -3.253488e-02
0.000000e+00 4.785000e+00 1.209294e+00 1.209295e+00 0.000000e+00 -3.168278e-02
0.000000e+00 4.840000e+00 1.206806e+00 1.206807e+00 0.000000e+00 -3.086752e-02
0.000000e+00 4.895000e+00 1.204412e+00 1.204413e+00 0.000000e+00 -3.009362e-02
0.000000e+00 4.950000e+00 1.202105e+00 1.202106e+00 0.000000e+00 -2.935707e-02
0.000000e+00 5.005000e+00 1.199860e+00 1.199861e+00 0.000000e+00 -2.863886e-02
0.000000e+00 5.060000e+00 1.197639e+00 1.197640e+00 0.000000e+00 -2.790938e-02
0.000000e+00 5.115000e+00 1.195413e+00 1.195414e+00 0.000000e+00 -2.714535e-02
0.000000e+00 5.170000e+00 1.193186e+00 1.193187e+00 0.000000e+00 -2.634843e-02
0.000000e+00 5.225000e+00 1.190997e+00 1.190998e+00 0.000000e+00 -2.555018e-02
0.000000e+00 5.280000e+00 1.188901e+00 1.188902e+00 0.000000e+00 -2.479711e-02
0.000000e+00 5.335000e+00 1.186939e+00 1.186940e+00 0.000000e+00 -2.412390e-02
0.000000e+00 5.390000e+00 1.185110e+00 1.185111e+00 0.000000e+00 -2.353191e-02
0.000000e+00 5.445000e+00 1.183373e+00 1.183374e+00 0.000000e+00 -2.298975e-02
0.000000e+00 5.500000e+00 1.181682e+00 1.181683e+00 0.000000e+00 -2.245735e-02
0.000000e+00 5.555000e+00 1.180014e+00 1.180015e+00 0.000000e+00 -2.191391e-02
0.000000e+00 5.610000e+00 1.178383e+00 1.178384e+00 0.000000e+00 -2.136651e-02
0.000000e+00 5.665000e+00 1.176813e+00 1.176813e+00 0.000000e+00 -2.083504e-02
0.000000e+00 5.720000e+00 1.175312e+00 1.175313e+00 0.000000e+00 -2.032942e-02
0.000000e+00 5.775000e+00 1.173863e+00 1.173863e+00 0.000000e+00 -1.983915e-02
0.000000e+00 5.830000e+00 1.172430e+00 1.172431e+00 0.000000e+00 -1.934274e-02
0.000000e+00 5.885000e+00 1.170995e+00 1.170995e+00 0.000000e+00 -1.882682e-02
0.000000e+00 5.940000e+00 1.169561e+00 1.169562e+00 0.000000e+00 -1.829734e-02
0.000000e+00 5.995000e+00 1.168154e+00 1.168155e+00 0.000000e+00 -1.777452e-02
0.000000e+00 6.050000e+00 1.166799e+00 1.166799e+00 0.000000e+00 -1.727822e-02
0.000000e+00 6.105000e+00 1.165502e+00 1.165503e+00 0.000000e+00 -1.681608e-02
0.000000e+00 6.160000e+00 1.164255e+00 1.164255e+00 0.000000e+00 -1.638187e-02
0.000000e+00 6.215000e+00 1.163037e+00 1.163038e+00 0.000000e+00 -1.596260e-02
0.000000e+00 6.270000e+00 1.161835e+00 1.161835e+00 0.000000e+00 -1.554744e-02
0.000000e+00 6.325000e+00 1.160645e+00 1.160646e+00 0.000000e+00 -1.513253e-02
0.000000e+00 6.380000e+00 1.159478e+00 1.159479e+00 0.000000e+00 -1.472008e-02
0.000000e+00 6.435000e+00 1.158346e+00 1.158347e+00 0.000000e+00 -1.431420e-02
0.000000e+00 6.490000e+00 1.157260e+00 1.157260e+00 0.000000e+00 -1.391677e-02
0.000000e+00 6.545000e+00 1.156223e+00 1.156223e+00 0.000000e+00 -1.352596e-02
0.000000e+00 6.600000e+00 1.155231e+00 1.155231e+00 0.000000e+00 -1.313767e-02
0.000000e+00 6.655000e+00 1.154275e+00 1.154275e+00 0.000000e+00 -1.274845e-02
0.000000e+00 6.710000e+00 1.153346e+00 1.153347e+00 0.000000e+00 -1.235752e-02
0.000000e+00 6.765000e+00 1.152438e+00 1.152439e+00 0.000000e+00 -1.196658e-02
0.000000e+00 6.820000e+00 1.151546e+00 1.151547e+00 0.000000e+00 -1.157806e-02
0.000000e+00 6.875000e+00 1.150667e+00 1.150667e+00 0.000000e+00 -1.119366e-02
0.000000e+00 6.930000e+00 1.149799e+00 1.149800e+00 0.000000e+00 -1.081411e-02
0.000000e+00 6.985000e+00 1.148944e+00 1.148944e+00 0.000000e+00 -1.043970e-02
0.000000e+00 7.040000e+00 1.148102e+00 1.148102e+00 0.000000e+00 -1.007058e-02
0.000000e+00 7.095000e+00 1.147277e+00 1.147277e+00 0.000000e+00 -9.706387e-03
0.000000e+00 7.150000e+00 1.146471e+00 1.146471e+00 0.000000e+00 -9.345593e-03
0.000000e+00 7.205000e+00 1.145685e+00 1.145685e+00 0.000000e+00 -8.985688e-03
0.000000e+00 7.260000e+00 1.144921e+00 1.144922e+00 0.000000e+00 -8.624173e-03
0.000000e+00 7.315000e+00 1.144181e+00 1.144181e+00 0.000000e+00 -8.259772e-03
0.000000e+00 7.370000e+00 1.143466e+00 1.143466e+00 0.000000e+00 -7.892952e-03
0.000000e+00 7.425000e+00 1.142776e+00 1.142777e+00 0.000000e+00 -7.525440e-03
0.000000e+00 7.480000e+00 1.142111e+00 1.142112e+00 0.000000e+00 -7.159237e-03
0.000000e+00 7.535000e+00 1.141468e+00 1.141469e+00 0.000000e+00 -6.795876e-03
0.000000e+00 7.590000e+00 1.140844e+00 1.140844e+00 0.000000e+00 -6.436360e-03
0.000000e+00 7.645000e+00 1.140236e+00 1.140236e+00 0.000000e+00 -6.081600e-03
0.000000e+00 7.700000e+00 1.139642e+00 1.139642e+00 0.000000e+00 -5.732812e-03
0.000000e+00 7.755000e+00 1.139060e+00 1.139060e+00 0.000000e+00 -5.391470e-03
0.000000e+00 7.810000e+00 1.138489e+00 1.138489e+00 0.000000e+00 -5.058781e-03
0.000000e+00 7.865000e+00 1.137928e+00 1.137929e+00 0.000000e+00 -4.734996e-03
0.000000e+00 7.920000e+00 1.137380e+00 1.137380e+00 0.000000e+00 -4.418935e-03
0.000000e+00 7.975000e+00 1.136843e+00 1.136844e+00 0.000000e+00 -4.107971e-03
0.000000e+00 8.030000e+00 1.136320e+00 1.136321e+00 0.000000e+00 -3.798507e-03
0.000000e+00 8.085000e+00 1.135810e+00 1.135810e+00 0.000000e+00 -3.486860e-03
0.000000e+00 8.140000e+00 1.135309e+00 1.135309e+00 0.000000e+00 -3.170376e-03
0.000000e+00 8.195000e+00 1.134816e+00 1.134816e+00 0.000000e+00 -2.848504e-03
0.000000e+00 8.250000e+00 1.134326e+00 1.134326e+00 0.000000e+00 -2.523494e-03
0.000000e+00 8.305000e+00 1.133837e+00 1.133837e+00 0.000000e+00 -2.200279e-03
0.000000e+00 8.360000e+00 1.133347e+00 1.133347e+00 0.000000e+00 -1.885247e-03
0.000000e+00 8.415000e+00 1.132855e+00 1.132856e+00 0.000000e+00 -1.583930e-03
0.000000e+00 8.470000e+00 1.132364e+00 1.132364e+00 0.000000e+00 -1.298321e-03
0.000000e+00 8.525000e+00 1.131877e+00 1.131878e+00 0.000000e+00 -1.025133e-03
0.000000e+00 8.580000e+00 1.131404e+00 1.131405e+00 0.000000e+00 -7.563761e-04
0.000000e+00 8.635000e+00 1.130952e+00 1.130952e+00 0.000000e+00 -4.827073e-04
0.000000e+00 8.690000e+00 1.130522e+00 1.130522e+00 0.000000e+00 -1.982970e-04
0.000000e+00 8.745000e+00 1.130110e+00 1.130111e+00 0.000000e+00 9.553531e-05
0.000000e+00 8.800000e+00 1.129705e+00 1.129705e+00 0.000000e+00 3.906695e-04
0.000000e+00 8.855000e+00 1.129294e+00 1.129294e+00 0.000000e+00 6.771541e-04
0.000000e+00 8.910000e+00 1.128872e+00 1.128872e+00 0.000000e+00 9.502433e-04
0.000000e+00 8.965000e+00 1.128446e+00 1.128446e+00 0.000000e+00 1.214834e-03
0.000000e+00 9.020000e+00 1.128033e+00 1.128033e+00 0.000000e+00 1.483641e-03
0.000000e+00 9.075000e+00 1.127648e+00 1.127648e+00 0.000000e+00 1.769326e-03
0.000000e+00 9.130000e+00 1.127294e+00 1.127295e+00 0.000000e+00 2.075343e-03
0.000000e+00 9.185000e+00 1.126959e+00 1.126959e+00 0.000000e+00 2.391818e-03
0.000000e+00 9.240000e+00 1.126612e+00 1.126613e+00 0.000000e+00 2.700469e-03
0.000000e+00 9.295000e+00 1.126228e+00 1.126229e+00 0.000000e+00 2.985917e-03
0.000000e+00 9.350000e+00 1.125797e+00 1.125798e+00 0.000000e+00 3.247303e-03
0.000000e+00 9.405000e+00 1.125332e+00 1.125333e+00 0.000000e+00 3.501402e-03
0.000000e+00 9.460000e+00 1.124869e+00 1.124868e+00 0.000000e+00 3.776028e-03
0.000000e+00 9.515000e+00 1.124444e+00 1.124441e+00 0.000000e+00 4.091951e-03
0.000000e+00 9.570000e+00 1.124079e+00 1.124075e+00 0.000000e+00 4.445478e-03
0.000000e+00 9.625000e+00 1.123767e+00 1.123761e+00 0.000000e+00 4.788364e-03
0.000000e+00 9.680000e+00 1.123483e+00 1.123475e+00 0.000000e+00 5.040005e-03
0.000000e+00 9.735000e+00 1.123184e+00 1.123175e+00 0.000000e+00 5.108490e-03
0.000000e+00 9.790000e+00 1.122852e+00 1.122842e+00 0.000000e+00 4.973200e-03
0.000000e+00 9.845000e+00 1.122462e+00 1.122452e+00 0.000000e+00 4.693914e-03
0.000000e+00 9.900000e+00 1.122064e+00 1.122054e+00 0.000000e+00 4.467774e-03
0.000000e+00 9.955000e+00 1.121639e+00 1.121629e+00 0.000000e+00 4.423774e-03
0.000000e+00 1.001000e+01 1.105114e+00 1.105104e+00 -0.000000e+00 -1.013850e-02
0.000000e+00 1.006500e+01 1.105114e+00 1.105104e+00 -0.000000e+00 -1.013850e-02
0.000000e+00 1.012000e+01 1.105114e+00 1.105104e+00 -0.000000e+00 -1.013850e-02
0.000000e+00 1.017500e+01 1.105114e+00 1.105104e+00 -0.000000e+00 -1.013850e-02
0.000000e+00 1.023000e+01 1.105114e+00 1.105104e+00 -0.000000e+00 -1.013850e-02
0.000000e+00 1.028500e+01 1.105114e+00 1.105104e+00 -0.000000e+00 -1.013850e-02
0.000000e+00 1.034000e+01 1.105114e+00 1.105104e+00 -0.000000e+00 -1.013850e-02
0.000000e+00 1.039500e+01 1.105114e+00 1.105104e+00 -0.000000e+00 -1.013850e-02
0.000000e+00 1.045000e+01 1.105114e+00 1.105104e+00 -0.000000e+00 -1.013850e-02
0.000000e+00 1.050500e+01 1.105114e+00 1.105104e+00 -0.000000e+00 -1.013850e-02
0.000000e+00 1.056000e+01 1.105114e+00 1.105104e+00 -0.000000e+00 -1.013850e-02
0.000000e+00 1.061500e+01 1.105114e+00 1.105104e+00 -0.000000e+00 -1.013850e-02
0.000000e+00 1.067000e+01 1.105114e+00 1.105104e+00 -0.000000e+00 -1.013850e-02
0.000000e+00 1.072500e+01 1.105114e+00 1.105104e+00 -0.000000e+00 -1.013850e-02
0.000000e+00 1.078000e+01 1.105114e+00 1.105104e+00 -0.000000e+00 -1.013850e-02
0.000000e+00 1.083500e+01 1.105114e+00 1.105104e+00 -0.000000e+00 -1.013850e-02
0.000000e+00 1.089000e+01 1.105114e+00 1.105104e+00 -0.000000e+00 -1.013850e-02
0.000000e+00 1.094500e+01 1.105114e+00 1.105104e+00 -0.000000e+00 -1.013850e-02
0.000000e+00 1.100000e+01 1.105114e+00 1.105104e+00 -0.000000e+00 -1.013850e-02
