#############TIME##################
2.150123e+01 
###################################
0.000000e+00 0.000000e+00 5.576764e+01 5.577233e+01 0.000000e+00 -3.063430e+00
0.000000e+00 5.500000e-02 5.576764e+01 5.577233e+01 0.000000e+00 -3.063430e+00
0.000000e+00 1.100000e-01 2.111921e+01 2.111991e+01 0.000000e+00 -3.063453e+00
0.000000e+00 1.650000e-01 1.372404e+01 1.372438e+01 0.000000e+00 -2.308885e+00
0.000000e+00 2.200000e-01 1.018055e+01 1.018077e+01 0.000000e+00 -1.935616e+00
0.000000e+00 2.750000e-01 7.966370e+00 7.966527e+00 0.000000e+00 -1.647005e+00
0.000000e+00 3.300000e-01 6.580495e+00 6.580612e+00 0.000000e+00 -1.424535e+00
0.000000e+00 3.850000e-01 5.584393e+00 5.584484e+00 0.000000e+00 -1.252842e+00
0.000000e+00 4.400000e-01 4.881316e+00 4.881389e+00 0.000000e+00 -1.109420e+00
0.000000e+00 4.950000e-01 4.340098e+00 4.340157e+00 0.000000e+00 -9.939053e-01
0.000000e+00 5.500000e-01 3.921996e+00 3.922045e+00 0.000000e+00 -8.959015e-01
0.000000e+00 6.050000e-01 3.590153e+00 3.590195e+00 0.000000e+00 -8.130264e-01
0.000000e+00 6.600000e-01 3.319995e+00 3.320031e+00 0.000000e+00 -7.417266e-01
0.000000e+00 7.150000e-01 3.097088e+00 3.097119e+00 0.000000e+00 -6.801784e-01
0.000000e+00 7.700000e-01 2.910029e+00 2.910057e+00 0.000000e+00 -6.263474e-01
0.000000e+00 8.250000e-01 2.751274e+00 2.751299e+00 0.000000e+00 -5.790463e-01
0.000000e+00 8.800000e-01 2.614852e+00 2.614875e+00 0.000000e+00 -5.371122e-01
0.000000e+00 9.350000e-01 2.496538e+00 2.496558e+00 0.000000e+00 -4.997544e-01
0.000000e+00 9.900000e-01 2.393015e+00 2.393034e+00 0.000000e+00 -4.662740e-01
0.000000e+00 1.045000e+00 2.301825e+00 2.301842e+00 0.000000e+00 -4.361562e-01
0.000000e+00 1.100000e+00 2.221009e+00 2.221025e+00 0.000000e+00 -4.089624e-01
0.000000e+00 1.155000e+00 2.149020e+00 2.149035e+00 0.000000e+00 -3.843403e-01
0.000000e+00 1.210000e+00 2.084564e+00 2.084577e+00 0.000000e+00 -3.619768e-01
0.000000e+00 1.265000e+00 2.026553e+00 2.026565e+00 0.000000e+00 -3.415971e-01
0.000000e+00 1.320000e+00 1.974064e+00 1.974076e+00 0.000000e+00 -3.229545e-01
0.000000e+00 1.375000e+00 1.926331e+00 1.926341e+00 0.000000e+00 -3.058375e-01
0.000000e+00 1.430000e+00 1.882729e+00 1.882739e+00 0.000000e+00 -2.900710e-01
0.000000e+00 1.485000e+00 1.842760e+00 1.842770e+00 0.000000e+00 -2.755152e-01
0.000000e+00 1.540000e+00 1.806024e+00 1.806033e+00 0.000000e+00 -2.620572e-01
0.000000e+00 1.595000e+00 1.772179e+00 1.772187e+00 0.000000e+00 -2.495997e-01
0.000000e+00 1.650000e+00 1.740923e+00 1.740931e+00 0.000000e+00 -2.380520e-01
0.000000e+00 1.705000e+00 1.711980e+00 1.711988e+00 0.000000e+00 -2.273275e-01
0.000000e+00 1.760000e+00 1.685100e+00 1.685107e+00 0.000000e+00 -2.173451e-01
0.000000e+00 1.815000e+00 1.660065e+00 1.660071e+00 0.000000e+00 -2.080334e-01
0.000000e+00 1.870000e+00 1.636693e+00 1.636699e+00 0.000000e+00 -1.993326e-01
0.000000e+00 1.925000e+00 1.614832e+00 1.614838e+00 0.000000e+00 -1.911936e-01
0.000000e+00 1.980000e+00 1.594352e+00 1.594358e+00 0.000000e+00 -1.835739e-01
0.000000e+00 2.035000e+00 1.575134e+00 1.575140e+00 0.000000e+00 -1.764331e-01
0.000000e+00 2.090000e+00 1.557070e+00 1.557075e+00 0.000000e+00 -1.697317e-01
0.000000e+00 2.145000e+00 1.540058e+00 1.540063e+00 0.000000e+00 -1.634314e-01
0.000000e+00 2.200000e+00 1.524009e+00 1.524014e+00 0.000000e+00 -1.574977e-01
0.000000e+00 2.255000e+00 1.508843e+00 1.508848e+00 0.000000e+00 -1.519014e-01
0.000000e+00 2.310000e+00 1.494493e+00 1.494498e+00 0.000000e+00 -1.466181e-01
0.000000e+00 2.365000e+00 1.480898e+00 1.480903e+00 0.000000e+00 -1.416270e-01
0.000000e+00 2.420000e+00 1.468005e+00 1.468009e+00 0.000000e+00 -1.369087e-01
0.000000e+00 2.475000e+00 1.455764e+00 1.455768e+00 0.000000e+00 -1.324449e-01
0.000000e+00 2.530000e+00 1.444132e+00 1.444135e+00 0.000000e+00 -1.282177e-01
0.000000e+00 2.585000e+00 1.433067e+00 1.433071e+00 0.000000e+00 -1.242099e-01
0.000000e+00 2.640000e+00 1.422532e+00 1.422536e+00 0.000000e+00 -1.204061e-01
0.000000e+00 2.695000e+00 1.412492e+00 1.412496e+00 0.000000e+00 -1.167925e-01
0.000000e+00 2.750000e+00 1.402913e+00 1.402917e+00 0.000000e+00 -1.133569e-01
0.000000e+00 2.805000e+00 1.393764e+00 1.393767e+00 0.000000e+00 -1.100885e-01
0.000000e+00 2.860000e+00 1.385015e+00 1.385019e+00 0.000000e+00 -1.069772e-01
0.000000e+00 2.915000e+00 1.376642e+00 1.376645e+00 0.000000e+00 -1.040128e-01
0.000000e+00 2.970000e+00 1.368619e+00 1.368621e+00 0.000000e+00 -1.011855e-01
0.000000e+00 3.025000e+00 1.360925e+00 1.360927e+00 0.000000e+00 -9.848558e-02
0.000000e+00 3.080000e+00 1.353539e+00 1.353542e+00 0.000000e+00 -9.590450e-02
0.000000e+00 3.135000e+00 1.346445e+00 1.346447e+00 0.000000e+00 -9.343480e-02
0.000000e+00 3.190000e+00 1.339623e+00 1.339626e+00 0.000000e+00 -9.107022e-02
0.000000e+00 3.245000e+00 1.333060e+00 1.333063e+00 0.000000e+00 -8.880531e-02
0.000000e+00 3.300000e+00 1.326742e+00 1.326744e+00 0.000000e+00 -8.663490e-02
0.000000e+00 3.355000e+00 1.320655e+00 1.320657e+00 0.000000e+00 -8.455375e-02
0.000000e+00 3.410000e+00 1.314788e+00 1.314790e+00 0.000000e+00 -8.255660e-02
0.000000e+00 3.465000e+00 1.309129e+00 1.309131e+00 0.000000e+00 -8.063835e-02
0.000000e+00 3.520000e+00 1.303667e+00 1.303669e+00 0.000000e+00 -7.879439e-02
0.000000e+00 3.575000e+00 1.298392e+00 1.298394e+00 0.000000e+00 -7.702079e-02
0.000000e+00 3.630000e+00 1.293295e+00 1.293297e+00 0.000000e+00 -7.531423e-02
0.000000e+00 3.685000e+00 1.288368e+00 1.288370e+00 0.000000e+00 -7.367173e-02
0.000000e+00 3.740000e+00 1.283603e+00 1.283605e+00 0.000000e+00 -7.209034e-02
0.000000e+00 3.795000e+00 1.278993e+00 1.278995e+00 0.000000e+00 -7.056685e-02
0.000000e+00 3.850000e+00 1.274531e+00 1.274532e+00 0.000000e+00 -6.909778e-02
0.000000e+00 3.905000e+00 1.270208e+00 1.270210e+00 0.000000e+00 -6.767968e-02
0.000000e+00 3.960000e+00 1.266018e+00 1.266020e+00 0.000000e+00 -6.630947e-02
0.000000e+00 4.015000e+00 1.261954e+00 1.261956e+00 0.000000e+00 -6.498476e-02
0.000000e+00 4.070000e+00 1.258011e+00 1.258013e+00 0.000000e+00 -6.370382e-02
0.000000e+00 4.125000e+00 1.254184e+00 1.254185e+00 0.000000e+00 -6.246532e-02
0.000000e+00 4.180000e+00 1.250469e+00 1.250471e+00 0.000000e+00 -6.126780e-02
0.000000e+00 4.235000e+00 1.246863e+00 1.246864e+00 0.000000e+00 -6.010943e-02
0.000000e+00 4.290000e+00 1.243360e+00 1.243362e+00 0.000000e+00 -5.898794e-02
0.000000e+00 4.345000e+00 1.239957e+00 1.239959e+00 0.000000e+00 -5.790096e-02
0.000000e+00 4.400000e+00 1.236648e+00 1.236649e+00 0.000000e+00 -5.684646e-02
0.000000e+00 4.455000e+00 1.233428e+00 1.233429e+00 0.000000e+00 -5.582297e-02
0.000000e+00 4.510000e+00 1.230294e+00 1.230295e+00 0.000000e+00 -5.482963e-02
0.000000e+00 4.565000e+00 1.227243e+00 1.227244e+00 0.000000e+00 -5.386580e-02
0.000000e+00 4.620000e+00 1.224272e+00 1.224273e+00 0.000000e+00 -5.293071e-02
0.000000e+00 4.675000e+00 1.221380e+00 1.221381e+00 0.000000e+00 -5.202321e-02
0.000000e+00 4.730000e+00 1.218563e+00 1.218564e+00 0.000000e+00 -5.114178e-02
0.000000e+00 4.785000e+00 1.215820e+00 1.215821e+00 0.000000e+00 -5.028475e-02
0.000000e+00 4.840000e+00 1.213145e+00 1.213146e+00 0.000000e+00 -4.945060e-02
0.000000e+00 4.895000e+00 1.210535e+00 1.210536e+00 0.000000e+00 -4.863817e-02
0.000000e+00 4.950000e+00 1.207987e+00 1.207988e+00 0.000000e+00 -4.784662e-02
0.000000e+00 5.005000e+00 1.205499e+00 1.205500e+00 0.000000e+00 -4.707534e-02
0.000000e+00 5.060000e+00 1.203069e+00 1.203070e+00 0.000000e+00 -4.632375e-02
0.000000e+00 5.115000e+00 1.200697e+00 1.200698e+00 0.000000e+00 -4.559119e-02
0.000000e+00 5.170000e+00 1.198380e+00 1.198381e+00 0.000000e+00 -4.487692e-02
0.000000e+00 5.225000e+00 1.196118e+00 1.196119e+00 0.000000e+00 -4.418012e-02
0.000000e+00 5.280000e+00 1.193908e+00 1.193909e+00 0.000000e+00 -4.350001e-02
0.000000e+00 5.335000e+00 1.191747e+00 1.191748e+00 0.000000e+00 -4.283580e-02
0.000000e+00 5.390000e+00 1.189634e+00 1.189635e+00 0.000000e+00 -4.218672e-02
0.000000e+00 5.445000e+00 1.187568e+00 1.187569e+00 0.000000e+00 -4.155199e-02
0.000000e+00 5.500000e+00 1.185547e+00 1.185548e+00 0.000000e+00 -4.093094e-02
0.000000e+00 5.555000e+00 1.183572e+00 1.183573e+00 0.000000e+00 -4.032309e-02
0.000000e+00 5.610000e+00 1.181642e+00 1.181643e+00 0.000000e+00 -3.972827e-02
0.000000e+00 5.665000e+00 1.179758e+00 1.179759e+00 0.000000e+00 -3.914662e-02
0.000000e+00 5.720000e+00 1.177919e+00 1.177920e+00 0.000000e+00 -3.857846e-02
0.000000e+00 5.775000e+00 1.176124e+00 1.176125e+00 0.000000e+00 -3.802401e-02
0.000000e+00 5.830000e+00 1.174372e+00 1.174373e+00 0.000000e+00 -3.748315e-02
0.000000e+00 5.885000e+00 1.172661e+00 1.172661e+00 0.000000e+00 -3.695528e-02
0.000000e+00 5.940000e+00 1.170988e+00 1.170989e+00 0.000000e+00 -3.643921e-02
0.000000e+00 5.995000e+00 1.169352e+00 1.169353e+00 0.000000e+00 -3.593338e-02
0.000000e+00 6.050000e+00 1.167749e+00 1.167750e+00 0.000000e+00 -3.543605e-02
0.000000e+00 6.105000e+00 1.166177e+00 1.166177e+00 0.000000e+00 -3.494561e-02
0.000000e+00 6.160000e+00 1.164632e+00 1.164633e+00 0.000000e+00 -3.446092e-02
0.000000e+00 6.215000e+00 1.163113e+00 1.163114e+00 0.000000e+00 -3.398144e-02
0.000000e+00 6.270000e+00 1.161620e+00 1.161621e+00 0.000000e+00 -3.350730e-02
0.000000e+00 6.325000e+00 1.160152e+00 1.160153e+00 0.000000e+00 -3.303925e-02
0.000000e+00 6.380000e+00 1.158710e+00 1.158711e+00 0.000000e+00 -3.257834e-02
0.000000e+00 6.435000e+00 1.157295e+00 1.157296e+00 0.000000e+00 -3.212563e-02
0.000000e+00 6.490000e+00 1.155908e+00 1.155908e+00 0.000000e+00 -3.168195e-02
0.000000e+00 6.545000e+00 1.154547e+00 1.154548e+00 0.000000e+00 -3.124761e-02
0.000000e+00 6.600000e+00 1.153213e+00 1.153213e+00 0.000000e+00 -3.082243e-02
0.000000e+00 6.655000e+00 1.151903e+00 1.151904e+00 0.000000e+00 -3.040575e-02
0.000000e+00 6.710000e+00 1.150616e+00 1.150616e+00 0.000000e+00 -2.999661e-02
0.000000e+00 6.765000e+00 1.149349e+00 1.149350e+00 0.000000e+00 -2.959398e-02
0.000000e+00 6.820000e+00 1.148102e+00 1.148102e+00 0.000000e+00 -2.919694e-02
0.000000e+00 6.875000e+00 1.146872e+00 1.146873e+00 0.000000e+00 -2.880488e-02
0.000000e+00 6.930000e+00 1.145661e+00 1.145661e+00 0.000000e+00 -2.841758e-02
0.000000e+00 6.985000e+00 1.144468e+00 1.144468e+00 0.000000e+00 -2.803522e-02
0.000000e+00 7.040000e+00 1.143295e+00 1.143295e+00 0.000000e+00 -2.765817e-02
0.000000e+00 7.095000e+00 1.142142e+00 1.142142e+00 0.000000e+00 -2.728674e-02
0.000000e+00 7.150000e+00 1.141010e+00 1.141011e+00 0.000000e+00 -2.692096e-02
0.000000e+00 7.205000e+00 1.139900e+00 1.139901e+00 0.000000e+00 -2.656048e-02
0.000000e+00 7.260000e+00 1.138811e+00 1.138812e+00 0.000000e+00 -2.620469e-02
0.000000e+00 7.315000e+00 1.137744e+00 1.137744e+00 0.000000e+00 -2.585297e-02
0.000000e+00 7.370000e+00 1.136697e+00 1.136698e+00 0.000000e+00 -2.550481e-02
0.000000e+00 7.425000e+00 1.135672e+00 1.135673e+00 0.000000e+00 -2.515993e-02
0.000000e+00 7.480000e+00 1.134669e+00 1.134669e+00 0.000000e+00 -2.481813e-02
0.000000e+00 7.535000e+00 1.133687e+00 1.133688e+00 0.000000e+00 -2.447918e-02
0.000000e+00 7.590000e+00 1.132727e+00 1.132727e+00 0.000000e+00 -2.414278e-02
0.000000e+00 7.645000e+00 1.131788e+00 1.131788e+00 0.000000e+00 -2.380861e-02
0.000000e+00 7.700000e+00 1.130867e+00 1.130868e+00 0.000000e+00 -2.347641e-02
0.000000e+00 7.755000e+00 1.129965e+00 1.129966e+00 0.000000e+00 -2.314614e-02
0.000000e+00 7.810000e+00 1.129080e+00 1.129080e+00 0.000000e+00 -2.281800e-02
0.000000e+00 7.865000e+00 1.128208e+00 1.128208e+00 0.000000e+00 -2.249239e-02
0.000000e+00 7.920000e+00 1.127348e+00 1.127348e+00 0.000000e+00 -2.216993e-02
0.000000e+00 7.975000e+00 1.126497e+00 1.126498e+00 0.000000e+00 -2.185128e-02
0.000000e+00 8.030000e+00 1.125655e+00 1.125655e+00 0.000000e+00 -2.153708e-02
0.000000e+00 8.085000e+00 1.124820e+00 1.124820e+00 0.000000e+00 -2.122776e-02
0.000000e+00 8.140000e+00 1.123990e+00 1.123990e+00 0.000000e+00 -2.092348e-02
0.000000e+00 8.195000e+00 1.123165e+00 1.123165e+00 0.000000e+00 -2.062416e-02
0.000000e+00 8.250000e+00 1.122344e+00 1.122344e+00 0.000000e+00 -2.032958e-02
0.000000e+00 8.305000e+00 1.121529e+00 1.121529e+00 0.000000e+00 -2.003946e-02
0.000000e+00 8.360000e+00 1.120722e+00 1.120722e+00 0.000000e+00 -1.975340e-02
0.000000e+00 8.415000e+00 1.119924e+00 1.119924e+00 0.000000e+00 -1.947082e-02
0.000000e+00 8.470000e+00 1.119138e+00 1.119138e+00 0.000000e+00 -1.919079e-02
0.000000e+00 8.525000e+00 1.118367e+00 1.118367e+00 0.000000e+00 -1.891214e-02
0.000000e+00 8.580000e+00 1.117614e+00 1.117614e+00 0.000000e+00 -1.863358e-02
0.000000e+00 8.635000e+00 1.116880e+00 1.116880e+00 0.000000e+00 -1.835381e-02
0.000000e+00 8.690000e+00 1.116169e+00 1.116169e+00 0.000000e+00 -1.807152e-02
0.000000e+00 8.745000e+00 1.115480e+00 1.115480e+00 0.000000e+00 -1.778532e-02
0.000000e+00 8.800000e+00 1.114815e+00 1.114815e+00 0.000000e+00 -1.749379e-02
0.000000e+00 8.855000e+00 1.114173e+00 1.114174e+00 0.000000e+00 -1.719581e-02
0.000000e+00 8.910000e+00 1.113555e+00 1.113555e+00 0.000000e+00 -1.689106e-02
0.000000e+00 8.965000e+00 1.112957e+00 1.112957e+00 0.000000e+00 -1.658071e-02
0.000000e+00 9.020000e+00 1.112381e+00 1.112381e+00 0.000000e+00 -1.626843e-02
0.000000e+00 9.075000e+00 1.111829e+00 1.111829e+00 0.000000e+00 -1.596074e-02
0.000000e+00 9.130000e+00 1.111303e+00 1.111303e+00 0.000000e+00 -1.566421e-02
0.000000e+00 9.185000e+00 1.110799e+00 1.110799e+00 0.000000e+00 -1.537848e-02
0.000000e+00 9.240000e+00 1.110299e+00 1.110300e+00 0.000000e+00 -1.508832e-02
0.000000e+00 9.295000e+00 1.109776e+00 1.109777e+00 0.000000e+00 -1.476850e-02
0.000000e+00 9.350000e+00 1.109215e+00 1.109215e+00 0.000000e+00 -1.439881e-02
0.000000e+00 9.405000e+00 1.108622e+00 1.108621e+00 0.000000e+00 -1.398412e-02
0.000000e+00 9.460000e+00 1.108029e+00 1.108027e+00 0.000000e+00 -1.354640e-02
0.000000e+00 9.515000e+00 1.107449e+00 1.107446e+00 0.000000e+00 -1.312130e-02
0.000000e+00 9.570000e+00 1.106890e+00 1.106884e+00 0.000000e+00 -1.273541e-02
0.000000e+00 9.625000e+00 1.106330e+00 1.106323e+00 0.000000e+00 -1.244134e-02
0.000000e+00 9.680000e+00 1.105791e+00 1.105783e+00 0.000000e+00 -1.226116e-02
0.000000e+00 9.735000e+00 1.105249e+00 1.105240e+00 0.000000e+00 -1.223013e-02
0.000000e+00 9.790000e+00 1.104761e+00 1.104751e+00 0.000000e+00 -1.224988e-02
0.000000e+00 9.845000e+00 1.104250e+00 1.104240e+00 0.000000e+00 -1.229683e-02
0.000000e+00 9.900000e+00 1.103833e+00 1.103823e+00 0.000000e+00 -1.219360e-02
0.000000e+00 9.955000e+00 1.103310e+00 1.103300e+00 0.000000e+00 -1.210471e-02
0.000000e+00 1.001000e+01 1.105114e+00 1.105104e+00 -0.000000e+00 -1.013850e-02
0.000000e+00 1.006500e+01 1.105114e+00 1.105104e+00 -0.000000e+00 -1.013850e-02
0.000000e+00 1.012000e+01 1.105114e+00 1.105104e+00 -0.000000e+00 -1.013850e-02
0.000000e+00 1.017500e+01 1.105114e+00 1.105104e+00 -0.000000e+00 -1.013850e-02
0.000000e+00 1.023000e+01 1.105114e+00 1.105104e+00 -0.000000e+00 -1.013850e-02
0.000000e+00 1.028500e+01 1.105114e+00 1.105104e+00 -0.000000e+00 -1.013850e-02
0.000000e+00 1.034000e+01 1.105114e+00 1.105104e+00 -0.000000e+00 -1.013850e-02
0.000000e+00 1.039500e+01 1.105114e+00 1.105104e+00 -0.000000e+00 -1.013850e-02
0.000000e+00 1.045000e+01 1.105114e+00 1.105104e+00 -0.000000e+00 -1.013850e-02
0.000000e+00 1.050500e+01 1.105114e+00 1.105104e+00 -0.000000e+00 -1.013850e-02
0.000000e+00 1.056000e+01 1.105114e+00 1.105104e+00 -0.000000e+00 -1.013850e-02
0.000000e+00 1.061500e+01 1.105114e+00 1.105104e+00 -0.000000e+00 -1.013850e-02
0.000000e+00 1.067000e+01 1.105114e+00 1.105104e+00 -0.000000e+00 -1.013850e-02
0.000000e+00 1.072500e+01 1.105114e+00 1.105104e+00 -0.000000e+00 -1.013850e-02
0.000000e+00 1.078000e+01 1.105114e+00 1.105104e+00 -0.000000e+00 -1.013850e-02
0.000000e+00 1.083500e+01 1.105114e+00 1.105104e+00 -0.000000e+00 -1.013850e-02
0.000000e+00 1.089000e+01 1.105114e+00 1.105104e+00 -0.000000e+00 -1.013850e-02
0.000000e+00 1.094500e+01 1.105114e+00 1.105104e+00 -0.000000e+00 -1.013850e-02
0.000000e+00 1.100000e+01 1.105114e+00 1.105104e+00 -0.000000e+00 -1.013850e-02
