#############TIME##################
1.590548e+01 
###################################
0.000000e+00 0.000000e+00 5.658662e+01 5.659139e+01 0.000000e+00 -3.063032e+00
0.000000e+00 5.500000e-02 5.658662e+01 5.659139e+01 0.000000e+00 -3.063032e+00
0.000000e+00 1.100000e-01 2.142581e+01 2.142653e+01 0.000000e+00 -3.063044e+00
0.000000e+00 1.650000e-01 1.392460e+01 1.392495e+01 0.000000e+00 -2.307691e+00
0.000000e+00 2.200000e-01 1.033080e+01 1.033103e+01 0.000000e+00 -1.933993e+00
0.000000e+00 2.750000e-01 8.083577e+00 8.083737e+00 0.000000e+00 -1.645108e+00
0.000000e+00 3.300000e-01 6.677433e+00 6.677553e+00 0.000000e+00 -1.422348e+00
0.000000e+00 3.850000e-01 5.667012e+00 5.667105e+00 0.000000e+00 -1.250390e+00
0.000000e+00 4.400000e-01 4.953749e+00 4.953823e+00 0.000000e+00 -1.106615e+00
0.000000e+00 4.950000e-01 4.404696e+00 4.404757e+00 0.000000e+00 -9.907308e-01
0.000000e+00 5.500000e-01 3.980214e+00 3.980265e+00 0.000000e+00 -8.923415e-01
0.000000e+00 6.050000e-01 3.643020e+00 3.643064e+00 0.000000e+00 -8.090293e-01
0.000000e+00 6.600000e-01 3.368236e+00 3.368274e+00 0.000000e+00 -7.372609e-01
0.000000e+00 7.150000e-01 3.141264e+00 3.141297e+00 0.000000e+00 -6.752257e-01
0.000000e+00 7.700000e-01 2.950640e+00 2.950669e+00 0.000000e+00 -6.209119e-01
0.000000e+00 8.250000e-01 2.788811e+00 2.788836e+00 0.000000e+00 -5.731558e-01
0.000000e+00 8.800000e-01 2.649785e+00 2.649808e+00 0.000000e+00 -5.308133e-01
0.000000e+00 9.350000e-01 2.529293e+00 2.529314e+00 0.000000e+00 -4.930985e-01
0.000000e+00 9.900000e-01 2.423938e+00 2.423957e+00 0.000000e+00 -4.593014e-01
0.000000e+00 1.045000e+00 2.331153e+00 2.331170e+00 0.000000e+00 -4.288826e-01
0.000000e+00 1.100000e+00 2.248876e+00 2.248892e+00 0.000000e+00 -4.013755e-01
0.000000e+00 1.155000e+00 2.175486e+00 2.175500e+00 0.000000e+00 -3.764072e-01
0.000000e+00 1.210000e+00 2.109659e+00 2.109673e+00 0.000000e+00 -3.536597e-01
0.000000e+00 1.265000e+00 2.050324e+00 2.050337e+00 0.000000e+00 -3.328703e-01
0.000000e+00 1.320000e+00 1.996597e+00 1.996609e+00 0.000000e+00 -3.138143e-01
0.000000e+00 1.375000e+00 1.947744e+00 1.947755e+00 0.000000e+00 -2.963010e-01
0.000000e+00 1.430000e+00 1.903154e+00 1.903164e+00 0.000000e+00 -2.801654e-01
0.000000e+00 1.485000e+00 1.862311e+00 1.862320e+00 0.000000e+00 -2.652644e-01
0.000000e+00 1.540000e+00 1.824779e+00 1.824788e+00 0.000000e+00 -2.514723e-01
0.000000e+00 1.595000e+00 1.790185e+00 1.790194e+00 0.000000e+00 -2.386790e-01
0.000000e+00 1.650000e+00 1.758210e+00 1.758218e+00 0.000000e+00 -2.267876e-01
0.000000e+00 1.705000e+00 1.728575e+00 1.728583e+00 0.000000e+00 -2.157143e-01
0.000000e+00 1.760000e+00 1.701041e+00 1.701049e+00 0.000000e+00 -2.053857e-01
0.000000e+00 1.815000e+00 1.675398e+00 1.675405e+00 0.000000e+00 -1.957375e-01
0.000000e+00 1.870000e+00 1.651464e+00 1.651471e+00 0.000000e+00 -1.867120e-01
0.000000e+00 1.925000e+00 1.629078e+00 1.629085e+00 0.000000e+00 -1.782570e-01
0.000000e+00 1.980000e+00 1.608101e+00 1.608107e+00 0.000000e+00 -1.703252e-01
0.000000e+00 2.035000e+00 1.588408e+00 1.588414e+00 0.000000e+00 -1.628732e-01
0.000000e+00 2.090000e+00 1.569890e+00 1.569895e+00 0.000000e+00 -1.558620e-01
0.000000e+00 2.145000e+00 1.552448e+00 1.552453e+00 0.000000e+00 -1.492559e-01
0.000000e+00 2.200000e+00 1.535995e+00 1.536000e+00 0.000000e+00 -1.430228e-01
0.000000e+00 2.255000e+00 1.520452e+00 1.520457e+00 0.000000e+00 -1.371336e-01
0.000000e+00 2.310000e+00 1.505748e+00 1.505753e+00 0.000000e+00 -1.315626e-01
0.000000e+00 2.365000e+00 1.491819e+00 1.491824e+00 0.000000e+00 -1.262867e-01
0.000000e+00 2.420000e+00 1.478607e+00 1.478611e+00 0.000000e+00 -1.212854e-01
0.000000e+00 2.475000e+00 1.466060e+00 1.466064e+00 0.000000e+00 -1.165405e-01
0.000000e+00 2.530000e+00 1.454130e+00 1.454134e+00 0.000000e+00 -1.120348e-01
0.000000e+00 2.585000e+00 1.442774e+00 1.442777e+00 0.000000e+00 -1.077524e-01
0.000000e+00 2.640000e+00 1.431953e+00 1.431957e+00 0.000000e+00 -1.036782e-01
0.000000e+00 2.695000e+00 1.421632e+00 1.421635e+00 0.000000e+00 -9.979767e-02
0.000000e+00 2.750000e+00 1.411778e+00 1.411781e+00 0.000000e+00 -9.609752e-02
0.000000e+00 2.805000e+00 1.402361e+00 1.402365e+00 0.000000e+00 -9.256579e-02
0.000000e+00 2.860000e+00 1.393354e+00 1.393358e+00 0.000000e+00 -8.919203e-02
0.000000e+00 2.915000e+00 1.384732e+00 1.384735e+00 0.000000e+00 -8.596715e-02
0.000000e+00 2.970000e+00 1.376470e+00 1.376473e+00 0.000000e+00 -8.288304e-02
0.000000e+00 3.025000e+00 1.368548e+00 1.368550e+00 0.000000e+00 -7.993207e-02
0.000000e+00 3.080000e+00 1.360945e+00 1.360948e+00 0.000000e+00 -7.710676e-02
0.000000e+00 3.135000e+00 1.353643e+00 1.353646e+00 0.000000e+00 -7.439960e-02
0.000000e+00 3.190000e+00 1.346626e+00 1.346629e+00 0.000000e+00 -7.180314e-02
0.000000e+00 3.245000e+00 1.339879e+00 1.339881e+00 0.000000e+00 -6.931014e-02
0.000000e+00 3.300000e+00 1.333386e+00 1.333389e+00 0.000000e+00 -6.691378e-02
0.000000e+00 3.355000e+00 1.327137e+00 1.327140e+00 0.000000e+00 -6.460771e-02
0.000000e+00 3.410000e+00 1.321121e+00 1.321123e+00 0.000000e+00 -6.238614e-02
0.000000e+00 3.465000e+00 1.315327e+00 1.315330e+00 0.000000e+00 -6.024384e-02
0.000000e+00 3.520000e+00 1.309747e+00 1.309749e+00 0.000000e+00 -5.817622e-02
0.000000e+00 3.575000e+00 1.304369e+00 1.304371e+00 0.000000e+00 -5.617938e-02
0.000000e+00 3.630000e+00 1.299182e+00 1.299184e+00 0.000000e+00 -5.425007e-02
0.000000e+00 3.685000e+00 1.294176e+00 1.294178e+00 0.000000e+00 -5.238550e-02
0.000000e+00 3.740000e+00 1.289340e+00 1.289342e+00 0.000000e+00 -5.058315e-02
0.000000e+00 3.795000e+00 1.284663e+00 1.284665e+00 0.000000e+00 -4.884052e-02
0.000000e+00 3.850000e+00 1.280140e+00 1.280141e+00 0.000000e+00 -4.715496e-02
0.000000e+00 3.905000e+00 1.275763e+00 1.275764e+00 0.000000e+00 -4.552371e-02
0.000000e+00 3.960000e+00 1.271528e+00 1.271530e+00 0.000000e+00 -4.394381e-02
0.000000e+00 4.015000e+00 1.267433e+00 1.267434e+00 0.000000e+00 -4.241216e-02
0.000000e+00 4.070000e+00 1.263472e+00 1.263474e+00 0.000000e+00 -4.092543e-02
0.000000e+00 4.125000e+00 1.259643e+00 1.259644e+00 0.000000e+00 -3.948022e-02
0.000000e+00 4.180000e+00 1.255938e+00 1.255940e+00 0.000000e+00 -3.807332e-02
0.000000e+00 4.235000e+00 1.252353e+00 1.252355e+00 0.000000e+00 -3.670236e-02
0.000000e+00 4.290000e+00 1.248881e+00 1.248882e+00 0.000000e+00 -3.536627e-02
0.000000e+00 4.345000e+00 1.245515e+00 1.245516e+00 0.000000e+00 -3.406554e-02
0.000000e+00 4.400000e+00 1.242248e+00 1.242250e+00 0.000000e+00 -3.280174e-02
0.000000e+00 4.455000e+00 1.239075e+00 1.239076e+00 0.000000e+00 -3.157665e-02
0.000000e+00 4.510000e+00 1.235988e+00 1.235989e+00 0.000000e+00 -3.039120e-02
0.000000e+00 4.565000e+00 1.232983e+00 1.232984e+00 0.000000e+00 -2.924488e-02
0.000000e+00 4.620000e+00 1.230055e+00 1.230056e+00 0.000000e+00 -2.813569e-02
0.000000e+00 4.675000e+00 1.227203e+00 1.227204e+00 0.000000e+00 -2.706062e-02
0.000000e+00 4.730000e+00 1.224427e+00 1.224428e+00 0.000000e+00 -2.601618e-02
0.000000e+00 4.785000e+00 1.221728e+00 1.221729e+00 0.000000e+00 -2.499866e-02
0.000000e+00 4.840000e+00 1.219109e+00 1.219110e+00 0.000000e+00 -2.400420e-02
0.000000e+00 4.895000e+00 1.216572e+00 1.216573e+00 0.000000e+00 -2.302894e-02
0.000000e+00 4.950000e+00 1.214118e+00 1.214119e+00 0.000000e+00 -2.206960e-02
0.000000e+00 5.005000e+00 1.211744e+00 1.211745e+00 0.000000e+00 -2.112428e-02
0.000000e+00 5.060000e+00 1.209446e+00 1.209447e+00 0.000000e+00 -2.019317e-02
0.000000e+00 5.115000e+00 1.207218e+00 1.207219e+00 0.000000e+00 -1.927836e-02
0.000000e+00 5.170000e+00 1.205054e+00 1.205055e+00 0.000000e+00 -1.838300e-02
0.000000e+00 5.225000e+00 1.202948e+00 1.202949e+00 0.000000e+00 -1.750983e-02
0.000000e+00 5.280000e+00 1.200895e+00 1.200896e+00 0.000000e+00 -1.666018e-02
0.000000e+00 5.335000e+00 1.198894e+00 1.198895e+00 0.000000e+00 -1.583373e-02
0.000000e+00 5.390000e+00 1.196943e+00 1.196944e+00 0.000000e+00 -1.502904e-02
0.000000e+00 5.445000e+00 1.195041e+00 1.195042e+00 0.000000e+00 -1.424427e-02
0.000000e+00 5.500000e+00 1.193190e+00 1.193191e+00 0.000000e+00 -1.347760e-02
0.000000e+00 5.555000e+00 1.191391e+00 1.191392e+00 0.000000e+00 -1.272708e-02
0.000000e+00 5.610000e+00 1.189645e+00 1.189646e+00 0.000000e+00 -1.199048e-02
0.000000e+00 5.665000e+00 1.187953e+00 1.187954e+00 0.000000e+00 -1.126543e-02
0.000000e+00 5.720000e+00 1.186316e+00 1.186317e+00 0.000000e+00 -1.055014e-02
0.000000e+00 5.775000e+00 1.184733e+00 1.184733e+00 0.000000e+00 -9.844075e-03
0.000000e+00 5.830000e+00 1.183201e+00 1.183202e+00 0.000000e+00 -9.148367e-03
0.000000e+00 5.885000e+00 1.181720e+00 1.181721e+00 0.000000e+00 -8.465387e-03
0.000000e+00 5.940000e+00 1.180285e+00 1.180286e+00 0.000000e+00 -7.797777e-03
0.000000e+00 5.995000e+00 1.178891e+00 1.178891e+00 0.000000e+00 -7.147378e-03
0.000000e+00 6.050000e+00 1.177531e+00 1.177532e+00 0.000000e+00 -6.514676e-03
0.000000e+00 6.105000e+00 1.176201e+00 1.176202e+00 0.000000e+00 -5.899155e-03
0.000000e+00 6.160000e+00 1.174895e+00 1.174895e+00 0.000000e+00 -5.300382e-03
0.000000e+00 6.215000e+00 1.173612e+00 1.173613e+00 0.000000e+00 -4.718951e-03
0.000000e+00 6.270000e+00 1.172357e+00 1.172358e+00 0.000000e+00 -4.156197e-03
0.000000e+00 6.325000e+00 1.171135e+00 1.171136e+00 0.000000e+00 -3.612471e-03
0.000000e+00 6.380000e+00 1.169950e+00 1.169951e+00 0.000000e+00 -3.085468e-03
0.000000e+00 6.435000e+00 1.168804e+00 1.168805e+00 0.000000e+00 -2.570856e-03
0.000000e+00 6.490000e+00 1.167699e+00 1.167699e+00 0.000000e+00 -2.065755e-03
0.000000e+00 6.545000e+00 1.166634e+00 1.166635e+00 0.000000e+00 -1.572218e-03
0.000000e+00 6.600000e+00 1.165609e+00 1.165610e+00 0.000000e+00 -1.096486e-03
0.000000e+00 6.655000e+00 1.164615e+00 1.164616e+00 0.000000e+00 -6.433285e-04
0.000000e+00 6.710000e+00 1.163637e+00 1.163637e+00 0.000000e+00 -2.106963e-04
0.000000e+00 6.765000e+00 1.162660e+00 1.162661e+00 0.000000e+00 2.087105e-04
0.000000e+00 6.820000e+00 1.161691e+00 1.161691e+00 0.000000e+00 6.192791e-04
0.000000e+00 6.875000e+00 1.160752e+00 1.160753e+00 0.000000e+00 1.016576e-03
0.000000e+00 6.930000e+00 1.159874e+00 1.159875e+00 0.000000e+00 1.391992e-03
0.000000e+00 6.985000e+00 1.159060e+00 1.159061e+00 0.000000e+00 1.745394e-03
0.000000e+00 7.040000e+00 1.158279e+00 1.158280e+00 0.000000e+00 2.091957e-03
0.000000e+00 7.095000e+00 1.157482e+00 1.157482e+00 0.000000e+00 2.452182e-03
0.000000e+00 7.150000e+00 1.156644e+00 1.156645e+00 0.000000e+00 2.832657e-03
0.000000e+00 7.205000e+00 1.155791e+00 1.155792e+00 0.000000e+00 3.218015e-03
0.000000e+00 7.260000e+00 1.154979e+00 1.154980e+00 0.000000e+00 3.584319e-03
0.000000e+00 7.315000e+00 1.154251e+00 1.154251e+00 0.000000e+00 3.920628e-03
0.000000e+00 7.370000e+00 1.153603e+00 1.153604e+00 0.000000e+00 4.237420e-03
0.000000e+00 7.425000e+00 1.152988e+00 1.152989e+00 0.000000e+00 4.552094e-03
0.000000e+00 7.480000e+00 1.152346e+00 1.152347e+00 0.000000e+00 4.867047e-03
0.000000e+00 7.535000e+00 1.151642e+00 1.151642e+00 0.000000e+00 5.164005e-03
0.000000e+00 7.590000e+00 1.150874e+00 1.150874e+00 0.000000e+00 5.420882e-03
0.000000e+00 7.645000e+00 1.150072e+00 1.150073e+00 0.000000e+00 5.634124e-03
0.000000e+00 7.700000e+00 1.149281e+00 1.149281e+00 0.000000e+00 5.824900e-03
0.000000e+00 7.755000e+00 1.148540e+00 1.148541e+00 0.000000e+00 6.025760e-03
0.000000e+00 7.810000e+00 1.147875e+00 1.147875e+00 0.000000e+00 6.259562e-03
0.000000e+00 7.865000e+00 1.147278e+00 1.147279e+00 0.000000e+00 6.525759e-03
0.000000e+00 7.920000e+00 1.146718e+00 1.146719e+00 0.000000e+00 6.801581e-03
0.000000e+00 7.975000e+00 1.146153e+00 1.146153e+00 0.000000e+00 7.055276e-03
0.000000e+00 8.030000e+00 1.145554e+00 1.145555e+00 0.000000e+00 7.263052e-03
0.000000e+00 8.085000e+00 1.144923e+00 1.144923e+00 0.000000e+00 7.421226e-03
0.000000e+00 8.140000e+00 1.144286e+00 1.144286e+00 0.000000e+00 7.547519e-03
0.000000e+00 8.195000e+00 1.143680e+00 1.143680e+00 0.000000e+00 7.671050e-03
0.000000e+00 8.250000e+00 1.143130e+00 1.143130e+00 0.000000e+00 7.816857e-03
0.000000e+00 8.305000e+00 1.142637e+00 1.142637e+00 0.000000e+00 7.993300e-03
0.000000e+00 8.360000e+00 1.142178e+00 1.142178e+00 0.000000e+00 8.189378e-03
0.000000e+00 8.415000e+00 1.141718e+00 1.141719e+00 0.000000e+00 8.382981e-03
0.000000e+00 8.470000e+00 1.141230e+00 1.141230e+00 0.000000e+00 8.554157e-03
0.000000e+00 8.525000e+00 1.140701e+00 1.140701e+00 0.000000e+00 8.695341e-03
0.000000e+00 8.580000e+00 1.140142e+00 1.140142e+00 0.000000e+00 8.813314e-03
0.000000e+00 8.635000e+00 1.139576e+00 1.139576e+00 0.000000e+00 8.923128e-03
0.000000e+00 8.690000e+00 1.139028e+00 1.139028e+00 0.000000e+00 9.038937e-03
0.000000e+00 8.745000e+00 1.138514e+00 1.138514e+00 0.000000e+00 9.167479e-03
0.000000e+00 8.800000e+00 1.138036e+00 1.138036e+00 0.000000e+00 9.307242e-03
0.000000e+00 8.855000e+00 1.137584e+00 1.137584e+00 0.000000e+00 9.452266e-03
0.000000e+00 8.910000e+00 1.137144e+00 1.137144e+00 0.000000e+00 9.596861e-03
0.000000e+00 8.965000e+00 1.136701e+00 1.136701e+00 0.000000e+00 9.737852e-03
0.000000e+00 9.020000e+00 1.136243e+00 1.136243e+00 0.000000e+00 9.873883e-03
0.000000e+00 9.075000e+00 1.135764e+00 1.135764e+00 0.000000e+00 1.000389e-02
0.000000e+00 9.130000e+00 1.135265e+00 1.135265e+00 0.000000e+00 1.012744e-02
0.000000e+00 9.185000e+00 1.134753e+00 1.134753e+00 0.000000e+00 1.024713e-02
0.000000e+00 9.240000e+00 1.134239e+00 1.134240e+00 0.000000e+00 1.037124e-02
0.000000e+00 9.295000e+00 1.133739e+00 1.133740e+00 0.000000e+00 1.051237e-02
0.000000e+00 9.350000e+00 1.133260e+00 1.133261e+00 0.000000e+00 1.068219e-02
0.000000e+00 9.405000e+00 1.132800e+00 1.132800e+00 0.000000e+00 1.088231e-02
0.000000e+00 9.460000e+00 1.132346e+00 1.132345e+00 0.000000e+00 1.110074e-02
0.000000e+00 9.515000e+00 1.131879e+00 1.131876e+00 0.000000e+00 1.131087e-02
0.000000e+00 9.570000e+00 1.131388e+00 1.131383e+00 0.000000e+00 1.148193e-02
0.000000e+00 9.625000e+00 1.130870e+00 1.130863e+00 0.000000e+00 1.157507e-02
0.000000e+00 9.680000e+00 1.130345e+00 1.130337e+00 0.000000e+00 1.155659e-02
0.000000e+00 9.735000e+00 1.129829e+00 1.129820e+00 0.000000e+00 1.138257e-02
0.000000e+00 9.790000e+00 1.129361e+00 1.129352e+00 0.000000e+00 1.106854e-02
0.000000e+00 9.845000e+00 1.128922e+00 1.128912e+00 0.000000e+00 1.065886e-02
0.000000e+00 9.900000e+00 1.128564e+00 1.128554e+00 0.000000e+00 1.036322e-02
0.000000e+00 9.955000e+00 1.128160e+00 1.128150e+00 0.000000e+00 1.023936e-02
0.000000e+00 1.001000e+01 1.105114e+00 1.105104e+00 -0.000000e+00 -1.013850e-02
0.000000e+00 1.006500e+01 1.105114e+00 1.105104e+00 -0.000000e+00 -1.013850e-02
0.000000e+00 1.012000e+01 1.105114e+00 1.105104e+00 -0.000000e+00 -1.013850e-02
0.000000e+00 1.017500e+01 1.105114e+00 1.105104e+00 -0.000000e+00 -1.013850e-02
0.000000e+00 1.023000e+01 1.105114e+00 1.105104e+00 -0.000000e+00 -1.013850e-02
0.000000e+00 1.028500e+01 1.105114e+00 1.105104e+00 -0.000000e+00 -1.013850e-02
0.000000e+00 1.034000e+01 1.105114e+00 1.105104e+00 -0.000000e+00 -1.013850e-02
0.000000e+00 1.039500e+01 1.105114e+00 1.105104e+00 -0.000000e+00 -1.013850e-02
0.000000e+00 1.045000e+01 1.105114e+00 1.105104e+00 -0.000000e+00 -1.013850e-02
0.000000e+00 1.050500e+01 1.105114e+00 1.105104e+00 -0.000000e+00 -1.013850e-02
0.000000e+00 1.056000e+01 1.105114e+00 1.105104e+00 -0.000000e+00 -1.013850e-02
0.000000e+00 1.061500e+01 1.105114e+00 1.105104e+00 -0.000000e+00 -1.013850e-02
0.000000e+00 1.067000e+01 1.105114e+00 1.105104e+00 -0.000000e+00 -1.013850e-02
0.000000e+00 1.072500e+01 1.105114e+00 1.105104e+00 -0.000000e+00 -1.013850e-02
0.000000e+00 1.078000e+01 1.105114e+00 1.105104e+00 -0.000000e+00 -1.013850e-02
0.000000e+00 1.083500e+01 1.105114e+00 1.105104e+00 -0.000000e+00 -1.013850e-02
0.000000e+00 1.089000e+01 1.105114e+00 1.105104e+00 -0.000000e+00 -1.013850e-02
0.000000e+00 1.094500e+01 1.105114e+00 1.105104e+00 -0.000000e+00 -1.013850e-02
0.000000e+00 1.100000e+01 1.105114e+00 1.105104e+00 -0.000000e+00 -1.013850e-02
