#############TIME##################
7.304281e+00 
###################################
0.000000e+00 0.000000e+00 6.370988e+01 6.371533e+01 0.000000e+00 -3.063956e+00
0.000000e+00 5.500000e-02 6.370988e+01 6.371533e+01 0.000000e+00 -3.063956e+00
0.000000e+00 1.100000e-01 2.412604e+01 2.412688e+01 0.000000e+00 -3.063968e+00
0.000000e+00 1.650000e-01 1.567879e+01 1.567920e+01 0.000000e+00 -2.309250e+00
0.000000e+00 2.200000e-01 1.163182e+01 1.163209e+01 0.000000e+00 -1.935923e+00
0.000000e+00 2.750000e-01 9.101680e+00 9.101871e+00 0.000000e+00 -1.647375e+00
0.000000e+00 3.300000e-01 7.518185e+00 7.518329e+00 0.000000e+00 -1.424969e+00
0.000000e+00 3.850000e-01 6.380504e+00 6.380615e+00 0.000000e+00 -1.253335e+00
0.000000e+00 4.400000e-01 5.577207e+00 5.577298e+00 0.000000e+00 -1.109907e+00
0.000000e+00 4.950000e-01 4.958787e+00 4.958862e+00 0.000000e+00 -9.943697e-01
0.000000e+00 5.500000e-01 4.480766e+00 4.480829e+00 0.000000e+00 -8.962996e-01
0.000000e+00 6.050000e-01 4.100957e+00 4.101011e+00 0.000000e+00 -8.133121e-01
0.000000e+00 6.600000e-01 3.791391e+00 3.791438e+00 0.000000e+00 -7.418718e-01
0.000000e+00 7.150000e-01 3.535638e+00 3.535680e+00 0.000000e+00 -6.801628e-01
0.000000e+00 7.700000e-01 3.320799e+00 3.320836e+00 0.000000e+00 -6.261742e-01
0.000000e+00 8.250000e-01 3.138366e+00 3.138399e+00 0.000000e+00 -5.787437e-01
0.000000e+00 8.800000e-01 2.981596e+00 2.981625e+00 0.000000e+00 -5.367273e-01
0.000000e+00 9.350000e-01 2.845680e+00 2.845707e+00 0.000000e+00 -4.993402e-01
0.000000e+00 9.900000e-01 2.726790e+00 2.726815e+00 0.000000e+00 -4.658726e-01
0.000000e+00 1.045000e+00 2.622035e+00 2.622058e+00 0.000000e+00 -4.357846e-01
0.000000e+00 1.100000e+00 2.529088e+00 2.529109e+00 0.000000e+00 -4.086080e-01
0.000000e+00 1.155000e+00 2.446122e+00 2.446141e+00 0.000000e+00 -3.839685e-01
0.000000e+00 1.210000e+00 2.371649e+00 2.371667e+00 0.000000e+00 -3.615488e-01
0.000000e+00 1.265000e+00 2.304477e+00 2.304494e+00 0.000000e+00 -3.410906e-01
0.000000e+00 1.320000e+00 2.243628e+00 2.243644e+00 0.000000e+00 -3.223776e-01
0.000000e+00 1.375000e+00 2.188295e+00 2.188310e+00 0.000000e+00 -3.052284e-01
0.000000e+00 1.430000e+00 2.137789e+00 2.137803e+00 0.000000e+00 -2.894805e-01
0.000000e+00 1.485000e+00 2.091496e+00 2.091509e+00 0.000000e+00 -2.749773e-01
0.000000e+00 1.540000e+00 2.048849e+00 2.048861e+00 0.000000e+00 -2.615591e-01
0.000000e+00 1.595000e+00 2.009334e+00 2.009346e+00 0.000000e+00 -2.490696e-01
0.000000e+00 1.650000e+00 1.972531e+00 1.972542e+00 0.000000e+00 -2.373784e-01
0.000000e+00 1.705000e+00 1.938175e+00 1.938186e+00 0.000000e+00 -2.264207e-01
0.000000e+00 1.760000e+00 1.906228e+00 1.906239e+00 0.000000e+00 -2.162394e-01
0.000000e+00 1.815000e+00 1.876906e+00 1.876916e+00 0.000000e+00 -2.070066e-01
0.000000e+00 1.870000e+00 1.850604e+00 1.850614e+00 0.000000e+00 -1.989931e-01
0.000000e+00 1.925000e+00 1.827678e+00 1.827687e+00 0.000000e+00 -1.924481e-01
0.000000e+00 1.980000e+00 1.808052e+00 1.808061e+00 0.000000e+00 -1.873834e-01
0.000000e+00 2.035000e+00 1.790906e+00 1.790915e+00 0.000000e+00 -1.833909e-01
0.000000e+00 2.090000e+00 1.774865e+00 1.774873e+00 0.000000e+00 -1.797371e-01
0.000000e+00 2.145000e+00 1.758553e+00 1.758561e+00 0.000000e+00 -1.756730e-01
0.000000e+00 2.200000e+00 1.741104e+00 1.741112e+00 0.000000e+00 -1.707271e-01
0.000000e+00 2.255000e+00 1.722466e+00 1.722473e+00 0.000000e+00 -1.648793e-01
0.000000e+00 2.310000e+00 1.703265e+00 1.703272e+00 0.000000e+00 -1.585037e-01
0.000000e+00 2.365000e+00 1.684386e+00 1.684394e+00 0.000000e+00 -1.521315e-01
0.000000e+00 2.420000e+00 1.666532e+00 1.666539e+00 0.000000e+00 -1.461947e-01
0.000000e+00 2.475000e+00 1.649982e+00 1.649989e+00 0.000000e+00 -1.408814e-01
0.000000e+00 2.530000e+00 1.634626e+00 1.634633e+00 0.000000e+00 -1.361452e-01
0.000000e+00 2.585000e+00 1.620130e+00 1.620136e+00 0.000000e+00 -1.318003e-01
0.000000e+00 2.640000e+00 1.606133e+00 1.606139e+00 0.000000e+00 -1.276399e-01
0.000000e+00 2.695000e+00 1.592425e+00 1.592431e+00 0.000000e+00 -1.235466e-01
0.000000e+00 2.750000e+00 1.579026e+00 1.579032e+00 0.000000e+00 -1.195417e-01
0.000000e+00 2.805000e+00 1.566090e+00 1.566095e+00 0.000000e+00 -1.157314e-01
0.000000e+00 2.860000e+00 1.553750e+00 1.553755e+00 0.000000e+00 -1.122078e-01
0.000000e+00 2.915000e+00 1.542025e+00 1.542030e+00 0.000000e+00 -1.089896e-01
0.000000e+00 2.970000e+00 1.530833e+00 1.530838e+00 0.000000e+00 -1.060290e-01
0.000000e+00 3.025000e+00 1.520061e+00 1.520066e+00 0.000000e+00 -1.032571e-01
0.000000e+00 3.080000e+00 1.509625e+00 1.509630e+00 0.000000e+00 -1.006267e-01
0.000000e+00 3.135000e+00 1.499491e+00 1.499495e+00 0.000000e+00 -9.812587e-02
0.000000e+00 3.190000e+00 1.489644e+00 1.489648e+00 0.000000e+00 -9.576035e-02
0.000000e+00 3.245000e+00 1.480060e+00 1.480065e+00 0.000000e+00 -9.353083e-02
0.000000e+00 3.300000e+00 1.470698e+00 1.470702e+00 0.000000e+00 -9.142535e-02
0.000000e+00 3.355000e+00 1.461517e+00 1.461521e+00 0.000000e+00 -8.942882e-02
0.000000e+00 3.410000e+00 1.452499e+00 1.452502e+00 0.000000e+00 -8.753550e-02
0.000000e+00 3.465000e+00 1.443653e+00 1.443657e+00 0.000000e+00 -8.575237e-02
0.000000e+00 3.520000e+00 1.435004e+00 1.435008e+00 0.000000e+00 -8.409229e-02
0.000000e+00 3.575000e+00 1.426572e+00 1.426576e+00 0.000000e+00 -8.256440e-02
0.000000e+00 3.630000e+00 1.418366e+00 1.418369e+00 0.000000e+00 -8.116996e-02
0.000000e+00 3.685000e+00 1.410383e+00 1.410386e+00 0.000000e+00 -7.990519e-02
0.000000e+00 3.740000e+00 1.402616e+00 1.402619e+00 0.000000e+00 -7.876607e-02
0.000000e+00 3.795000e+00 1.395055e+00 1.395058e+00 0.000000e+00 -7.775028e-02
0.000000e+00 3.850000e+00 1.387685e+00 1.387688e+00 0.000000e+00 -7.685571e-02
0.000000e+00 3.905000e+00 1.380485e+00 1.380488e+00 0.000000e+00 -7.607896e-02
0.000000e+00 3.960000e+00 1.373432e+00 1.373435e+00 0.000000e+00 -7.541551e-02
0.000000e+00 4.015000e+00 1.366499e+00 1.366502e+00 0.000000e+00 -7.486091e-02
0.000000e+00 4.070000e+00 1.359664e+00 1.359667e+00 0.000000e+00 -7.441162e-02
0.000000e+00 4.125000e+00 1.352904e+00 1.352907e+00 0.000000e+00 -7.406468e-02
0.000000e+00 4.180000e+00 1.346201e+00 1.346203e+00 0.000000e+00 -7.381718e-02
0.000000e+00 4.235000e+00 1.339536e+00 1.339539e+00 0.000000e+00 -7.366635e-02
0.000000e+00 4.290000e+00 1.332896e+00 1.332899e+00 0.000000e+00 -7.361029e-02
0.000000e+00 4.345000e+00 1.326270e+00 1.326273e+00 0.000000e+00 -7.364857e-02
0.000000e+00 4.400000e+00 1.319652e+00 1.319654e+00 0.000000e+00 -7.378204e-02
0.000000e+00 4.455000e+00 1.313035e+00 1.313037e+00 0.000000e+00 -7.401204e-02
0.000000e+00 4.510000e+00 1.306418e+00 1.306420e+00 0.000000e+00 -7.433967e-02
0.000000e+00 4.565000e+00 1.299800e+00 1.299802e+00 0.000000e+00 -7.476534e-02
0.000000e+00 4.620000e+00 1.293182e+00 1.293184e+00 0.000000e+00 -7.528863e-02
0.000000e+00 4.675000e+00 1.286568e+00 1.286570e+00 0.000000e+00 -7.590839e-02
0.000000e+00 4.730000e+00 1.279962e+00 1.279964e+00 0.000000e+00 -7.662309e-02
0.000000e+00 4.785000e+00 1.273366e+00 1.273368e+00 0.000000e+00 -7.743134e-02
0.000000e+00 4.840000e+00 1.266782e+00 1.266784e+00 0.000000e+00 -7.833224e-02
0.000000e+00 4.895000e+00 1.260211e+00 1.260213e+00 0.000000e+00 -7.932495e-02
0.000000e+00 4.950000e+00 1.253655e+00 1.253656e+00 0.000000e+00 -8.040721e-02
0.000000e+00 5.005000e+00 1.247118e+00 1.247119e+00 0.000000e+00 -8.157320e-02
0.000000e+00 5.060000e+00 1.240613e+00 1.240614e+00 0.000000e+00 -8.281190e-02
0.000000e+00 5.115000e+00 1.234158e+00 1.234160e+00 0.000000e+00 -8.410698e-02
0.000000e+00 5.170000e+00 1.227776e+00 1.227777e+00 0.000000e+00 -8.543854e-02
0.000000e+00 5.225000e+00 1.221489e+00 1.221490e+00 0.000000e+00 -8.678575e-02
0.000000e+00 5.280000e+00 1.215317e+00 1.215318e+00 0.000000e+00 -8.812920e-02
0.000000e+00 5.335000e+00 1.209277e+00 1.209278e+00 0.000000e+00 -8.945187e-02
0.000000e+00 5.390000e+00 1.203384e+00 1.203385e+00 0.000000e+00 -9.073877e-02
0.000000e+00 5.445000e+00 1.197650e+00 1.197651e+00 0.000000e+00 -9.197606e-02
0.000000e+00 5.500000e+00 1.192087e+00 1.192087e+00 0.000000e+00 -9.315062e-02
0.000000e+00 5.555000e+00 1.186704e+00 1.186705e+00 0.000000e+00 -9.425044e-02
0.000000e+00 5.610000e+00 1.181512e+00 1.181512e+00 0.000000e+00 -9.526558e-02
0.000000e+00 5.665000e+00 1.176513e+00 1.176514e+00 0.000000e+00 -9.618892e-02
0.000000e+00 5.720000e+00 1.171710e+00 1.171710e+00 0.000000e+00 -9.701633e-02
0.000000e+00 5.775000e+00 1.167100e+00 1.167101e+00 0.000000e+00 -9.774608e-02
0.000000e+00 5.830000e+00 1.162681e+00 1.162682e+00 0.000000e+00 -9.837810e-02
0.000000e+00 5.885000e+00 1.158449e+00 1.158449e+00 0.000000e+00 -9.891322e-02
0.000000e+00 5.940000e+00 1.154399e+00 1.154399e+00 0.000000e+00 -9.935289e-02
0.000000e+00 5.995000e+00 1.150526e+00 1.150527e+00 0.000000e+00 -9.969902e-02
0.000000e+00 6.050000e+00 1.146827e+00 1.146828e+00 0.000000e+00 -9.995406e-02
0.000000e+00 6.105000e+00 1.143295e+00 1.143295e+00 0.000000e+00 -1.001209e-01
0.000000e+00 6.160000e+00 1.139924e+00 1.139925e+00 0.000000e+00 -1.002030e-01
0.000000e+00 6.215000e+00 1.136708e+00 1.136709e+00 0.000000e+00 -1.002037e-01
0.000000e+00 6.270000e+00 1.133641e+00 1.133641e+00 0.000000e+00 -1.001271e-01
0.000000e+00 6.325000e+00 1.130716e+00 1.130717e+00 0.000000e+00 -9.997684e-02
0.000000e+00 6.380000e+00 1.127928e+00 1.127929e+00 0.000000e+00 -9.975693e-02
0.000000e+00 6.435000e+00 1.125271e+00 1.125271e+00 0.000000e+00 -9.947119e-02
0.000000e+00 6.490000e+00 1.122740e+00 1.122740e+00 0.000000e+00 -9.912336e-02
0.000000e+00 6.545000e+00 1.120328e+00 1.120328e+00 0.000000e+00 -9.871706e-02
0.000000e+00 6.600000e+00 1.118030e+00 1.118031e+00 0.000000e+00 -9.825579e-02
0.000000e+00 6.655000e+00 1.115842e+00 1.115842e+00 0.000000e+00 -9.774296e-02
0.000000e+00 6.710000e+00 1.113758e+00 1.113758e+00 0.000000e+00 -9.718192e-02
0.000000e+00 6.765000e+00 1.111772e+00 1.111772e+00 0.000000e+00 -9.657594e-02
0.000000e+00 6.820000e+00 1.109882e+00 1.109882e+00 0.000000e+00 -9.592821e-02
0.000000e+00 6.875000e+00 1.108081e+00 1.108081e+00 0.000000e+00 -9.524181e-02
0.000000e+00 6.930000e+00 1.106366e+00 1.106366e+00 0.000000e+00 -9.451968e-02
0.000000e+00 6.985000e+00 1.104733e+00 1.104733e+00 0.000000e+00 -9.376464e-02
0.000000e+00 7.040000e+00 1.103176e+00 1.103176e+00 0.000000e+00 -9.297931e-02
0.000000e+00 7.095000e+00 1.101694e+00 1.101694e+00 0.000000e+00 -9.216616e-02
0.000000e+00 7.150000e+00 1.100280e+00 1.100280e+00 0.000000e+00 -9.132752e-02
0.000000e+00 7.205000e+00 1.098931e+00 1.098931e+00 0.000000e+00 -9.046561e-02
0.000000e+00 7.260000e+00 1.097644e+00 1.097644e+00 0.000000e+00 -8.958262e-02
0.000000e+00 7.315000e+00 1.096415e+00 1.096415e+00 0.000000e+00 -8.868072e-02
0.000000e+00 7.370000e+00 1.095241e+00 1.095241e+00 0.000000e+00 -8.776205e-02
0.000000e+00 7.425000e+00 1.094118e+00 1.094118e+00 0.000000e+00 -8.682864e-02
0.000000e+00 7.480000e+00 1.093043e+00 1.093043e+00 0.000000e+00 -8.588240e-02
0.000000e+00 7.535000e+00 1.092013e+00 1.092013e+00 0.000000e+00 -8.492503e-02
0.000000e+00 7.590000e+00 1.091025e+00 1.091025e+00 0.000000e+00 -8.395813e-02
0.000000e+00 7.645000e+00 1.090076e+00 1.090076e+00 0.000000e+00 -8.298321e-02
0.000000e+00 7.700000e+00 1.089163e+00 1.089163e+00 0.000000e+00 -8.200174e-02
0.000000e+00 7.755000e+00 1.088284e+00 1.088284e+00 0.000000e+00 -8.101518e-02
0.000000e+00 7.810000e+00 1.087436e+00 1.087436e+00 0.000000e+00 -8.002489e-02
0.000000e+00 7.865000e+00 1.086617e+00 1.086617e+00 0.000000e+00 -7.903214e-02
0.000000e+00 7.920000e+00 1.085826e+00 1.085826e+00 0.000000e+00 -7.803805e-02
0.000000e+00 7.975000e+00 1.085060e+00 1.085060e+00 0.000000e+00 -7.704361e-02
0.000000e+00 8.030000e+00 1.084319e+00 1.084319e+00 0.000000e+00 -7.604973e-02
0.000000e+00 8.085000e+00 1.083600e+00 1.083600e+00 0.000000e+00 -7.505730e-02
0.000000e+00 8.140000e+00 1.082904e+00 1.082903e+00 0.000000e+00 -7.406712e-02
0.000000e+00 8.195000e+00 1.082228e+00 1.082228e+00 0.000000e+00 -7.307989e-02
0.000000e+00 8.250000e+00 1.081574e+00 1.081574e+00 0.000000e+00 -7.209618e-02
0.000000e+00 8.305000e+00 1.080940e+00 1.080940e+00 0.000000e+00 -7.111634e-02
0.000000e+00 8.360000e+00 1.080326e+00 1.080325e+00 0.000000e+00 -7.014062e-02
0.000000e+00 8.415000e+00 1.079731e+00 1.079730e+00 0.000000e+00 -6.916918e-02
0.000000e+00 8.470000e+00 1.079154e+00 1.079154e+00 0.000000e+00 -6.820215e-02
0.000000e+00 8.525000e+00 1.078597e+00 1.078597e+00 0.000000e+00 -6.723969e-02
0.000000e+00 8.580000e+00 1.078058e+00 1.078058e+00 0.000000e+00 -6.628194e-02
0.000000e+00 8.635000e+00 1.077536e+00 1.077536e+00 0.000000e+00 -6.532903e-02
0.000000e+00 8.690000e+00 1.077032e+00 1.077032e+00 0.000000e+00 -6.438112e-02
0.000000e+00 8.745000e+00 1.076544e+00 1.076544e+00 0.000000e+00 -6.343839e-02
0.000000e+00 8.800000e+00 1.076072e+00 1.076072e+00 0.000000e+00 -6.250105e-02
0.000000e+00 8.855000e+00 1.075613e+00 1.075613e+00 0.000000e+00 -6.156931e-02
0.000000e+00 8.910000e+00 1.075168e+00 1.075168e+00 0.000000e+00 -6.064335e-02
0.000000e+00 8.965000e+00 1.074733e+00 1.074733e+00 0.000000e+00 -5.972318e-02
0.000000e+00 9.020000e+00 1.074308e+00 1.074308e+00 0.000000e+00 -5.880864e-02
0.000000e+00 9.075000e+00 1.073891e+00 1.073890e+00 0.000000e+00 -5.789916e-02
0.000000e+00 9.130000e+00 1.073479e+00 1.073479e+00 0.000000e+00 -5.699387e-02
0.000000e+00 9.185000e+00 1.073074e+00 1.073073e+00 0.000000e+00 -5.609149e-02
0.000000e+00 9.240000e+00 1.072673e+00 1.072673e+00 0.000000e+00 -5.519126e-02
0.000000e+00 9.295000e+00 1.072280e+00 1.072279e+00 0.000000e+00 -5.429252e-02
0.000000e+00 9.350000e+00 1.071894e+00 1.071893e+00 0.000000e+00 -5.339593e-02
0.000000e+00 9.405000e+00 1.071518e+00 1.071517e+00 0.000000e+00 -5.249950e-02
0.000000e+00 9.460000e+00 1.071152e+00 1.071152e+00 0.000000e+00 -5.160119e-02
0.000000e+00 9.515000e+00 1.070802e+00 1.070802e+00 0.000000e+00 -5.069044e-02
0.000000e+00 9.570000e+00 1.070464e+00 1.070463e+00 0.000000e+00 -4.976434e-02
0.000000e+00 9.625000e+00 1.070149e+00 1.070148e+00 0.000000e+00 -4.881072e-02
0.000000e+00 9.680000e+00 1.069843e+00 1.069840e+00 0.000000e+00 -4.785712e-02
0.000000e+00 9.735000e+00 1.069575e+00 1.069570e+00 0.000000e+00 -4.690263e-02
0.000000e+00 9.790000e+00 1.069291e+00 1.069284e+00 0.000000e+00 -4.603952e-02
0.000000e+00 9.845000e+00 1.069085e+00 1.069076e+00 0.000000e+00 -4.522112e-02
0.000000e+00 9.900000e+00 1.068784e+00 1.068775e+00 0.000000e+00 -4.462377e-02
0.000000e+00 9.955000e+00 1.068759e+00 1.068749e+00 0.000000e+00 -4.393743e-02
0.000000e+00 1.001000e+01 1.105114e+00 1.105104e+00 -0.000000e+00 -1.013850e-02
0.000000e+00 1.006500e+01 1.105114e+00 1.105104e+00 -0.000000e+00 -1.013850e-02
0.000000e+00 1.012000e+01 1.105114e+00 1.105104e+00 -0.000000e+00 -1.013850e-02
0.000000e+00 1.017500e+01 1.105114e+00 1.105104e+00 -0.000000e+00 -1.013850e-02
0.000000e+00 1.023000e+01 1.105114e+00 1.105104e+00 -0.000000e+00 -1.013850e-02
0.000000e+00 1.028500e+01 1.105114e+00 1.105104e+00 -0.000000e+00 -1.013850e-02
0.000000e+00 1.034000e+01 1.105114e+00 1.105104e+00 -0.000000e+00 -1.013850e-02
0.000000e+00 1.039500e+01 1.105114e+00 1.105104e+00 -0.000000e+00 -1.013850e-02
0.000000e+00 1.045000e+01 1.105114e+00 1.105104e+00 -0.000000e+00 -1.013850e-02
0.000000e+00 1.050500e+01 1.105114e+00 1.105104e+00 -0.000000e+00 -1.013850e-02
0.000000e+00 1.056000e+01 1.105114e+00 1.105104e+00 -0.000000e+00 -1.013850e-02
0.000000e+00 1.061500e+01 1.105114e+00 1.105104e+00 -0.000000e+00 -1.013850e-02
0.000000e+00 1.067000e+01 1.105114e+00 1.105104e+00 -0.000000e+00 -1.013850e-02
0.000000e+00 1.072500e+01 1.105114e+00 1.105104e+00 -0.000000e+00 -1.013850e-02
0.000000e+00 1.078000e+01 1.105114e+00 1.105104e+00 -0.000000e+00 -1.013850e-02
0.000000e+00 1.083500e+01 1.105114e+00 1.105104e+00 -0.000000e+00 -1.013850e-02
0.000000e+00 1.089000e+01 1.105114e+00 1.105104e+00 -0.000000e+00 -1.013850e-02
0.000000e+00 1.094500e+01 1.105114e+00 1.105104e+00 -0.000000e+00 -1.013850e-02
0.000000e+00 1.100000e+01 1.105114e+00 1.105104e+00 -0.000000e+00 -1.013850e-02
