#############TIME##################
2.340212e+01 
###################################
0.000000e+00 0.000000e+00 5.725778e+01 5.726261e+01 0.000000e+00 -3.064204e+00
0.000000e+00 5.500000e-02 5.725778e+01 5.726261e+01 0.000000e+00 -3.064204e+00
0.000000e+00 1.100000e-01 2.168561e+01 2.168634e+01 0.000000e+00 -3.064216e+00
0.000000e+00 1.650000e-01 1.409183e+01 1.409218e+01 0.000000e+00 -2.309899e+00
0.000000e+00 2.200000e-01 1.045334e+01 1.045358e+01 0.000000e+00 -1.936828e+00
0.000000e+00 2.750000e-01 8.179493e+00 8.179656e+00 0.000000e+00 -1.648493e+00
0.000000e+00 3.300000e-01 6.756714e+00 6.756836e+00 0.000000e+00 -1.426256e+00
0.000000e+00 3.850000e-01 5.734836e+00 5.734930e+00 0.000000e+00 -1.254756e+00
0.000000e+00 4.400000e-01 5.013191e+00 5.013267e+00 0.000000e+00 -1.111484e+00
0.000000e+00 4.950000e-01 4.457613e+00 4.457675e+00 0.000000e+00 -9.961076e-01
0.000000e+00 5.500000e-01 4.028339e+00 4.028391e+00 0.000000e+00 -8.981671e-01
0.000000e+00 6.050000e-01 3.687409e+00 3.687453e+00 0.000000e+00 -8.152889e-01
0.000000e+00 6.600000e-01 3.409590e+00 3.409629e+00 0.000000e+00 -7.439423e-01
0.000000e+00 7.150000e-01 3.180044e+00 3.180078e+00 0.000000e+00 -6.823292e-01
0.000000e+00 7.700000e-01 2.987171e+00 2.987200e+00 0.000000e+00 -6.284488e-01
0.000000e+00 8.250000e-01 2.823367e+00 2.823393e+00 0.000000e+00 -5.811322e-01
0.000000e+00 8.800000e-01 2.682627e+00 2.682651e+00 0.000000e+00 -5.392237e-01
0.000000e+00 9.350000e-01 2.560658e+00 2.560680e+00 0.000000e+00 -5.019298e-01
0.000000e+00 9.900000e-01 2.454016e+00 2.454036e+00 0.000000e+00 -4.685405e-01
0.000000e+00 1.045000e+00 2.360084e+00 2.360101e+00 0.000000e+00 -4.385227e-01
0.000000e+00 1.100000e+00 2.276748e+00 2.276764e+00 0.000000e+00 -4.114181e-01
0.000000e+00 1.155000e+00 2.202353e+00 2.202368e+00 0.000000e+00 -3.868600e-01
0.000000e+00 1.210000e+00 2.135561e+00 2.135575e+00 0.000000e+00 -3.645318e-01
0.000000e+00 1.265000e+00 2.075307e+00 2.075320e+00 0.000000e+00 -3.441658e-01
0.000000e+00 1.320000e+00 2.020727e+00 2.020740e+00 0.000000e+00 -3.255265e-01
0.000000e+00 1.375000e+00 1.971116e+00 1.971127e+00 0.000000e+00 -3.084099e-01
0.000000e+00 1.430000e+00 1.925878e+00 1.925889e+00 0.000000e+00 -2.926400e-01
0.000000e+00 1.485000e+00 1.884502e+00 1.884512e+00 0.000000e+00 -2.780697e-01
0.000000e+00 1.540000e+00 1.846527e+00 1.846537e+00 0.000000e+00 -2.645790e-01
0.000000e+00 1.595000e+00 1.811541e+00 1.811550e+00 0.000000e+00 -2.520719e-01
0.000000e+00 1.650000e+00 1.779174e+00 1.779183e+00 0.000000e+00 -2.404704e-01
0.000000e+00 1.705000e+00 1.749107e+00 1.749115e+00 0.000000e+00 -2.297067e-01
0.000000e+00 1.760000e+00 1.721077e+00 1.721084e+00 0.000000e+00 -2.197164e-01
0.000000e+00 1.815000e+00 1.694882e+00 1.694889e+00 0.000000e+00 -2.104324e-01
0.000000e+00 1.870000e+00 1.670371e+00 1.670378e+00 0.000000e+00 -2.017836e-01
0.000000e+00 1.925000e+00 1.647429e+00 1.647435e+00 0.000000e+00 -1.936986e-01
0.000000e+00 1.980000e+00 1.625952e+00 1.625958e+00 0.000000e+00 -1.861126e-01
0.000000e+00 2.035000e+00 1.605836e+00 1.605842e+00 0.000000e+00 -1.789736e-01
0.000000e+00 2.090000e+00 1.586964e+00 1.586970e+00 0.000000e+00 -1.722440e-01
0.000000e+00 2.145000e+00 1.569220e+00 1.569226e+00 0.000000e+00 -1.658975e-01
0.000000e+00 2.200000e+00 1.552492e+00 1.552497e+00 0.000000e+00 -1.599127e-01
0.000000e+00 2.255000e+00 1.536682e+00 1.536687e+00 0.000000e+00 -1.542687e-01
0.000000e+00 2.310000e+00 1.521713e+00 1.521718e+00 0.000000e+00 -1.489429e-01
0.000000e+00 2.365000e+00 1.507519e+00 1.507524e+00 0.000000e+00 -1.439117e-01
0.000000e+00 2.420000e+00 1.494043e+00 1.494047e+00 0.000000e+00 -1.391528e-01
0.000000e+00 2.475000e+00 1.481232e+00 1.481236e+00 0.000000e+00 -1.346467e-01
0.000000e+00 2.530000e+00 1.469036e+00 1.469040e+00 0.000000e+00 -1.303773e-01
0.000000e+00 2.585000e+00 1.457407e+00 1.457411e+00 0.000000e+00 -1.263310e-01
0.000000e+00 2.640000e+00 1.446302e+00 1.446306e+00 0.000000e+00 -1.224951e-01
0.000000e+00 2.695000e+00 1.435686e+00 1.435690e+00 0.000000e+00 -1.188567e-01
0.000000e+00 2.750000e+00 1.425531e+00 1.425534e+00 0.000000e+00 -1.154011e-01
0.000000e+00 2.805000e+00 1.415816e+00 1.415820e+00 0.000000e+00 -1.121124e-01
0.000000e+00 2.860000e+00 1.406527e+00 1.406530e+00 0.000000e+00 -1.089743e-01
0.000000e+00 2.915000e+00 1.397648e+00 1.397651e+00 0.000000e+00 -1.059715e-01
0.000000e+00 2.970000e+00 1.389164e+00 1.389167e+00 0.000000e+00 -1.030917e-01
0.000000e+00 3.025000e+00 1.381051e+00 1.381054e+00 0.000000e+00 -1.003264e-01
0.000000e+00 3.080000e+00 1.373282e+00 1.373285e+00 0.000000e+00 -9.767176e-02
0.000000e+00 3.135000e+00 1.365825e+00 1.365828e+00 0.000000e+00 -9.512677e-02
0.000000e+00 3.190000e+00 1.358646e+00 1.358649e+00 0.000000e+00 -9.269211e-02
0.000000e+00 3.245000e+00 1.351717e+00 1.351720e+00 0.000000e+00 -9.036791e-02
0.000000e+00 3.300000e+00 1.345013e+00 1.345016e+00 0.000000e+00 -8.815235e-02
0.000000e+00 3.355000e+00 1.338519e+00 1.338522e+00 0.000000e+00 -8.604096e-02
0.000000e+00 3.410000e+00 1.332227e+00 1.332230e+00 0.000000e+00 -8.402673e-02
0.000000e+00 3.465000e+00 1.326135e+00 1.326137e+00 0.000000e+00 -8.210106e-02
0.000000e+00 3.520000e+00 1.320241e+00 1.320243e+00 0.000000e+00 -8.025486e-02
0.000000e+00 3.575000e+00 1.314545e+00 1.314547e+00 0.000000e+00 -7.847972e-02
0.000000e+00 3.630000e+00 1.309045e+00 1.309047e+00 0.000000e+00 -7.676872e-02
0.000000e+00 3.685000e+00 1.303735e+00 1.303737e+00 0.000000e+00 -7.511686e-02
0.000000e+00 3.740000e+00 1.298606e+00 1.298608e+00 0.000000e+00 -7.352097e-02
0.000000e+00 3.795000e+00 1.293647e+00 1.293649e+00 0.000000e+00 -7.197925e-02
0.000000e+00 3.850000e+00 1.288847e+00 1.288849e+00 0.000000e+00 -7.049059e-02
0.000000e+00 3.905000e+00 1.284196e+00 1.284197e+00 0.000000e+00 -6.905381e-02
0.000000e+00 3.960000e+00 1.279685e+00 1.279687e+00 0.000000e+00 -6.766716e-02
0.000000e+00 4.015000e+00 1.275308e+00 1.275310e+00 0.000000e+00 -6.632821e-02
0.000000e+00 4.070000e+00 1.271061e+00 1.271062e+00 0.000000e+00 -6.503407e-02
0.000000e+00 4.125000e+00 1.266937e+00 1.266939e+00 0.000000e+00 -6.378187e-02
0.000000e+00 4.180000e+00 1.262934e+00 1.262935e+00 0.000000e+00 -6.256922e-02
0.000000e+00 4.235000e+00 1.259044e+00 1.259046e+00 0.000000e+00 -6.139448e-02
0.000000e+00 4.290000e+00 1.255262e+00 1.255264e+00 0.000000e+00 -6.025657e-02
0.000000e+00 4.345000e+00 1.251583e+00 1.251584e+00 0.000000e+00 -5.915465e-02
0.000000e+00 4.400000e+00 1.248001e+00 1.248002e+00 0.000000e+00 -5.808761e-02
0.000000e+00 4.455000e+00 1.244513e+00 1.244514e+00 0.000000e+00 -5.705379e-02
0.000000e+00 4.510000e+00 1.241118e+00 1.241119e+00 0.000000e+00 -5.605108e-02
0.000000e+00 4.565000e+00 1.237814e+00 1.237815e+00 0.000000e+00 -5.507713e-02
0.000000e+00 4.620000e+00 1.234600e+00 1.234601e+00 0.000000e+00 -5.412980e-02
0.000000e+00 4.675000e+00 1.231475e+00 1.231476e+00 0.000000e+00 -5.320736e-02
0.000000e+00 4.730000e+00 1.228436e+00 1.228437e+00 0.000000e+00 -5.230858e-02
0.000000e+00 4.785000e+00 1.225480e+00 1.225481e+00 0.000000e+00 -5.143256e-02
0.000000e+00 4.840000e+00 1.222602e+00 1.222604e+00 0.000000e+00 -5.057858e-02
0.000000e+00 4.895000e+00 1.219799e+00 1.219800e+00 0.000000e+00 -4.974603e-02
0.000000e+00 4.950000e+00 1.217063e+00 1.217065e+00 0.000000e+00 -4.893456e-02
0.000000e+00 5.005000e+00 1.214391e+00 1.214392e+00 0.000000e+00 -4.814419e-02
0.000000e+00 5.060000e+00 1.211775e+00 1.211777e+00 0.000000e+00 -4.737547e-02
0.000000e+00 5.115000e+00 1.209210e+00 1.209211e+00 0.000000e+00 -4.662932e-02
0.000000e+00 5.170000e+00 1.206690e+00 1.206691e+00 0.000000e+00 -4.590672e-02
0.000000e+00 5.225000e+00 1.204210e+00 1.204211e+00 0.000000e+00 -4.520823e-02
0.000000e+00 5.280000e+00 1.201770e+00 1.201771e+00 0.000000e+00 -4.453359e-02
0.000000e+00 5.335000e+00 1.199371e+00 1.199372e+00 0.000000e+00 -4.388142e-02
0.000000e+00 5.390000e+00 1.197016e+00 1.197017e+00 0.000000e+00 -4.324939e-02
0.000000e+00 5.445000e+00 1.194708e+00 1.194709e+00 0.000000e+00 -4.263444e-02
0.000000e+00 5.500000e+00 1.192452e+00 1.192453e+00 0.000000e+00 -4.203337e-02
0.000000e+00 5.555000e+00 1.190252e+00 1.190253e+00 0.000000e+00 -4.144326e-02
0.000000e+00 5.610000e+00 1.188110e+00 1.188110e+00 0.000000e+00 -4.086190e-02
0.000000e+00 5.665000e+00 1.186025e+00 1.186026e+00 0.000000e+00 -4.028789e-02
0.000000e+00 5.720000e+00 1.183996e+00 1.183997e+00 0.000000e+00 -3.972074e-02
0.000000e+00 5.775000e+00 1.182020e+00 1.182021e+00 0.000000e+00 -3.916076e-02
0.000000e+00 5.830000e+00 1.180091e+00 1.180092e+00 0.000000e+00 -3.860896e-02
0.000000e+00 5.885000e+00 1.178204e+00 1.178204e+00 0.000000e+00 -3.806686e-02
0.000000e+00 5.940000e+00 1.176351e+00 1.176352e+00 0.000000e+00 -3.753626e-02
0.000000e+00 5.995000e+00 1.174528e+00 1.174529e+00 0.000000e+00 -3.701884e-02
0.000000e+00 6.050000e+00 1.172730e+00 1.172731e+00 0.000000e+00 -3.651574e-02
0.000000e+00 6.105000e+00 1.170956e+00 1.170957e+00 0.000000e+00 -3.602729e-02
0.000000e+00 6.160000e+00 1.169207e+00 1.169207e+00 0.000000e+00 -3.555283e-02
0.000000e+00 6.215000e+00 1.167483e+00 1.167484e+00 0.000000e+00 -3.509081e-02
0.000000e+00 6.270000e+00 1.165790e+00 1.165790e+00 0.000000e+00 -3.463913e-02
0.000000e+00 6.325000e+00 1.164130e+00 1.164131e+00 0.000000e+00 -3.419555e-02
0.000000e+00 6.380000e+00 1.162507e+00 1.162508e+00 0.000000e+00 -3.375810e-02
0.000000e+00 6.435000e+00 1.160921e+00 1.160922e+00 0.000000e+00 -3.332545e-02
0.000000e+00 6.490000e+00 1.159372e+00 1.159373e+00 0.000000e+00 -3.289704e-02
0.000000e+00 6.545000e+00 1.157858e+00 1.157858e+00 0.000000e+00 -3.247301e-02
0.000000e+00 6.600000e+00 1.156374e+00 1.156374e+00 0.000000e+00 -3.205402e-02
0.000000e+00 6.655000e+00 1.154917e+00 1.154918e+00 0.000000e+00 -3.164095e-02
0.000000e+00 6.710000e+00 1.153485e+00 1.153485e+00 0.000000e+00 -3.123466e-02
0.000000e+00 6.765000e+00 1.152075e+00 1.152075e+00 0.000000e+00 -3.083579e-02
0.000000e+00 6.820000e+00 1.150685e+00 1.150685e+00 0.000000e+00 -3.044449e-02
0.000000e+00 6.875000e+00 1.149315e+00 1.149316e+00 0.000000e+00 -3.006046e-02
0.000000e+00 6.930000e+00 1.147966e+00 1.147967e+00 0.000000e+00 -2.968340e-02
0.000000e+00 6.985000e+00 1.146640e+00 1.146641e+00 0.000000e+00 -2.931427e-02
0.000000e+00 7.040000e+00 1.145344e+00 1.145344e+00 0.000000e+00 -2.895633e-02
0.000000e+00 7.095000e+00 1.144084e+00 1.144084e+00 0.000000e+00 -2.861461e-02
0.000000e+00 7.150000e+00 1.142866e+00 1.142867e+00 0.000000e+00 -2.829273e-02
0.000000e+00 7.205000e+00 1.141689e+00 1.141689e+00 0.000000e+00 -2.798834e-02
0.000000e+00 7.260000e+00 1.140539e+00 1.140539e+00 0.000000e+00 -2.769124e-02
0.000000e+00 7.315000e+00 1.139400e+00 1.139400e+00 0.000000e+00 -2.738722e-02
0.000000e+00 7.370000e+00 1.138258e+00 1.138259e+00 0.000000e+00 -2.706647e-02
0.000000e+00 7.425000e+00 1.137116e+00 1.137116e+00 0.000000e+00 -2.673018e-02
0.000000e+00 7.480000e+00 1.135983e+00 1.135983e+00 0.000000e+00 -2.638932e-02
0.000000e+00 7.535000e+00 1.134873e+00 1.134873e+00 0.000000e+00 -2.605632e-02
0.000000e+00 7.590000e+00 1.133791e+00 1.133791e+00 0.000000e+00 -2.573652e-02
0.000000e+00 7.645000e+00 1.132732e+00 1.132732e+00 0.000000e+00 -2.542647e-02
0.000000e+00 7.700000e+00 1.131688e+00 1.131688e+00 0.000000e+00 -2.511962e-02
0.000000e+00 7.755000e+00 1.130655e+00 1.130655e+00 0.000000e+00 -2.481291e-02
0.000000e+00 7.810000e+00 1.129634e+00 1.129634e+00 0.000000e+00 -2.450818e-02
0.000000e+00 7.865000e+00 1.128630e+00 1.128631e+00 0.000000e+00 -2.420860e-02
0.000000e+00 7.920000e+00 1.127646e+00 1.127646e+00 0.000000e+00 -2.391522e-02
0.000000e+00 7.975000e+00 1.126680e+00 1.126680e+00 0.000000e+00 -2.362699e-02
0.000000e+00 8.030000e+00 1.125734e+00 1.125734e+00 0.000000e+00 -2.334279e-02
0.000000e+00 8.085000e+00 1.124806e+00 1.124806e+00 0.000000e+00 -2.306259e-02
0.000000e+00 8.140000e+00 1.123895e+00 1.123895e+00 0.000000e+00 -2.278670e-02
0.000000e+00 8.195000e+00 1.122997e+00 1.122997e+00 0.000000e+00 -2.251502e-02
0.000000e+00 8.250000e+00 1.122108e+00 1.122109e+00 0.000000e+00 -2.224728e-02
0.000000e+00 8.305000e+00 1.121226e+00 1.121226e+00 0.000000e+00 -2.198372e-02
0.000000e+00 8.360000e+00 1.120347e+00 1.120348e+00 0.000000e+00 -2.172500e-02
0.000000e+00 8.415000e+00 1.119474e+00 1.119474e+00 0.000000e+00 -2.147163e-02
0.000000e+00 8.470000e+00 1.118606e+00 1.118606e+00 0.000000e+00 -2.122346e-02
0.000000e+00 8.525000e+00 1.117746e+00 1.117746e+00 0.000000e+00 -2.097968e-02
0.000000e+00 8.580000e+00 1.116897e+00 1.116897e+00 0.000000e+00 -2.073881e-02
0.000000e+00 8.635000e+00 1.116063e+00 1.116063e+00 0.000000e+00 -2.049875e-02
0.000000e+00 8.690000e+00 1.115247e+00 1.115247e+00 0.000000e+00 -2.025684e-02
0.000000e+00 8.745000e+00 1.114454e+00 1.114454e+00 0.000000e+00 -2.001031e-02
0.000000e+00 8.800000e+00 1.113687e+00 1.113687e+00 0.000000e+00 -1.975686e-02
0.000000e+00 8.855000e+00 1.112947e+00 1.112947e+00 0.000000e+00 -1.949517e-02
0.000000e+00 8.910000e+00 1.112233e+00 1.112233e+00 0.000000e+00 -1.922514e-02
0.000000e+00 8.965000e+00 1.111543e+00 1.111543e+00 0.000000e+00 -1.894778e-02
0.000000e+00 9.020000e+00 1.110870e+00 1.110870e+00 0.000000e+00 -1.866489e-02
0.000000e+00 9.075000e+00 1.110209e+00 1.110209e+00 0.000000e+00 -1.837850e-02
0.000000e+00 9.130000e+00 1.109550e+00 1.109550e+00 0.000000e+00 -1.809025e-02
0.000000e+00 9.185000e+00 1.108888e+00 1.108888e+00 0.000000e+00 -1.780041e-02
0.000000e+00 9.240000e+00 1.108217e+00 1.108218e+00 0.000000e+00 -1.750637e-02
0.000000e+00 9.295000e+00 1.107537e+00 1.107538e+00 0.000000e+00 -1.720181e-02
0.000000e+00 9.350000e+00 1.106849e+00 1.106849e+00 0.000000e+00 -1.687817e-02
0.000000e+00 9.405000e+00 1.106158e+00 1.106157e+00 0.000000e+00 -1.653088e-02
0.000000e+00 9.460000e+00 1.105471e+00 1.105468e+00 0.000000e+00 -1.616819e-02
0.000000e+00 9.515000e+00 1.104794e+00 1.104790e+00 0.000000e+00 -1.581849e-02
0.000000e+00 9.570000e+00 1.104136e+00 1.104130e+00 0.000000e+00 -1.552535e-02
0.000000e+00 9.625000e+00 1.103502e+00 1.103494e+00 0.000000e+00 -1.533074e-02
0.000000e+00 9.680000e+00 1.102895e+00 1.102886e+00 0.000000e+00 -1.524633e-02
0.000000e+00 9.735000e+00 1.102313e+00 1.102304e+00 0.000000e+00 -1.524351e-02
0.000000e+00 9.790000e+00 1.101757e+00 1.101746e+00 0.000000e+00 -1.525460e-02
0.000000e+00 9.845000e+00 1.101212e+00 1.101202e+00 0.000000e+00 -1.522278e-02
0.000000e+00 9.900000e+00 1.100684e+00 1.100673e+00 0.000000e+00 -1.511157e-02
0.000000e+00 9.955000e+00 1.100137e+00 1.100127e+00 0.000000e+00 -1.496142e-02
0.000000e+00 1.001000e+01 1.105114e+00 1.105104e+00 -0.000000e+00 -1.013850e-02
0.000000e+00 1.006500e+01 1.105114e+00 1.105104e+00 -0.000000e+00 -1.013850e-02
0.000000e+00 1.012000e+01 1.105114e+00 1.105104e+00 -0.000000e+00 -1.013850e-02
0.000000e+00 1.017500e+01 1.105114e+00 1.105104e+00 -0.000000e+00 -1.013850e-02
0.000000e+00 1.023000e+01 1.105114e+00 1.105104e+00 -0.000000e+00 -1.013850e-02
0.000000e+00 1.028500e+01 1.105114e+00 1.105104e+00 -0.000000e+00 -1.013850e-02
0.000000e+00 1.034000e+01 1.105114e+00 1.105104e+00 -0.000000e+00 -1.013850e-02
0.000000e+00 1.039500e+01 1.105114e+00 1.105104e+00 -0.000000e+00 -1.013850e-02
0.000000e+00 1.045000e+01 1.105114e+00 1.105104e+00 -0.000000e+00 -1.013850e-02
0.000000e+00 1.050500e+01 1.105114e+00 1.105104e+00 -0.000000e+00 -1.013850e-02
0.000000e+00 1.056000e+01 1.105114e+00 1.105104e+00 -0.000000e+00 -1.013850e-02
0.000000e+00 1.061500e+01 1.105114e+00 1.105104e+00 -0.000000e+00 -1.013850e-02
0.000000e+00 1.067000e+01 1.105114e+00 1.105104e+00 -0.000000e+00 -1.013850e-02
0.000000e+00 1.072500e+01 1.105114e+00 1.105104e+00 -0.000000e+00 -1.013850e-02
0.000000e+00 1.078000e+01 1.105114e+00 1.105104e+00 -0.000000e+00 -1.013850e-02
0.000000e+00 1.083500e+01 1.105114e+00 1.105104e+00 -0.000000e+00 -1.013850e-02
0.000000e+00 1.089000e+01 1.105114e+00 1.105104e+00 -0.000000e+00 -1.013850e-02
0.000000e+00 1.094500e+01 1.105114e+00 1.105104e+00 -0.000000e+00 -1.013850e-02
0.000000e+00 1.100000e+01 1.105114e+00 1.105104e+00 -0.000000e+00 -1.013850e-02
