#############TIME##################
2.506075e+00 
###################################
0.000000e+00 0.000000e+00 4.772318e+01 4.772714e+01 0.000000e+00 -3.081666e+00
0.000000e+00 5.500000e-02 4.772318e+01 4.772714e+01 0.000000e+00 -3.081666e+00
0.000000e+00 1.100000e-01 1.809323e+01 1.809381e+01 0.000000e+00 -3.081678e+00
0.000000e+00 1.650000e-01 1.174191e+01 1.174219e+01 0.000000e+00 -2.339016e+00
0.000000e+00 2.200000e-01 8.699295e+00 8.699473e+00 0.000000e+00 -1.972876e+00
0.000000e+00 2.750000e-01 6.802679e+00 6.802802e+00 0.000000e+00 -1.690862e+00
0.000000e+00 3.300000e-01 5.611277e+00 5.611368e+00 0.000000e+00 -1.475267e+00
0.000000e+00 3.850000e-01 4.757837e+00 4.757906e+00 0.000000e+00 -1.309789e+00
0.000000e+00 4.400000e-01 4.152594e+00 4.152649e+00 0.000000e+00 -1.172860e+00
0.000000e+00 4.950000e-01 3.686254e+00 3.686299e+00 0.000000e+00 -1.063575e+00
0.000000e+00 5.500000e-01 3.326708e+00 3.326744e+00 0.000000e+00 -9.712495e-01
0.000000e+00 6.050000e-01 3.039004e+00 3.039035e+00 0.000000e+00 -8.942668e-01
0.000000e+00 6.600000e-01 2.803669e+00 2.803695e+00 0.000000e+00 -8.288198e-01
0.000000e+00 7.150000e-01 2.608600e+00 2.608623e+00 0.000000e+00 -7.729705e-01
0.000000e+00 7.700000e-01 2.444122e+00 2.444141e+00 0.000000e+00 -7.247350e-01
0.000000e+00 8.250000e-01 2.303800e+00 2.303817e+00 0.000000e+00 -6.829675e-01
0.000000e+00 8.800000e-01 2.182573e+00 2.182588e+00 0.000000e+00 -6.465348e-01
0.000000e+00 9.350000e-01 2.076830e+00 2.076843e+00 0.000000e+00 -6.146632e-01
0.000000e+00 9.900000e-01 1.983746e+00 1.983758e+00 0.000000e+00 -5.866363e-01
0.000000e+00 1.045000e+00 1.901230e+00 1.901241e+00 0.000000e+00 -5.618921e-01
0.000000e+00 1.100000e+00 1.827639e+00 1.827648e+00 0.000000e+00 -5.399252e-01
0.000000e+00 1.155000e+00 1.761691e+00 1.761699e+00 0.000000e+00 -5.203189e-01
0.000000e+00 1.210000e+00 1.702342e+00 1.702349e+00 0.000000e+00 -5.027149e-01
0.000000e+00 1.265000e+00 1.648742e+00 1.648748e+00 0.000000e+00 -4.868142e-01
0.000000e+00 1.320000e+00 1.600196e+00 1.600202e+00 0.000000e+00 -4.723556e-01
0.000000e+00 1.375000e+00 1.556142e+00 1.556147e+00 0.000000e+00 -4.591085e-01
0.000000e+00 1.430000e+00 1.516112e+00 1.516117e+00 0.000000e+00 -4.468682e-01
0.000000e+00 1.485000e+00 1.479707e+00 1.479712e+00 0.000000e+00 -4.354596e-01
0.000000e+00 1.540000e+00 1.446571e+00 1.446574e+00 0.000000e+00 -4.247396e-01
0.000000e+00 1.595000e+00 1.416379e+00 1.416382e+00 0.000000e+00 -4.145948e-01
0.000000e+00 1.650000e+00 1.388842e+00 1.388845e+00 0.000000e+00 -4.049351e-01
0.000000e+00 1.705000e+00 1.363706e+00 1.363709e+00 0.000000e+00 -3.956853e-01
0.000000e+00 1.760000e+00 1.340750e+00 1.340753e+00 0.000000e+00 -3.867804e-01
0.000000e+00 1.815000e+00 1.319784e+00 1.319786e+00 0.000000e+00 -3.781639e-01
0.000000e+00 1.870000e+00 1.300637e+00 1.300639e+00 0.000000e+00 -3.697877e-01
0.000000e+00 1.925000e+00 1.283155e+00 1.283157e+00 0.000000e+00 -3.616131e-01
0.000000e+00 1.980000e+00 1.267199e+00 1.267201e+00 0.000000e+00 -3.536100e-01
0.000000e+00 2.035000e+00 1.252639e+00 1.252641e+00 0.000000e+00 -3.457556e-01
0.000000e+00 2.090000e+00 1.239358e+00 1.239359e+00 0.000000e+00 -3.380329e-01
0.000000e+00 2.145000e+00 1.227247e+00 1.227249e+00 0.000000e+00 -3.304297e-01
0.000000e+00 2.200000e+00 1.216210e+00 1.216211e+00 0.000000e+00 -3.229373e-01
0.000000e+00 2.255000e+00 1.206155e+00 1.206156e+00 0.000000e+00 -3.155503e-01
0.000000e+00 2.310000e+00 1.196999e+00 1.197000e+00 0.000000e+00 -3.082661e-01
0.000000e+00 2.365000e+00 1.188667e+00 1.188668e+00 0.000000e+00 -3.010839e-01
0.000000e+00 2.420000e+00 1.181087e+00 1.181088e+00 0.000000e+00 -2.940048e-01
0.000000e+00 2.475000e+00 1.174196e+00 1.174196e+00 0.000000e+00 -2.870309e-01
0.000000e+00 2.530000e+00 1.167932e+00 1.167933e+00 0.000000e+00 -2.801653e-01
0.000000e+00 2.585000e+00 1.162242e+00 1.162242e+00 0.000000e+00 -2.734113e-01
0.000000e+00 2.640000e+00 1.157074e+00 1.157074e+00 0.000000e+00 -2.667727e-01
0.000000e+00 2.695000e+00 1.152382e+00 1.152383e+00 0.000000e+00 -2.602530e-01
0.000000e+00 2.750000e+00 1.148124e+00 1.148125e+00 0.000000e+00 -2.538560e-01
0.000000e+00 2.805000e+00 1.144261e+00 1.144261e+00 0.000000e+00 -2.475850e-01
0.000000e+00 2.860000e+00 1.140756e+00 1.140757e+00 0.000000e+00 -2.414430e-01
0.000000e+00 2.915000e+00 1.137577e+00 1.137578e+00 0.000000e+00 -2.354327e-01
0.000000e+00 2.970000e+00 1.134694e+00 1.134695e+00 0.000000e+00 -2.295563e-01
0.000000e+00 3.025000e+00 1.132080e+00 1.132080e+00 0.000000e+00 -2.238154e-01
0.000000e+00 3.080000e+00 1.129708e+00 1.129709e+00 0.000000e+00 -2.182114e-01
0.000000e+00 3.135000e+00 1.127557e+00 1.127558e+00 0.000000e+00 -2.127450e-01
0.000000e+00 3.190000e+00 1.125606e+00 1.125607e+00 0.000000e+00 -2.074166e-01
0.000000e+00 3.245000e+00 1.123836e+00 1.123836e+00 0.000000e+00 -2.022260e-01
0.000000e+00 3.300000e+00 1.122229e+00 1.122230e+00 0.000000e+00 -1.971727e-01
0.000000e+00 3.355000e+00 1.120771e+00 1.120771e+00 0.000000e+00 -1.922557e-01
0.000000e+00 3.410000e+00 1.119447e+00 1.119447e+00 0.000000e+00 -1.874738e-01
0.000000e+00 3.465000e+00 1.118243e+00 1.118244e+00 0.000000e+00 -1.828253e-01
0.000000e+00 3.520000e+00 1.117150e+00 1.117150e+00 0.000000e+00 -1.783084e-01
0.000000e+00 3.575000e+00 1.116156e+00 1.116156e+00 0.000000e+00 -1.739209e-01
0.000000e+00 3.630000e+00 1.115251e+00 1.115251e+00 0.000000e+00 -1.696604e-01
0.000000e+00 3.685000e+00 1.114428e+00 1.114428e+00 0.000000e+00 -1.655245e-01
0.000000e+00 3.740000e+00 1.113678e+00 1.113678e+00 0.000000e+00 -1.615105e-01
0.000000e+00 3.795000e+00 1.112994e+00 1.112994e+00 0.000000e+00 -1.576155e-01
0.000000e+00 3.850000e+00 1.112371e+00 1.112371e+00 0.000000e+00 -1.538367e-01
0.000000e+00 3.905000e+00 1.111803e+00 1.111803e+00 0.000000e+00 -1.501711e-01
0.000000e+00 3.960000e+00 1.111283e+00 1.111284e+00 0.000000e+00 -1.466157e-01
0.000000e+00 4.015000e+00 1.110809e+00 1.110809e+00 0.000000e+00 -1.431674e-01
0.000000e+00 4.070000e+00 1.110375e+00 1.110375e+00 0.000000e+00 -1.398233e-01
0.000000e+00 4.125000e+00 1.109978e+00 1.109979e+00 0.000000e+00 -1.365802e-01
0.000000e+00 4.180000e+00 1.109615e+00 1.109615e+00 0.000000e+00 -1.334352e-01
0.000000e+00 4.235000e+00 1.109282e+00 1.109282e+00 0.000000e+00 -1.303852e-01
0.000000e+00 4.290000e+00 1.108977e+00 1.108977e+00 0.000000e+00 -1.274272e-01
0.000000e+00 4.345000e+00 1.108697e+00 1.108697e+00 0.000000e+00 -1.245584e-01
0.000000e+00 4.400000e+00 1.108439e+00 1.108439e+00 0.000000e+00 -1.217759e-01
0.000000e+00 4.455000e+00 1.108203e+00 1.108203e+00 0.000000e+00 -1.190769e-01
0.000000e+00 4.510000e+00 1.107985e+00 1.107985e+00 0.000000e+00 -1.164586e-01
0.000000e+00 4.565000e+00 1.107785e+00 1.107785e+00 0.000000e+00 -1.139184e-01
0.000000e+00 4.620000e+00 1.107601e+00 1.107601e+00 0.000000e+00 -1.114536e-01
0.000000e+00 4.675000e+00 1.107431e+00 1.107431e+00 0.000000e+00 -1.090618e-01
0.000000e+00 4.730000e+00 1.107274e+00 1.107274e+00 0.000000e+00 -1.067404e-01
0.000000e+00 4.785000e+00 1.107129e+00 1.107129e+00 0.000000e+00 -1.044871e-01
0.000000e+00 4.840000e+00 1.106995e+00 1.106995e+00 0.000000e+00 -1.022996e-01
0.000000e+00 4.895000e+00 1.106872e+00 1.106872e+00 0.000000e+00 -1.001756e-01
0.000000e+00 4.950000e+00 1.106757e+00 1.106757e+00 0.000000e+00 -9.811292e-02
0.000000e+00 5.005000e+00 1.106651e+00 1.106651e+00 0.000000e+00 -9.610952e-02
0.000000e+00 5.060000e+00 1.106553e+00 1.106553e+00 0.000000e+00 -9.416336e-02
0.000000e+00 5.115000e+00 1.106462e+00 1.106462e+00 0.000000e+00 -9.227247e-02
0.000000e+00 5.170000e+00 1.106378e+00 1.106378e+00 0.000000e+00 -9.043498e-02
0.000000e+00 5.225000e+00 1.106299e+00 1.106299e+00 0.000000e+00 -8.864906e-02
0.000000e+00 5.280000e+00 1.106226e+00 1.106226e+00 0.000000e+00 -8.691296e-02
0.000000e+00 5.335000e+00 1.106159e+00 1.106159e+00 0.000000e+00 -8.522498e-02
0.000000e+00 5.390000e+00 1.106096e+00 1.106096e+00 0.000000e+00 -8.358350e-02
0.000000e+00 5.445000e+00 1.106037e+00 1.106037e+00 0.000000e+00 -8.198694e-02
0.000000e+00 5.500000e+00 1.105982e+00 1.105982e+00 0.000000e+00 -8.043379e-02
0.000000e+00 5.555000e+00 1.105931e+00 1.105931e+00 0.000000e+00 -7.892260e-02
0.000000e+00 5.610000e+00 1.105884e+00 1.105884e+00 0.000000e+00 -7.745196e-02
0.000000e+00 5.665000e+00 1.105840e+00 1.105840e+00 0.000000e+00 -7.602052e-02
0.000000e+00 5.720000e+00 1.105798e+00 1.105798e+00 0.000000e+00 -7.462697e-02
0.000000e+00 5.775000e+00 1.105759e+00 1.105759e+00 0.000000e+00 -7.327007e-02
0.000000e+00 5.830000e+00 1.105723e+00 1.105723e+00 0.000000e+00 -7.194861e-02
0.000000e+00 5.885000e+00 1.105689e+00 1.105689e+00 0.000000e+00 -7.066144e-02
0.000000e+00 5.940000e+00 1.105658e+00 1.105658e+00 0.000000e+00 -6.940742e-02
0.000000e+00 5.995000e+00 1.105628e+00 1.105628e+00 0.000000e+00 -6.818549e-02
0.000000e+00 6.050000e+00 1.105600e+00 1.105600e+00 0.000000e+00 -6.699461e-02
0.000000e+00 6.105000e+00 1.105574e+00 1.105574e+00 0.000000e+00 -6.583378e-02
0.000000e+00 6.160000e+00 1.105550e+00 1.105550e+00 0.000000e+00 -6.470204e-02
0.000000e+00 6.215000e+00 1.105527e+00 1.105527e+00 0.000000e+00 -6.359847e-02
0.000000e+00 6.270000e+00 1.105505e+00 1.105505e+00 0.000000e+00 -6.252218e-02
0.000000e+00 6.325000e+00 1.105485e+00 1.105485e+00 0.000000e+00 -6.147232e-02
0.000000e+00 6.380000e+00 1.105466e+00 1.105466e+00 0.000000e+00 -6.044805e-02
0.000000e+00 6.435000e+00 1.105448e+00 1.105448e+00 0.000000e+00 -5.944855e-02
0.000000e+00 6.490000e+00 1.105431e+00 1.105431e+00 0.000000e+00 -5.847303e-02
0.000000e+00 6.545000e+00 1.105415e+00 1.105415e+00 0.000000e+00 -5.752082e-02
0.000000e+00 6.600000e+00 1.105400e+00 1.105400e+00 0.000000e+00 -5.659140e-02
0.000000e+00 6.655000e+00 1.105386e+00 1.105386e+00 0.000000e+00 -5.568413e-02
0.000000e+00 6.710000e+00 1.105373e+00 1.105373e+00 0.000000e+00 -5.479789e-02
0.000000e+00 6.765000e+00 1.105360e+00 1.105360e+00 0.000000e+00 -5.393102e-02
0.000000e+00 6.820000e+00 1.105345e+00 1.105345e+00 0.000000e+00 -5.308270e-02
0.000000e+00 6.875000e+00 1.105333e+00 1.105333e+00 0.000000e+00 -5.225500e-02
0.000000e+00 6.930000e+00 1.105328e+00 1.105328e+00 0.000000e+00 -5.145254e-02
0.000000e+00 6.985000e+00 1.105332e+00 1.105332e+00 0.000000e+00 -5.067639e-02
0.000000e+00 7.040000e+00 1.105334e+00 1.105334e+00 0.000000e+00 -4.991430e-02
0.000000e+00 7.095000e+00 1.105304e+00 1.105304e+00 0.000000e+00 -4.914033e-02
0.000000e+00 7.150000e+00 1.105225e+00 1.105225e+00 0.000000e+00 -4.833886e-02
0.000000e+00 7.205000e+00 1.105140e+00 1.105140e+00 0.000000e+00 -4.754828e-02
0.000000e+00 7.260000e+00 1.105186e+00 1.105186e+00 0.000000e+00 -4.689191e-02
0.000000e+00 7.315000e+00 1.105590e+00 1.105590e+00 0.000000e+00 -4.657417e-02
0.000000e+00 7.370000e+00 1.106570e+00 1.106570e+00 0.000000e+00 -4.678733e-02
0.000000e+00 7.425000e+00 1.108065e+00 1.108065e+00 0.000000e+00 -4.746995e-02
0.000000e+00 7.480000e+00 1.109732e+00 1.109732e+00 0.000000e+00 -4.830687e-02
0.000000e+00 7.535000e+00 1.111110e+00 1.111110e+00 0.000000e+00 -4.887901e-02
0.000000e+00 7.590000e+00 1.111741e+00 1.111741e+00 0.000000e+00 -4.878491e-02
0.000000e+00 7.645000e+00 1.111566e+00 1.111566e+00 0.000000e+00 -4.797816e-02
0.000000e+00 7.700000e+00 1.110942e+00 1.110942e+00 0.000000e+00 -4.678717e-02
0.000000e+00 7.755000e+00 1.110244e+00 1.110244e+00 0.000000e+00 -4.554364e-02
0.000000e+00 7.810000e+00 1.109714e+00 1.109714e+00 0.000000e+00 -4.446985e-02
0.000000e+00 7.865000e+00 1.109364e+00 1.109364e+00 0.000000e+00 -4.357928e-02
0.000000e+00 7.920000e+00 1.109034e+00 1.109034e+00 0.000000e+00 -4.273112e-02
0.000000e+00 7.975000e+00 1.108586e+00 1.108586e+00 0.000000e+00 -4.180390e-02
0.000000e+00 8.030000e+00 1.108031e+00 1.108031e+00 0.000000e+00 -4.080327e-02
0.000000e+00 8.085000e+00 1.107485e+00 1.107485e+00 0.000000e+00 -3.982165e-02
0.000000e+00 8.140000e+00 1.107051e+00 1.107051e+00 0.000000e+00 -3.893715e-02
0.000000e+00 8.195000e+00 1.106757e+00 1.106757e+00 0.000000e+00 -3.816094e-02
0.000000e+00 8.250000e+00 1.106564e+00 1.106564e+00 0.000000e+00 -3.745641e-02
0.000000e+00 8.305000e+00 1.106415e+00 1.106415e+00 0.000000e+00 -3.678225e-02
0.000000e+00 8.360000e+00 1.106250e+00 1.106250e+00 0.000000e+00 -3.610649e-02
0.000000e+00 8.415000e+00 1.106015e+00 1.106015e+00 0.000000e+00 -3.540121e-02
0.000000e+00 8.470000e+00 1.105684e+00 1.105684e+00 0.000000e+00 -3.464994e-02
0.000000e+00 8.525000e+00 1.105275e+00 1.105275e+00 0.000000e+00 -3.386348e-02
0.000000e+00 8.580000e+00 1.104841e+00 1.104841e+00 0.000000e+00 -3.307599e-02
0.000000e+00 8.635000e+00 1.104432e+00 1.104432e+00 0.000000e+00 -3.231820e-02
0.000000e+00 8.690000e+00 1.104058e+00 1.104058e+00 0.000000e+00 -3.159465e-02
0.000000e+00 8.745000e+00 1.103703e+00 1.103703e+00 0.000000e+00 -3.088910e-02
0.000000e+00 8.800000e+00 1.103348e+00 1.103348e+00 0.000000e+00 -3.018895e-02
0.000000e+00 8.855000e+00 1.102998e+00 1.102998e+00 0.000000e+00 -2.949861e-02
0.000000e+00 8.910000e+00 1.102666e+00 1.102666e+00 0.000000e+00 -2.882994e-02
0.000000e+00 8.965000e+00 1.102358e+00 1.102358e+00 0.000000e+00 -2.818640e-02
0.000000e+00 9.020000e+00 1.102063e+00 1.102063e+00 0.000000e+00 -2.756013e-02
0.000000e+00 9.075000e+00 1.101767e+00 1.101767e+00 0.000000e+00 -2.694121e-02
0.000000e+00 9.130000e+00 1.101464e+00 1.101464e+00 0.000000e+00 -2.632557e-02
0.000000e+00 9.185000e+00 1.101156e+00 1.101156e+00 0.000000e+00 -2.571461e-02
0.000000e+00 9.240000e+00 1.100847e+00 1.100846e+00 0.000000e+00 -2.511066e-02
0.000000e+00 9.295000e+00 1.100538e+00 1.100538e+00 0.000000e+00 -2.451453e-02
0.000000e+00 9.350000e+00 1.100230e+00 1.100230e+00 0.000000e+00 -2.392592e-02
0.000000e+00 9.405000e+00 1.099925e+00 1.099925e+00 0.000000e+00 -2.334439e-02
0.000000e+00 9.460000e+00 1.099623e+00 1.099623e+00 0.000000e+00 -2.276933e-02
0.000000e+00 9.515000e+00 1.099323e+00 1.099323e+00 0.000000e+00 -2.219993e-02
0.000000e+00 9.570000e+00 1.099028e+00 1.099027e+00 0.000000e+00 -2.163565e-02
0.000000e+00 9.625000e+00 1.098735e+00 1.098735e+00 0.000000e+00 -2.107729e-02
0.000000e+00 9.680000e+00 1.098445e+00 1.098446e+00 0.000000e+00 -2.052506e-02
0.000000e+00 9.735000e+00 1.098159e+00 1.098159e+00 0.000000e+00 -1.997564e-02
0.000000e+00 9.790000e+00 1.097877e+00 1.097876e+00 0.000000e+00 -1.942192e-02
0.000000e+00 9.845000e+00 1.097598e+00 1.097595e+00 0.000000e+00 -1.886190e-02
0.000000e+00 9.900000e+00 1.097320e+00 1.097314e+00 0.000000e+00 -1.831397e-02
0.000000e+00 9.955000e+00 1.097043e+00 1.097034e+00 0.000000e+00 -1.780748e-02
0.000000e+00 1.001000e+01 1.105114e+00 1.105104e+00 -0.000000e+00 -1.013850e-02
0.000000e+00 1.006500e+01 1.105114e+00 1.105104e+00 -0.000000e+00 -1.013850e-02
0.000000e+00 1.012000e+01 1.105114e+00 1.105104e+00 -0.000000e+00 -1.013850e-02
0.000000e+00 1.017500e+01 1.105114e+00 1.105104e+00 -0.000000e+00 -1.013850e-02
0.000000e+00 1.023000e+01 1.105114e+00 1.105104e+00 -0.000000e+00 -1.013850e-02
0.000000e+00 1.028500e+01 1.105114e+00 1.105104e+00 -0.000000e+00 -1.013850e-02
0.000000e+00 1.034000e+01 1.105114e+00 1.105104e+00 -0.000000e+00 -1.013850e-02
0.000000e+00 1.039500e+01 1.105114e+00 1.105104e+00 -0.000000e+00 -1.013850e-02
0.000000e+00 1.045000e+01 1.105114e+00 1.105104e+00 -0.000000e+00 -1.013850e-02
0.000000e+00 1.050500e+01 1.105114e+00 1.105104e+00 -0.000000e+00 -1.013850e-02
0.000000e+00 1.056000e+01 1.105114e+00 1.105104e+00 -0.000000e+00 -1.013850e-02
0.000000e+00 1.061500e+01 1.105114e+00 1.105104e+00 -0.000000e+00 -1.013850e-02
0.000000e+00 1.067000e+01 1.105114e+00 1.105104e+00 -0.000000e+00 -1.013850e-02
0.000000e+00 1.072500e+01 1.105114e+00 1.105104e+00 -0.000000e+00 -1.013850e-02
0.000000e+00 1.078000e+01 1.105114e+00 1.105104e+00 -0.000000e+00 -1.013850e-02
0.000000e+00 1.083500e+01 1.105114e+00 1.105104e+00 -0.000000e+00 -1.013850e-02
0.000000e+00 1.089000e+01 1.105114e+00 1.105104e+00 -0.000000e+00 -1.013850e-02
0.000000e+00 1.094500e+01 1.105114e+00 1.105104e+00 -0.000000e+00 -1.013850e-02
0.000000e+00 1.100000e+01 1.105114e+00 1.105104e+00 -0.000000e+00 -1.013850e-02
