#############TIME##################
1.160143e+01 
###################################
0.000000e+00 0.000000e+00 5.982739e+01 5.983247e+01 0.000000e+00 -3.062067e+00
0.000000e+00 5.500000e-02 5.982739e+01 5.983247e+01 0.000000e+00 -3.062067e+00
0.000000e+00 1.100000e-01 2.264455e+01 2.264532e+01 0.000000e+00 -3.062090e+00
0.000000e+00 1.650000e-01 1.471812e+01 1.471849e+01 0.000000e+00 -2.305884e+00
0.000000e+00 2.200000e-01 1.092065e+01 1.092090e+01 0.000000e+00 -1.931737e+00
0.000000e+00 2.750000e-01 8.545696e+00 8.545869e+00 0.000000e+00 -1.642404e+00
0.000000e+00 3.300000e-01 7.059745e+00 7.059875e+00 0.000000e+00 -1.419201e+00
0.000000e+00 3.850000e-01 5.991627e+00 5.991728e+00 0.000000e+00 -1.246784e+00
0.000000e+00 4.400000e-01 5.238011e+00 5.238093e+00 0.000000e+00 -1.102562e+00
0.000000e+00 4.950000e-01 4.657674e+00 4.657741e+00 0.000000e+00 -9.862272e-01
0.000000e+00 5.500000e-01 4.208675e+00 4.208731e+00 0.000000e+00 -8.874565e-01
0.000000e+00 6.050000e-01 3.851913e+00 3.851961e+00 0.000000e+00 -8.037969e-01
0.000000e+00 6.600000e-01 3.561099e+00 3.561141e+00 0.000000e+00 -7.317041e-01
0.000000e+00 7.150000e-01 3.320903e+00 3.320940e+00 0.000000e+00 -6.693563e-01
0.000000e+00 7.700000e-01 3.119268e+00 3.119301e+00 0.000000e+00 -6.147229e-01
0.000000e+00 8.250000e-01 2.948230e+00 2.948259e+00 0.000000e+00 -5.666249e-01
0.000000e+00 8.800000e-01 2.801441e+00 2.801467e+00 0.000000e+00 -5.239135e-01
0.000000e+00 9.350000e-01 2.674343e+00 2.674366e+00 0.000000e+00 -4.858071e-01
0.000000e+00 9.900000e-01 2.563288e+00 2.563309e+00 0.000000e+00 -4.516072e-01
0.000000e+00 1.045000e+00 2.465514e+00 2.465533e+00 0.000000e+00 -4.207889e-01
0.000000e+00 1.100000e+00 2.378805e+00 2.378823e+00 0.000000e+00 -3.928981e-01
0.000000e+00 1.155000e+00 2.301434e+00 2.301451e+00 0.000000e+00 -3.675695e-01
0.000000e+00 1.210000e+00 2.232006e+00 2.232022e+00 0.000000e+00 -3.444860e-01
0.000000e+00 1.265000e+00 2.169409e+00 2.169424e+00 0.000000e+00 -3.233799e-01
0.000000e+00 1.320000e+00 2.112733e+00 2.112747e+00 0.000000e+00 -3.040173e-01
0.000000e+00 1.375000e+00 2.061230e+00 2.061243e+00 0.000000e+00 -2.861975e-01
0.000000e+00 1.430000e+00 2.014270e+00 2.014282e+00 0.000000e+00 -2.697473e-01
0.000000e+00 1.485000e+00 1.971311e+00 1.971323e+00 0.000000e+00 -2.545206e-01
0.000000e+00 1.540000e+00 1.931882e+00 1.931893e+00 0.000000e+00 -2.403959e-01
0.000000e+00 1.595000e+00 1.895563e+00 1.895573e+00 0.000000e+00 -2.272731e-01
0.000000e+00 1.650000e+00 1.861985e+00 1.861994e+00 0.000000e+00 -2.150689e-01
0.000000e+00 1.705000e+00 1.830830e+00 1.830839e+00 0.000000e+00 -2.037109e-01
0.000000e+00 1.760000e+00 1.801833e+00 1.801842e+00 0.000000e+00 -1.931320e-01
0.000000e+00 1.815000e+00 1.774781e+00 1.774790e+00 0.000000e+00 -1.832654e-01
0.000000e+00 1.870000e+00 1.749504e+00 1.749512e+00 0.000000e+00 -1.740435e-01
0.000000e+00 1.925000e+00 1.725862e+00 1.725870e+00 0.000000e+00 -1.653995e-01
0.000000e+00 1.980000e+00 1.703733e+00 1.703741e+00 0.000000e+00 -1.572726e-01
0.000000e+00 2.035000e+00 1.683000e+00 1.683007e+00 0.000000e+00 -1.496124e-01
0.000000e+00 2.090000e+00 1.663540e+00 1.663547e+00 0.000000e+00 -1.423809e-01
0.000000e+00 2.145000e+00 1.645234e+00 1.645240e+00 0.000000e+00 -1.355516e-01
0.000000e+00 2.200000e+00 1.627965e+00 1.627971e+00 0.000000e+00 -1.291046e-01
0.000000e+00 2.255000e+00 1.611631e+00 1.611637e+00 0.000000e+00 -1.230212e-01
0.000000e+00 2.310000e+00 1.596155e+00 1.596161e+00 0.000000e+00 -1.172778e-01
0.000000e+00 2.365000e+00 1.581484e+00 1.581489e+00 0.000000e+00 -1.118434e-01
0.000000e+00 2.420000e+00 1.567583e+00 1.567588e+00 0.000000e+00 -1.066823e-01
0.000000e+00 2.475000e+00 1.554421e+00 1.554427e+00 0.000000e+00 -1.017614e-01
0.000000e+00 2.530000e+00 1.541953e+00 1.541959e+00 0.000000e+00 -9.705976e-02
0.000000e+00 2.585000e+00 1.530109e+00 1.530114e+00 0.000000e+00 -9.257373e-02
0.000000e+00 2.640000e+00 1.518800e+00 1.518805e+00 0.000000e+00 -8.831342e-02
0.000000e+00 2.695000e+00 1.507943e+00 1.507948e+00 0.000000e+00 -8.429177e-02
0.000000e+00 2.750000e+00 1.497478e+00 1.497483e+00 0.000000e+00 -8.051094e-02
0.000000e+00 2.805000e+00 1.487386e+00 1.487390e+00 0.000000e+00 -7.695436e-02
0.000000e+00 2.860000e+00 1.477677e+00 1.477681e+00 0.000000e+00 -7.358891e-02
0.000000e+00 2.915000e+00 1.468377e+00 1.468381e+00 0.000000e+00 -7.037592e-02
0.000000e+00 2.970000e+00 1.459499e+00 1.459503e+00 0.000000e+00 -6.728412e-02
0.000000e+00 3.025000e+00 1.451033e+00 1.451037e+00 0.000000e+00 -6.429741e-02
0.000000e+00 3.080000e+00 1.442945e+00 1.442949e+00 0.000000e+00 -6.141438e-02
0.000000e+00 3.135000e+00 1.435192e+00 1.435196e+00 0.000000e+00 -5.864190e-02
0.000000e+00 3.190000e+00 1.427730e+00 1.427733e+00 0.000000e+00 -5.598752e-02
0.000000e+00 3.245000e+00 1.420526e+00 1.420530e+00 0.000000e+00 -5.345444e-02
0.000000e+00 3.300000e+00 1.413560e+00 1.413563e+00 0.000000e+00 -5.104014e-02
0.000000e+00 3.355000e+00 1.406821e+00 1.406824e+00 0.000000e+00 -4.873717e-02
0.000000e+00 3.410000e+00 1.400306e+00 1.400309e+00 0.000000e+00 -4.653510e-02
0.000000e+00 3.465000e+00 1.394015e+00 1.394018e+00 0.000000e+00 -4.442263e-02
0.000000e+00 3.520000e+00 1.387946e+00 1.387949e+00 0.000000e+00 -4.239004e-02
0.000000e+00 3.575000e+00 1.382090e+00 1.382094e+00 0.000000e+00 -4.043143e-02
0.000000e+00 3.630000e+00 1.376430e+00 1.376433e+00 0.000000e+00 -3.854577e-02
0.000000e+00 3.685000e+00 1.370942e+00 1.370945e+00 0.000000e+00 -3.673596e-02
0.000000e+00 3.740000e+00 1.365601e+00 1.365603e+00 0.000000e+00 -3.500624e-02
0.000000e+00 3.795000e+00 1.360387e+00 1.360390e+00 0.000000e+00 -3.335891e-02
0.000000e+00 3.850000e+00 1.355291e+00 1.355294e+00 0.000000e+00 -3.179189e-02
0.000000e+00 3.905000e+00 1.350316e+00 1.350318e+00 0.000000e+00 -3.029793e-02
0.000000e+00 3.960000e+00 1.345473e+00 1.345475e+00 0.000000e+00 -2.886532e-02
0.000000e+00 4.015000e+00 1.340780e+00 1.340783e+00 0.000000e+00 -2.747993e-02
0.000000e+00 4.070000e+00 1.336256e+00 1.336259e+00 0.000000e+00 -2.612774e-02
0.000000e+00 4.125000e+00 1.331912e+00 1.331914e+00 0.000000e+00 -2.479777e-02
0.000000e+00 4.180000e+00 1.327747e+00 1.327749e+00 0.000000e+00 -2.348470e-02
0.000000e+00 4.235000e+00 1.323746e+00 1.323748e+00 0.000000e+00 -2.219042e-02
0.000000e+00 4.290000e+00 1.319882e+00 1.319884e+00 0.000000e+00 -2.092360e-02
0.000000e+00 4.345000e+00 1.316121e+00 1.316124e+00 0.000000e+00 -1.969701e-02
0.000000e+00 4.400000e+00 1.312434e+00 1.312436e+00 0.000000e+00 -1.852309e-02
0.000000e+00 4.455000e+00 1.308799e+00 1.308801e+00 0.000000e+00 -1.740969e-02
0.000000e+00 4.510000e+00 1.305208e+00 1.305210e+00 0.000000e+00 -1.635754e-02
0.000000e+00 4.565000e+00 1.301667e+00 1.301669e+00 0.000000e+00 -1.536067e-02
0.000000e+00 4.620000e+00 1.298188e+00 1.298190e+00 0.000000e+00 -1.440942e-02
0.000000e+00 4.675000e+00 1.294783e+00 1.294785e+00 0.000000e+00 -1.349425e-02
0.000000e+00 4.730000e+00 1.291459e+00 1.291461e+00 0.000000e+00 -1.260864e-02
0.000000e+00 4.785000e+00 1.288214e+00 1.288216e+00 0.000000e+00 -1.174981e-02
0.000000e+00 4.840000e+00 1.285046e+00 1.285048e+00 0.000000e+00 -1.091733e-02
0.000000e+00 4.895000e+00 1.281950e+00 1.281952e+00 0.000000e+00 -1.011090e-02
0.000000e+00 4.950000e+00 1.278925e+00 1.278927e+00 0.000000e+00 -9.328743e-03
0.000000e+00 5.005000e+00 1.275974e+00 1.275976e+00 0.000000e+00 -8.567358e-03
0.000000e+00 5.060000e+00 1.273101e+00 1.273103e+00 0.000000e+00 -7.822709e-03
0.000000e+00 5.115000e+00 1.270308e+00 1.270310e+00 0.000000e+00 -7.091839e-03
0.000000e+00 5.170000e+00 1.267595e+00 1.267597e+00 0.000000e+00 -6.374001e-03
0.000000e+00 5.225000e+00 1.264954e+00 1.264956e+00 0.000000e+00 -5.670731e-03
0.000000e+00 5.280000e+00 1.262377e+00 1.262379e+00 0.000000e+00 -4.985030e-03
0.000000e+00 5.335000e+00 1.259853e+00 1.259855e+00 0.000000e+00 -4.320298e-03
0.000000e+00 5.390000e+00 1.257372e+00 1.257374e+00 0.000000e+00 -3.679696e-03
0.000000e+00 5.445000e+00 1.254923e+00 1.254925e+00 0.000000e+00 -3.066209e-03
0.000000e+00 5.500000e+00 1.252497e+00 1.252499e+00 0.000000e+00 -2.483121e-03
0.000000e+00 5.555000e+00 1.250082e+00 1.250083e+00 0.000000e+00 -1.934286e-03
0.000000e+00 5.610000e+00 1.247667e+00 1.247668e+00 0.000000e+00 -1.423606e-03
0.000000e+00 5.665000e+00 1.245246e+00 1.245247e+00 0.000000e+00 -9.536090e-04
0.000000e+00 5.720000e+00 1.242818e+00 1.242820e+00 0.000000e+00 -5.235458e-04
0.000000e+00 5.775000e+00 1.240396e+00 1.240397e+00 0.000000e+00 -1.279501e-04
0.000000e+00 5.830000e+00 1.237999e+00 1.238000e+00 0.000000e+00 2.434313e-04
0.000000e+00 5.885000e+00 1.235653e+00 1.235654e+00 0.000000e+00 6.039187e-04
0.000000e+00 5.940000e+00 1.233384e+00 1.233385e+00 0.000000e+00 9.668048e-04
0.000000e+00 5.995000e+00 1.231208e+00 1.231209e+00 0.000000e+00 1.341914e-03
0.000000e+00 6.050000e+00 1.229129e+00 1.229130e+00 0.000000e+00 1.733037e-03
0.000000e+00 6.105000e+00 1.227136e+00 1.227138e+00 0.000000e+00 2.137210e-03
0.000000e+00 6.160000e+00 1.225211e+00 1.225213e+00 0.000000e+00 2.546170e-03
0.000000e+00 6.215000e+00 1.223331e+00 1.223332e+00 0.000000e+00 2.949420e-03
0.000000e+00 6.270000e+00 1.221476e+00 1.221477e+00 0.000000e+00 3.337709e-03
0.000000e+00 6.325000e+00 1.219637e+00 1.219638e+00 0.000000e+00 3.705650e-03
0.000000e+00 6.380000e+00 1.217812e+00 1.217814e+00 0.000000e+00 4.052620e-03
0.000000e+00 6.435000e+00 1.216009e+00 1.216011e+00 0.000000e+00 4.381747e-03
0.000000e+00 6.490000e+00 1.214237e+00 1.214238e+00 0.000000e+00 4.697544e-03
0.000000e+00 6.545000e+00 1.212499e+00 1.212500e+00 0.000000e+00 5.003101e-03
0.000000e+00 6.600000e+00 1.210791e+00 1.210792e+00 0.000000e+00 5.297803e-03
0.000000e+00 6.655000e+00 1.209099e+00 1.209100e+00 0.000000e+00 5.576240e-03
0.000000e+00 6.710000e+00 1.207398e+00 1.207399e+00 0.000000e+00 5.828597e-03
0.000000e+00 6.765000e+00 1.205660e+00 1.205661e+00 0.000000e+00 6.042422e-03
0.000000e+00 6.820000e+00 1.203858e+00 1.203859e+00 0.000000e+00 6.205428e-03
0.000000e+00 6.875000e+00 1.201978e+00 1.201979e+00 0.000000e+00 6.308904e-03
0.000000e+00 6.930000e+00 1.200022e+00 1.200023e+00 0.000000e+00 6.351100e-03
0.000000e+00 6.985000e+00 1.198009e+00 1.198010e+00 0.000000e+00 6.339514e-03
0.000000e+00 7.040000e+00 1.195978e+00 1.195979e+00 0.000000e+00 6.290798e-03
0.000000e+00 7.095000e+00 1.193973e+00 1.193974e+00 0.000000e+00 6.227684e-03
0.000000e+00 7.150000e+00 1.192038e+00 1.192039e+00 0.000000e+00 6.173552e-03
0.000000e+00 7.205000e+00 1.190201e+00 1.190202e+00 0.000000e+00 6.146114e-03
0.000000e+00 7.260000e+00 1.188470e+00 1.188471e+00 0.000000e+00 6.151925e-03
0.000000e+00 7.315000e+00 1.186828e+00 1.186829e+00 0.000000e+00 6.183761e-03
0.000000e+00 7.370000e+00 1.185235e+00 1.185235e+00 0.000000e+00 6.222356e-03
0.000000e+00 7.425000e+00 1.183642e+00 1.183643e+00 0.000000e+00 6.242204e-03
0.000000e+00 7.480000e+00 1.182005e+00 1.182006e+00 0.000000e+00 6.219240e-03
0.000000e+00 7.535000e+00 1.180296e+00 1.180297e+00 0.000000e+00 6.137754e-03
0.000000e+00 7.590000e+00 1.178510e+00 1.178511e+00 0.000000e+00 5.994387e-03
0.000000e+00 7.645000e+00 1.176665e+00 1.176666e+00 0.000000e+00 5.797879e-03
0.000000e+00 7.700000e+00 1.174796e+00 1.174797e+00 0.000000e+00 5.564777e-03
0.000000e+00 7.755000e+00 1.172938e+00 1.172938e+00 0.000000e+00 5.312966e-03
0.000000e+00 7.810000e+00 1.171114e+00 1.171115e+00 0.000000e+00 5.055564e-03
0.000000e+00 7.865000e+00 1.169332e+00 1.169333e+00 0.000000e+00 4.797119e-03
0.000000e+00 7.920000e+00 1.167582e+00 1.167582e+00 0.000000e+00 4.533054e-03
0.000000e+00 7.975000e+00 1.165839e+00 1.165839e+00 0.000000e+00 4.252052e-03
0.000000e+00 8.030000e+00 1.164078e+00 1.164078e+00 0.000000e+00 3.940021e-03
0.000000e+00 8.085000e+00 1.162274e+00 1.162275e+00 0.000000e+00 3.583905e-03
0.000000e+00 8.140000e+00 1.160413e+00 1.160414e+00 0.000000e+00 3.174084e-03
0.000000e+00 8.195000e+00 1.158485e+00 1.158486e+00 0.000000e+00 2.705091e-03
0.000000e+00 8.250000e+00 1.156488e+00 1.156489e+00 0.000000e+00 2.175134e-03
0.000000e+00 8.305000e+00 1.154425e+00 1.154426e+00 0.000000e+00 1.585262e-03
0.000000e+00 8.360000e+00 1.152304e+00 1.152304e+00 0.000000e+00 9.387365e-04
0.000000e+00 8.415000e+00 1.150136e+00 1.150137e+00 0.000000e+00 2.405766e-04
0.000000e+00 8.470000e+00 1.147937e+00 1.147938e+00 0.000000e+00 -5.031487e-04
0.000000e+00 8.525000e+00 1.145719e+00 1.145720e+00 0.000000e+00 -1.286670e-03
0.000000e+00 8.580000e+00 1.143491e+00 1.143491e+00 0.000000e+00 -2.106394e-03
0.000000e+00 8.635000e+00 1.141250e+00 1.141250e+00 0.000000e+00 -2.962562e-03
0.000000e+00 8.690000e+00 1.138987e+00 1.138987e+00 0.000000e+00 -3.859759e-03
0.000000e+00 8.745000e+00 1.136685e+00 1.136685e+00 0.000000e+00 -4.805733e-03
0.000000e+00 8.800000e+00 1.134327e+00 1.134327e+00 0.000000e+00 -5.808994e-03
0.000000e+00 8.855000e+00 1.131896e+00 1.131896e+00 0.000000e+00 -6.876406e-03
0.000000e+00 8.910000e+00 1.129383e+00 1.129384e+00 0.000000e+00 -8.012020e-03
0.000000e+00 8.965000e+00 1.126785e+00 1.126785e+00 0.000000e+00 -9.217325e-03
0.000000e+00 9.020000e+00 1.124102e+00 1.124102e+00 0.000000e+00 -1.049205e-02
0.000000e+00 9.075000e+00 1.121339e+00 1.121339e+00 0.000000e+00 -1.183367e-02
0.000000e+00 9.130000e+00 1.118508e+00 1.118508e+00 0.000000e+00 -1.323527e-02
0.000000e+00 9.185000e+00 1.115623e+00 1.115624e+00 0.000000e+00 -1.468194e-02
0.000000e+00 9.240000e+00 1.112707e+00 1.112708e+00 0.000000e+00 -1.614959e-02
0.000000e+00 9.295000e+00 1.109786e+00 1.109786e+00 0.000000e+00 -1.760666e-02
0.000000e+00 9.350000e+00 1.106883e+00 1.106883e+00 0.000000e+00 -1.902283e-02
0.000000e+00 9.405000e+00 1.104023e+00 1.104022e+00 0.000000e+00 -2.037656e-02
0.000000e+00 9.460000e+00 1.101221e+00 1.101219e+00 0.000000e+00 -2.166680e-02
0.000000e+00 9.515000e+00 1.098492e+00 1.098488e+00 0.000000e+00 -2.290799e-02
0.000000e+00 9.570000e+00 1.095840e+00 1.095833e+00 0.000000e+00 -2.413469e-02
0.000000e+00 9.625000e+00 1.093277e+00 1.093269e+00 0.000000e+00 -2.537280e-02
0.000000e+00 9.680000e+00 1.090798e+00 1.090789e+00 0.000000e+00 -2.665823e-02
0.000000e+00 9.735000e+00 1.088426e+00 1.088416e+00 0.000000e+00 -2.798338e-02
0.000000e+00 9.790000e+00 1.086133e+00 1.086123e+00 0.000000e+00 -2.937572e-02
0.000000e+00 9.845000e+00 1.083978e+00 1.083968e+00 0.000000e+00 -3.075941e-02
0.000000e+00 9.900000e+00 1.081869e+00 1.081859e+00 0.000000e+00 -3.218268e-02
0.000000e+00 9.955000e+00 1.080016e+00 1.080006e+00 0.000000e+00 -3.341024e-02
0.000000e+00 1.001000e+01 1.105114e+00 1.105104e+00 -0.000000e+00 -1.013850e-02
0.000000e+00 1.006500e+01 1.105114e+00 1.105104e+00 -0.000000e+00 -1.013850e-02
0.000000e+00 1.012000e+01 1.105114e+00 1.105104e+00 -0.000000e+00 -1.013850e-02
0.000000e+00 1.017500e+01 1.105114e+00 1.105104e+00 -0.000000e+00 -1.013850e-02
0.000000e+00 1.023000e+01 1.105114e+00 1.105104e+00 -0.000000e+00 -1.013850e-02
0.000000e+00 1.028500e+01 1.105114e+00 1.105104e+00 -0.000000e+00 -1.013850e-02
0.000000e+00 1.034000e+01 1.105114e+00 1.105104e+00 -0.000000e+00 -1.013850e-02
0.000000e+00 1.039500e+01 1.105114e+00 1.105104e+00 -0.000000e+00 -1.013850e-02
0.000000e+00 1.045000e+01 1.105114e+00 1.105104e+00 -0.000000e+00 -1.013850e-02
0.000000e+00 1.050500e+01 1.105114e+00 1.105104e+00 -0.000000e+00 -1.013850e-02
0.000000e+00 1.056000e+01 1.105114e+00 1.105104e+00 -0.000000e+00 -1.013850e-02
0.000000e+00 1.061500e+01 1.105114e+00 1.105104e+00 -0.000000e+00 -1.013850e-02
0.000000e+00 1.067000e+01 1.105114e+00 1.105104e+00 -0.000000e+00 -1.013850e-02
0.000000e+00 1.072500e+01 1.105114e+00 1.105104e+00 -0.000000e+00 -1.013850e-02
0.000000e+00 1.078000e+01 1.105114e+00 1.105104e+00 -0.000000e+00 -1.013850e-02
0.000000e+00 1.083500e+01 1.105114e+00 1.105104e+00 -0.000000e+00 -1.013850e-02
0.000000e+00 1.089000e+01 1.105114e+00 1.105104e+00 -0.000000e+00 -1.013850e-02
0.000000e+00 1.094500e+01 1.105114e+00 1.105104e+00 -0.000000e+00 -1.013850e-02
0.000000e+00 1.100000e+01 1.105114e+00 1.105104e+00 -0.000000e+00 -1.013850e-02
