#############TIME##################
1.520173e+01 
###################################
0.000000e+00 0.000000e+00 5.689872e+01 5.690352e+01 0.000000e+00 -3.062950e+00
0.000000e+00 5.500000e-02 5.689872e+01 5.690352e+01 0.000000e+00 -3.062950e+00
0.000000e+00 1.100000e-01 2.154374e+01 2.154446e+01 0.000000e+00 -3.062962e+00
0.000000e+00 1.650000e-01 1.400123e+01 1.400158e+01 0.000000e+00 -2.307564e+00
0.000000e+00 2.200000e-01 1.038761e+01 1.038784e+01 0.000000e+00 -1.933842e+00
0.000000e+00 2.750000e-01 8.127978e+00 8.128139e+00 0.000000e+00 -1.644935e+00
0.000000e+00 3.300000e-01 6.714031e+00 6.714152e+00 0.000000e+00 -1.422154e+00
0.000000e+00 3.850000e-01 5.698043e+00 5.698137e+00 0.000000e+00 -1.250171e+00
0.000000e+00 4.400000e-01 4.980874e+00 4.980949e+00 0.000000e+00 -1.106375e+00
0.000000e+00 4.950000e-01 4.428839e+00 4.428900e+00 0.000000e+00 -9.904639e-01
0.000000e+00 5.500000e-01 4.002034e+00 4.002085e+00 0.000000e+00 -8.920472e-01
0.000000e+00 6.050000e-01 3.663021e+00 3.663065e+00 0.000000e+00 -8.087074e-01
0.000000e+00 6.600000e-01 3.386753e+00 3.386791e+00 0.000000e+00 -7.369109e-01
0.000000e+00 7.150000e-01 3.158554e+00 3.158587e+00 0.000000e+00 -6.748467e-01
0.000000e+00 7.700000e-01 2.966906e+00 2.966936e+00 0.000000e+00 -6.205049e-01
0.000000e+00 8.250000e-01 2.804210e+00 2.804236e+00 0.000000e+00 -5.727203e-01
0.000000e+00 8.800000e-01 2.664444e+00 2.664468e+00 0.000000e+00 -5.303490e-01
0.000000e+00 9.350000e-01 2.543316e+00 2.543337e+00 0.000000e+00 -4.926050e-01
0.000000e+00 9.900000e-01 2.437407e+00 2.437426e+00 0.000000e+00 -4.587786e-01
0.000000e+00 1.045000e+00 2.344135e+00 2.344153e+00 0.000000e+00 -4.283310e-01
0.000000e+00 1.100000e+00 2.261426e+00 2.261442e+00 0.000000e+00 -4.007961e-01
0.000000e+00 1.155000e+00 2.187647e+00 2.187662e+00 0.000000e+00 -3.758015e-01
0.000000e+00 1.210000e+00 2.121468e+00 2.121482e+00 0.000000e+00 -3.530294e-01
0.000000e+00 1.265000e+00 2.061813e+00 2.061826e+00 0.000000e+00 -3.322171e-01
0.000000e+00 1.320000e+00 2.007794e+00 2.007806e+00 0.000000e+00 -3.131393e-01
0.000000e+00 1.375000e+00 1.958676e+00 1.958687e+00 0.000000e+00 -2.956048e-01
0.000000e+00 1.430000e+00 1.913846e+00 1.913856e+00 0.000000e+00 -2.794478e-01
0.000000e+00 1.485000e+00 1.872787e+00 1.872797e+00 0.000000e+00 -2.645247e-01
0.000000e+00 1.540000e+00 1.835062e+00 1.835071e+00 0.000000e+00 -2.507096e-01
0.000000e+00 1.595000e+00 1.800295e+00 1.800304e+00 0.000000e+00 -2.378919e-01
0.000000e+00 1.650000e+00 1.768165e+00 1.768173e+00 0.000000e+00 -2.259749e-01
0.000000e+00 1.705000e+00 1.738393e+00 1.738401e+00 0.000000e+00 -2.148745e-01
0.000000e+00 1.760000e+00 1.710736e+00 1.710743e+00 0.000000e+00 -2.045174e-01
0.000000e+00 1.815000e+00 1.684983e+00 1.684990e+00 0.000000e+00 -1.948394e-01
0.000000e+00 1.870000e+00 1.660948e+00 1.660955e+00 0.000000e+00 -1.857829e-01
0.000000e+00 1.925000e+00 1.638470e+00 1.638477e+00 0.000000e+00 -1.772961e-01
0.000000e+00 1.980000e+00 1.617408e+00 1.617414e+00 0.000000e+00 -1.693317e-01
0.000000e+00 2.035000e+00 1.597636e+00 1.597642e+00 0.000000e+00 -1.618470e-01
0.000000e+00 2.090000e+00 1.579043e+00 1.579049e+00 0.000000e+00 -1.548034e-01
0.000000e+00 2.145000e+00 1.561531e+00 1.561536e+00 0.000000e+00 -1.481657e-01
0.000000e+00 2.200000e+00 1.545010e+00 1.545015e+00 0.000000e+00 -1.419026e-01
0.000000e+00 2.255000e+00 1.529401e+00 1.529406e+00 0.000000e+00 -1.359858e-01
0.000000e+00 2.310000e+00 1.514633e+00 1.514638e+00 0.000000e+00 -1.303900e-01
0.000000e+00 2.365000e+00 1.500641e+00 1.500645e+00 0.000000e+00 -1.250921e-01
0.000000e+00 2.420000e+00 1.487366e+00 1.487371e+00 0.000000e+00 -1.200716e-01
0.000000e+00 2.475000e+00 1.474758e+00 1.474762e+00 0.000000e+00 -1.153090e-01
0.000000e+00 2.530000e+00 1.462769e+00 1.462773e+00 0.000000e+00 -1.107863e-01
0.000000e+00 2.585000e+00 1.451358e+00 1.451362e+00 0.000000e+00 -1.064863e-01
0.000000e+00 2.640000e+00 1.440488e+00 1.440492e+00 0.000000e+00 -1.023927e-01
0.000000e+00 2.695000e+00 1.430124e+00 1.430127e+00 0.000000e+00 -9.849021e-02
0.000000e+00 2.750000e+00 1.420234e+00 1.420238e+00 0.000000e+00 -9.476468e-02
0.000000e+00 2.805000e+00 1.410791e+00 1.410794e+00 0.000000e+00 -9.120356e-02
0.000000e+00 2.860000e+00 1.401766e+00 1.401769e+00 0.000000e+00 -8.779594e-02
0.000000e+00 2.915000e+00 1.393132e+00 1.393135e+00 0.000000e+00 -8.453260e-02
0.000000e+00 2.970000e+00 1.384866e+00 1.384869e+00 0.000000e+00 -8.140576e-02
0.000000e+00 3.025000e+00 1.376944e+00 1.376947e+00 0.000000e+00 -7.840863e-02
0.000000e+00 3.080000e+00 1.369345e+00 1.369348e+00 0.000000e+00 -7.553488e-02
0.000000e+00 3.135000e+00 1.362051e+00 1.362053e+00 0.000000e+00 -7.277822e-02
0.000000e+00 3.190000e+00 1.355043e+00 1.355046e+00 0.000000e+00 -7.013206e-02
0.000000e+00 3.245000e+00 1.348307e+00 1.348310e+00 0.000000e+00 -6.758945e-02
0.000000e+00 3.300000e+00 1.341831e+00 1.341834e+00 0.000000e+00 -6.514328e-02
0.000000e+00 3.355000e+00 1.335601e+00 1.335604e+00 0.000000e+00 -6.278643e-02
0.000000e+00 3.410000e+00 1.329608e+00 1.329610e+00 0.000000e+00 -6.051219e-02
0.000000e+00 3.465000e+00 1.323839e+00 1.323841e+00 0.000000e+00 -5.831462e-02
0.000000e+00 3.520000e+00 1.318284e+00 1.318287e+00 0.000000e+00 -5.618893e-02
0.000000e+00 3.575000e+00 1.312933e+00 1.312936e+00 0.000000e+00 -5.413189e-02
0.000000e+00 3.630000e+00 1.307774e+00 1.307776e+00 0.000000e+00 -5.214183e-02
0.000000e+00 3.685000e+00 1.302793e+00 1.302795e+00 0.000000e+00 -5.021835e-02
0.000000e+00 3.740000e+00 1.297978e+00 1.297981e+00 0.000000e+00 -4.836154e-02
0.000000e+00 3.795000e+00 1.293318e+00 1.293320e+00 0.000000e+00 -4.657116e-02
0.000000e+00 3.850000e+00 1.288803e+00 1.288805e+00 0.000000e+00 -4.484587e-02
0.000000e+00 3.905000e+00 1.284423e+00 1.284425e+00 0.000000e+00 -4.318299e-02
0.000000e+00 3.960000e+00 1.280176e+00 1.280178e+00 0.000000e+00 -4.157861e-02
0.000000e+00 4.015000e+00 1.276058e+00 1.276059e+00 0.000000e+00 -4.002789e-02
0.000000e+00 4.070000e+00 1.272068e+00 1.272069e+00 0.000000e+00 -3.852532e-02
0.000000e+00 4.125000e+00 1.268206e+00 1.268208e+00 0.000000e+00 -3.706496e-02
0.000000e+00 4.180000e+00 1.264473e+00 1.264474e+00 0.000000e+00 -3.564093e-02
0.000000e+00 4.235000e+00 1.260866e+00 1.260868e+00 0.000000e+00 -3.424813e-02
0.000000e+00 4.290000e+00 1.257383e+00 1.257384e+00 0.000000e+00 -3.288318e-02
0.000000e+00 4.345000e+00 1.254016e+00 1.254018e+00 0.000000e+00 -3.154513e-02
0.000000e+00 4.400000e+00 1.250758e+00 1.250760e+00 0.000000e+00 -3.023540e-02
0.000000e+00 4.455000e+00 1.247600e+00 1.247601e+00 0.000000e+00 -2.895686e-02
0.000000e+00 4.510000e+00 1.244534e+00 1.244535e+00 0.000000e+00 -2.771238e-02
0.000000e+00 4.565000e+00 1.241553e+00 1.241554e+00 0.000000e+00 -2.650360e-02
0.000000e+00 4.620000e+00 1.238654e+00 1.238655e+00 0.000000e+00 -2.533030e-02
0.000000e+00 4.675000e+00 1.235834e+00 1.235835e+00 0.000000e+00 -2.419062e-02
0.000000e+00 4.730000e+00 1.233091e+00 1.233092e+00 0.000000e+00 -2.308169e-02
0.000000e+00 4.785000e+00 1.230424e+00 1.230425e+00 0.000000e+00 -2.200020e-02
0.000000e+00 4.840000e+00 1.227832e+00 1.227833e+00 0.000000e+00 -2.094267e-02
0.000000e+00 4.895000e+00 1.225316e+00 1.225317e+00 0.000000e+00 -1.990571e-02
0.000000e+00 4.950000e+00 1.222875e+00 1.222876e+00 0.000000e+00 -1.888622e-02
0.000000e+00 5.005000e+00 1.220509e+00 1.220510e+00 0.000000e+00 -1.788195e-02
0.000000e+00 5.060000e+00 1.218217e+00 1.218218e+00 0.000000e+00 -1.689201e-02
0.000000e+00 5.115000e+00 1.215996e+00 1.215997e+00 0.000000e+00 -1.591707e-02
0.000000e+00 5.170000e+00 1.213843e+00 1.213844e+00 0.000000e+00 -1.495910e-02
0.000000e+00 5.225000e+00 1.211751e+00 1.211752e+00 0.000000e+00 -1.402073e-02
0.000000e+00 5.280000e+00 1.209716e+00 1.209717e+00 0.000000e+00 -1.310451e-02
0.000000e+00 5.335000e+00 1.207732e+00 1.207733e+00 0.000000e+00 -1.221246e-02
0.000000e+00 5.390000e+00 1.205792e+00 1.205793e+00 0.000000e+00 -1.134588e-02
0.000000e+00 5.445000e+00 1.203893e+00 1.203894e+00 0.000000e+00 -1.050534e-02
0.000000e+00 5.500000e+00 1.202031e+00 1.202032e+00 0.000000e+00 -9.690494e-03
0.000000e+00 5.555000e+00 1.200207e+00 1.200208e+00 0.000000e+00 -8.899750e-03
0.000000e+00 5.610000e+00 1.198423e+00 1.198424e+00 0.000000e+00 -8.130018e-03
0.000000e+00 5.665000e+00 1.196683e+00 1.196684e+00 0.000000e+00 -7.377006e-03
0.000000e+00 5.720000e+00 1.194990e+00 1.194991e+00 0.000000e+00 -6.636421e-03
0.000000e+00 5.775000e+00 1.193347e+00 1.193348e+00 0.000000e+00 -5.905817e-03
0.000000e+00 5.830000e+00 1.191750e+00 1.191751e+00 0.000000e+00 -5.186174e-03
0.000000e+00 5.885000e+00 1.190193e+00 1.190194e+00 0.000000e+00 -4.481975e-03
0.000000e+00 5.940000e+00 1.188667e+00 1.188668e+00 0.000000e+00 -3.799164e-03
0.000000e+00 5.995000e+00 1.187165e+00 1.187166e+00 0.000000e+00 -3.141694e-03
0.000000e+00 6.050000e+00 1.185688e+00 1.185688e+00 0.000000e+00 -2.508675e-03
0.000000e+00 6.105000e+00 1.184241e+00 1.184242e+00 0.000000e+00 -1.894249e-03
0.000000e+00 6.160000e+00 1.182834e+00 1.182834e+00 0.000000e+00 -1.290759e-03
0.000000e+00 6.215000e+00 1.181471e+00 1.181472e+00 0.000000e+00 -6.933992e-04
0.000000e+00 6.270000e+00 1.180151e+00 1.180152e+00 0.000000e+00 -1.030453e-04
0.000000e+00 6.325000e+00 1.178867e+00 1.178867e+00 0.000000e+00 4.751598e-04
0.000000e+00 6.380000e+00 1.177609e+00 1.177610e+00 0.000000e+00 1.036896e-03
0.000000e+00 6.435000e+00 1.176379e+00 1.176380e+00 0.000000e+00 1.583665e-03
0.000000e+00 6.490000e+00 1.175184e+00 1.175184e+00 0.000000e+00 2.123249e-03
0.000000e+00 6.545000e+00 1.174033e+00 1.174034e+00 0.000000e+00 2.664015e-03
0.000000e+00 6.600000e+00 1.172929e+00 1.172930e+00 0.000000e+00 3.206247e-03
0.000000e+00 6.655000e+00 1.171857e+00 1.171858e+00 0.000000e+00 3.736977e-03
0.000000e+00 6.710000e+00 1.170792e+00 1.170792e+00 0.000000e+00 4.233686e-03
0.000000e+00 6.765000e+00 1.169704e+00 1.169705e+00 0.000000e+00 4.676458e-03
0.000000e+00 6.820000e+00 1.168584e+00 1.168584e+00 0.000000e+00 5.061455e-03
0.000000e+00 6.875000e+00 1.167445e+00 1.167446e+00 0.000000e+00 5.406085e-03
0.000000e+00 6.930000e+00 1.166326e+00 1.166327e+00 0.000000e+00 5.741075e-03
0.000000e+00 6.985000e+00 1.165267e+00 1.165268e+00 0.000000e+00 6.093945e-03
0.000000e+00 7.040000e+00 1.164290e+00 1.164291e+00 0.000000e+00 6.474458e-03
0.000000e+00 7.095000e+00 1.163384e+00 1.163385e+00 0.000000e+00 6.871150e-03
0.000000e+00 7.150000e+00 1.162507e+00 1.162507e+00 0.000000e+00 7.260059e-03
0.000000e+00 7.205000e+00 1.161612e+00 1.161612e+00 0.000000e+00 7.618058e-03
0.000000e+00 7.260000e+00 1.160678e+00 1.160678e+00 0.000000e+00 7.931893e-03
0.000000e+00 7.315000e+00 1.159725e+00 1.159725e+00 0.000000e+00 8.200566e-03
0.000000e+00 7.370000e+00 1.158803e+00 1.158804e+00 0.000000e+00 8.434340e-03
0.000000e+00 7.425000e+00 1.157955e+00 1.157955e+00 0.000000e+00 8.653795e-03
0.000000e+00 7.480000e+00 1.157180e+00 1.157181e+00 0.000000e+00 8.886319e-03
0.000000e+00 7.535000e+00 1.156438e+00 1.156438e+00 0.000000e+00 9.153802e-03
0.000000e+00 7.590000e+00 1.155673e+00 1.155673e+00 0.000000e+00 9.455646e-03
0.000000e+00 7.645000e+00 1.154865e+00 1.154865e+00 0.000000e+00 9.761382e-03
0.000000e+00 7.700000e+00 1.154039e+00 1.154039e+00 0.000000e+00 1.002483e-02
0.000000e+00 7.755000e+00 1.153246e+00 1.153247e+00 0.000000e+00 1.021383e-02
0.000000e+00 7.810000e+00 1.152520e+00 1.152521e+00 0.000000e+00 1.033400e-02
0.000000e+00 7.865000e+00 1.151854e+00 1.151855e+00 0.000000e+00 1.042759e-02
0.000000e+00 7.920000e+00 1.151209e+00 1.151209e+00 0.000000e+00 1.054534e-02
0.000000e+00 7.975000e+00 1.150551e+00 1.150551e+00 0.000000e+00 1.071336e-02
0.000000e+00 8.030000e+00 1.149873e+00 1.149874e+00 0.000000e+00 1.092117e-02
0.000000e+00 8.085000e+00 1.149194e+00 1.149194e+00 0.000000e+00 1.113576e-02
0.000000e+00 8.140000e+00 1.148533e+00 1.148533e+00 0.000000e+00 1.132591e-02
0.000000e+00 8.195000e+00 1.147897e+00 1.147898e+00 0.000000e+00 1.147745e-02
0.000000e+00 8.250000e+00 1.147278e+00 1.147279e+00 0.000000e+00 1.159337e-02
0.000000e+00 8.305000e+00 1.146663e+00 1.146664e+00 0.000000e+00 1.168547e-02
0.000000e+00 8.360000e+00 1.146046e+00 1.146047e+00 0.000000e+00 1.176678e-02
0.000000e+00 8.415000e+00 1.145431e+00 1.145431e+00 0.000000e+00 1.184812e-02
0.000000e+00 8.470000e+00 1.144824e+00 1.144824e+00 0.000000e+00 1.193628e-02
0.000000e+00 8.525000e+00 1.144229e+00 1.144230e+00 0.000000e+00 1.203205e-02
0.000000e+00 8.580000e+00 1.143643e+00 1.143643e+00 0.000000e+00 1.212912e-02
0.000000e+00 8.635000e+00 1.143052e+00 1.143053e+00 0.000000e+00 1.221621e-02
0.000000e+00 8.690000e+00 1.142447e+00 1.142447e+00 0.000000e+00 1.228271e-02
0.000000e+00 8.745000e+00 1.141821e+00 1.141821e+00 0.000000e+00 1.232544e-02
0.000000e+00 8.800000e+00 1.141182e+00 1.141182e+00 0.000000e+00 1.235242e-02
0.000000e+00 8.855000e+00 1.140547e+00 1.140548e+00 0.000000e+00 1.238116e-02
0.000000e+00 8.910000e+00 1.139938e+00 1.139938e+00 0.000000e+00 1.243178e-02
0.000000e+00 8.965000e+00 1.139369e+00 1.139369e+00 0.000000e+00 1.251823e-02
0.000000e+00 9.020000e+00 1.138843e+00 1.138843e+00 0.000000e+00 1.264179e-02
0.000000e+00 9.075000e+00 1.138352e+00 1.138352e+00 0.000000e+00 1.278993e-02
0.000000e+00 9.130000e+00 1.137878e+00 1.137878e+00 0.000000e+00 1.294120e-02
0.000000e+00 9.185000e+00 1.137402e+00 1.137402e+00 0.000000e+00 1.307405e-02
0.000000e+00 9.240000e+00 1.136907e+00 1.136908e+00 0.000000e+00 1.317664e-02
0.000000e+00 9.295000e+00 1.136386e+00 1.136387e+00 0.000000e+00 1.325242e-02
0.000000e+00 9.350000e+00 1.135840e+00 1.135841e+00 0.000000e+00 1.331939e-02
0.000000e+00 9.405000e+00 1.135279e+00 1.135279e+00 0.000000e+00 1.340006e-02
0.000000e+00 9.460000e+00 1.134720e+00 1.134719e+00 0.000000e+00 1.351004e-02
0.000000e+00 9.515000e+00 1.134176e+00 1.134173e+00 0.000000e+00 1.364427e-02
0.000000e+00 9.570000e+00 1.133659e+00 1.133654e+00 0.000000e+00 1.377778e-02
0.000000e+00 9.625000e+00 1.133165e+00 1.133158e+00 0.000000e+00 1.385803e-02
0.000000e+00 9.680000e+00 1.132686e+00 1.132677e+00 0.000000e+00 1.382666e-02
0.000000e+00 9.735000e+00 1.132193e+00 1.132183e+00 0.000000e+00 1.360981e-02
0.000000e+00 9.790000e+00 1.131687e+00 1.131677e+00 0.000000e+00 1.320199e-02
0.000000e+00 9.845000e+00 1.131128e+00 1.131118e+00 0.000000e+00 1.263736e-02
0.000000e+00 9.900000e+00 1.130582e+00 1.130572e+00 0.000000e+00 1.214195e-02
0.000000e+00 9.955000e+00 1.129960e+00 1.129950e+00 0.000000e+00 1.182097e-02
0.000000e+00 1.001000e+01 1.105114e+00 1.105104e+00 -0.000000e+00 -1.013850e-02
0.000000e+00 1.006500e+01 1.105114e+00 1.105104e+00 -0.000000e+00 -1.013850e-02
0.000000e+00 1.012000e+01 1.105114e+00 1.105104e+00 -0.000000e+00 -1.013850e-02
0.000000e+00 1.017500e+01 1.105114e+00 1.105104e+00 -0.000000e+00 -1.013850e-02
0.000000e+00 1.023000e+01 1.105114e+00 1.105104e+00 -0.000000e+00 -1.013850e-02
0.000000e+00 1.028500e+01 1.105114e+00 1.105104e+00 -0.000000e+00 -1.013850e-02
0.000000e+00 1.034000e+01 1.105114e+00 1.105104e+00 -0.000000e+00 -1.013850e-02
0.000000e+00 1.039500e+01 1.105114e+00 1.105104e+00 -0.000000e+00 -1.013850e-02
0.000000e+00 1.045000e+01 1.105114e+00 1.105104e+00 -0.000000e+00 -1.013850e-02
0.000000e+00 1.050500e+01 1.105114e+00 1.105104e+00 -0.000000e+00 -1.013850e-02
0.000000e+00 1.056000e+01 1.105114e+00 1.105104e+00 -0.000000e+00 -1.013850e-02
0.000000e+00 1.061500e+01 1.105114e+00 1.105104e+00 -0.000000e+00 -1.013850e-02
0.000000e+00 1.067000e+01 1.105114e+00 1.105104e+00 -0.000000e+00 -1.013850e-02
0.000000e+00 1.072500e+01 1.105114e+00 1.105104e+00 -0.000000e+00 -1.013850e-02
0.000000e+00 1.078000e+01 1.105114e+00 1.105104e+00 -0.000000e+00 -1.013850e-02
0.000000e+00 1.083500e+01 1.105114e+00 1.105104e+00 -0.000000e+00 -1.013850e-02
0.000000e+00 1.089000e+01 1.105114e+00 1.105104e+00 -0.000000e+00 -1.013850e-02
0.000000e+00 1.094500e+01 1.105114e+00 1.105104e+00 -0.000000e+00 -1.013850e-02
0.000000e+00 1.100000e+01 1.105114e+00 1.105104e+00 -0.000000e+00 -1.013850e-02
