#############TIME##################
2.270537e+01 
###################################
0.000000e+00 0.000000e+00 5.667530e+01 5.668009e+01 0.000000e+00 -3.064458e+00
0.000000e+00 5.500000e-02 5.667530e+01 5.668009e+01 0.000000e+00 -3.064458e+00
0.000000e+00 1.100000e-01 2.146495e+01 2.146566e+01 0.000000e+00 -3.064470e+00
0.000000e+00 1.650000e-01 1.395033e+01 1.395068e+01 0.000000e+00 -2.310100e+00
0.000000e+00 2.200000e-01 1.035056e+01 1.035079e+01 0.000000e+00 -1.936942e+00
0.000000e+00 2.750000e-01 8.099921e+00 8.100081e+00 0.000000e+00 -1.648568e+00
0.000000e+00 3.300000e-01 6.691228e+00 6.691348e+00 0.000000e+00 -1.426357e+00
0.000000e+00 3.850000e-01 5.679277e+00 5.679370e+00 0.000000e+00 -1.254896e+00
0.000000e+00 4.400000e-01 4.964779e+00 4.964854e+00 0.000000e+00 -1.111646e+00
0.000000e+00 4.950000e-01 4.414583e+00 4.414644e+00 0.000000e+00 -9.963033e-01
0.000000e+00 5.500000e-01 3.989229e+00 3.989280e+00 0.000000e+00 -8.984508e-01
0.000000e+00 6.050000e-01 3.651300e+00 3.651344e+00 0.000000e+00 -8.156919e-01
0.000000e+00 6.600000e-01 3.376127e+00 3.376165e+00 0.000000e+00 -7.444460e-01
0.000000e+00 7.150000e-01 3.149137e+00 3.149170e+00 0.000000e+00 -6.828692e-01
0.000000e+00 7.700000e-01 2.958732e+00 2.958761e+00 0.000000e+00 -6.289548e-01
0.000000e+00 8.250000e-01 2.797141e+00 2.797167e+00 0.000000e+00 -5.815711e-01
0.000000e+00 8.800000e-01 2.658196e+00 2.658220e+00 0.000000e+00 -5.396150e-01
0.000000e+00 9.350000e-01 2.537555e+00 2.537577e+00 0.000000e+00 -5.023284e-01
0.000000e+00 9.900000e-01 2.431862e+00 2.431881e+00 0.000000e+00 -4.690038e-01
0.000000e+00 1.045000e+00 2.338662e+00 2.338680e+00 0.000000e+00 -4.390827e-01
0.000000e+00 1.100000e+00 2.256008e+00 2.256025e+00 0.000000e+00 -4.120698e-01
0.000000e+00 1.155000e+00 2.182354e+00 2.182369e+00 0.000000e+00 -3.875677e-01
0.000000e+00 1.210000e+00 2.116396e+00 2.116410e+00 0.000000e+00 -3.652468e-01
0.000000e+00 1.265000e+00 2.057047e+00 2.057060e+00 0.000000e+00 -3.448452e-01
0.000000e+00 1.320000e+00 2.003386e+00 2.003398e+00 0.000000e+00 -3.261459e-01
0.000000e+00 1.375000e+00 1.954654e+00 1.954665e+00 0.000000e+00 -3.089663e-01
0.000000e+00 1.430000e+00 1.910217e+00 1.910228e+00 0.000000e+00 -2.931466e-01
0.000000e+00 1.485000e+00 1.869549e+00 1.869559e+00 0.000000e+00 -2.785471e-01
0.000000e+00 1.540000e+00 1.832197e+00 1.832206e+00 0.000000e+00 -2.650461e-01
0.000000e+00 1.595000e+00 1.797770e+00 1.797779e+00 0.000000e+00 -2.525388e-01
0.000000e+00 1.650000e+00 1.765929e+00 1.765937e+00 0.000000e+00 -2.409349e-01
0.000000e+00 1.705000e+00 1.736386e+00 1.736394e+00 0.000000e+00 -2.301544e-01
0.000000e+00 1.760000e+00 1.708900e+00 1.708907e+00 0.000000e+00 -2.201246e-01
0.000000e+00 1.815000e+00 1.683271e+00 1.683278e+00 0.000000e+00 -2.107776e-01
0.000000e+00 1.870000e+00 1.659333e+00 1.659340e+00 0.000000e+00 -2.020499e-01
0.000000e+00 1.925000e+00 1.636940e+00 1.636946e+00 0.000000e+00 -1.938839e-01
0.000000e+00 1.980000e+00 1.615954e+00 1.615960e+00 0.000000e+00 -1.862298e-01
0.000000e+00 2.035000e+00 1.596248e+00 1.596254e+00 0.000000e+00 -1.790467e-01
0.000000e+00 2.090000e+00 1.577699e+00 1.577705e+00 0.000000e+00 -1.723003e-01
0.000000e+00 2.145000e+00 1.560197e+00 1.560202e+00 0.000000e+00 -1.659615e-01
0.000000e+00 2.200000e+00 1.543645e+00 1.543650e+00 0.000000e+00 -1.600027e-01
0.000000e+00 2.255000e+00 1.527965e+00 1.527970e+00 0.000000e+00 -1.543969e-01
0.000000e+00 2.310000e+00 1.513095e+00 1.513100e+00 0.000000e+00 -1.491165e-01
0.000000e+00 2.365000e+00 1.498983e+00 1.498988e+00 0.000000e+00 -1.441344e-01
0.000000e+00 2.420000e+00 1.485588e+00 1.485592e+00 0.000000e+00 -1.394241e-01
0.000000e+00 2.475000e+00 1.472870e+00 1.472874e+00 0.000000e+00 -1.349617e-01
0.000000e+00 2.530000e+00 1.460793e+00 1.460797e+00 0.000000e+00 -1.307262e-01
0.000000e+00 2.585000e+00 1.449316e+00 1.449320e+00 0.000000e+00 -1.266995e-01
0.000000e+00 2.640000e+00 1.438401e+00 1.438405e+00 0.000000e+00 -1.228669e-01
0.000000e+00 2.695000e+00 1.428007e+00 1.428011e+00 0.000000e+00 -1.192159e-01
0.000000e+00 2.750000e+00 1.418096e+00 1.418100e+00 0.000000e+00 -1.157362e-01
0.000000e+00 2.805000e+00 1.408631e+00 1.408635e+00 0.000000e+00 -1.124183e-01
0.000000e+00 2.860000e+00 1.399580e+00 1.399583e+00 0.000000e+00 -1.092537e-01
0.000000e+00 2.915000e+00 1.390911e+00 1.390915e+00 0.000000e+00 -1.062339e-01
0.000000e+00 2.970000e+00 1.382600e+00 1.382604e+00 0.000000e+00 -1.033512e-01
0.000000e+00 3.025000e+00 1.374623e+00 1.374626e+00 0.000000e+00 -1.005980e-01
0.000000e+00 3.080000e+00 1.366956e+00 1.366959e+00 0.000000e+00 -9.796758e-02
0.000000e+00 3.135000e+00 1.359579e+00 1.359582e+00 0.000000e+00 -9.545339e-02
0.000000e+00 3.190000e+00 1.352474e+00 1.352477e+00 0.000000e+00 -9.304933e-02
0.000000e+00 3.245000e+00 1.345622e+00 1.345624e+00 0.000000e+00 -9.074937e-02
0.000000e+00 3.300000e+00 1.339008e+00 1.339011e+00 0.000000e+00 -8.854753e-02
0.000000e+00 3.355000e+00 1.332621e+00 1.332624e+00 0.000000e+00 -8.643797e-02
0.000000e+00 3.410000e+00 1.326451e+00 1.326454e+00 0.000000e+00 -8.441526e-02
0.000000e+00 3.465000e+00 1.320489e+00 1.320491e+00 0.000000e+00 -8.247453e-02
0.000000e+00 3.520000e+00 1.314727e+00 1.314729e+00 0.000000e+00 -8.061138e-02
0.000000e+00 3.575000e+00 1.309157e+00 1.309159e+00 0.000000e+00 -7.882173e-02
0.000000e+00 3.630000e+00 1.303772e+00 1.303774e+00 0.000000e+00 -7.710145e-02
0.000000e+00 3.685000e+00 1.298562e+00 1.298564e+00 0.000000e+00 -7.544625e-02
0.000000e+00 3.740000e+00 1.293522e+00 1.293524e+00 0.000000e+00 -7.385165e-02
0.000000e+00 3.795000e+00 1.288644e+00 1.288646e+00 0.000000e+00 -7.231331e-02
0.000000e+00 3.850000e+00 1.283922e+00 1.283924e+00 0.000000e+00 -7.082739e-02
0.000000e+00 3.905000e+00 1.279350e+00 1.279352e+00 0.000000e+00 -6.939082e-02
0.000000e+00 3.960000e+00 1.274924e+00 1.274925e+00 0.000000e+00 -6.800132e-02
0.000000e+00 4.015000e+00 1.270635e+00 1.270637e+00 0.000000e+00 -6.665715e-02
0.000000e+00 4.070000e+00 1.266478e+00 1.266480e+00 0.000000e+00 -6.535676e-02
0.000000e+00 4.125000e+00 1.262447e+00 1.262448e+00 0.000000e+00 -6.409851e-02
0.000000e+00 4.180000e+00 1.258534e+00 1.258536e+00 0.000000e+00 -6.288057e-02
0.000000e+00 4.235000e+00 1.254734e+00 1.254736e+00 0.000000e+00 -6.170108e-02
0.000000e+00 4.290000e+00 1.251042e+00 1.251043e+00 0.000000e+00 -6.055841e-02
0.000000e+00 4.345000e+00 1.247451e+00 1.247452e+00 0.000000e+00 -5.945133e-02
0.000000e+00 4.400000e+00 1.243955e+00 1.243957e+00 0.000000e+00 -5.837897e-02
0.000000e+00 4.455000e+00 1.240551e+00 1.240552e+00 0.000000e+00 -5.734059e-02
0.000000e+00 4.510000e+00 1.237233e+00 1.237234e+00 0.000000e+00 -5.633526e-02
0.000000e+00 4.565000e+00 1.233997e+00 1.233998e+00 0.000000e+00 -5.536166e-02
0.000000e+00 4.620000e+00 1.230842e+00 1.230843e+00 0.000000e+00 -5.441806e-02
0.000000e+00 4.675000e+00 1.227764e+00 1.227765e+00 0.000000e+00 -5.350251e-02
0.000000e+00 4.730000e+00 1.224763e+00 1.224764e+00 0.000000e+00 -5.261310e-02
0.000000e+00 4.785000e+00 1.221837e+00 1.221838e+00 0.000000e+00 -5.174814e-02
0.000000e+00 4.840000e+00 1.218984e+00 1.218986e+00 0.000000e+00 -5.090623e-02
0.000000e+00 4.895000e+00 1.216203e+00 1.216204e+00 0.000000e+00 -5.008623e-02
0.000000e+00 4.950000e+00 1.213492e+00 1.213493e+00 0.000000e+00 -4.928711e-02
0.000000e+00 5.005000e+00 1.210849e+00 1.210850e+00 0.000000e+00 -4.850791e-02
0.000000e+00 5.060000e+00 1.208271e+00 1.208273e+00 0.000000e+00 -4.774768e-02
0.000000e+00 5.115000e+00 1.205758e+00 1.205759e+00 0.000000e+00 -4.700556e-02
0.000000e+00 5.170000e+00 1.203306e+00 1.203307e+00 0.000000e+00 -4.628078e-02
0.000000e+00 5.225000e+00 1.200913e+00 1.200914e+00 0.000000e+00 -4.557277e-02
0.000000e+00 5.280000e+00 1.198576e+00 1.198577e+00 0.000000e+00 -4.488118e-02
0.000000e+00 5.335000e+00 1.196293e+00 1.196294e+00 0.000000e+00 -4.420576e-02
0.000000e+00 5.390000e+00 1.194062e+00 1.194063e+00 0.000000e+00 -4.354632e-02
0.000000e+00 5.445000e+00 1.191882e+00 1.191883e+00 0.000000e+00 -4.290252e-02
0.000000e+00 5.500000e+00 1.189751e+00 1.189752e+00 0.000000e+00 -4.227385e-02
0.000000e+00 5.555000e+00 1.187669e+00 1.187670e+00 0.000000e+00 -4.165957e-02
0.000000e+00 5.610000e+00 1.185634e+00 1.185635e+00 0.000000e+00 -4.105891e-02
0.000000e+00 5.665000e+00 1.183644e+00 1.183645e+00 0.000000e+00 -4.047112e-02
0.000000e+00 5.720000e+00 1.181698e+00 1.181699e+00 0.000000e+00 -3.989562e-02
0.000000e+00 5.775000e+00 1.179792e+00 1.179793e+00 0.000000e+00 -3.933189e-02
0.000000e+00 5.830000e+00 1.177926e+00 1.177927e+00 0.000000e+00 -3.877945e-02
0.000000e+00 5.885000e+00 1.176097e+00 1.176098e+00 0.000000e+00 -3.823779e-02
0.000000e+00 5.940000e+00 1.174303e+00 1.174304e+00 0.000000e+00 -3.770647e-02
0.000000e+00 5.995000e+00 1.172544e+00 1.172544e+00 0.000000e+00 -3.718526e-02
0.000000e+00 6.050000e+00 1.170817e+00 1.170818e+00 0.000000e+00 -3.667422e-02
0.000000e+00 6.105000e+00 1.169122e+00 1.169123e+00 0.000000e+00 -3.617365e-02
0.000000e+00 6.160000e+00 1.167457e+00 1.167458e+00 0.000000e+00 -3.568379e-02
0.000000e+00 6.215000e+00 1.165822e+00 1.165822e+00 0.000000e+00 -3.520460e-02
0.000000e+00 6.270000e+00 1.164214e+00 1.164215e+00 0.000000e+00 -3.473569e-02
0.000000e+00 6.325000e+00 1.162633e+00 1.162634e+00 0.000000e+00 -3.427637e-02
0.000000e+00 6.380000e+00 1.161079e+00 1.161079e+00 0.000000e+00 -3.382589e-02
0.000000e+00 6.435000e+00 1.159549e+00 1.159550e+00 0.000000e+00 -3.338368e-02
0.000000e+00 6.490000e+00 1.158044e+00 1.158044e+00 0.000000e+00 -3.294941e-02
0.000000e+00 6.545000e+00 1.156563e+00 1.156563e+00 0.000000e+00 -3.252300e-02
0.000000e+00 6.600000e+00 1.155104e+00 1.155105e+00 0.000000e+00 -3.210439e-02
0.000000e+00 6.655000e+00 1.153669e+00 1.153670e+00 0.000000e+00 -3.169350e-02
0.000000e+00 6.710000e+00 1.152257e+00 1.152258e+00 0.000000e+00 -3.129007e-02
0.000000e+00 6.765000e+00 1.150870e+00 1.150870e+00 0.000000e+00 -3.089364e-02
0.000000e+00 6.820000e+00 1.149507e+00 1.149507e+00 0.000000e+00 -3.050367e-02
0.000000e+00 6.875000e+00 1.148170e+00 1.148170e+00 0.000000e+00 -3.011955e-02
0.000000e+00 6.930000e+00 1.146859e+00 1.146859e+00 0.000000e+00 -2.974069e-02
0.000000e+00 6.985000e+00 1.145574e+00 1.145575e+00 0.000000e+00 -2.936658e-02
0.000000e+00 7.040000e+00 1.144317e+00 1.144317e+00 0.000000e+00 -2.899666e-02
0.000000e+00 7.095000e+00 1.143088e+00 1.143088e+00 0.000000e+00 -2.863036e-02
0.000000e+00 7.150000e+00 1.141888e+00 1.141888e+00 0.000000e+00 -2.826701e-02
0.000000e+00 7.205000e+00 1.140716e+00 1.140716e+00 0.000000e+00 -2.790601e-02
0.000000e+00 7.260000e+00 1.139573e+00 1.139573e+00 0.000000e+00 -2.754690e-02
0.000000e+00 7.315000e+00 1.138457e+00 1.138457e+00 0.000000e+00 -2.718954e-02
0.000000e+00 7.370000e+00 1.137365e+00 1.137366e+00 0.000000e+00 -2.683407e-02
0.000000e+00 7.425000e+00 1.136296e+00 1.136297e+00 0.000000e+00 -2.648099e-02
0.000000e+00 7.480000e+00 1.135245e+00 1.135246e+00 0.000000e+00 -2.613107e-02
0.000000e+00 7.535000e+00 1.134209e+00 1.134210e+00 0.000000e+00 -2.578528e-02
0.000000e+00 7.590000e+00 1.133184e+00 1.133184e+00 0.000000e+00 -2.544463e-02
0.000000e+00 7.645000e+00 1.132166e+00 1.132166e+00 0.000000e+00 -2.511025e-02
0.000000e+00 7.700000e+00 1.131153e+00 1.131154e+00 0.000000e+00 -2.478418e-02
0.000000e+00 7.755000e+00 1.130150e+00 1.130150e+00 0.000000e+00 -2.447049e-02
0.000000e+00 7.810000e+00 1.129162e+00 1.129162e+00 0.000000e+00 -2.417538e-02
0.000000e+00 7.865000e+00 1.128197e+00 1.128197e+00 0.000000e+00 -2.390418e-02
0.000000e+00 7.920000e+00 1.127257e+00 1.127257e+00 0.000000e+00 -2.365552e-02
0.000000e+00 7.975000e+00 1.126334e+00 1.126334e+00 0.000000e+00 -2.341730e-02
0.000000e+00 8.030000e+00 1.125413e+00 1.125413e+00 0.000000e+00 -2.317040e-02
0.000000e+00 8.085000e+00 1.124484e+00 1.124484e+00 0.000000e+00 -2.290024e-02
0.000000e+00 8.140000e+00 1.123554e+00 1.123554e+00 0.000000e+00 -2.260736e-02
0.000000e+00 8.195000e+00 1.122644e+00 1.122644e+00 0.000000e+00 -2.230626e-02
0.000000e+00 8.250000e+00 1.121773e+00 1.121773e+00 0.000000e+00 -2.201224e-02
0.000000e+00 8.305000e+00 1.120942e+00 1.120942e+00 0.000000e+00 -2.172832e-02
0.000000e+00 8.360000e+00 1.120139e+00 1.120139e+00 0.000000e+00 -2.144535e-02
0.000000e+00 8.415000e+00 1.119346e+00 1.119347e+00 0.000000e+00 -2.115447e-02
0.000000e+00 8.470000e+00 1.118561e+00 1.118561e+00 0.000000e+00 -2.085745e-02
0.000000e+00 8.525000e+00 1.117788e+00 1.117788e+00 0.000000e+00 -2.056414e-02
0.000000e+00 8.580000e+00 1.117027e+00 1.117027e+00 0.000000e+00 -2.028191e-02
0.000000e+00 8.635000e+00 1.116275e+00 1.116275e+00 0.000000e+00 -2.001015e-02
0.000000e+00 8.690000e+00 1.115523e+00 1.115523e+00 0.000000e+00 -1.974424e-02
0.000000e+00 8.745000e+00 1.114771e+00 1.114771e+00 0.000000e+00 -1.948162e-02
0.000000e+00 8.800000e+00 1.114024e+00 1.114025e+00 0.000000e+00 -1.922228e-02
0.000000e+00 8.855000e+00 1.113287e+00 1.113287e+00 0.000000e+00 -1.896538e-02
0.000000e+00 8.910000e+00 1.112563e+00 1.112563e+00 0.000000e+00 -1.870775e-02
0.000000e+00 8.965000e+00 1.111851e+00 1.111851e+00 0.000000e+00 -1.844583e-02
0.000000e+00 9.020000e+00 1.111153e+00 1.111153e+00 0.000000e+00 -1.817766e-02
0.000000e+00 9.075000e+00 1.110470e+00 1.110470e+00 0.000000e+00 -1.790268e-02
0.000000e+00 9.130000e+00 1.109803e+00 1.109803e+00 0.000000e+00 -1.762038e-02
0.000000e+00 9.185000e+00 1.109148e+00 1.109148e+00 0.000000e+00 -1.732945e-02
0.000000e+00 9.240000e+00 1.108504e+00 1.108505e+00 0.000000e+00 -1.702694e-02
0.000000e+00 9.295000e+00 1.107869e+00 1.107869e+00 0.000000e+00 -1.670745e-02
0.000000e+00 9.350000e+00 1.107241e+00 1.107241e+00 0.000000e+00 -1.636336e-02
0.000000e+00 9.405000e+00 1.106620e+00 1.106619e+00 0.000000e+00 -1.598953e-02
0.000000e+00 9.460000e+00 1.106007e+00 1.106005e+00 0.000000e+00 -1.559124e-02
0.000000e+00 9.515000e+00 1.105403e+00 1.105399e+00 0.000000e+00 -1.519375e-02
0.000000e+00 9.570000e+00 1.104812e+00 1.104806e+00 0.000000e+00 -1.484081e-02
0.000000e+00 9.625000e+00 1.104234e+00 1.104226e+00 0.000000e+00 -1.458282e-02
0.000000e+00 9.680000e+00 1.103674e+00 1.103666e+00 0.000000e+00 -1.444436e-02
0.000000e+00 9.735000e+00 1.103129e+00 1.103120e+00 0.000000e+00 -1.441095e-02
0.000000e+00 9.790000e+00 1.102605e+00 1.102595e+00 0.000000e+00 -1.441359e-02
0.000000e+00 9.845000e+00 1.102085e+00 1.102075e+00 0.000000e+00 -1.438925e-02
0.000000e+00 9.900000e+00 1.101586e+00 1.101576e+00 0.000000e+00 -1.427500e-02
0.000000e+00 9.955000e+00 1.101053e+00 1.101043e+00 0.000000e+00 -1.412156e-02
0.000000e+00 1.001000e+01 1.105114e+00 1.105104e+00 -0.000000e+00 -1.013850e-02
0.000000e+00 1.006500e+01 1.105114e+00 1.105104e+00 -0.000000e+00 -1.013850e-02
0.000000e+00 1.012000e+01 1.105114e+00 1.105104e+00 -0.000000e+00 -1.013850e-02
0.000000e+00 1.017500e+01 1.105114e+00 1.105104e+00 -0.000000e+00 -1.013850e-02
0.000000e+00 1.023000e+01 1.105114e+00 1.105104e+00 -0.000000e+00 -1.013850e-02
0.000000e+00 1.028500e+01 1.105114e+00 1.105104e+00 -0.000000e+00 -1.013850e-02
0.000000e+00 1.034000e+01 1.105114e+00 1.105104e+00 -0.000000e+00 -1.013850e-02
0.000000e+00 1.039500e+01 1.105114e+00 1.105104e+00 -0.000000e+00 -1.013850e-02
0.000000e+00 1.045000e+01 1.105114e+00 1.105104e+00 -0.000000e+00 -1.013850e-02
0.000000e+00 1.050500e+01 1.105114e+00 1.105104e+00 -0.000000e+00 -1.013850e-02
0.000000e+00 1.056000e+01 1.105114e+00 1.105104e+00 -0.000000e+00 -1.013850e-02
0.000000e+00 1.061500e+01 1.105114e+00 1.105104e+00 -0.000000e+00 -1.013850e-02
0.000000e+00 1.067000e+01 1.105114e+00 1.105104e+00 -0.000000e+00 -1.013850e-02
0.000000e+00 1.072500e+01 1.105114e+00 1.105104e+00 -0.000000e+00 -1.013850e-02
0.000000e+00 1.078000e+01 1.105114e+00 1.105104e+00 -0.000000e+00 -1.013850e-02
0.000000e+00 1.083500e+01 1.105114e+00 1.105104e+00 -0.000000e+00 -1.013850e-02
0.000000e+00 1.089000e+01 1.105114e+00 1.105104e+00 -0.000000e+00 -1.013850e-02
0.000000e+00 1.094500e+01 1.105114e+00 1.105104e+00 -0.000000e+00 -1.013850e-02
0.000000e+00 1.100000e+01 1.105114e+00 1.105104e+00 -0.000000e+00 -1.013850e-02
