#############TIME##################
1.800314e+01 
###################################
0.000000e+00 0.000000e+00 5.585669e+01 5.586139e+01 0.000000e+00 -3.063166e+00
0.000000e+00 5.500000e-02 5.585669e+01 5.586139e+01 0.000000e+00 -3.063166e+00
0.000000e+00 1.100000e-01 2.115006e+01 2.115076e+01 0.000000e+00 -3.063179e+00
0.000000e+00 1.650000e-01 1.374532e+01 1.374566e+01 0.000000e+00 -2.307931e+00
0.000000e+00 2.200000e-01 1.019774e+01 1.019796e+01 0.000000e+00 -1.934294e+00
0.000000e+00 2.750000e-01 7.979482e+00 7.979639e+00 0.000000e+00 -1.645467e+00
0.000000e+00 3.300000e-01 6.591429e+00 6.591546e+00 0.000000e+00 -1.422767e+00
0.000000e+00 3.850000e-01 5.594052e+00 5.594142e+00 0.000000e+00 -1.250863e+00
0.000000e+00 4.400000e-01 4.889978e+00 4.890051e+00 0.000000e+00 -1.107146e+00
0.000000e+00 4.950000e-01 4.348008e+00 4.348067e+00 0.000000e+00 -9.913199e-01
0.000000e+00 5.500000e-01 3.929023e+00 3.929073e+00 0.000000e+00 -8.929827e-01
0.000000e+00 6.050000e-01 3.596196e+00 3.596238e+00 0.000000e+00 -8.097223e-01
0.000000e+00 6.600000e-01 3.324970e+00 3.325007e+00 0.000000e+00 -7.380065e-01
0.000000e+00 7.150000e-01 3.100934e+00 3.100966e+00 0.000000e+00 -6.760236e-01
0.000000e+00 7.700000e-01 2.912774e+00 2.912803e+00 0.000000e+00 -6.217624e-01
0.000000e+00 8.250000e-01 2.753037e+00 2.753062e+00 0.000000e+00 -5.740595e-01
0.000000e+00 8.800000e-01 2.615809e+00 2.615831e+00 0.000000e+00 -5.317703e-01
0.000000e+00 9.350000e-01 2.496877e+00 2.496897e+00 0.000000e+00 -4.941091e-01
0.000000e+00 9.900000e-01 2.392885e+00 2.392904e+00 0.000000e+00 -4.603659e-01
0.000000e+00 1.045000e+00 2.301301e+00 2.301318e+00 0.000000e+00 -4.300018e-01
0.000000e+00 1.100000e+00 2.220087e+00 2.220103e+00 0.000000e+00 -4.025505e-01
0.000000e+00 1.155000e+00 2.147641e+00 2.147655e+00 0.000000e+00 -3.776392e-01
0.000000e+00 1.210000e+00 2.082658e+00 2.082671e+00 0.000000e+00 -3.549498e-01
0.000000e+00 1.265000e+00 2.024081e+00 2.024093e+00 0.000000e+00 -3.342193e-01
0.000000e+00 1.320000e+00 1.971039e+00 1.971050e+00 0.000000e+00 -3.152224e-01
0.000000e+00 1.375000e+00 1.922809e+00 1.922820e+00 0.000000e+00 -2.977683e-01
0.000000e+00 1.430000e+00 1.878787e+00 1.878797e+00 0.000000e+00 -2.816921e-01
0.000000e+00 1.485000e+00 1.838463e+00 1.838472e+00 0.000000e+00 -2.668513e-01
0.000000e+00 1.540000e+00 1.801407e+00 1.801416e+00 0.000000e+00 -2.531209e-01
0.000000e+00 1.595000e+00 1.767250e+00 1.767259e+00 0.000000e+00 -2.403910e-01
0.000000e+00 1.650000e+00 1.735679e+00 1.735687e+00 0.000000e+00 -2.285647e-01
0.000000e+00 1.705000e+00 1.706421e+00 1.706428e+00 0.000000e+00 -2.175577e-01
0.000000e+00 1.760000e+00 1.679239e+00 1.679246e+00 0.000000e+00 -2.072960e-01
0.000000e+00 1.815000e+00 1.653926e+00 1.653933e+00 0.000000e+00 -1.977143e-01
0.000000e+00 1.870000e+00 1.630301e+00 1.630308e+00 0.000000e+00 -1.887546e-01
0.000000e+00 1.925000e+00 1.608205e+00 1.608211e+00 0.000000e+00 -1.803646e-01
0.000000e+00 1.980000e+00 1.587497e+00 1.587502e+00 0.000000e+00 -1.724973e-01
0.000000e+00 2.035000e+00 1.568054e+00 1.568060e+00 0.000000e+00 -1.651105e-01
0.000000e+00 2.090000e+00 1.549770e+00 1.549775e+00 0.000000e+00 -1.581661e-01
0.000000e+00 2.145000e+00 1.532548e+00 1.532553e+00 0.000000e+00 -1.516295e-01
0.000000e+00 2.200000e+00 1.516301e+00 1.516306e+00 0.000000e+00 -1.454694e-01
0.000000e+00 2.255000e+00 1.500954e+00 1.500959e+00 0.000000e+00 -1.396572e-01
0.000000e+00 2.310000e+00 1.486435e+00 1.486439e+00 0.000000e+00 -1.341669e-01
0.000000e+00 2.365000e+00 1.472679e+00 1.472684e+00 0.000000e+00 -1.289750e-01
0.000000e+00 2.420000e+00 1.459631e+00 1.459635e+00 0.000000e+00 -1.240601e-01
0.000000e+00 2.475000e+00 1.447238e+00 1.447242e+00 0.000000e+00 -1.194030e-01
0.000000e+00 2.530000e+00 1.435455e+00 1.435459e+00 0.000000e+00 -1.149861e-01
0.000000e+00 2.585000e+00 1.424241e+00 1.424245e+00 0.000000e+00 -1.107934e-01
0.000000e+00 2.640000e+00 1.413558e+00 1.413562e+00 0.000000e+00 -1.068099e-01
0.000000e+00 2.695000e+00 1.403371e+00 1.403375e+00 0.000000e+00 -1.030220e-01
0.000000e+00 2.750000e+00 1.393648e+00 1.393652e+00 0.000000e+00 -9.941680e-02
0.000000e+00 2.805000e+00 1.384359e+00 1.384362e+00 0.000000e+00 -9.598278e-02
0.000000e+00 2.860000e+00 1.375476e+00 1.375479e+00 0.000000e+00 -9.270936e-02
0.000000e+00 2.915000e+00 1.366976e+00 1.366978e+00 0.000000e+00 -8.958695e-02
0.000000e+00 2.970000e+00 1.358835e+00 1.358837e+00 0.000000e+00 -8.660671e-02
0.000000e+00 3.025000e+00 1.351033e+00 1.351036e+00 0.000000e+00 -8.376043e-02
0.000000e+00 3.080000e+00 1.343552e+00 1.343554e+00 0.000000e+00 -8.104039e-02
0.000000e+00 3.135000e+00 1.336373e+00 1.336375e+00 0.000000e+00 -7.843936e-02
0.000000e+00 3.190000e+00 1.329479e+00 1.329482e+00 0.000000e+00 -7.595056e-02
0.000000e+00 3.245000e+00 1.322855e+00 1.322857e+00 0.000000e+00 -7.356767e-02
0.000000e+00 3.300000e+00 1.316484e+00 1.316487e+00 0.000000e+00 -7.128477e-02
0.000000e+00 3.355000e+00 1.310355e+00 1.310357e+00 0.000000e+00 -6.909631e-02
0.000000e+00 3.410000e+00 1.304454e+00 1.304456e+00 0.000000e+00 -6.699721e-02
0.000000e+00 3.465000e+00 1.298770e+00 1.298772e+00 0.000000e+00 -6.498289e-02
0.000000e+00 3.520000e+00 1.293295e+00 1.293297e+00 0.000000e+00 -6.304941e-02
0.000000e+00 3.575000e+00 1.288018e+00 1.288020e+00 0.000000e+00 -6.119335e-02
0.000000e+00 3.630000e+00 1.282932e+00 1.282934e+00 0.000000e+00 -5.941141e-02
0.000000e+00 3.685000e+00 1.278026e+00 1.278028e+00 0.000000e+00 -5.769995e-02
0.000000e+00 3.740000e+00 1.273290e+00 1.273292e+00 0.000000e+00 -5.605479e-02
0.000000e+00 3.795000e+00 1.268713e+00 1.268715e+00 0.000000e+00 -5.447169e-02
0.000000e+00 3.850000e+00 1.264288e+00 1.264290e+00 0.000000e+00 -5.294758e-02
0.000000e+00 3.905000e+00 1.260010e+00 1.260012e+00 0.000000e+00 -5.148187e-02
0.000000e+00 3.960000e+00 1.255881e+00 1.255883e+00 0.000000e+00 -5.007655e-02
0.000000e+00 4.015000e+00 1.251903e+00 1.251904e+00 0.000000e+00 -4.873431e-02
0.000000e+00 4.070000e+00 1.248075e+00 1.248076e+00 0.000000e+00 -4.745490e-02
0.000000e+00 4.125000e+00 1.244388e+00 1.244390e+00 0.000000e+00 -4.623209e-02
0.000000e+00 4.180000e+00 1.240826e+00 1.240828e+00 0.000000e+00 -4.505425e-02
0.000000e+00 4.235000e+00 1.237369e+00 1.237371e+00 0.000000e+00 -4.390938e-02
0.000000e+00 4.290000e+00 1.234004e+00 1.234006e+00 0.000000e+00 -4.279180e-02
0.000000e+00 4.345000e+00 1.230730e+00 1.230731e+00 0.000000e+00 -4.170480e-02
0.000000e+00 4.400000e+00 1.227551e+00 1.227552e+00 0.000000e+00 -4.065562e-02
0.000000e+00 4.455000e+00 1.224467e+00 1.224468e+00 0.000000e+00 -3.964525e-02
0.000000e+00 4.510000e+00 1.221465e+00 1.221466e+00 0.000000e+00 -3.866177e-02
0.000000e+00 4.565000e+00 1.218521e+00 1.218522e+00 0.000000e+00 -3.768521e-02
0.000000e+00 4.620000e+00 1.215621e+00 1.215622e+00 0.000000e+00 -3.670325e-02
0.000000e+00 4.675000e+00 1.212776e+00 1.212777e+00 0.000000e+00 -3.572611e-02
0.000000e+00 4.730000e+00 1.210025e+00 1.210026e+00 0.000000e+00 -3.478751e-02
0.000000e+00 4.785000e+00 1.207419e+00 1.207420e+00 0.000000e+00 -3.392822e-02
0.000000e+00 4.840000e+00 1.204985e+00 1.204986e+00 0.000000e+00 -3.317068e-02
0.000000e+00 4.895000e+00 1.202707e+00 1.202708e+00 0.000000e+00 -3.250113e-02
0.000000e+00 4.950000e+00 1.200527e+00 1.200528e+00 0.000000e+00 -3.187437e-02
0.000000e+00 5.005000e+00 1.198377e+00 1.198378e+00 0.000000e+00 -3.123986e-02
0.000000e+00 5.060000e+00 1.196215e+00 1.196216e+00 0.000000e+00 -3.057011e-02
0.000000e+00 5.115000e+00 1.194039e+00 1.194040e+00 0.000000e+00 -2.987082e-02
0.000000e+00 5.170000e+00 1.191880e+00 1.191881e+00 0.000000e+00 -2.916919e-02
0.000000e+00 5.225000e+00 1.189775e+00 1.189776e+00 0.000000e+00 -2.849280e-02
0.000000e+00 5.280000e+00 1.187748e+00 1.187748e+00 0.000000e+00 -2.785478e-02
0.000000e+00 5.335000e+00 1.185802e+00 1.185803e+00 0.000000e+00 -2.725242e-02
0.000000e+00 5.390000e+00 1.183929e+00 1.183930e+00 0.000000e+00 -2.667572e-02
0.000000e+00 5.445000e+00 1.182118e+00 1.182119e+00 0.000000e+00 -2.611641e-02
0.000000e+00 5.500000e+00 1.180362e+00 1.180362e+00 0.000000e+00 -2.557109e-02
0.000000e+00 5.555000e+00 1.178657e+00 1.178658e+00 0.000000e+00 -2.503909e-02
0.000000e+00 5.610000e+00 1.177002e+00 1.177003e+00 0.000000e+00 -2.451965e-02
0.000000e+00 5.665000e+00 1.175397e+00 1.175397e+00 0.000000e+00 -2.401144e-02
0.000000e+00 5.720000e+00 1.173839e+00 1.173840e+00 0.000000e+00 -2.351382e-02
0.000000e+00 5.775000e+00 1.172329e+00 1.172330e+00 0.000000e+00 -2.302745e-02
0.000000e+00 5.830000e+00 1.170864e+00 1.170865e+00 0.000000e+00 -2.255315e-02
0.000000e+00 5.885000e+00 1.169441e+00 1.169442e+00 0.000000e+00 -2.209022e-02
0.000000e+00 5.940000e+00 1.168053e+00 1.168054e+00 0.000000e+00 -2.163600e-02
0.000000e+00 5.995000e+00 1.166697e+00 1.166698e+00 0.000000e+00 -2.118738e-02
0.000000e+00 6.050000e+00 1.165372e+00 1.165373e+00 0.000000e+00 -2.074276e-02
0.000000e+00 6.105000e+00 1.164082e+00 1.164082e+00 0.000000e+00 -2.030279e-02
0.000000e+00 6.160000e+00 1.162830e+00 1.162830e+00 0.000000e+00 -1.986912e-02
0.000000e+00 6.215000e+00 1.161619e+00 1.161619e+00 0.000000e+00 -1.944227e-02
0.000000e+00 6.270000e+00 1.160446e+00 1.160446e+00 0.000000e+00 -1.902064e-02
0.000000e+00 6.325000e+00 1.159305e+00 1.159306e+00 0.000000e+00 -1.860151e-02
0.000000e+00 6.380000e+00 1.158191e+00 1.158191e+00 0.000000e+00 -1.818306e-02
0.000000e+00 6.435000e+00 1.157098e+00 1.157098e+00 0.000000e+00 -1.776584e-02
0.000000e+00 6.490000e+00 1.156024e+00 1.156025e+00 0.000000e+00 -1.735236e-02
0.000000e+00 6.545000e+00 1.154968e+00 1.154969e+00 0.000000e+00 -1.694555e-02
0.000000e+00 6.600000e+00 1.153928e+00 1.153928e+00 0.000000e+00 -1.654714e-02
0.000000e+00 6.655000e+00 1.152902e+00 1.152902e+00 0.000000e+00 -1.615737e-02
0.000000e+00 6.710000e+00 1.151890e+00 1.151890e+00 0.000000e+00 -1.577563e-02
0.000000e+00 6.765000e+00 1.150893e+00 1.150894e+00 0.000000e+00 -1.540130e-02
0.000000e+00 6.820000e+00 1.149917e+00 1.149917e+00 0.000000e+00 -1.503387e-02
0.000000e+00 6.875000e+00 1.148964e+00 1.148965e+00 0.000000e+00 -1.467230e-02
0.000000e+00 6.930000e+00 1.148040e+00 1.148040e+00 0.000000e+00 -1.431454e-02
0.000000e+00 6.985000e+00 1.147145e+00 1.147146e+00 0.000000e+00 -1.395764e-02
0.000000e+00 7.040000e+00 1.146281e+00 1.146282e+00 0.000000e+00 -1.359871e-02
0.000000e+00 7.095000e+00 1.145447e+00 1.145447e+00 0.000000e+00 -1.323612e-02
0.000000e+00 7.150000e+00 1.144640e+00 1.144640e+00 0.000000e+00 -1.287000e-02
0.000000e+00 7.205000e+00 1.143857e+00 1.143857e+00 0.000000e+00 -1.250199e-02
0.000000e+00 7.260000e+00 1.143093e+00 1.143094e+00 0.000000e+00 -1.213434e-02
0.000000e+00 7.315000e+00 1.142345e+00 1.142345e+00 0.000000e+00 -1.176901e-02
0.000000e+00 7.370000e+00 1.141608e+00 1.141608e+00 0.000000e+00 -1.140718e-02
0.000000e+00 7.425000e+00 1.140880e+00 1.140880e+00 0.000000e+00 -1.104924e-02
0.000000e+00 7.480000e+00 1.140161e+00 1.140162e+00 0.000000e+00 -1.069491e-02
0.000000e+00 7.535000e+00 1.139452e+00 1.139452e+00 0.000000e+00 -1.034347e-02
0.000000e+00 7.590000e+00 1.138754e+00 1.138754e+00 0.000000e+00 -9.994019e-03
0.000000e+00 7.645000e+00 1.138069e+00 1.138070e+00 0.000000e+00 -9.645728e-03
0.000000e+00 7.700000e+00 1.137402e+00 1.137403e+00 0.000000e+00 -9.298086e-03
0.000000e+00 7.755000e+00 1.136757e+00 1.136757e+00 0.000000e+00 -8.950903e-03
0.000000e+00 7.810000e+00 1.136135e+00 1.136136e+00 0.000000e+00 -8.604097e-03
0.000000e+00 7.865000e+00 1.135539e+00 1.135539e+00 0.000000e+00 -8.257414e-03
0.000000e+00 7.920000e+00 1.134964e+00 1.134964e+00 0.000000e+00 -7.910336e-03
0.000000e+00 7.975000e+00 1.134407e+00 1.134407e+00 0.000000e+00 -7.562305e-03
0.000000e+00 8.030000e+00 1.133862e+00 1.133862e+00 0.000000e+00 -7.213173e-03
0.000000e+00 8.085000e+00 1.133326e+00 1.133326e+00 0.000000e+00 -6.863625e-03
0.000000e+00 8.140000e+00 1.132798e+00 1.132798e+00 0.000000e+00 -6.515318e-03
0.000000e+00 8.195000e+00 1.132278e+00 1.132278e+00 0.000000e+00 -6.170604e-03
0.000000e+00 8.250000e+00 1.131767e+00 1.131767e+00 0.000000e+00 -5.831882e-03
0.000000e+00 8.305000e+00 1.131264e+00 1.131264e+00 0.000000e+00 -5.500772e-03
0.000000e+00 8.360000e+00 1.130769e+00 1.130769e+00 0.000000e+00 -5.177423e-03
0.000000e+00 8.415000e+00 1.130282e+00 1.130283e+00 0.000000e+00 -4.860317e-03
0.000000e+00 8.470000e+00 1.129805e+00 1.129805e+00 0.000000e+00 -4.546722e-03
0.000000e+00 8.525000e+00 1.129339e+00 1.129339e+00 0.000000e+00 -4.233676e-03
0.000000e+00 8.580000e+00 1.128885e+00 1.128886e+00 0.000000e+00 -3.919046e-03
0.000000e+00 8.635000e+00 1.128446e+00 1.128446e+00 0.000000e+00 -3.602156e-03
0.000000e+00 8.690000e+00 1.128021e+00 1.128021e+00 0.000000e+00 -3.283737e-03
0.000000e+00 8.745000e+00 1.127607e+00 1.127607e+00 0.000000e+00 -2.965393e-03
0.000000e+00 8.800000e+00 1.127200e+00 1.127201e+00 0.000000e+00 -2.649010e-03
0.000000e+00 8.855000e+00 1.126795e+00 1.126795e+00 0.000000e+00 -2.336424e-03
0.000000e+00 8.910000e+00 1.126386e+00 1.126386e+00 0.000000e+00 -2.029226e-03
0.000000e+00 8.965000e+00 1.125969e+00 1.125969e+00 0.000000e+00 -1.728354e-03
0.000000e+00 9.020000e+00 1.125547e+00 1.125547e+00 0.000000e+00 -1.433233e-03
0.000000e+00 9.075000e+00 1.125126e+00 1.125126e+00 0.000000e+00 -1.140834e-03
0.000000e+00 9.130000e+00 1.124717e+00 1.124717e+00 0.000000e+00 -8.453887e-04
0.000000e+00 9.185000e+00 1.124330e+00 1.124330e+00 0.000000e+00 -5.395839e-04
0.000000e+00 9.240000e+00 1.123966e+00 1.123967e+00 0.000000e+00 -2.170263e-04
0.000000e+00 9.295000e+00 1.123619e+00 1.123620e+00 0.000000e+00 1.249236e-04
0.000000e+00 9.350000e+00 1.123274e+00 1.123274e+00 0.000000e+00 4.845533e-04
0.000000e+00 9.405000e+00 1.122916e+00 1.122917e+00 0.000000e+00 8.575904e-04
0.000000e+00 9.460000e+00 1.122543e+00 1.122542e+00 0.000000e+00 1.241526e-03
0.000000e+00 9.515000e+00 1.122163e+00 1.122160e+00 0.000000e+00 1.634059e-03
0.000000e+00 9.570000e+00 1.121794e+00 1.121790e+00 0.000000e+00 2.026830e-03
0.000000e+00 9.625000e+00 1.121454e+00 1.121447e+00 0.000000e+00 2.387168e-03
0.000000e+00 9.680000e+00 1.121145e+00 1.121137e+00 0.000000e+00 2.658096e-03
0.000000e+00 9.735000e+00 1.120848e+00 1.120839e+00 0.000000e+00 2.769245e-03
0.000000e+00 9.790000e+00 1.120539e+00 1.120529e+00 0.000000e+00 2.702587e-03
0.000000e+00 9.845000e+00 1.120181e+00 1.120171e+00 0.000000e+00 2.510501e-03
0.000000e+00 9.900000e+00 1.119782e+00 1.119772e+00 0.000000e+00 2.354119e-03
0.000000e+00 9.955000e+00 1.119328e+00 1.119318e+00 0.000000e+00 2.352355e-03
0.000000e+00 1.001000e+01 1.105114e+00 1.105104e+00 -0.000000e+00 -1.013850e-02
0.000000e+00 1.006500e+01 1.105114e+00 1.105104e+00 -0.000000e+00 -1.013850e-02
0.000000e+00 1.012000e+01 1.105114e+00 1.105104e+00 -0.000000e+00 -1.013850e-02
0.000000e+00 1.017500e+01 1.105114e+00 1.105104e+00 -0.000000e+00 -1.013850e-02
0.000000e+00 1.023000e+01 1.105114e+00 1.105104e+00 -0.000000e+00 -1.013850e-02
0.000000e+00 1.028500e+01 1.105114e+00 1.105104e+00 -0.000000e+00 -1.013850e-02
0.000000e+00 1.034000e+01 1.105114e+00 1.105104e+00 -0.000000e+00 -1.013850e-02
0.000000e+00 1.039500e+01 1.105114e+00 1.105104e+00 -0.000000e+00 -1.013850e-02
0.000000e+00 1.045000e+01 1.105114e+00 1.105104e+00 -0.000000e+00 -1.013850e-02
0.000000e+00 1.050500e+01 1.105114e+00 1.105104e+00 -0.000000e+00 -1.013850e-02
0.000000e+00 1.056000e+01 1.105114e+00 1.105104e+00 -0.000000e+00 -1.013850e-02
0.000000e+00 1.061500e+01 1.105114e+00 1.105104e+00 -0.000000e+00 -1.013850e-02
0.000000e+00 1.067000e+01 1.105114e+00 1.105104e+00 -0.000000e+00 -1.013850e-02
0.000000e+00 1.072500e+01 1.105114e+00 1.105104e+00 -0.000000e+00 -1.013850e-02
0.000000e+00 1.078000e+01 1.105114e+00 1.105104e+00 -0.000000e+00 -1.013850e-02
0.000000e+00 1.083500e+01 1.105114e+00 1.105104e+00 -0.000000e+00 -1.013850e-02
0.000000e+00 1.089000e+01 1.105114e+00 1.105104e+00 -0.000000e+00 -1.013850e-02
0.000000e+00 1.094500e+01 1.105114e+00 1.105104e+00 -0.000000e+00 -1.013850e-02
0.000000e+00 1.100000e+01 1.105114e+00 1.105104e+00 -0.000000e+00 -1.013850e-02
