#############TIME##################
5.802556e+00 
###################################
0.000000e+00 0.000000e+00 6.266719e+01 6.267254e+01 0.000000e+00 -3.064971e+00
0.000000e+00 5.500000e-02 6.266719e+01 6.267254e+01 0.000000e+00 -3.064971e+00
0.000000e+00 1.100000e-01 2.373398e+01 2.373480e+01 0.000000e+00 -3.064983e+00
0.000000e+00 1.650000e-01 1.542214e+01 1.542253e+01 0.000000e+00 -2.311106e+00
0.000000e+00 2.200000e-01 1.144017e+01 1.144043e+01 0.000000e+00 -1.938249e+00
0.000000e+00 2.750000e-01 8.951312e+00 8.951499e+00 0.000000e+00 -1.650128e+00
0.000000e+00 3.300000e-01 7.393220e+00 7.393360e+00 0.000000e+00 -1.428168e+00
0.000000e+00 3.850000e-01 6.274061e+00 6.274170e+00 0.000000e+00 -1.256941e+00
0.000000e+00 4.400000e-01 5.483616e+00 5.483704e+00 0.000000e+00 -1.113949e+00
0.000000e+00 4.950000e-01 4.875024e+00 4.875097e+00 0.000000e+00 -9.988398e-01
0.000000e+00 5.500000e-01 4.404697e+00 4.404758e+00 0.000000e+00 -9.011590e-01
0.000000e+00 6.050000e-01 4.030900e+00 4.030952e+00 0.000000e+00 -8.185697e-01
0.000000e+00 6.600000e-01 3.726154e+00 3.726199e+00 0.000000e+00 -7.475282e-01
0.000000e+00 7.150000e-01 3.474315e+00 3.474355e+00 0.000000e+00 -6.862136e-01
0.000000e+00 7.700000e-01 3.262702e+00 3.262738e+00 0.000000e+00 -6.326170e-01
0.000000e+00 8.250000e-01 3.082940e+00 3.082971e+00 0.000000e+00 -5.855756e-01
0.000000e+00 8.800000e-01 2.928397e+00 2.928426e+00 0.000000e+00 -5.439464e-01
0.000000e+00 9.350000e-01 2.794344e+00 2.794370e+00 0.000000e+00 -5.069452e-01
0.000000e+00 9.900000e-01 2.677016e+00 2.677039e+00 0.000000e+00 -4.738637e-01
0.000000e+00 1.045000e+00 2.573568e+00 2.573590e+00 0.000000e+00 -4.441645e-01
0.000000e+00 1.100000e+00 2.481716e+00 2.481736e+00 0.000000e+00 -4.173830e-01
0.000000e+00 1.155000e+00 2.399659e+00 2.399678e+00 0.000000e+00 -3.931483e-01
0.000000e+00 1.210000e+00 2.325931e+00 2.325948e+00 0.000000e+00 -3.711446e-01
0.000000e+00 1.265000e+00 2.259342e+00 2.259358e+00 0.000000e+00 -3.511113e-01
0.000000e+00 1.320000e+00 2.198910e+00 2.198925e+00 0.000000e+00 -3.328258e-01
0.000000e+00 1.375000e+00 2.143822e+00 2.143836e+00 0.000000e+00 -3.161000e-01
0.000000e+00 1.430000e+00 2.093397e+00 2.093410e+00 0.000000e+00 -3.007710e-01
0.000000e+00 1.485000e+00 2.047064e+00 2.047077e+00 0.000000e+00 -2.866978e-01
0.000000e+00 1.540000e+00 2.004342e+00 2.004354e+00 0.000000e+00 -2.737566e-01
0.000000e+00 1.595000e+00 1.964820e+00 1.964832e+00 0.000000e+00 -2.618379e-01
0.000000e+00 1.650000e+00 1.928147e+00 1.928158e+00 0.000000e+00 -2.508452e-01
0.000000e+00 1.705000e+00 1.894020e+00 1.894030e+00 0.000000e+00 -2.406932e-01
0.000000e+00 1.760000e+00 1.862174e+00 1.862184e+00 0.000000e+00 -2.313078e-01
0.000000e+00 1.815000e+00 1.832377e+00 1.832386e+00 0.000000e+00 -2.226246e-01
0.000000e+00 1.870000e+00 1.804424e+00 1.804432e+00 0.000000e+00 -2.145873e-01
0.000000e+00 1.925000e+00 1.778135e+00 1.778144e+00 0.000000e+00 -2.071461e-01
0.000000e+00 1.980000e+00 1.753353e+00 1.753361e+00 0.000000e+00 -2.002562e-01
0.000000e+00 2.035000e+00 1.729936e+00 1.729944e+00 0.000000e+00 -1.938769e-01
0.000000e+00 2.090000e+00 1.707762e+00 1.707769e+00 0.000000e+00 -1.879713e-01
0.000000e+00 2.145000e+00 1.686720e+00 1.686727e+00 0.000000e+00 -1.825058e-01
0.000000e+00 2.200000e+00 1.666712e+00 1.666719e+00 0.000000e+00 -1.774501e-01
0.000000e+00 2.255000e+00 1.647651e+00 1.647657e+00 0.000000e+00 -1.727771e-01
0.000000e+00 2.310000e+00 1.629454e+00 1.629461e+00 0.000000e+00 -1.684630e-01
0.000000e+00 2.365000e+00 1.612050e+00 1.612056e+00 0.000000e+00 -1.644866e-01
0.000000e+00 2.420000e+00 1.595372e+00 1.595377e+00 0.000000e+00 -1.608288e-01
0.000000e+00 2.475000e+00 1.579358e+00 1.579363e+00 0.000000e+00 -1.574729e-01
0.000000e+00 2.530000e+00 1.563953e+00 1.563958e+00 0.000000e+00 -1.544036e-01
0.000000e+00 2.585000e+00 1.549106e+00 1.549111e+00 0.000000e+00 -1.516072e-01
0.000000e+00 2.640000e+00 1.534772e+00 1.534777e+00 0.000000e+00 -1.490711e-01
0.000000e+00 2.695000e+00 1.520909e+00 1.520914e+00 0.000000e+00 -1.467841e-01
0.000000e+00 2.750000e+00 1.507480e+00 1.507485e+00 0.000000e+00 -1.447357e-01
0.000000e+00 2.805000e+00 1.494453e+00 1.494457e+00 0.000000e+00 -1.429159e-01
0.000000e+00 2.860000e+00 1.481793e+00 1.481798e+00 0.000000e+00 -1.413146e-01
0.000000e+00 2.915000e+00 1.469471e+00 1.469476e+00 0.000000e+00 -1.399215e-01
0.000000e+00 2.970000e+00 1.457457e+00 1.457461e+00 0.000000e+00 -1.387273e-01
0.000000e+00 3.025000e+00 1.445725e+00 1.445729e+00 0.000000e+00 -1.377257e-01
0.000000e+00 3.080000e+00 1.434260e+00 1.434263e+00 0.000000e+00 -1.369165e-01
0.000000e+00 3.135000e+00 1.423054e+00 1.423058e+00 0.000000e+00 -1.363031e-01
0.000000e+00 3.190000e+00 1.412099e+00 1.412102e+00 0.000000e+00 -1.358852e-01
0.000000e+00 3.245000e+00 1.401364e+00 1.401367e+00 0.000000e+00 -1.356467e-01
0.000000e+00 3.300000e+00 1.390794e+00 1.390797e+00 0.000000e+00 -1.355485e-01
0.000000e+00 3.355000e+00 1.380317e+00 1.380320e+00 0.000000e+00 -1.355399e-01
0.000000e+00 3.410000e+00 1.369896e+00 1.369899e+00 0.000000e+00 -1.355927e-01
0.000000e+00 3.465000e+00 1.359587e+00 1.359590e+00 0.000000e+00 -1.357495e-01
0.000000e+00 3.520000e+00 1.349581e+00 1.349583e+00 0.000000e+00 -1.361565e-01
0.000000e+00 3.575000e+00 1.340198e+00 1.340200e+00 0.000000e+00 -1.370553e-01
0.000000e+00 3.630000e+00 1.331770e+00 1.331773e+00 0.000000e+00 -1.386891e-01
0.000000e+00 3.685000e+00 1.324406e+00 1.324408e+00 0.000000e+00 -1.411323e-01
0.000000e+00 3.740000e+00 1.317864e+00 1.317867e+00 0.000000e+00 -1.441776e-01
0.000000e+00 3.795000e+00 1.311607e+00 1.311609e+00 0.000000e+00 -1.473739e-01
0.000000e+00 3.850000e+00 1.304969e+00 1.304971e+00 0.000000e+00 -1.501704e-01
0.000000e+00 3.905000e+00 1.297407e+00 1.297409e+00 0.000000e+00 -1.521145e-01
0.000000e+00 3.960000e+00 1.288789e+00 1.288791e+00 0.000000e+00 -1.530772e-01
0.000000e+00 4.015000e+00 1.279510e+00 1.279512e+00 0.000000e+00 -1.533205e-01
0.000000e+00 4.070000e+00 1.270091e+00 1.270092e+00 0.000000e+00 -1.532291e-01
0.000000e+00 4.125000e+00 1.260960e+00 1.260962e+00 0.000000e+00 -1.531130e-01
0.000000e+00 4.180000e+00 1.252406e+00 1.252408e+00 0.000000e+00 -1.531633e-01
0.000000e+00 4.235000e+00 1.244480e+00 1.244482e+00 0.000000e+00 -1.533916e-01
0.000000e+00 4.290000e+00 1.237050e+00 1.237052e+00 0.000000e+00 -1.536698e-01
0.000000e+00 4.345000e+00 1.229957e+00 1.229958e+00 0.000000e+00 -1.538596e-01
0.000000e+00 4.400000e+00 1.223109e+00 1.223110e+00 0.000000e+00 -1.538921e-01
0.000000e+00 4.455000e+00 1.216494e+00 1.216495e+00 0.000000e+00 -1.537699e-01
0.000000e+00 4.510000e+00 1.210147e+00 1.210148e+00 0.000000e+00 -1.535332e-01
0.000000e+00 4.565000e+00 1.204102e+00 1.204103e+00 0.000000e+00 -1.532203e-01
0.000000e+00 4.620000e+00 1.198370e+00 1.198371e+00 0.000000e+00 -1.528443e-01
0.000000e+00 4.675000e+00 1.192934e+00 1.192935e+00 0.000000e+00 -1.523954e-01
0.000000e+00 4.730000e+00 1.187767e+00 1.187768e+00 0.000000e+00 -1.518580e-01
0.000000e+00 4.785000e+00 1.182843e+00 1.182843e+00 0.000000e+00 -1.512218e-01
0.000000e+00 4.840000e+00 1.178138e+00 1.178139e+00 0.000000e+00 -1.504822e-01
0.000000e+00 4.895000e+00 1.173633e+00 1.173634e+00 0.000000e+00 -1.496382e-01
0.000000e+00 4.950000e+00 1.169319e+00 1.169320e+00 0.000000e+00 -1.486946e-01
0.000000e+00 5.005000e+00 1.165195e+00 1.165196e+00 0.000000e+00 -1.476640e-01
0.000000e+00 5.060000e+00 1.161268e+00 1.161269e+00 0.000000e+00 -1.465634e-01
0.000000e+00 5.115000e+00 1.157541e+00 1.157541e+00 0.000000e+00 -1.454074e-01
0.000000e+00 5.170000e+00 1.154004e+00 1.154004e+00 0.000000e+00 -1.442021e-01
0.000000e+00 5.225000e+00 1.150642e+00 1.150642e+00 0.000000e+00 -1.429461e-01
0.000000e+00 5.280000e+00 1.147441e+00 1.147441e+00 0.000000e+00 -1.416377e-01
0.000000e+00 5.335000e+00 1.144399e+00 1.144399e+00 0.000000e+00 -1.402814e-01
0.000000e+00 5.390000e+00 1.141521e+00 1.141522e+00 0.000000e+00 -1.388877e-01
0.000000e+00 5.445000e+00 1.138814e+00 1.138815e+00 0.000000e+00 -1.374679e-01
0.000000e+00 5.500000e+00 1.136276e+00 1.136277e+00 0.000000e+00 -1.360286e-01
0.000000e+00 5.555000e+00 1.133894e+00 1.133894e+00 0.000000e+00 -1.345700e-01
0.000000e+00 5.610000e+00 1.131649e+00 1.131649e+00 0.000000e+00 -1.330890e-01
0.000000e+00 5.665000e+00 1.129522e+00 1.129522e+00 0.000000e+00 -1.315831e-01
0.000000e+00 5.720000e+00 1.127496e+00 1.127496e+00 0.000000e+00 -1.300519e-01
0.000000e+00 5.775000e+00 1.125559e+00 1.125560e+00 0.000000e+00 -1.284970e-01
0.000000e+00 5.830000e+00 1.123703e+00 1.123703e+00 0.000000e+00 -1.269205e-01
0.000000e+00 5.885000e+00 1.121919e+00 1.121919e+00 0.000000e+00 -1.253248e-01
0.000000e+00 5.940000e+00 1.120204e+00 1.120204e+00 0.000000e+00 -1.237132e-01
0.000000e+00 5.995000e+00 1.118557e+00 1.118557e+00 0.000000e+00 -1.220893e-01
0.000000e+00 6.050000e+00 1.116977e+00 1.116977e+00 0.000000e+00 -1.204576e-01
0.000000e+00 6.105000e+00 1.115464e+00 1.115464e+00 0.000000e+00 -1.188221e-01
0.000000e+00 6.160000e+00 1.114019e+00 1.114019e+00 0.000000e+00 -1.171860e-01
0.000000e+00 6.215000e+00 1.112640e+00 1.112640e+00 0.000000e+00 -1.155520e-01
0.000000e+00 6.270000e+00 1.111326e+00 1.111326e+00 0.000000e+00 -1.139222e-01
0.000000e+00 6.325000e+00 1.110073e+00 1.110073e+00 0.000000e+00 -1.122982e-01
0.000000e+00 6.380000e+00 1.108878e+00 1.108878e+00 0.000000e+00 -1.106815e-01
0.000000e+00 6.435000e+00 1.107739e+00 1.107739e+00 0.000000e+00 -1.090730e-01
0.000000e+00 6.490000e+00 1.106651e+00 1.106651e+00 0.000000e+00 -1.074739e-01
0.000000e+00 6.545000e+00 1.105611e+00 1.105611e+00 0.000000e+00 -1.058847e-01
0.000000e+00 6.600000e+00 1.104616e+00 1.104616e+00 0.000000e+00 -1.043063e-01
0.000000e+00 6.655000e+00 1.103661e+00 1.103661e+00 0.000000e+00 -1.027394e-01
0.000000e+00 6.710000e+00 1.102745e+00 1.102745e+00 0.000000e+00 -1.011847e-01
0.000000e+00 6.765000e+00 1.101865e+00 1.101865e+00 0.000000e+00 -9.964290e-02
0.000000e+00 6.820000e+00 1.101018e+00 1.101018e+00 0.000000e+00 -9.811457e-02
0.000000e+00 6.875000e+00 1.100202e+00 1.100202e+00 0.000000e+00 -9.660035e-02
0.000000e+00 6.930000e+00 1.099417e+00 1.099417e+00 0.000000e+00 -9.510077e-02
0.000000e+00 6.985000e+00 1.098659e+00 1.098659e+00 0.000000e+00 -9.361632e-02
0.000000e+00 7.040000e+00 1.097928e+00 1.097927e+00 0.000000e+00 -9.214744e-02
0.000000e+00 7.095000e+00 1.097221e+00 1.097221e+00 0.000000e+00 -9.069450e-02
0.000000e+00 7.150000e+00 1.096539e+00 1.096539e+00 0.000000e+00 -8.925779e-02
0.000000e+00 7.205000e+00 1.095880e+00 1.095879e+00 0.000000e+00 -8.783751e-02
0.000000e+00 7.260000e+00 1.095241e+00 1.095241e+00 0.000000e+00 -8.643381e-02
0.000000e+00 7.315000e+00 1.094624e+00 1.094624e+00 0.000000e+00 -8.504687e-02
0.000000e+00 7.370000e+00 1.094026e+00 1.094026e+00 0.000000e+00 -8.367693e-02
0.000000e+00 7.425000e+00 1.093448e+00 1.093447e+00 0.000000e+00 -8.232425e-02
0.000000e+00 7.480000e+00 1.092887e+00 1.092887e+00 0.000000e+00 -8.098900e-02
0.000000e+00 7.535000e+00 1.092345e+00 1.092345e+00 0.000000e+00 -7.967119e-02
0.000000e+00 7.590000e+00 1.091819e+00 1.091819e+00 0.000000e+00 -7.837067e-02
0.000000e+00 7.645000e+00 1.091309e+00 1.091309e+00 0.000000e+00 -7.708723e-02
0.000000e+00 7.700000e+00 1.090814e+00 1.090814e+00 0.000000e+00 -7.582070e-02
0.000000e+00 7.755000e+00 1.090333e+00 1.090333e+00 0.000000e+00 -7.457103e-02
0.000000e+00 7.810000e+00 1.089866e+00 1.089866e+00 0.000000e+00 -7.333826e-02
0.000000e+00 7.865000e+00 1.089413e+00 1.089412e+00 0.000000e+00 -7.212237e-02
0.000000e+00 7.920000e+00 1.088972e+00 1.088971e+00 0.000000e+00 -7.092326e-02
0.000000e+00 7.975000e+00 1.088543e+00 1.088543e+00 0.000000e+00 -6.974070e-02
0.000000e+00 8.030000e+00 1.088125e+00 1.088125e+00 0.000000e+00 -6.857443e-02
0.000000e+00 8.085000e+00 1.087718e+00 1.087718e+00 0.000000e+00 -6.742421e-02
0.000000e+00 8.140000e+00 1.087321e+00 1.087321e+00 0.000000e+00 -6.628986e-02
0.000000e+00 8.195000e+00 1.086934e+00 1.086933e+00 0.000000e+00 -6.517125e-02
0.000000e+00 8.250000e+00 1.086555e+00 1.086555e+00 0.000000e+00 -6.406821e-02
0.000000e+00 8.305000e+00 1.086185e+00 1.086185e+00 0.000000e+00 -6.298053e-02
0.000000e+00 8.360000e+00 1.085823e+00 1.085822e+00 0.000000e+00 -6.190797e-02
0.000000e+00 8.415000e+00 1.085468e+00 1.085467e+00 0.000000e+00 -6.085027e-02
0.000000e+00 8.470000e+00 1.085119e+00 1.085119e+00 0.000000e+00 -5.980721e-02
0.000000e+00 8.525000e+00 1.084777e+00 1.084777e+00 0.000000e+00 -5.877855e-02
0.000000e+00 8.580000e+00 1.084440e+00 1.084440e+00 0.000000e+00 -5.776405e-02
0.000000e+00 8.635000e+00 1.084109e+00 1.084108e+00 0.000000e+00 -5.676348e-02
0.000000e+00 8.690000e+00 1.083781e+00 1.083781e+00 0.000000e+00 -5.577664e-02
0.000000e+00 8.745000e+00 1.083459e+00 1.083458e+00 0.000000e+00 -5.480336e-02
0.000000e+00 8.800000e+00 1.083140e+00 1.083139e+00 0.000000e+00 -5.384350e-02
0.000000e+00 8.855000e+00 1.082824e+00 1.082824e+00 0.000000e+00 -5.289682e-02
0.000000e+00 8.910000e+00 1.082513e+00 1.082513e+00 0.000000e+00 -5.196298e-02
0.000000e+00 8.965000e+00 1.082205e+00 1.082204e+00 0.000000e+00 -5.104143e-02
0.000000e+00 9.020000e+00 1.081899e+00 1.081899e+00 0.000000e+00 -5.013153e-02
0.000000e+00 9.075000e+00 1.081597e+00 1.081597e+00 0.000000e+00 -4.923256e-02
0.000000e+00 9.130000e+00 1.081298e+00 1.081298e+00 0.000000e+00 -4.834384e-02
0.000000e+00 9.185000e+00 1.081002e+00 1.081002e+00 0.000000e+00 -4.746442e-02
0.000000e+00 9.240000e+00 1.080710e+00 1.080710e+00 0.000000e+00 -4.659314e-02
0.000000e+00 9.295000e+00 1.080421e+00 1.080421e+00 0.000000e+00 -4.572832e-02
0.000000e+00 9.350000e+00 1.080136e+00 1.080136e+00 0.000000e+00 -4.486911e-02
0.000000e+00 9.405000e+00 1.079856e+00 1.079856e+00 0.000000e+00 -4.401470e-02
0.000000e+00 9.460000e+00 1.079580e+00 1.079580e+00 0.000000e+00 -4.316644e-02
0.000000e+00 9.515000e+00 1.079309e+00 1.079309e+00 0.000000e+00 -4.232159e-02
0.000000e+00 9.570000e+00 1.079041e+00 1.079041e+00 0.000000e+00 -4.147870e-02
0.000000e+00 9.625000e+00 1.078781e+00 1.078781e+00 0.000000e+00 -4.062458e-02
0.000000e+00 9.680000e+00 1.078519e+00 1.078519e+00 0.000000e+00 -3.976304e-02
0.000000e+00 9.735000e+00 1.078273e+00 1.078271e+00 0.000000e+00 -3.888386e-02
0.000000e+00 9.790000e+00 1.078011e+00 1.078007e+00 0.000000e+00 -3.804148e-02
0.000000e+00 9.845000e+00 1.077787e+00 1.077781e+00 0.000000e+00 -3.722684e-02
0.000000e+00 9.900000e+00 1.077505e+00 1.077497e+00 0.000000e+00 -3.657017e-02
0.000000e+00 9.955000e+00 1.077371e+00 1.077361e+00 0.000000e+00 -3.591539e-02
0.000000e+00 1.001000e+01 1.105114e+00 1.105104e+00 -0.000000e+00 -1.013850e-02
0.000000e+00 1.006500e+01 1.105114e+00 1.105104e+00 -0.000000e+00 -1.013850e-02
0.000000e+00 1.012000e+01 1.105114e+00 1.105104e+00 -0.000000e+00 -1.013850e-02
0.000000e+00 1.017500e+01 1.105114e+00 1.105104e+00 -0.000000e+00 -1.013850e-02
0.000000e+00 1.023000e+01 1.105114e+00 1.105104e+00 -0.000000e+00 -1.013850e-02
0.000000e+00 1.028500e+01 1.105114e+00 1.105104e+00 -0.000000e+00 -1.013850e-02
0.000000e+00 1.034000e+01 1.105114e+00 1.105104e+00 -0.000000e+00 -1.013850e-02
0.000000e+00 1.039500e+01 1.105114e+00 1.105104e+00 -0.000000e+00 -1.013850e-02
0.000000e+00 1.045000e+01 1.105114e+00 1.105104e+00 -0.000000e+00 -1.013850e-02
0.000000e+00 1.050500e+01 1.105114e+00 1.105104e+00 -0.000000e+00 -1.013850e-02
0.000000e+00 1.056000e+01 1.105114e+00 1.105104e+00 -0.000000e+00 -1.013850e-02
0.000000e+00 1.061500e+01 1.105114e+00 1.105104e+00 -0.000000e+00 -1.013850e-02
0.000000e+00 1.067000e+01 1.105114e+00 1.105104e+00 -0.000000e+00 -1.013850e-02
0.000000e+00 1.072500e+01 1.105114e+00 1.105104e+00 -0.000000e+00 -1.013850e-02
0.000000e+00 1.078000e+01 1.105114e+00 1.105104e+00 -0.000000e+00 -1.013850e-02
0.000000e+00 1.083500e+01 1.105114e+00 1.105104e+00 -0.000000e+00 -1.013850e-02
0.000000e+00 1.089000e+01 1.105114e+00 1.105104e+00 -0.000000e+00 -1.013850e-02
0.000000e+00 1.094500e+01 1.105114e+00 1.105104e+00 -0.000000e+00 -1.013850e-02
0.000000e+00 1.100000e+01 1.105114e+00 1.105104e+00 -0.000000e+00 -1.013850e-02
