#############TIME##################
2.052617e-01 
###################################
0.000000e+00 0.000000e+00 6.341594e+00 6.341969e+00 0.000000e+00 -2.938187e+00
0.000000e+00 5.500000e-02 6.341594e+00 6.341969e+00 0.000000e+00 -2.938187e+00
0.000000e+00 1.100000e-01 2.666300e+00 2.666333e+00 0.000000e+00 -2.937808e+00
0.000000e+00 1.650000e-01 1.900832e+00 1.900842e+00 0.000000e+00 -2.133451e+00
0.000000e+00 2.200000e-01 1.560013e+00 1.560018e+00 0.000000e+00 -1.726187e+00
0.000000e+00 2.750000e-01 1.363622e+00 1.363625e+00 0.000000e+00 -1.401300e+00
0.000000e+00 3.300000e-01 1.259248e+00 1.259249e+00 0.000000e+00 -1.153989e+00
0.000000e+00 3.850000e-01 1.197353e+00 1.197354e+00 0.000000e+00 -9.566467e-01
0.000000e+00 4.400000e-01 1.161250e+00 1.161250e+00 0.000000e+00 -8.000038e-01
0.000000e+00 4.950000e-01 1.139654e+00 1.139655e+00 0.000000e+00 -6.740871e-01
0.000000e+00 5.500000e-01 1.126762e+00 1.126762e+00 0.000000e+00 -5.725331e-01
0.000000e+00 6.050000e-01 1.118954e+00 1.118954e+00 0.000000e+00 -4.901415e-01
0.000000e+00 6.600000e-01 1.114145e+00 1.114145e+00 0.000000e+00 -4.229209e-01
0.000000e+00 7.150000e-01 1.111124e+00 1.111124e+00 0.000000e+00 -3.677157e-01
0.000000e+00 7.700000e-01 1.109194e+00 1.109194e+00 0.000000e+00 -3.220509e-01
0.000000e+00 8.250000e-01 1.107940e+00 1.107940e+00 0.000000e+00 -2.839952e-01
0.000000e+00 8.800000e-01 1.107108e+00 1.107108e+00 0.000000e+00 -2.520430e-01
0.000000e+00 9.350000e-01 1.106544e+00 1.106544e+00 0.000000e+00 -2.250168e-01
0.000000e+00 9.900000e-01 1.106152e+00 1.106152e+00 0.000000e+00 -2.019917e-01
0.000000e+00 1.045000e+00 1.105875e+00 1.105875e+00 0.000000e+00 -1.822379e-01
0.000000e+00 1.100000e+00 1.105675e+00 1.105675e+00 0.000000e+00 -1.651776e-01
0.000000e+00 1.155000e+00 1.105532e+00 1.105532e+00 0.000000e+00 -1.503520e-01
0.000000e+00 1.210000e+00 1.105428e+00 1.105428e+00 0.000000e+00 -1.373952e-01
0.000000e+00 1.265000e+00 1.105354e+00 1.105354e+00 0.000000e+00 -1.260128e-01
0.000000e+00 1.320000e+00 1.105299e+00 1.105299e+00 0.000000e+00 -1.159657e-01
0.000000e+00 1.375000e+00 1.105258e+00 1.105258e+00 0.000000e+00 -1.070574e-01
0.000000e+00 1.430000e+00 1.105228e+00 1.105228e+00 0.000000e+00 -9.912541e-02
0.000000e+00 1.485000e+00 1.105205e+00 1.105205e+00 0.000000e+00 -9.203424e-02
0.000000e+00 1.540000e+00 1.105187e+00 1.105187e+00 0.000000e+00 -8.567075e-02
0.000000e+00 1.595000e+00 1.105173e+00 1.105173e+00 0.000000e+00 -7.993982e-02
0.000000e+00 1.650000e+00 1.105162e+00 1.105162e+00 0.000000e+00 -7.476114e-02
0.000000e+00 1.705000e+00 1.105154e+00 1.105154e+00 0.000000e+00 -7.006660e-02
0.000000e+00 1.760000e+00 1.105147e+00 1.105147e+00 0.000000e+00 -6.579815e-02
0.000000e+00 1.815000e+00 1.105141e+00 1.105141e+00 0.000000e+00 -6.190610e-02
0.000000e+00 1.870000e+00 1.105137e+00 1.105137e+00 0.000000e+00 -5.834776e-02
0.000000e+00 1.925000e+00 1.105133e+00 1.105133e+00 0.000000e+00 -5.508625e-02
0.000000e+00 1.980000e+00 1.105130e+00 1.105130e+00 0.000000e+00 -5.208964e-02
0.000000e+00 2.035000e+00 1.105128e+00 1.105128e+00 0.000000e+00 -4.933012e-02
0.000000e+00 2.090000e+00 1.105126e+00 1.105126e+00 0.000000e+00 -4.678344e-02
0.000000e+00 2.145000e+00 1.105124e+00 1.105124e+00 0.000000e+00 -4.442837e-02
0.000000e+00 2.200000e+00 1.105123e+00 1.105123e+00 0.000000e+00 -4.224621e-02
0.000000e+00 2.255000e+00 1.105121e+00 1.105121e+00 0.000000e+00 -4.022050e-02
0.000000e+00 2.310000e+00 1.105120e+00 1.105120e+00 0.000000e+00 -3.833670e-02
0.000000e+00 2.365000e+00 1.105120e+00 1.105120e+00 0.000000e+00 -3.658188e-02
0.000000e+00 2.420000e+00 1.105119e+00 1.105119e+00 0.000000e+00 -3.494457e-02
0.000000e+00 2.475000e+00 1.105118e+00 1.105118e+00 0.000000e+00 -3.341454e-02
0.000000e+00 2.530000e+00 1.105118e+00 1.105118e+00 0.000000e+00 -3.198264e-02
0.000000e+00 2.585000e+00 1.105117e+00 1.105117e+00 0.000000e+00 -3.064067e-02
0.000000e+00 2.640000e+00 1.105117e+00 1.105117e+00 0.000000e+00 -2.938127e-02
0.000000e+00 2.695000e+00 1.105117e+00 1.105117e+00 0.000000e+00 -2.819782e-02
0.000000e+00 2.750000e+00 1.105116e+00 1.105116e+00 0.000000e+00 -2.708435e-02
0.000000e+00 2.805000e+00 1.105116e+00 1.105116e+00 0.000000e+00 -2.603545e-02
0.000000e+00 2.860000e+00 1.105116e+00 1.105116e+00 0.000000e+00 -2.504623e-02
0.000000e+00 2.915000e+00 1.105116e+00 1.105116e+00 0.000000e+00 -2.411227e-02
0.000000e+00 2.970000e+00 1.105116e+00 1.105116e+00 0.000000e+00 -2.322952e-02
0.000000e+00 3.025000e+00 1.105115e+00 1.105115e+00 0.000000e+00 -2.239431e-02
0.000000e+00 3.080000e+00 1.105115e+00 1.105115e+00 0.000000e+00 -2.160330e-02
0.000000e+00 3.135000e+00 1.105115e+00 1.105115e+00 0.000000e+00 -2.085343e-02
0.000000e+00 3.190000e+00 1.105115e+00 1.105115e+00 0.000000e+00 -2.014189e-02
0.000000e+00 3.245000e+00 1.105115e+00 1.105115e+00 0.000000e+00 -1.946612e-02
0.000000e+00 3.300000e+00 1.105115e+00 1.105115e+00 0.000000e+00 -1.882377e-02
0.000000e+00 3.355000e+00 1.105115e+00 1.105115e+00 0.000000e+00 -1.821266e-02
0.000000e+00 3.410000e+00 1.105115e+00 1.105115e+00 0.000000e+00 -1.763082e-02
0.000000e+00 3.465000e+00 1.105115e+00 1.105115e+00 0.000000e+00 -1.707639e-02
0.000000e+00 3.520000e+00 1.105115e+00 1.105115e+00 0.000000e+00 -1.654769e-02
0.000000e+00 3.575000e+00 1.105115e+00 1.105115e+00 0.000000e+00 -1.604315e-02
0.000000e+00 3.630000e+00 1.105115e+00 1.105115e+00 0.000000e+00 -1.556132e-02
0.000000e+00 3.685000e+00 1.105114e+00 1.105114e+00 0.000000e+00 -1.510086e-02
0.000000e+00 3.740000e+00 1.105114e+00 1.105114e+00 0.000000e+00 -1.466053e-02
0.000000e+00 3.795000e+00 1.105114e+00 1.105114e+00 0.000000e+00 -1.423916e-02
0.000000e+00 3.850000e+00 1.105114e+00 1.105114e+00 0.000000e+00 -1.383570e-02
0.000000e+00 3.905000e+00 1.105114e+00 1.105114e+00 0.000000e+00 -1.344913e-02
0.000000e+00 3.960000e+00 1.105114e+00 1.105114e+00 0.000000e+00 -1.307853e-02
0.000000e+00 4.015000e+00 1.105114e+00 1.105114e+00 0.000000e+00 -1.272303e-02
0.000000e+00 4.070000e+00 1.105114e+00 1.105114e+00 0.000000e+00 -1.238182e-02
0.000000e+00 4.125000e+00 1.105114e+00 1.105114e+00 0.000000e+00 -1.205415e-02
0.000000e+00 4.180000e+00 1.105114e+00 1.105114e+00 0.000000e+00 -1.173931e-02
0.000000e+00 4.235000e+00 1.105114e+00 1.105114e+00 0.000000e+00 -1.143665e-02
0.000000e+00 4.290000e+00 1.105114e+00 1.105114e+00 0.000000e+00 -1.114553e-02
0.000000e+00 4.345000e+00 1.105114e+00 1.105114e+00 0.000000e+00 -1.086538e-02
0.000000e+00 4.400000e+00 1.105114e+00 1.105114e+00 0.000000e+00 -1.059566e-02
0.000000e+00 4.455000e+00 1.105114e+00 1.105114e+00 0.000000e+00 -1.033586e-02
0.000000e+00 4.510000e+00 1.105114e+00 1.105114e+00 0.000000e+00 -1.008549e-02
0.000000e+00 4.565000e+00 1.105114e+00 1.105114e+00 0.000000e+00 -9.844103e-03
0.000000e+00 4.620000e+00 1.105114e+00 1.105114e+00 0.000000e+00 -9.611279e-03
0.000000e+00 4.675000e+00 1.105114e+00 1.105114e+00 0.000000e+00 -9.386615e-03
0.000000e+00 4.730000e+00 1.105114e+00 1.105114e+00 0.000000e+00 -9.169734e-03
0.000000e+00 4.785000e+00 1.105114e+00 1.105114e+00 0.000000e+00 -8.960282e-03
0.000000e+00 4.840000e+00 1.105114e+00 1.105114e+00 0.000000e+00 -8.757923e-03
0.000000e+00 4.895000e+00 1.105114e+00 1.105114e+00 0.000000e+00 -8.562340e-03
0.000000e+00 4.950000e+00 1.105114e+00 1.105114e+00 0.000000e+00 -8.373234e-03
0.000000e+00 5.005000e+00 1.105114e+00 1.105114e+00 0.000000e+00 -8.190323e-03
0.000000e+00 5.060000e+00 1.105114e+00 1.105114e+00 0.000000e+00 -8.013339e-03
0.000000e+00 5.115000e+00 1.105114e+00 1.105114e+00 0.000000e+00 -7.842028e-03
0.000000e+00 5.170000e+00 1.105114e+00 1.105114e+00 0.000000e+00 -7.676151e-03
0.000000e+00 5.225000e+00 1.105114e+00 1.105114e+00 0.000000e+00 -7.515481e-03
0.000000e+00 5.280000e+00 1.105114e+00 1.105114e+00 0.000000e+00 -7.359801e-03
0.000000e+00 5.335000e+00 1.105114e+00 1.105114e+00 0.000000e+00 -7.208908e-03
0.000000e+00 5.390000e+00 1.105114e+00 1.105114e+00 0.000000e+00 -7.062607e-03
0.000000e+00 5.445000e+00 1.105114e+00 1.105114e+00 0.000000e+00 -6.920714e-03
0.000000e+00 5.500000e+00 1.105114e+00 1.105114e+00 0.000000e+00 -6.783054e-03
0.000000e+00 5.555000e+00 1.105114e+00 1.105114e+00 0.000000e+00 -6.649459e-03
0.000000e+00 5.610000e+00 1.105114e+00 1.105114e+00 0.000000e+00 -6.519772e-03
0.000000e+00 5.665000e+00 1.105114e+00 1.105114e+00 0.000000e+00 -6.393842e-03
0.000000e+00 5.720000e+00 1.105114e+00 1.105114e+00 0.000000e+00 -6.271524e-03
0.000000e+00 5.775000e+00 1.105114e+00 1.105114e+00 0.000000e+00 -6.152682e-03
0.000000e+00 5.830000e+00 1.105114e+00 1.105114e+00 0.000000e+00 -6.037186e-03
0.000000e+00 5.885000e+00 1.105114e+00 1.105114e+00 0.000000e+00 -5.924911e-03
0.000000e+00 5.940000e+00 1.105114e+00 1.105114e+00 0.000000e+00 -5.815739e-03
0.000000e+00 5.995000e+00 1.105114e+00 1.105114e+00 0.000000e+00 -5.709556e-03
0.000000e+00 6.050000e+00 1.105114e+00 1.105114e+00 0.000000e+00 -5.606254e-03
0.000000e+00 6.105000e+00 1.105114e+00 1.105114e+00 0.000000e+00 -5.505730e-03
0.000000e+00 6.160000e+00 1.105114e+00 1.105114e+00 0.000000e+00 -5.407885e-03
0.000000e+00 6.215000e+00 1.105114e+00 1.105114e+00 0.000000e+00 -5.312625e-03
0.000000e+00 6.270000e+00 1.105114e+00 1.105114e+00 0.000000e+00 -5.219859e-03
0.000000e+00 6.325000e+00 1.105114e+00 1.105114e+00 0.000000e+00 -5.129502e-03
0.000000e+00 6.380000e+00 1.105114e+00 1.105114e+00 0.000000e+00 -5.041471e-03
0.000000e+00 6.435000e+00 1.105114e+00 1.105114e+00 0.000000e+00 -4.955686e-03
0.000000e+00 6.490000e+00 1.105114e+00 1.105114e+00 0.000000e+00 -4.872072e-03
0.000000e+00 6.545000e+00 1.105114e+00 1.105114e+00 0.000000e+00 -4.790556e-03
0.000000e+00 6.600000e+00 1.105114e+00 1.105114e+00 0.000000e+00 -4.711068e-03
0.000000e+00 6.655000e+00 1.105114e+00 1.105114e+00 0.000000e+00 -4.633542e-03
0.000000e+00 6.710000e+00 1.105114e+00 1.105114e+00 0.000000e+00 -4.557914e-03
0.000000e+00 6.765000e+00 1.105114e+00 1.105114e+00 0.000000e+00 -4.484123e-03
0.000000e+00 6.820000e+00 1.105114e+00 1.105114e+00 0.000000e+00 -4.412108e-03
0.000000e+00 6.875000e+00 1.105114e+00 1.105114e+00 0.000000e+00 -4.341815e-03
0.000000e+00 6.930000e+00 1.105114e+00 1.105114e+00 0.000000e+00 -4.273188e-03
0.000000e+00 6.985000e+00 1.105114e+00 1.105114e+00 0.000000e+00 -4.206175e-03
0.000000e+00 7.040000e+00 1.105114e+00 1.105114e+00 0.000000e+00 -4.140726e-03
0.000000e+00 7.095000e+00 1.105114e+00 1.105114e+00 0.000000e+00 -4.076792e-03
0.000000e+00 7.150000e+00 1.105114e+00 1.105114e+00 0.000000e+00 -4.014328e-03
0.000000e+00 7.205000e+00 1.105114e+00 1.105114e+00 0.000000e+00 -3.953288e-03
0.000000e+00 7.260000e+00 1.105114e+00 1.105114e+00 0.000000e+00 -3.893630e-03
0.000000e+00 7.315000e+00 1.105114e+00 1.105114e+00 0.000000e+00 -3.835312e-03
0.000000e+00 7.370000e+00 1.105114e+00 1.105114e+00 0.000000e+00 -3.778294e-03
0.000000e+00 7.425000e+00 1.105114e+00 1.105114e+00 0.000000e+00 -3.722539e-03
0.000000e+00 7.480000e+00 1.105114e+00 1.105114e+00 0.000000e+00 -3.668008e-03
0.000000e+00 7.535000e+00 1.105114e+00 1.105114e+00 0.000000e+00 -3.614667e-03
0.000000e+00 7.590000e+00 1.105114e+00 1.105114e+00 0.000000e+00 -3.562480e-03
0.000000e+00 7.645000e+00 1.105114e+00 1.105114e+00 0.000000e+00 -3.511416e-03
0.000000e+00 7.700000e+00 1.105114e+00 1.105114e+00 0.000000e+00 -3.461442e-03
0.000000e+00 7.755000e+00 1.105114e+00 1.105114e+00 0.000000e+00 -3.412526e-03
0.000000e+00 7.810000e+00 1.105114e+00 1.105114e+00 0.000000e+00 -3.364641e-03
0.000000e+00 7.865000e+00 1.105114e+00 1.105114e+00 0.000000e+00 -3.317756e-03
0.000000e+00 7.920000e+00 1.105114e+00 1.105114e+00 0.000000e+00 -3.271844e-03
0.000000e+00 7.975000e+00 1.105114e+00 1.105114e+00 0.000000e+00 -3.226879e-03
0.000000e+00 8.030000e+00 1.105114e+00 1.105114e+00 0.000000e+00 -3.182834e-03
0.000000e+00 8.085000e+00 1.105114e+00 1.105114e+00 0.000000e+00 -3.139685e-03
0.000000e+00 8.140000e+00 1.105114e+00 1.105114e+00 0.000000e+00 -3.097407e-03
0.000000e+00 8.195000e+00 1.105114e+00 1.105114e+00 0.000000e+00 -3.055977e-03
0.000000e+00 8.250000e+00 1.105114e+00 1.105114e+00 0.000000e+00 -3.015373e-03
0.000000e+00 8.305000e+00 1.105114e+00 1.105114e+00 0.000000e+00 -2.975573e-03
0.000000e+00 8.360000e+00 1.105114e+00 1.105114e+00 0.000000e+00 -2.936556e-03
0.000000e+00 8.415000e+00 1.105114e+00 1.105114e+00 0.000000e+00 -2.898301e-03
0.000000e+00 8.470000e+00 1.105114e+00 1.105114e+00 0.000000e+00 -2.860788e-03
0.000000e+00 8.525000e+00 1.105114e+00 1.105114e+00 0.000000e+00 -2.823999e-03
0.000000e+00 8.580000e+00 1.105114e+00 1.105114e+00 0.000000e+00 -2.787916e-03
0.000000e+00 8.635000e+00 1.105114e+00 1.105114e+00 0.000000e+00 -2.752519e-03
0.000000e+00 8.690000e+00 1.105114e+00 1.105114e+00 0.000000e+00 -2.717792e-03
0.000000e+00 8.745000e+00 1.105114e+00 1.105114e+00 0.000000e+00 -2.683718e-03
0.000000e+00 8.800000e+00 1.105114e+00 1.105114e+00 0.000000e+00 -2.650281e-03
0.000000e+00 8.855000e+00 1.105114e+00 1.105114e+00 0.000000e+00 -2.617465e-03
0.000000e+00 8.910000e+00 1.105114e+00 1.105114e+00 0.000000e+00 -2.585255e-03
0.000000e+00 8.965000e+00 1.105114e+00 1.105114e+00 0.000000e+00 -2.553635e-03
0.000000e+00 9.020000e+00 1.105114e+00 1.105114e+00 0.000000e+00 -2.522593e-03
0.000000e+00 9.075000e+00 1.105114e+00 1.105114e+00 0.000000e+00 -2.492112e-03
0.000000e+00 9.130000e+00 1.105114e+00 1.105114e+00 0.000000e+00 -2.462176e-03
0.000000e+00 9.185000e+00 1.105114e+00 1.105114e+00 0.000000e+00 -2.432791e-03
0.000000e+00 9.240000e+00 1.105114e+00 1.105114e+00 0.000000e+00 -2.403965e-03
0.000000e+00 9.295000e+00 1.105114e+00 1.105114e+00 0.000000e+00 -2.375526e-03
0.000000e+00 9.350000e+00 1.105114e+00 1.105114e+00 0.000000e+00 -2.347254e-03
0.000000e+00 9.405000e+00 1.105114e+00 1.105114e+00 0.000000e+00 -2.320336e-03
0.000000e+00 9.460000e+00 1.105118e+00 1.105118e+00 0.000000e+00 -2.297081e-03
0.000000e+00 9.515000e+00 1.105119e+00 1.105119e+00 0.000000e+00 -2.271129e-03
0.000000e+00 9.570000e+00 1.105096e+00 1.105096e+00 0.000000e+00 -2.224367e-03
0.000000e+00 9.625000e+00 1.105079e+00 1.105079e+00 0.000000e+00 -2.183560e-03
0.000000e+00 9.680000e+00 1.105269e+00 1.105269e+00 0.000000e+00 -2.331111e-03
0.000000e+00 9.735000e+00 1.106170e+00 1.106170e+00 0.000000e+00 -3.112889e-03
0.000000e+00 9.790000e+00 1.107970e+00 1.107971e+00 0.000000e+00 -4.743951e-03
0.000000e+00 9.845000e+00 1.109872e+00 1.109872e+00 0.000000e+00 -6.356565e-03
0.000000e+00 9.900000e+00 1.110551e+00 1.110549e+00 0.000000e+00 -7.059035e-03
0.000000e+00 9.955000e+00 1.109927e+00 1.109921e+00 0.000000e+00 -6.182250e-03
0.000000e+00 1.001000e+01 1.105114e+00 1.105104e+00 -0.000000e+00 -1.013850e-02
0.000000e+00 1.006500e+01 1.105114e+00 1.105104e+00 -0.000000e+00 -1.013850e-02
0.000000e+00 1.012000e+01 1.105114e+00 1.105104e+00 -0.000000e+00 -1.013850e-02
0.000000e+00 1.017500e+01 1.105114e+00 1.105104e+00 -0.000000e+00 -1.013850e-02
0.000000e+00 1.023000e+01 1.105114e+00 1.105104e+00 -0.000000e+00 -1.013850e-02
0.000000e+00 1.028500e+01 1.105114e+00 1.105104e+00 -0.000000e+00 -1.013850e-02
0.000000e+00 1.034000e+01 1.105114e+00 1.105104e+00 -0.000000e+00 -1.013850e-02
0.000000e+00 1.039500e+01 1.105114e+00 1.105104e+00 -0.000000e+00 -1.013850e-02
0.000000e+00 1.045000e+01 1.105114e+00 1.105104e+00 -0.000000e+00 -1.013850e-02
0.000000e+00 1.050500e+01 1.105114e+00 1.105104e+00 -0.000000e+00 -1.013850e-02
0.000000e+00 1.056000e+01 1.105114e+00 1.105104e+00 -0.000000e+00 -1.013850e-02
0.000000e+00 1.061500e+01 1.105114e+00 1.105104e+00 -0.000000e+00 -1.013850e-02
0.000000e+00 1.067000e+01 1.105114e+00 1.105104e+00 -0.000000e+00 -1.013850e-02
0.000000e+00 1.072500e+01 1.105114e+00 1.105104e+00 -0.000000e+00 -1.013850e-02
0.000000e+00 1.078000e+01 1.105114e+00 1.105104e+00 -0.000000e+00 -1.013850e-02
0.000000e+00 1.083500e+01 1.105114e+00 1.105104e+00 -0.000000e+00 -1.013850e-02
0.000000e+00 1.089000e+01 1.105114e+00 1.105104e+00 -0.000000e+00 -1.013850e-02
0.000000e+00 1.094500e+01 1.105114e+00 1.105104e+00 -0.000000e+00 -1.013850e-02
0.000000e+00 1.100000e+01 1.105114e+00 1.105104e+00 -0.000000e+00 -1.013850e-02
