#############TIME##################
1.140515e+01 
###################################
0.000000e+00 0.000000e+00 6.010675e+01 6.011185e+01 0.000000e+00 -3.062059e+00
0.000000e+00 5.500000e-02 6.010675e+01 6.011185e+01 0.000000e+00 -3.062059e+00
0.000000e+00 1.100000e-01 2.275376e+01 2.275453e+01 0.000000e+00 -3.062071e+00
0.000000e+00 1.650000e-01 1.479002e+01 1.479039e+01 0.000000e+00 -2.305704e+00
0.000000e+00 2.200000e-01 1.097435e+01 1.097460e+01 0.000000e+00 -1.931464e+00
0.000000e+00 2.750000e-01 8.587340e+00 8.587515e+00 0.000000e+00 -1.642090e+00
0.000000e+00 3.300000e-01 7.094162e+00 7.094294e+00 0.000000e+00 -1.418813e+00
0.000000e+00 3.850000e-01 6.020630e+00 6.020732e+00 0.000000e+00 -1.246389e+00
0.000000e+00 4.400000e-01 5.262659e+00 5.262741e+00 0.000000e+00 -1.102177e+00
0.000000e+00 4.950000e-01 4.679017e+00 4.679084e+00 0.000000e+00 -9.858869e-01
0.000000e+00 5.500000e-01 4.227582e+00 4.227639e+00 0.000000e+00 -8.871542e-01
0.000000e+00 6.050000e-01 3.869123e+00 3.869171e+00 0.000000e+00 -8.034841e-01
0.000000e+00 6.600000e-01 3.577202e+00 3.577244e+00 0.000000e+00 -7.313330e-01
0.000000e+00 7.150000e-01 3.336273e+00 3.336310e+00 0.000000e+00 -6.688844e-01
0.000000e+00 7.700000e-01 3.134091e+00 3.134124e+00 0.000000e+00 -6.141307e-01
0.000000e+00 8.250000e-01 2.962551e+00 2.962581e+00 0.000000e+00 -5.659203e-01
0.000000e+00 8.800000e-01 2.815216e+00 2.815242e+00 0.000000e+00 -5.231269e-01
0.000000e+00 9.350000e-01 2.687500e+00 2.687524e+00 0.000000e+00 -4.849802e-01
0.000000e+00 9.900000e-01 2.575776e+00 2.575798e+00 0.000000e+00 -4.507801e-01
0.000000e+00 1.045000e+00 2.477332e+00 2.477352e+00 0.000000e+00 -4.199883e-01
0.000000e+00 1.100000e+00 2.390009e+00 2.390027e+00 0.000000e+00 -3.921314e-01
0.000000e+00 1.155000e+00 2.312123e+00 2.312140e+00 0.000000e+00 -3.668248e-01
0.000000e+00 1.210000e+00 2.242303e+00 2.242319e+00 0.000000e+00 -3.437377e-01
0.000000e+00 1.265000e+00 2.179432e+00 2.179447e+00 0.000000e+00 -3.225983e-01
0.000000e+00 1.320000e+00 2.122567e+00 2.122581e+00 0.000000e+00 -3.031797e-01
0.000000e+00 1.375000e+00 2.070908e+00 2.070921e+00 0.000000e+00 -2.852979e-01
0.000000e+00 1.430000e+00 2.023768e+00 2.023780e+00 0.000000e+00 -2.688017e-01
0.000000e+00 1.485000e+00 1.980563e+00 1.980574e+00 0.000000e+00 -2.535644e-01
0.000000e+00 1.540000e+00 1.940805e+00 1.940816e+00 0.000000e+00 -2.394729e-01
0.000000e+00 1.595000e+00 1.904096e+00 1.904107e+00 0.000000e+00 -2.264205e-01
0.000000e+00 1.650000e+00 1.870117e+00 1.870127e+00 0.000000e+00 -2.143034e-01
0.000000e+00 1.705000e+00 1.838609e+00 1.838618e+00 0.000000e+00 -2.030223e-01
0.000000e+00 1.760000e+00 1.809350e+00 1.809359e+00 0.000000e+00 -1.924869e-01
0.000000e+00 1.815000e+00 1.782142e+00 1.782151e+00 0.000000e+00 -1.826201e-01
0.000000e+00 1.870000e+00 1.756795e+00 1.756803e+00 0.000000e+00 -1.733606e-01
0.000000e+00 1.925000e+00 1.733124e+00 1.733132e+00 0.000000e+00 -1.646619e-01
0.000000e+00 1.980000e+00 1.710954e+00 1.710961e+00 0.000000e+00 -1.564890e-01
0.000000e+00 2.035000e+00 1.690127e+00 1.690134e+00 0.000000e+00 -1.488115e-01
0.000000e+00 2.090000e+00 1.670517e+00 1.670524e+00 0.000000e+00 -1.415960e-01
0.000000e+00 2.145000e+00 1.652032e+00 1.652039e+00 0.000000e+00 -1.348021e-01
0.000000e+00 2.200000e+00 1.634608e+00 1.634614e+00 0.000000e+00 -1.283834e-01
0.000000e+00 2.255000e+00 1.618190e+00 1.618196e+00 0.000000e+00 -1.222959e-01
0.000000e+00 2.310000e+00 1.602710e+00 1.602716e+00 0.000000e+00 -1.165087e-01
0.000000e+00 2.365000e+00 1.588074e+00 1.588080e+00 0.000000e+00 -1.110105e-01
0.000000e+00 2.420000e+00 1.574169e+00 1.574175e+00 0.000000e+00 -1.058066e-01
0.000000e+00 2.475000e+00 1.560885e+00 1.560891e+00 0.000000e+00 -1.009065e-01
0.000000e+00 2.530000e+00 1.548145e+00 1.548150e+00 0.000000e+00 -9.630866e-02
0.000000e+00 2.585000e+00 1.535915e+00 1.535920e+00 0.000000e+00 -9.199153e-02
0.000000e+00 2.640000e+00 1.524202e+00 1.524207e+00 0.000000e+00 -8.791550e-02
0.000000e+00 2.695000e+00 1.513028e+00 1.513033e+00 0.000000e+00 -8.403531e-02
0.000000e+00 2.750000e+00 1.502400e+00 1.502404e+00 0.000000e+00 -8.031455e-02
0.000000e+00 2.805000e+00 1.492297e+00 1.492301e+00 0.000000e+00 -7.673435e-02
0.000000e+00 2.860000e+00 1.482674e+00 1.482678e+00 0.000000e+00 -7.329256e-02
0.000000e+00 2.915000e+00 1.473472e+00 1.473477e+00 0.000000e+00 -6.999597e-02
0.000000e+00 2.970000e+00 1.464640e+00 1.464644e+00 0.000000e+00 -6.685106e-02
0.000000e+00 3.025000e+00 1.456138e+00 1.456142e+00 0.000000e+00 -6.385812e-02
0.000000e+00 3.080000e+00 1.447946e+00 1.447950e+00 0.000000e+00 -6.101009e-02
0.000000e+00 3.135000e+00 1.440053e+00 1.440057e+00 0.000000e+00 -5.829497e-02
0.000000e+00 3.190000e+00 1.432454e+00 1.432458e+00 0.000000e+00 -5.569951e-02
0.000000e+00 3.245000e+00 1.425142e+00 1.425145e+00 0.000000e+00 -5.321249e-02
0.000000e+00 3.300000e+00 1.418100e+00 1.418103e+00 0.000000e+00 -5.082687e-02
0.000000e+00 3.355000e+00 1.411305e+00 1.411309e+00 0.000000e+00 -4.854034e-02
0.000000e+00 3.410000e+00 1.404731e+00 1.404734e+00 0.000000e+00 -4.635415e-02
0.000000e+00 3.465000e+00 1.398348e+00 1.398351e+00 0.000000e+00 -4.427053e-02
0.000000e+00 3.520000e+00 1.392136e+00 1.392140e+00 0.000000e+00 -4.228957e-02
0.000000e+00 3.575000e+00 1.386087e+00 1.386090e+00 0.000000e+00 -4.040658e-02
0.000000e+00 3.630000e+00 1.380204e+00 1.380207e+00 0.000000e+00 -3.861120e-02
0.000000e+00 3.685000e+00 1.374502e+00 1.374505e+00 0.000000e+00 -3.688861e-02
0.000000e+00 3.740000e+00 1.369000e+00 1.369003e+00 0.000000e+00 -3.522229e-02
0.000000e+00 3.795000e+00 1.363713e+00 1.363716e+00 0.000000e+00 -3.359748e-02
0.000000e+00 3.850000e+00 1.358649e+00 1.358652e+00 0.000000e+00 -3.200430e-02
0.000000e+00 3.905000e+00 1.353798e+00 1.353800e+00 0.000000e+00 -3.043968e-02
0.000000e+00 3.960000e+00 1.349138e+00 1.349140e+00 0.000000e+00 -2.890765e-02
0.000000e+00 4.015000e+00 1.344637e+00 1.344639e+00 0.000000e+00 -2.741780e-02
0.000000e+00 4.070000e+00 1.340258e+00 1.340261e+00 0.000000e+00 -2.598210e-02
0.000000e+00 4.125000e+00 1.335972e+00 1.335975e+00 0.000000e+00 -2.461109e-02
0.000000e+00 4.180000e+00 1.331757e+00 1.331760e+00 0.000000e+00 -2.331050e-02
0.000000e+00 4.235000e+00 1.327608e+00 1.327611e+00 0.000000e+00 -2.207964e-02
0.000000e+00 4.290000e+00 1.323528e+00 1.323531e+00 0.000000e+00 -2.091205e-02
0.000000e+00 4.345000e+00 1.319529e+00 1.319531e+00 0.000000e+00 -1.979806e-02
0.000000e+00 4.400000e+00 1.315620e+00 1.315622e+00 0.000000e+00 -1.872806e-02
0.000000e+00 4.455000e+00 1.311806e+00 1.311809e+00 0.000000e+00 -1.769481e-02
0.000000e+00 4.510000e+00 1.308090e+00 1.308092e+00 0.000000e+00 -1.669421e-02
0.000000e+00 4.565000e+00 1.304469e+00 1.304472e+00 0.000000e+00 -1.572423e-02
0.000000e+00 4.620000e+00 1.300943e+00 1.300945e+00 0.000000e+00 -1.478325e-02
0.000000e+00 4.675000e+00 1.297511e+00 1.297513e+00 0.000000e+00 -1.386873e-02
0.000000e+00 4.730000e+00 1.294177e+00 1.294179e+00 0.000000e+00 -1.297708e-02
0.000000e+00 4.785000e+00 1.290941e+00 1.290943e+00 0.000000e+00 -1.210467e-02
0.000000e+00 4.840000e+00 1.287804e+00 1.287806e+00 0.000000e+00 -1.124929e-02
0.000000e+00 4.895000e+00 1.284759e+00 1.284761e+00 0.000000e+00 -1.041118e-02
0.000000e+00 4.950000e+00 1.281796e+00 1.281798e+00 0.000000e+00 -9.593047e-03
0.000000e+00 5.005000e+00 1.278903e+00 1.278905e+00 0.000000e+00 -8.799257e-03
0.000000e+00 5.060000e+00 1.276063e+00 1.276065e+00 0.000000e+00 -8.034705e-03
0.000000e+00 5.115000e+00 1.273263e+00 1.273265e+00 0.000000e+00 -7.303908e-03
0.000000e+00 5.170000e+00 1.270488e+00 1.270490e+00 0.000000e+00 -6.610629e-03
0.000000e+00 5.225000e+00 1.267727e+00 1.267729e+00 0.000000e+00 -5.957799e-03
0.000000e+00 5.280000e+00 1.264974e+00 1.264975e+00 0.000000e+00 -5.347311e-03
0.000000e+00 5.335000e+00 1.262225e+00 1.262227e+00 0.000000e+00 -4.779362e-03
0.000000e+00 5.390000e+00 1.259486e+00 1.259488e+00 0.000000e+00 -4.251451e-03
0.000000e+00 5.445000e+00 1.256769e+00 1.256771e+00 0.000000e+00 -3.757583e-03
0.000000e+00 5.500000e+00 1.254093e+00 1.254094e+00 0.000000e+00 -3.288341e-03
0.000000e+00 5.555000e+00 1.251478e+00 1.251480e+00 0.000000e+00 -2.832192e-03
0.000000e+00 5.610000e+00 1.248947e+00 1.248948e+00 0.000000e+00 -2.377804e-03
0.000000e+00 5.665000e+00 1.246511e+00 1.246512e+00 0.000000e+00 -1.916647e-03
0.000000e+00 5.720000e+00 1.244175e+00 1.244176e+00 0.000000e+00 -1.444972e-03
0.000000e+00 5.775000e+00 1.241932e+00 1.241934e+00 0.000000e+00 -9.644158e-04
0.000000e+00 5.830000e+00 1.239767e+00 1.239768e+00 0.000000e+00 -4.809855e-04
0.000000e+00 5.885000e+00 1.237661e+00 1.237662e+00 0.000000e+00 -2.792993e-06
0.000000e+00 5.940000e+00 1.235597e+00 1.235598e+00 0.000000e+00 4.625946e-04
0.000000e+00 5.995000e+00 1.233565e+00 1.233566e+00 0.000000e+00 9.102383e-04
0.000000e+00 6.050000e+00 1.231561e+00 1.231562e+00 0.000000e+00 1.338651e-03
0.000000e+00 6.105000e+00 1.229588e+00 1.229589e+00 0.000000e+00 1.749146e-03
0.000000e+00 6.160000e+00 1.227649e+00 1.227650e+00 0.000000e+00 2.144026e-03
0.000000e+00 6.215000e+00 1.225741e+00 1.225743e+00 0.000000e+00 2.524316e-03
0.000000e+00 6.270000e+00 1.223858e+00 1.223859e+00 0.000000e+00 2.887885e-03
0.000000e+00 6.325000e+00 1.221981e+00 1.221983e+00 0.000000e+00 3.228687e-03
0.000000e+00 6.380000e+00 1.220089e+00 1.220090e+00 0.000000e+00 3.537432e-03
0.000000e+00 6.435000e+00 1.218155e+00 1.218157e+00 0.000000e+00 3.803562e-03
0.000000e+00 6.490000e+00 1.216163e+00 1.216164e+00 0.000000e+00 4.018014e-03
0.000000e+00 6.545000e+00 1.214103e+00 1.214104e+00 0.000000e+00 4.176113e-03
0.000000e+00 6.600000e+00 1.211983e+00 1.211984e+00 0.000000e+00 4.279840e-03
0.000000e+00 6.655000e+00 1.209827e+00 1.209828e+00 0.000000e+00 4.338633e-03
0.000000e+00 6.710000e+00 1.207669e+00 1.207670e+00 0.000000e+00 4.368185e-03
0.000000e+00 6.765000e+00 1.205552e+00 1.205553e+00 0.000000e+00 4.387408e-03
0.000000e+00 6.820000e+00 1.203511e+00 1.203512e+00 0.000000e+00 4.414350e-03
0.000000e+00 6.875000e+00 1.201567e+00 1.201568e+00 0.000000e+00 4.461937e-03
0.000000e+00 6.930000e+00 1.199724e+00 1.199725e+00 0.000000e+00 4.534436e-03
0.000000e+00 6.985000e+00 1.197962e+00 1.197963e+00 0.000000e+00 4.625765e-03
0.000000e+00 7.040000e+00 1.196246e+00 1.196247e+00 0.000000e+00 4.720646e-03
0.000000e+00 7.095000e+00 1.194533e+00 1.194534e+00 0.000000e+00 4.798558e-03
0.000000e+00 7.150000e+00 1.192787e+00 1.192788e+00 0.000000e+00 4.839318e-03
0.000000e+00 7.205000e+00 1.190984e+00 1.190985e+00 0.000000e+00 4.828681e-03
0.000000e+00 7.260000e+00 1.189120e+00 1.189121e+00 0.000000e+00 4.762219e-03
0.000000e+00 7.315000e+00 1.187208e+00 1.187209e+00 0.000000e+00 4.646059e-03
0.000000e+00 7.370000e+00 1.185276e+00 1.185277e+00 0.000000e+00 4.494018e-03
0.000000e+00 7.425000e+00 1.183353e+00 1.183354e+00 0.000000e+00 4.322260e-03
0.000000e+00 7.480000e+00 1.181462e+00 1.181462e+00 0.000000e+00 4.143590e-03
0.000000e+00 7.535000e+00 1.179612e+00 1.179612e+00 0.000000e+00 3.963426e-03
0.000000e+00 7.590000e+00 1.177797e+00 1.177798e+00 0.000000e+00 3.778670e-03
0.000000e+00 7.645000e+00 1.176000e+00 1.176000e+00 0.000000e+00 3.579508e-03
0.000000e+00 7.700000e+00 1.174194e+00 1.174195e+00 0.000000e+00 3.353003e-03
0.000000e+00 7.755000e+00 1.172355e+00 1.172356e+00 0.000000e+00 3.086741e-03
0.000000e+00 7.810000e+00 1.170465e+00 1.170465e+00 0.000000e+00 2.771273e-03
0.000000e+00 7.865000e+00 1.168511e+00 1.168512e+00 0.000000e+00 2.400970e-03
0.000000e+00 7.920000e+00 1.166493e+00 1.166493e+00 0.000000e+00 1.973768e-03
0.000000e+00 7.975000e+00 1.164415e+00 1.164416e+00 0.000000e+00 1.490526e-03
0.000000e+00 8.030000e+00 1.162288e+00 1.162289e+00 0.000000e+00 9.544619e-04
0.000000e+00 8.085000e+00 1.160125e+00 1.160125e+00 0.000000e+00 3.706257e-04
0.000000e+00 8.140000e+00 1.157937e+00 1.157937e+00 0.000000e+00 -2.549191e-04
0.000000e+00 8.195000e+00 1.155735e+00 1.155736e+00 0.000000e+00 -9.164484e-04
0.000000e+00 8.250000e+00 1.153527e+00 1.153527e+00 0.000000e+00 -1.610302e-03
0.000000e+00 8.305000e+00 1.151311e+00 1.151312e+00 0.000000e+00 -2.336437e-03
0.000000e+00 8.360000e+00 1.149082e+00 1.149082e+00 0.000000e+00 -3.099136e-03
0.000000e+00 8.415000e+00 1.146823e+00 1.146823e+00 0.000000e+00 -3.906433e-03
0.000000e+00 8.470000e+00 1.144517e+00 1.144517e+00 0.000000e+00 -4.768335e-03
0.000000e+00 8.525000e+00 1.142145e+00 1.142146e+00 0.000000e+00 -5.694437e-03
0.000000e+00 8.580000e+00 1.139696e+00 1.139696e+00 0.000000e+00 -6.691832e-03
0.000000e+00 8.635000e+00 1.137162e+00 1.137163e+00 0.000000e+00 -7.764041e-03
0.000000e+00 8.690000e+00 1.134545e+00 1.134545e+00 0.000000e+00 -8.911198e-03
0.000000e+00 8.745000e+00 1.131850e+00 1.131850e+00 0.000000e+00 -1.013102e-02
0.000000e+00 8.800000e+00 1.129086e+00 1.129086e+00 0.000000e+00 -1.141974e-02
0.000000e+00 8.855000e+00 1.126261e+00 1.126261e+00 0.000000e+00 -1.277219e-02
0.000000e+00 8.910000e+00 1.123386e+00 1.123386e+00 0.000000e+00 -1.418111e-02
0.000000e+00 8.965000e+00 1.120473e+00 1.120473e+00 0.000000e+00 -1.563621e-02
0.000000e+00 9.020000e+00 1.117536e+00 1.117536e+00 0.000000e+00 -1.712400e-02
0.000000e+00 9.075000e+00 1.114593e+00 1.114593e+00 0.000000e+00 -1.862840e-02
0.000000e+00 9.130000e+00 1.111661e+00 1.111661e+00 0.000000e+00 -2.013183e-02
0.000000e+00 9.185000e+00 1.108755e+00 1.108755e+00 0.000000e+00 -2.161523e-02
0.000000e+00 9.240000e+00 1.105889e+00 1.105889e+00 0.000000e+00 -2.305843e-02
0.000000e+00 9.295000e+00 1.103073e+00 1.103074e+00 0.000000e+00 -2.443970e-02
0.000000e+00 9.350000e+00 1.100318e+00 1.100318e+00 0.000000e+00 -2.574019e-02
0.000000e+00 9.405000e+00 1.097635e+00 1.097634e+00 0.000000e+00 -2.694637e-02
0.000000e+00 9.460000e+00 1.095031e+00 1.095029e+00 0.000000e+00 -2.806037e-02
0.000000e+00 9.515000e+00 1.092520e+00 1.092516e+00 0.000000e+00 -2.909490e-02
0.000000e+00 9.570000e+00 1.090101e+00 1.090095e+00 0.000000e+00 -3.008353e-02
0.000000e+00 9.625000e+00 1.087787e+00 1.087779e+00 0.000000e+00 -3.105139e-02
0.000000e+00 9.680000e+00 1.085561e+00 1.085552e+00 0.000000e+00 -3.204292e-02
0.000000e+00 9.735000e+00 1.083444e+00 1.083435e+00 0.000000e+00 -3.305417e-02
0.000000e+00 9.790000e+00 1.081387e+00 1.081377e+00 0.000000e+00 -3.413430e-02
0.000000e+00 9.845000e+00 1.079453e+00 1.079443e+00 0.000000e+00 -3.520921e-02
0.000000e+00 9.900000e+00 1.077518e+00 1.077508e+00 0.000000e+00 -3.635921e-02
0.000000e+00 9.955000e+00 1.075827e+00 1.075817e+00 0.000000e+00 -3.731137e-02
0.000000e+00 1.001000e+01 1.105114e+00 1.105104e+00 -0.000000e+00 -1.013850e-02
0.000000e+00 1.006500e+01 1.105114e+00 1.105104e+00 -0.000000e+00 -1.013850e-02
0.000000e+00 1.012000e+01 1.105114e+00 1.105104e+00 -0.000000e+00 -1.013850e-02
0.000000e+00 1.017500e+01 1.105114e+00 1.105104e+00 -0.000000e+00 -1.013850e-02
0.000000e+00 1.023000e+01 1.105114e+00 1.105104e+00 -0.000000e+00 -1.013850e-02
0.000000e+00 1.028500e+01 1.105114e+00 1.105104e+00 -0.000000e+00 -1.013850e-02
0.000000e+00 1.034000e+01 1.105114e+00 1.105104e+00 -0.000000e+00 -1.013850e-02
0.000000e+00 1.039500e+01 1.105114e+00 1.105104e+00 -0.000000e+00 -1.013850e-02
0.000000e+00 1.045000e+01 1.105114e+00 1.105104e+00 -0.000000e+00 -1.013850e-02
0.000000e+00 1.050500e+01 1.105114e+00 1.105104e+00 -0.000000e+00 -1.013850e-02
0.000000e+00 1.056000e+01 1.105114e+00 1.105104e+00 -0.000000e+00 -1.013850e-02
0.000000e+00 1.061500e+01 1.105114e+00 1.105104e+00 -0.000000e+00 -1.013850e-02
0.000000e+00 1.067000e+01 1.105114e+00 1.105104e+00 -0.000000e+00 -1.013850e-02
0.000000e+00 1.072500e+01 1.105114e+00 1.105104e+00 -0.000000e+00 -1.013850e-02
0.000000e+00 1.078000e+01 1.105114e+00 1.105104e+00 -0.000000e+00 -1.013850e-02
0.000000e+00 1.083500e+01 1.105114e+00 1.105104e+00 -0.000000e+00 -1.013850e-02
0.000000e+00 1.089000e+01 1.105114e+00 1.105104e+00 -0.000000e+00 -1.013850e-02
0.000000e+00 1.094500e+01 1.105114e+00 1.105104e+00 -0.000000e+00 -1.013850e-02
0.000000e+00 1.100000e+01 1.105114e+00 1.105104e+00 -0.000000e+00 -1.013850e-02
