#############TIME##################
2.900409e+01 
###################################
0.000000e+00 0.000000e+00 5.802259e+01 5.802750e+01 0.000000e+00 -3.063278e+00
0.000000e+00 5.500000e-02 5.802259e+01 5.802750e+01 0.000000e+00 -3.063278e+00
0.000000e+00 1.100000e-01 2.197082e+01 2.197156e+01 0.000000e+00 -3.063291e+00
0.000000e+00 1.650000e-01 1.427874e+01 1.427910e+01 0.000000e+00 -2.308103e+00
0.000000e+00 2.200000e-01 1.059344e+01 1.059368e+01 0.000000e+00 -1.934504e+00
0.000000e+00 2.750000e-01 8.289088e+00 8.289254e+00 0.000000e+00 -1.645711e+00
0.000000e+00 3.300000e-01 6.847119e+00 6.847243e+00 0.000000e+00 -1.423048e+00
0.000000e+00 3.850000e-01 5.811008e+00 5.811104e+00 0.000000e+00 -1.251178e+00
0.000000e+00 4.400000e-01 5.079562e+00 5.079639e+00 0.000000e+00 -1.107498e+00
0.000000e+00 4.950000e-01 4.516504e+00 4.516568e+00 0.000000e+00 -9.917094e-01
0.000000e+00 5.500000e-01 4.081224e+00 4.081277e+00 0.000000e+00 -8.934076e-01
0.000000e+00 6.050000e-01 3.735443e+00 3.735488e+00 0.000000e+00 -8.101840e-01
0.000000e+00 6.600000e-01 3.453660e+00 3.453700e+00 0.000000e+00 -7.385069e-01
0.000000e+00 7.150000e-01 3.220910e+00 3.220944e+00 0.000000e+00 -6.765655e-01
0.000000e+00 7.700000e-01 3.025446e+00 3.025476e+00 0.000000e+00 -6.223514e-01
0.000000e+00 8.250000e-01 2.859530e+00 2.859557e+00 0.000000e+00 -5.747052e-01
0.000000e+00 8.800000e-01 2.717027e+00 2.717052e+00 0.000000e+00 -5.324865e-01
0.000000e+00 9.350000e-01 2.593568e+00 2.593590e+00 0.000000e+00 -4.949135e-01
0.000000e+00 9.900000e-01 2.485668e+00 2.485688e+00 0.000000e+00 -4.612780e-01
0.000000e+00 1.045000e+00 2.390689e+00 2.390707e+00 0.000000e+00 -4.310392e-01
0.000000e+00 1.100000e+00 2.306499e+00 2.306516e+00 0.000000e+00 -4.037245e-01
0.000000e+00 1.155000e+00 2.231411e+00 2.231427e+00 0.000000e+00 -3.789507e-01
0.000000e+00 1.210000e+00 2.164042e+00 2.164056e+00 0.000000e+00 -3.563876e-01
0.000000e+00 1.265000e+00 2.103271e+00 2.103284e+00 0.000000e+00 -3.357609e-01
0.000000e+00 1.320000e+00 2.048181e+00 2.048193e+00 0.000000e+00 -3.168393e-01
0.000000e+00 1.375000e+00 1.998027e+00 1.998038e+00 0.000000e+00 -2.994324e-01
0.000000e+00 1.430000e+00 1.952198e+00 1.952209e+00 0.000000e+00 -2.833831e-01
0.000000e+00 1.485000e+00 1.910193e+00 1.910203e+00 0.000000e+00 -2.685602e-01
0.000000e+00 1.540000e+00 1.871583e+00 1.871593e+00 0.000000e+00 -2.548492e-01
0.000000e+00 1.595000e+00 1.835998e+00 1.836007e+00 0.000000e+00 -2.421462e-01
0.000000e+00 1.650000e+00 1.803106e+00 1.803115e+00 0.000000e+00 -2.303535e-01
0.000000e+00 1.705000e+00 1.772610e+00 1.772619e+00 0.000000e+00 -2.193802e-01
0.000000e+00 1.760000e+00 1.744251e+00 1.744259e+00 0.000000e+00 -2.091452e-01
0.000000e+00 1.815000e+00 1.717806e+00 1.717813e+00 0.000000e+00 -1.995796e-01
0.000000e+00 1.870000e+00 1.693093e+00 1.693101e+00 0.000000e+00 -1.906280e-01
0.000000e+00 1.925000e+00 1.669964e+00 1.669971e+00 0.000000e+00 -1.822456e-01
0.000000e+00 1.980000e+00 1.648290e+00 1.648297e+00 0.000000e+00 -1.743940e-01
0.000000e+00 2.035000e+00 1.627955e+00 1.627961e+00 0.000000e+00 -1.670362e-01
0.000000e+00 2.090000e+00 1.608844e+00 1.608850e+00 0.000000e+00 -1.601334e-01
0.000000e+00 2.145000e+00 1.590847e+00 1.590853e+00 0.000000e+00 -1.536458e-01
0.000000e+00 2.200000e+00 1.573863e+00 1.573868e+00 0.000000e+00 -1.475358e-01
0.000000e+00 2.255000e+00 1.557802e+00 1.557807e+00 0.000000e+00 -1.417703e-01
0.000000e+00 2.310000e+00 1.542589e+00 1.542594e+00 0.000000e+00 -1.363224e-01
0.000000e+00 2.365000e+00 1.528160e+00 1.528165e+00 0.000000e+00 -1.311698e-01
0.000000e+00 2.420000e+00 1.514461e+00 1.514465e+00 0.000000e+00 -1.262932e-01
0.000000e+00 2.475000e+00 1.501439e+00 1.501443e+00 0.000000e+00 -1.216739e-01
0.000000e+00 2.530000e+00 1.489046e+00 1.489051e+00 0.000000e+00 -1.172939e-01
0.000000e+00 2.585000e+00 1.477239e+00 1.477243e+00 0.000000e+00 -1.131363e-01
0.000000e+00 2.640000e+00 1.465975e+00 1.465979e+00 0.000000e+00 -1.091859e-01
0.000000e+00 2.695000e+00 1.455219e+00 1.455223e+00 0.000000e+00 -1.054293e-01
0.000000e+00 2.750000e+00 1.444938e+00 1.444942e+00 0.000000e+00 -1.018545e-01
0.000000e+00 2.805000e+00 1.435101e+00 1.435105e+00 0.000000e+00 -9.845026e-02
0.000000e+00 2.860000e+00 1.425682e+00 1.425685e+00 0.000000e+00 -9.520605e-02
0.000000e+00 2.915000e+00 1.416654e+00 1.416657e+00 0.000000e+00 -9.211177e-02
0.000000e+00 2.970000e+00 1.407994e+00 1.407997e+00 0.000000e+00 -8.915816e-02
0.000000e+00 3.025000e+00 1.399681e+00 1.399684e+00 0.000000e+00 -8.633696e-02
0.000000e+00 3.080000e+00 1.391694e+00 1.391697e+00 0.000000e+00 -8.364081e-02
0.000000e+00 3.135000e+00 1.384016e+00 1.384019e+00 0.000000e+00 -8.106305e-02
0.000000e+00 3.190000e+00 1.376627e+00 1.376630e+00 0.000000e+00 -7.859739e-02
0.000000e+00 3.245000e+00 1.369512e+00 1.369515e+00 0.000000e+00 -7.623774e-02
0.000000e+00 3.300000e+00 1.362655e+00 1.362658e+00 0.000000e+00 -7.397809e-02
0.000000e+00 3.355000e+00 1.356044e+00 1.356046e+00 0.000000e+00 -7.181266e-02
0.000000e+00 3.410000e+00 1.349665e+00 1.349667e+00 0.000000e+00 -6.973616e-02
0.000000e+00 3.465000e+00 1.343506e+00 1.343509e+00 0.000000e+00 -6.774403e-02
0.000000e+00 3.520000e+00 1.337557e+00 1.337559e+00 0.000000e+00 -6.583241e-02
0.000000e+00 3.575000e+00 1.331804e+00 1.331807e+00 0.000000e+00 -6.399779e-02
0.000000e+00 3.630000e+00 1.326239e+00 1.326242e+00 0.000000e+00 -6.223659e-02
0.000000e+00 3.685000e+00 1.320852e+00 1.320854e+00 0.000000e+00 -6.054485e-02
0.000000e+00 3.740000e+00 1.315635e+00 1.315637e+00 0.000000e+00 -5.891835e-02
0.000000e+00 3.795000e+00 1.310581e+00 1.310584e+00 0.000000e+00 -5.735311e-02
0.000000e+00 3.850000e+00 1.305684e+00 1.305686e+00 0.000000e+00 -5.584590e-02
0.000000e+00 3.905000e+00 1.300935e+00 1.300937e+00 0.000000e+00 -5.439447e-02
0.000000e+00 3.960000e+00 1.296327e+00 1.296329e+00 0.000000e+00 -5.299729e-02
0.000000e+00 4.015000e+00 1.291852e+00 1.291854e+00 0.000000e+00 -5.165292e-02
0.000000e+00 4.070000e+00 1.287504e+00 1.287506e+00 0.000000e+00 -5.035935e-02
0.000000e+00 4.125000e+00 1.283279e+00 1.283281e+00 0.000000e+00 -4.911375e-02
0.000000e+00 4.180000e+00 1.279172e+00 1.279174e+00 0.000000e+00 -4.791264e-02
0.000000e+00 4.235000e+00 1.275181e+00 1.275183e+00 0.000000e+00 -4.675253e-02
0.000000e+00 4.290000e+00 1.271303e+00 1.271305e+00 0.000000e+00 -4.563046e-02
0.000000e+00 4.345000e+00 1.267532e+00 1.267534e+00 0.000000e+00 -4.454443e-02
0.000000e+00 4.400000e+00 1.263864e+00 1.263866e+00 0.000000e+00 -4.349341e-02
0.000000e+00 4.455000e+00 1.260293e+00 1.260295e+00 0.000000e+00 -4.247712e-02
0.000000e+00 4.510000e+00 1.256812e+00 1.256814e+00 0.000000e+00 -4.149566e-02
0.000000e+00 4.565000e+00 1.253416e+00 1.253418e+00 0.000000e+00 -4.054923e-02
0.000000e+00 4.620000e+00 1.250100e+00 1.250102e+00 0.000000e+00 -3.963775e-02
0.000000e+00 4.675000e+00 1.246860e+00 1.246861e+00 0.000000e+00 -3.876062e-02
0.000000e+00 4.730000e+00 1.243693e+00 1.243694e+00 0.000000e+00 -3.791647e-02
0.000000e+00 4.785000e+00 1.240598e+00 1.240600e+00 0.000000e+00 -3.710321e-02
0.000000e+00 4.840000e+00 1.237575e+00 1.237576e+00 0.000000e+00 -3.631840e-02
0.000000e+00 4.895000e+00 1.234622e+00 1.234623e+00 0.000000e+00 -3.555989e-02
0.000000e+00 4.950000e+00 1.231737e+00 1.231738e+00 0.000000e+00 -3.482640e-02
0.000000e+00 5.005000e+00 1.228917e+00 1.228918e+00 0.000000e+00 -3.411773e-02
0.000000e+00 5.060000e+00 1.226158e+00 1.226159e+00 0.000000e+00 -3.343420e-02
0.000000e+00 5.115000e+00 1.223457e+00 1.223459e+00 0.000000e+00 -3.277554e-02
0.000000e+00 5.170000e+00 1.220815e+00 1.220816e+00 0.000000e+00 -3.213985e-02
0.000000e+00 5.225000e+00 1.218231e+00 1.218232e+00 0.000000e+00 -3.152337e-02
0.000000e+00 5.280000e+00 1.215707e+00 1.215708e+00 0.000000e+00 -3.092161e-02
0.000000e+00 5.335000e+00 1.213245e+00 1.213246e+00 0.000000e+00 -3.033133e-02
0.000000e+00 5.390000e+00 1.210840e+00 1.210841e+00 0.000000e+00 -2.975258e-02
0.000000e+00 5.445000e+00 1.208486e+00 1.208488e+00 0.000000e+00 -2.918912e-02
0.000000e+00 5.500000e+00 1.206175e+00 1.206176e+00 0.000000e+00 -2.864697e-02
0.000000e+00 5.555000e+00 1.203897e+00 1.203898e+00 0.000000e+00 -2.813121e-02
0.000000e+00 5.610000e+00 1.201650e+00 1.201651e+00 0.000000e+00 -2.764303e-02
0.000000e+00 5.665000e+00 1.199436e+00 1.199437e+00 0.000000e+00 -2.717857e-02
0.000000e+00 5.720000e+00 1.197264e+00 1.197265e+00 0.000000e+00 -2.673037e-02
0.000000e+00 5.775000e+00 1.195141e+00 1.195142e+00 0.000000e+00 -2.629085e-02
0.000000e+00 5.830000e+00 1.193072e+00 1.193073e+00 0.000000e+00 -2.585556e-02
0.000000e+00 5.885000e+00 1.191053e+00 1.191054e+00 0.000000e+00 -2.542455e-02
0.000000e+00 5.940000e+00 1.189078e+00 1.189079e+00 0.000000e+00 -2.500125e-02
0.000000e+00 5.995000e+00 1.187139e+00 1.187140e+00 0.000000e+00 -2.458980e-02
0.000000e+00 6.050000e+00 1.185232e+00 1.185233e+00 0.000000e+00 -2.419270e-02
0.000000e+00 6.105000e+00 1.183355e+00 1.183356e+00 0.000000e+00 -2.381020e-02
0.000000e+00 6.160000e+00 1.181508e+00 1.181509e+00 0.000000e+00 -2.344154e-02
0.000000e+00 6.215000e+00 1.179690e+00 1.179690e+00 0.000000e+00 -2.308666e-02
0.000000e+00 6.270000e+00 1.177897e+00 1.177897e+00 0.000000e+00 -2.274717e-02
0.000000e+00 6.325000e+00 1.176124e+00 1.176125e+00 0.000000e+00 -2.242564e-02
0.000000e+00 6.380000e+00 1.174369e+00 1.174370e+00 0.000000e+00 -2.212384e-02
0.000000e+00 6.435000e+00 1.172631e+00 1.172632e+00 0.000000e+00 -2.184133e-02
0.000000e+00 6.490000e+00 1.170913e+00 1.170914e+00 0.000000e+00 -2.157531e-02
0.000000e+00 6.545000e+00 1.169220e+00 1.169221e+00 0.000000e+00 -2.132177e-02
0.000000e+00 6.600000e+00 1.167554e+00 1.167555e+00 0.000000e+00 -2.107695e-02
0.000000e+00 6.655000e+00 1.165918e+00 1.165918e+00 0.000000e+00 -2.083809e-02
0.000000e+00 6.710000e+00 1.164312e+00 1.164312e+00 0.000000e+00 -2.060304e-02
0.000000e+00 6.765000e+00 1.162739e+00 1.162739e+00 0.000000e+00 -2.036939e-02
0.000000e+00 6.820000e+00 1.161201e+00 1.161202e+00 0.000000e+00 -2.013414e-02
0.000000e+00 6.875000e+00 1.159703e+00 1.159703e+00 0.000000e+00 -1.989435e-02
0.000000e+00 6.930000e+00 1.158245e+00 1.158245e+00 0.000000e+00 -1.964838e-02
0.000000e+00 6.985000e+00 1.156825e+00 1.156825e+00 0.000000e+00 -1.939681e-02
0.000000e+00 7.040000e+00 1.155438e+00 1.155438e+00 0.000000e+00 -1.914237e-02
0.000000e+00 7.095000e+00 1.154079e+00 1.154079e+00 0.000000e+00 -1.888882e-02
0.000000e+00 7.150000e+00 1.152743e+00 1.152743e+00 0.000000e+00 -1.863986e-02
0.000000e+00 7.205000e+00 1.151426e+00 1.151426e+00 0.000000e+00 -1.839849e-02
0.000000e+00 7.260000e+00 1.150123e+00 1.150124e+00 0.000000e+00 -1.816717e-02
0.000000e+00 7.315000e+00 1.148832e+00 1.148833e+00 0.000000e+00 -1.794816e-02
0.000000e+00 7.370000e+00 1.147549e+00 1.147550e+00 0.000000e+00 -1.774339e-02
0.000000e+00 7.425000e+00 1.146273e+00 1.146273e+00 0.000000e+00 -1.755386e-02
0.000000e+00 7.480000e+00 1.145003e+00 1.145004e+00 0.000000e+00 -1.737901e-02
0.000000e+00 7.535000e+00 1.143743e+00 1.143744e+00 0.000000e+00 -1.721683e-02
0.000000e+00 7.590000e+00 1.142495e+00 1.142495e+00 0.000000e+00 -1.706488e-02
0.000000e+00 7.645000e+00 1.141259e+00 1.141259e+00 0.000000e+00 -1.692155e-02
0.000000e+00 7.700000e+00 1.140034e+00 1.140034e+00 0.000000e+00 -1.678678e-02
0.000000e+00 7.755000e+00 1.138817e+00 1.138818e+00 0.000000e+00 -1.666146e-02
0.000000e+00 7.810000e+00 1.137609e+00 1.137609e+00 0.000000e+00 -1.654588e-02
0.000000e+00 7.865000e+00 1.136411e+00 1.136411e+00 0.000000e+00 -1.643837e-02
0.000000e+00 7.920000e+00 1.135229e+00 1.135229e+00 0.000000e+00 -1.633497e-02
0.000000e+00 7.975000e+00 1.134069e+00 1.134069e+00 0.000000e+00 -1.623062e-02
0.000000e+00 8.030000e+00 1.132936e+00 1.132936e+00 0.000000e+00 -1.612115e-02
0.000000e+00 8.085000e+00 1.131831e+00 1.131831e+00 0.000000e+00 -1.600485e-02
0.000000e+00 8.140000e+00 1.130753e+00 1.130753e+00 0.000000e+00 -1.588284e-02
0.000000e+00 8.195000e+00 1.129697e+00 1.129697e+00 0.000000e+00 -1.575802e-02
0.000000e+00 8.250000e+00 1.128659e+00 1.128659e+00 0.000000e+00 -1.563346e-02
0.000000e+00 8.305000e+00 1.127636e+00 1.127637e+00 0.000000e+00 -1.551113e-02
0.000000e+00 8.360000e+00 1.126627e+00 1.126628e+00 0.000000e+00 -1.539143e-02
0.000000e+00 8.415000e+00 1.125633e+00 1.125633e+00 0.000000e+00 -1.527354e-02
0.000000e+00 8.470000e+00 1.124654e+00 1.124654e+00 0.000000e+00 -1.515595e-02
0.000000e+00 8.525000e+00 1.123692e+00 1.123692e+00 0.000000e+00 -1.503703e-02
0.000000e+00 8.580000e+00 1.122749e+00 1.122749e+00 0.000000e+00 -1.491528e-02
0.000000e+00 8.635000e+00 1.121825e+00 1.121825e+00 0.000000e+00 -1.478968e-02
0.000000e+00 8.690000e+00 1.120919e+00 1.120919e+00 0.000000e+00 -1.466009e-02
0.000000e+00 8.745000e+00 1.120028e+00 1.120028e+00 0.000000e+00 -1.452761e-02
0.000000e+00 8.800000e+00 1.119148e+00 1.119148e+00 0.000000e+00 -1.439465e-02
0.000000e+00 8.855000e+00 1.118271e+00 1.118271e+00 0.000000e+00 -1.426445e-02
0.000000e+00 8.910000e+00 1.117394e+00 1.117394e+00 0.000000e+00 -1.414019e-02
0.000000e+00 8.965000e+00 1.116514e+00 1.116514e+00 0.000000e+00 -1.402377e-02
0.000000e+00 9.020000e+00 1.115631e+00 1.115632e+00 0.000000e+00 -1.391434e-02
0.000000e+00 9.075000e+00 1.114750e+00 1.114751e+00 0.000000e+00 -1.380690e-02
0.000000e+00 9.130000e+00 1.113876e+00 1.113876e+00 0.000000e+00 -1.369175e-02
0.000000e+00 9.185000e+00 1.113014e+00 1.113014e+00 0.000000e+00 -1.355591e-02
0.000000e+00 9.240000e+00 1.112169e+00 1.112169e+00 0.000000e+00 -1.338762e-02
0.000000e+00 9.295000e+00 1.111344e+00 1.111343e+00 0.000000e+00 -1.318352e-02
0.000000e+00 9.350000e+00 1.110541e+00 1.110539e+00 0.000000e+00 -1.295506e-02
0.000000e+00 9.405000e+00 1.109758e+00 1.109755e+00 0.000000e+00 -1.273077e-02
0.000000e+00 9.460000e+00 1.108996e+00 1.108990e+00 0.000000e+00 -1.254853e-02
0.000000e+00 9.515000e+00 1.108250e+00 1.108243e+00 0.000000e+00 -1.244302e-02
0.000000e+00 9.570000e+00 1.107520e+00 1.107511e+00 0.000000e+00 -1.242700e-02
0.000000e+00 9.625000e+00 1.106799e+00 1.106789e+00 0.000000e+00 -1.248906e-02
0.000000e+00 9.680000e+00 1.106089e+00 1.106079e+00 0.000000e+00 -1.258872e-02
0.000000e+00 9.735000e+00 1.105379e+00 1.105369e+00 0.000000e+00 -1.269119e-02
0.000000e+00 9.790000e+00 1.104682e+00 1.104672e+00 0.000000e+00 -1.275374e-02
0.000000e+00 9.845000e+00 1.103972e+00 1.103962e+00 0.000000e+00 -1.279079e-02
0.000000e+00 9.900000e+00 1.103294e+00 1.103284e+00 0.000000e+00 -1.277062e-02
0.000000e+00 9.955000e+00 1.102560e+00 1.102551e+00 0.000000e+00 -1.279421e-02
0.000000e+00 1.001000e+01 1.105114e+00 1.105104e+00 -0.000000e+00 -1.013850e-02
0.000000e+00 1.006500e+01 1.105114e+00 1.105104e+00 -0.000000e+00 -1.013850e-02
0.000000e+00 1.012000e+01 1.105114e+00 1.105104e+00 -0.000000e+00 -1.013850e-02
0.000000e+00 1.017500e+01 1.105114e+00 1.105104e+00 -0.000000e+00 -1.013850e-02
0.000000e+00 1.023000e+01 1.105114e+00 1.105104e+00 -0.000000e+00 -1.013850e-02
0.000000e+00 1.028500e+01 1.105114e+00 1.105104e+00 -0.000000e+00 -1.013850e-02
0.000000e+00 1.034000e+01 1.105114e+00 1.105104e+00 -0.000000e+00 -1.013850e-02
0.000000e+00 1.039500e+01 1.105114e+00 1.105104e+00 -0.000000e+00 -1.013850e-02
0.000000e+00 1.045000e+01 1.105114e+00 1.105104e+00 -0.000000e+00 -1.013850e-02
0.000000e+00 1.050500e+01 1.105114e+00 1.105104e+00 -0.000000e+00 -1.013850e-02
0.000000e+00 1.056000e+01 1.105114e+00 1.105104e+00 -0.000000e+00 -1.013850e-02
0.000000e+00 1.061500e+01 1.105114e+00 1.105104e+00 -0.000000e+00 -1.013850e-02
0.000000e+00 1.067000e+01 1.105114e+00 1.105104e+00 -0.000000e+00 -1.013850e-02
0.000000e+00 1.072500e+01 1.105114e+00 1.105104e+00 -0.000000e+00 -1.013850e-02
0.000000e+00 1.078000e+01 1.105114e+00 1.105104e+00 -0.000000e+00 -1.013850e-02
0.000000e+00 1.083500e+01 1.105114e+00 1.105104e+00 -0.000000e+00 -1.013850e-02
0.000000e+00 1.089000e+01 1.105114e+00 1.105104e+00 -0.000000e+00 -1.013850e-02
0.000000e+00 1.094500e+01 1.105114e+00 1.105104e+00 -0.000000e+00 -1.013850e-02
0.000000e+00 1.100000e+01 1.105114e+00 1.105104e+00 -0.000000e+00 -1.013850e-02
