#############TIME##################
1.102345e+00 
###################################
0.000000e+00 0.000000e+00 2.707714e+01 2.707925e+01 0.000000e+00 -3.103577e+00
0.000000e+00 5.500000e-02 2.707714e+01 2.707925e+01 0.000000e+00 -3.103577e+00
0.000000e+00 1.100000e-01 1.039795e+01 1.039822e+01 0.000000e+00 -3.103587e+00
0.000000e+00 1.650000e-01 6.757584e+00 6.757703e+00 0.000000e+00 -2.378718e+00
0.000000e+00 2.200000e-01 5.009436e+00 5.009511e+00 0.000000e+00 -2.022086e+00
0.000000e+00 2.750000e-01 3.926665e+00 3.926715e+00 0.000000e+00 -1.747776e+00
0.000000e+00 3.300000e-01 3.246721e+00 3.246756e+00 0.000000e+00 -1.539417e+00
0.000000e+00 3.850000e-01 2.765049e+00 2.765074e+00 0.000000e+00 -1.379360e+00
0.000000e+00 4.400000e-01 2.425786e+00 2.425805e+00 0.000000e+00 -1.246924e+00
0.000000e+00 4.950000e-01 2.168325e+00 2.168339e+00 0.000000e+00 -1.140464e+00
0.000000e+00 5.500000e-01 1.973329e+00 1.973340e+00 0.000000e+00 -1.049325e+00
0.000000e+00 6.050000e-01 1.819803e+00 1.819813e+00 0.000000e+00 -9.723367e-01
0.000000e+00 6.600000e-01 1.697313e+00 1.697320e+00 0.000000e+00 -9.052554e-01
0.000000e+00 7.150000e-01 1.598488e+00 1.598494e+00 0.000000e+00 -8.464166e-01
0.000000e+00 7.700000e-01 1.517666e+00 1.517671e+00 0.000000e+00 -7.939279e-01
0.000000e+00 8.250000e-01 1.451149e+00 1.451153e+00 0.000000e+00 -7.467330e-01
0.000000e+00 8.800000e-01 1.395987e+00 1.395990e+00 0.000000e+00 -7.037839e-01
0.000000e+00 9.350000e-01 1.350055e+00 1.350058e+00 0.000000e+00 -6.644246e-01
0.000000e+00 9.900000e-01 1.311651e+00 1.311653e+00 0.000000e+00 -6.280676e-01
0.000000e+00 1.045000e+00 1.279471e+00 1.279473e+00 0.000000e+00 -5.943016e-01
0.000000e+00 1.100000e+00 1.252452e+00 1.252453e+00 0.000000e+00 -5.627853e-01
0.000000e+00 1.155000e+00 1.229733e+00 1.229734e+00 0.000000e+00 -5.332726e-01
0.000000e+00 1.210000e+00 1.210597e+00 1.210598e+00 0.000000e+00 -5.055698e-01
0.000000e+00 1.265000e+00 1.194460e+00 1.194461e+00 0.000000e+00 -4.795251e-01
0.000000e+00 1.320000e+00 1.180844e+00 1.180845e+00 0.000000e+00 -4.550088e-01
0.000000e+00 1.375000e+00 1.169354e+00 1.169354e+00 0.000000e+00 -4.319113e-01
0.000000e+00 1.430000e+00 1.159658e+00 1.159658e+00 0.000000e+00 -4.101387e-01
0.000000e+00 1.485000e+00 1.151476e+00 1.151476e+00 0.000000e+00 -3.896108e-01
0.000000e+00 1.540000e+00 1.144571e+00 1.144571e+00 0.000000e+00 -3.702571e-01
0.000000e+00 1.595000e+00 1.138741e+00 1.138741e+00 0.000000e+00 -3.520139e-01
0.000000e+00 1.650000e+00 1.133816e+00 1.133816e+00 0.000000e+00 -3.348218e-01
0.000000e+00 1.705000e+00 1.129654e+00 1.129654e+00 0.000000e+00 -3.186247e-01
0.000000e+00 1.760000e+00 1.126132e+00 1.126132e+00 0.000000e+00 -3.033688e-01
0.000000e+00 1.815000e+00 1.123150e+00 1.123150e+00 0.000000e+00 -2.890022e-01
0.000000e+00 1.870000e+00 1.120622e+00 1.120622e+00 0.000000e+00 -2.754750e-01
0.000000e+00 1.925000e+00 1.118475e+00 1.118475e+00 0.000000e+00 -2.627388e-01
0.000000e+00 1.980000e+00 1.116650e+00 1.116651e+00 0.000000e+00 -2.507471e-01
0.000000e+00 2.035000e+00 1.115097e+00 1.115097e+00 0.000000e+00 -2.394552e-01
0.000000e+00 2.090000e+00 1.113771e+00 1.113771e+00 0.000000e+00 -2.288203e-01
0.000000e+00 2.145000e+00 1.112638e+00 1.112638e+00 0.000000e+00 -2.188017e-01
0.000000e+00 2.200000e+00 1.111668e+00 1.111668e+00 0.000000e+00 -2.093606e-01
0.000000e+00 2.255000e+00 1.110836e+00 1.110836e+00 0.000000e+00 -2.004603e-01
0.000000e+00 2.310000e+00 1.110120e+00 1.110120e+00 0.000000e+00 -1.920661e-01
0.000000e+00 2.365000e+00 1.109504e+00 1.109504e+00 0.000000e+00 -1.841453e-01
0.000000e+00 2.420000e+00 1.108972e+00 1.108972e+00 0.000000e+00 -1.766674e-01
0.000000e+00 2.475000e+00 1.108512e+00 1.108512e+00 0.000000e+00 -1.696037e-01
0.000000e+00 2.530000e+00 1.108113e+00 1.108113e+00 0.000000e+00 -1.629272e-01
0.000000e+00 2.585000e+00 1.107766e+00 1.107766e+00 0.000000e+00 -1.566130e-01
0.000000e+00 2.640000e+00 1.107464e+00 1.107464e+00 0.000000e+00 -1.506376e-01
0.000000e+00 2.695000e+00 1.107201e+00 1.107201e+00 0.000000e+00 -1.449793e-01
0.000000e+00 2.750000e+00 1.106971e+00 1.106971e+00 0.000000e+00 -1.396177e-01
0.000000e+00 2.805000e+00 1.106770e+00 1.106770e+00 0.000000e+00 -1.345339e-01
0.000000e+00 2.860000e+00 1.106593e+00 1.106593e+00 0.000000e+00 -1.297104e-01
0.000000e+00 2.915000e+00 1.106437e+00 1.106437e+00 0.000000e+00 -1.251308e-01
0.000000e+00 2.970000e+00 1.106300e+00 1.106300e+00 0.000000e+00 -1.207799e-01
0.000000e+00 3.025000e+00 1.106179e+00 1.106179e+00 0.000000e+00 -1.166436e-01
0.000000e+00 3.080000e+00 1.106072e+00 1.106072e+00 0.000000e+00 -1.127087e-01
0.000000e+00 3.135000e+00 1.105977e+00 1.105977e+00 0.000000e+00 -1.089630e-01
0.000000e+00 3.190000e+00 1.105893e+00 1.105893e+00 0.000000e+00 -1.053951e-01
0.000000e+00 3.245000e+00 1.105818e+00 1.105818e+00 0.000000e+00 -1.019945e-01
0.000000e+00 3.300000e+00 1.105752e+00 1.105752e+00 0.000000e+00 -9.875115e-02
0.000000e+00 3.355000e+00 1.105692e+00 1.105692e+00 0.000000e+00 -9.565598e-02
0.000000e+00 3.410000e+00 1.105639e+00 1.105639e+00 0.000000e+00 -9.270041e-02
0.000000e+00 3.465000e+00 1.105591e+00 1.105591e+00 0.000000e+00 -8.987645e-02
0.000000e+00 3.520000e+00 1.105549e+00 1.105549e+00 0.000000e+00 -8.717666e-02
0.000000e+00 3.575000e+00 1.105510e+00 1.105510e+00 0.000000e+00 -8.459409e-02
0.000000e+00 3.630000e+00 1.105476e+00 1.105476e+00 0.000000e+00 -8.212224e-02
0.000000e+00 3.685000e+00 1.105445e+00 1.105445e+00 0.000000e+00 -7.975504e-02
0.000000e+00 3.740000e+00 1.105417e+00 1.105417e+00 0.000000e+00 -7.748683e-02
0.000000e+00 3.795000e+00 1.105392e+00 1.105392e+00 0.000000e+00 -7.531230e-02
0.000000e+00 3.850000e+00 1.105369e+00 1.105369e+00 0.000000e+00 -7.322648e-02
0.000000e+00 3.905000e+00 1.105348e+00 1.105348e+00 0.000000e+00 -7.122473e-02
0.000000e+00 3.960000e+00 1.105329e+00 1.105329e+00 0.000000e+00 -6.930267e-02
0.000000e+00 4.015000e+00 1.105312e+00 1.105312e+00 0.000000e+00 -6.745623e-02
0.000000e+00 4.070000e+00 1.105297e+00 1.105297e+00 0.000000e+00 -6.568156e-02
0.000000e+00 4.125000e+00 1.105283e+00 1.105283e+00 0.000000e+00 -6.397506e-02
0.000000e+00 4.180000e+00 1.105270e+00 1.105270e+00 0.000000e+00 -6.233335e-02
0.000000e+00 4.235000e+00 1.105258e+00 1.105258e+00 0.000000e+00 -6.075324e-02
0.000000e+00 4.290000e+00 1.105247e+00 1.105247e+00 0.000000e+00 -5.923175e-02
0.000000e+00 4.345000e+00 1.105237e+00 1.105237e+00 0.000000e+00 -5.776604e-02
0.000000e+00 4.400000e+00 1.105228e+00 1.105228e+00 0.000000e+00 -5.635347e-02
0.000000e+00 4.455000e+00 1.105220e+00 1.105220e+00 0.000000e+00 -5.499154e-02
0.000000e+00 4.510000e+00 1.105213e+00 1.105213e+00 0.000000e+00 -5.367789e-02
0.000000e+00 4.565000e+00 1.105206e+00 1.105206e+00 0.000000e+00 -5.241029e-02
0.000000e+00 4.620000e+00 1.105199e+00 1.105199e+00 0.000000e+00 -5.118665e-02
0.000000e+00 4.675000e+00 1.105194e+00 1.105194e+00 0.000000e+00 -5.000497e-02
0.000000e+00 4.730000e+00 1.105188e+00 1.105188e+00 0.000000e+00 -4.886339e-02
0.000000e+00 4.785000e+00 1.105183e+00 1.105183e+00 0.000000e+00 -4.776013e-02
0.000000e+00 4.840000e+00 1.105179e+00 1.105179e+00 0.000000e+00 -4.669351e-02
0.000000e+00 4.895000e+00 1.105174e+00 1.105174e+00 0.000000e+00 -4.566195e-02
0.000000e+00 4.950000e+00 1.105170e+00 1.105170e+00 0.000000e+00 -4.466394e-02
0.000000e+00 5.005000e+00 1.105167e+00 1.105167e+00 0.000000e+00 -4.369806e-02
0.000000e+00 5.060000e+00 1.105163e+00 1.105163e+00 0.000000e+00 -4.276295e-02
0.000000e+00 5.115000e+00 1.105160e+00 1.105160e+00 0.000000e+00 -4.185733e-02
0.000000e+00 5.170000e+00 1.105157e+00 1.105157e+00 0.000000e+00 -4.097999e-02
0.000000e+00 5.225000e+00 1.105155e+00 1.105155e+00 0.000000e+00 -4.012978e-02
0.000000e+00 5.280000e+00 1.105152e+00 1.105152e+00 0.000000e+00 -3.930558e-02
0.000000e+00 5.335000e+00 1.105150e+00 1.105150e+00 0.000000e+00 -3.850637e-02
0.000000e+00 5.390000e+00 1.105148e+00 1.105148e+00 0.000000e+00 -3.773115e-02
0.000000e+00 5.445000e+00 1.105146e+00 1.105146e+00 0.000000e+00 -3.697897e-02
0.000000e+00 5.500000e+00 1.105144e+00 1.105144e+00 0.000000e+00 -3.624895e-02
0.000000e+00 5.555000e+00 1.105142e+00 1.105142e+00 0.000000e+00 -3.554021e-02
0.000000e+00 5.610000e+00 1.105141e+00 1.105141e+00 0.000000e+00 -3.485195e-02
0.000000e+00 5.665000e+00 1.105139e+00 1.105139e+00 0.000000e+00 -3.418340e-02
0.000000e+00 5.720000e+00 1.105138e+00 1.105138e+00 0.000000e+00 -3.353380e-02
0.000000e+00 5.775000e+00 1.105136e+00 1.105136e+00 0.000000e+00 -3.290247e-02
0.000000e+00 5.830000e+00 1.105135e+00 1.105135e+00 0.000000e+00 -3.228871e-02
0.000000e+00 5.885000e+00 1.105134e+00 1.105134e+00 0.000000e+00 -3.169190e-02
0.000000e+00 5.940000e+00 1.105133e+00 1.105133e+00 0.000000e+00 -3.111140e-02
0.000000e+00 5.995000e+00 1.105132e+00 1.105132e+00 0.000000e+00 -3.054665e-02
0.000000e+00 6.050000e+00 1.105131e+00 1.105131e+00 0.000000e+00 -2.999708e-02
0.000000e+00 6.105000e+00 1.105130e+00 1.105130e+00 0.000000e+00 -2.946214e-02
0.000000e+00 6.160000e+00 1.105129e+00 1.105129e+00 0.000000e+00 -2.894134e-02
0.000000e+00 6.215000e+00 1.105128e+00 1.105128e+00 0.000000e+00 -2.843417e-02
0.000000e+00 6.270000e+00 1.105128e+00 1.105128e+00 0.000000e+00 -2.794017e-02
0.000000e+00 6.325000e+00 1.105127e+00 1.105127e+00 0.000000e+00 -2.745888e-02
0.000000e+00 6.380000e+00 1.105126e+00 1.105126e+00 0.000000e+00 -2.698989e-02
0.000000e+00 6.435000e+00 1.105126e+00 1.105126e+00 0.000000e+00 -2.653276e-02
0.000000e+00 6.490000e+00 1.105125e+00 1.105125e+00 0.000000e+00 -2.608712e-02
0.000000e+00 6.545000e+00 1.105125e+00 1.105125e+00 0.000000e+00 -2.565257e-02
0.000000e+00 6.600000e+00 1.105124e+00 1.105124e+00 0.000000e+00 -2.522876e-02
0.000000e+00 6.655000e+00 1.105124e+00 1.105124e+00 0.000000e+00 -2.481533e-02
0.000000e+00 6.710000e+00 1.105123e+00 1.105123e+00 0.000000e+00 -2.441196e-02
0.000000e+00 6.765000e+00 1.105123e+00 1.105123e+00 0.000000e+00 -2.401831e-02
0.000000e+00 6.820000e+00 1.105122e+00 1.105122e+00 0.000000e+00 -2.363408e-02
0.000000e+00 6.875000e+00 1.105122e+00 1.105122e+00 0.000000e+00 -2.325897e-02
0.000000e+00 6.930000e+00 1.105122e+00 1.105122e+00 0.000000e+00 -2.289270e-02
0.000000e+00 6.985000e+00 1.105121e+00 1.105121e+00 0.000000e+00 -2.253499e-02
0.000000e+00 7.040000e+00 1.105121e+00 1.105121e+00 0.000000e+00 -2.218558e-02
0.000000e+00 7.095000e+00 1.105121e+00 1.105121e+00 0.000000e+00 -2.184422e-02
0.000000e+00 7.150000e+00 1.105120e+00 1.105120e+00 0.000000e+00 -2.151065e-02
0.000000e+00 7.205000e+00 1.105120e+00 1.105120e+00 0.000000e+00 -2.118465e-02
0.000000e+00 7.260000e+00 1.105120e+00 1.105120e+00 0.000000e+00 -2.086598e-02
0.000000e+00 7.315000e+00 1.105119e+00 1.105119e+00 0.000000e+00 -2.055444e-02
0.000000e+00 7.370000e+00 1.105119e+00 1.105119e+00 0.000000e+00 -2.024980e-02
0.000000e+00 7.425000e+00 1.105119e+00 1.105119e+00 0.000000e+00 -1.995188e-02
0.000000e+00 7.480000e+00 1.105119e+00 1.105119e+00 0.000000e+00 -1.966047e-02
0.000000e+00 7.535000e+00 1.105119e+00 1.105119e+00 0.000000e+00 -1.937538e-02
0.000000e+00 7.590000e+00 1.105118e+00 1.105118e+00 0.000000e+00 -1.909644e-02
0.000000e+00 7.645000e+00 1.105118e+00 1.105118e+00 0.000000e+00 -1.882346e-02
0.000000e+00 7.700000e+00 1.105118e+00 1.105118e+00 0.000000e+00 -1.855629e-02
0.000000e+00 7.755000e+00 1.105118e+00 1.105118e+00 0.000000e+00 -1.829475e-02
0.000000e+00 7.810000e+00 1.105118e+00 1.105118e+00 0.000000e+00 -1.803869e-02
0.000000e+00 7.865000e+00 1.105118e+00 1.105118e+00 0.000000e+00 -1.778797e-02
0.000000e+00 7.920000e+00 1.105117e+00 1.105117e+00 0.000000e+00 -1.754243e-02
0.000000e+00 7.975000e+00 1.105117e+00 1.105117e+00 0.000000e+00 -1.730192e-02
0.000000e+00 8.030000e+00 1.105117e+00 1.105117e+00 0.000000e+00 -1.706630e-02
0.000000e+00 8.085000e+00 1.105117e+00 1.105117e+00 0.000000e+00 -1.683544e-02
0.000000e+00 8.140000e+00 1.105117e+00 1.105117e+00 0.000000e+00 -1.660934e-02
0.000000e+00 8.195000e+00 1.105117e+00 1.105117e+00 0.000000e+00 -1.638791e-02
0.000000e+00 8.250000e+00 1.105117e+00 1.105117e+00 0.000000e+00 -1.617062e-02
0.000000e+00 8.305000e+00 1.105116e+00 1.105116e+00 0.000000e+00 -1.595663e-02
0.000000e+00 8.360000e+00 1.105114e+00 1.105114e+00 0.000000e+00 -1.574644e-02
0.000000e+00 8.415000e+00 1.105116e+00 1.105116e+00 0.000000e+00 -1.554358e-02
0.000000e+00 8.470000e+00 1.105125e+00 1.105125e+00 0.000000e+00 -1.535123e-02
0.000000e+00 8.525000e+00 1.105133e+00 1.105133e+00 0.000000e+00 -1.516161e-02
0.000000e+00 8.580000e+00 1.105114e+00 1.105114e+00 0.000000e+00 -1.495139e-02
0.000000e+00 8.635000e+00 1.105056e+00 1.105056e+00 0.000000e+00 -1.470892e-02
0.000000e+00 8.690000e+00 1.105023e+00 1.105023e+00 0.000000e+00 -1.449314e-02
0.000000e+00 8.745000e+00 1.105205e+00 1.105205e+00 0.000000e+00 -1.447548e-02
0.000000e+00 8.800000e+00 1.105894e+00 1.105894e+00 0.000000e+00 -1.491973e-02
0.000000e+00 8.855000e+00 1.107181e+00 1.107181e+00 0.000000e+00 -1.590615e-02
0.000000e+00 8.910000e+00 1.108710e+00 1.108711e+00 0.000000e+00 -1.711503e-02
0.000000e+00 8.965000e+00 1.109899e+00 1.109900e+00 0.000000e+00 -1.801915e-02
0.000000e+00 9.020000e+00 1.110231e+00 1.110231e+00 0.000000e+00 -1.816071e-02
0.000000e+00 9.075000e+00 1.109887e+00 1.109887e+00 0.000000e+00 -1.768232e-02
0.000000e+00 9.130000e+00 1.109366e+00 1.109366e+00 0.000000e+00 -1.702655e-02
0.000000e+00 9.185000e+00 1.109085e+00 1.109085e+00 0.000000e+00 -1.654866e-02
0.000000e+00 9.240000e+00 1.109142e+00 1.109142e+00 0.000000e+00 -1.632284e-02
0.000000e+00 9.295000e+00 1.109268e+00 1.109268e+00 0.000000e+00 -1.613989e-02
0.000000e+00 9.350000e+00 1.109167e+00 1.109167e+00 0.000000e+00 -1.578565e-02
0.000000e+00 9.405000e+00 1.108789e+00 1.108789e+00 0.000000e+00 -1.523606e-02
0.000000e+00 9.460000e+00 1.108289e+00 1.108289e+00 0.000000e+00 -1.462787e-02
0.000000e+00 9.515000e+00 1.107799e+00 1.107799e+00 0.000000e+00 -1.407042e-02
0.000000e+00 9.570000e+00 1.107336e+00 1.107336e+00 0.000000e+00 -1.358069e-02
0.000000e+00 9.625000e+00 1.106911e+00 1.106911e+00 0.000000e+00 -1.310256e-02
0.000000e+00 9.680000e+00 1.106511e+00 1.106511e+00 0.000000e+00 -1.264565e-02
0.000000e+00 9.735000e+00 1.106188e+00 1.106188e+00 0.000000e+00 -1.220562e-02
0.000000e+00 9.790000e+00 1.105874e+00 1.105874e+00 0.000000e+00 -1.186049e-02
0.000000e+00 9.845000e+00 1.105683e+00 1.105682e+00 0.000000e+00 -1.146212e-02
0.000000e+00 9.900000e+00 1.105394e+00 1.105390e+00 0.000000e+00 -1.110596e-02
0.000000e+00 9.955000e+00 1.105150e+00 1.105142e+00 0.000000e+00 -1.063800e-02
0.000000e+00 1.001000e+01 1.105114e+00 1.105104e+00 -0.000000e+00 -1.013850e-02
0.000000e+00 1.006500e+01 1.105114e+00 1.105104e+00 -0.000000e+00 -1.013850e-02
0.000000e+00 1.012000e+01 1.105114e+00 1.105104e+00 -0.000000e+00 -1.013850e-02
0.000000e+00 1.017500e+01 1.105114e+00 1.105104e+00 -0.000000e+00 -1.013850e-02
0.000000e+00 1.023000e+01 1.105114e+00 1.105104e+00 -0.000000e+00 -1.013850e-02
0.000000e+00 1.028500e+01 1.105114e+00 1.105104e+00 -0.000000e+00 -1.013850e-02
0.000000e+00 1.034000e+01 1.105114e+00 1.105104e+00 -0.000000e+00 -1.013850e-02
0.000000e+00 1.039500e+01 1.105114e+00 1.105104e+00 -0.000000e+00 -1.013850e-02
0.000000e+00 1.045000e+01 1.105114e+00 1.105104e+00 -0.000000e+00 -1.013850e-02
0.000000e+00 1.050500e+01 1.105114e+00 1.105104e+00 -0.000000e+00 -1.013850e-02
0.000000e+00 1.056000e+01 1.105114e+00 1.105104e+00 -0.000000e+00 -1.013850e-02
0.000000e+00 1.061500e+01 1.105114e+00 1.105104e+00 -0.000000e+00 -1.013850e-02
0.000000e+00 1.067000e+01 1.105114e+00 1.105104e+00 -0.000000e+00 -1.013850e-02
0.000000e+00 1.072500e+01 1.105114e+00 1.105104e+00 -0.000000e+00 -1.013850e-02
0.000000e+00 1.078000e+01 1.105114e+00 1.105104e+00 -0.000000e+00 -1.013850e-02
0.000000e+00 1.083500e+01 1.105114e+00 1.105104e+00 -0.000000e+00 -1.013850e-02
0.000000e+00 1.089000e+01 1.105114e+00 1.105104e+00 -0.000000e+00 -1.013850e-02
0.000000e+00 1.094500e+01 1.105114e+00 1.105104e+00 -0.000000e+00 -1.013850e-02
0.000000e+00 1.100000e+01 1.105114e+00 1.105104e+00 -0.000000e+00 -1.013850e-02
