#############TIME##################
1.300635e+01 
###################################
0.000000e+00 0.000000e+00 1.184381e+01 4.115092e+01 0.000000e+00 -1.505553e+00
0.000000e+00 5.500000e-02 1.184381e+01 4.115092e+01 0.000000e+00 -1.505553e+00
0.000000e+00 1.100000e-01 1.184376e+01 4.115033e+01 0.000000e+00 -1.505570e+00
0.000000e+00 1.650000e-01 9.017860e+00 2.352252e+01 0.000000e+00 -9.991021e-01
0.000000e+00 2.200000e-01 6.951691e+00 1.525847e+01 0.000000e+00 -8.214824e-01
0.000000e+00 2.750000e-01 5.649928e+00 1.084953e+01 0.000000e+00 -6.779061e-01
0.000000e+00 3.300000e-01 4.787357e+00 8.262093e+00 0.000000e+00 -5.721392e-01
0.000000e+00 3.850000e-01 4.176228e+00 6.610473e+00 0.000000e+00 -4.909318e-01
0.000000e+00 4.400000e-01 3.732864e+00 5.492014e+00 0.000000e+00 -4.269052e-01
0.000000e+00 4.950000e-01 3.396057e+00 4.690525e+00 0.000000e+00 -3.752847e-01
0.000000e+00 5.500000e-01 3.130998e+00 4.094789e+00 0.000000e+00 -3.335865e-01
0.000000e+00 6.050000e-01 2.917294e+00 3.636745e+00 0.000000e+00 -2.990204e-01
0.000000e+00 6.600000e-01 2.742109e+00 3.276053e+00 0.000000e+00 -2.701036e-01
0.000000e+00 7.150000e-01 2.595760e+00 2.985567e+00 0.000000e+00 -2.455283e-01
0.000000e+00 7.700000e-01 2.471951e+00 2.747671e+00 0.000000e+00 -2.245225e-01
0.000000e+00 8.250000e-01 2.366176e+00 2.549749e+00 0.000000e+00 -2.063772e-01
0.000000e+00 8.800000e-01 2.275222e+00 2.382950e+00 0.000000e+00 -1.905917e-01
0.000000e+00 9.350000e-01 2.196352e+00 2.240646e+00 0.000000e+00 -1.766850e-01
0.000000e+00 9.900000e-01 2.126979e+00 2.117946e+00 0.000000e+00 -1.642583e-01
0.000000e+00 1.045000e+00 2.064659e+00 2.011140e+00 0.000000e+00 -1.529694e-01
0.000000e+00 1.100000e+00 2.007639e+00 1.917454e+00 0.000000e+00 -1.425905e-01
0.000000e+00 1.155000e+00 1.955220e+00 1.834750e+00 0.000000e+00 -1.329948e-01
0.000000e+00 1.210000e+00 1.907388e+00 1.761333e+00 0.000000e+00 -1.241327e-01
0.000000e+00 1.265000e+00 1.864041e+00 1.695792e+00 0.000000e+00 -1.159781e-01
0.000000e+00 1.320000e+00 1.824723e+00 1.636941e+00 0.000000e+00 -1.084989e-01
0.000000e+00 1.375000e+00 1.788803e+00 1.583795e+00 0.000000e+00 -1.016462e-01
0.000000e+00 1.430000e+00 1.755722e+00 1.535562e+00 0.000000e+00 -9.536474e-02
0.000000e+00 1.485000e+00 1.725129e+00 1.491604e+00 0.000000e+00 -8.960875e-02
0.000000e+00 1.540000e+00 1.696859e+00 1.451389e+00 0.000000e+00 -8.435046e-02
0.000000e+00 1.595000e+00 1.670796e+00 1.414456e+00 0.000000e+00 -7.956914e-02
0.000000e+00 1.650000e+00 1.646731e+00 1.380417e+00 0.000000e+00 -7.523086e-02
0.000000e+00 1.705000e+00 1.624372e+00 1.348961e+00 0.000000e+00 -7.127793e-02
0.000000e+00 1.760000e+00 1.603443e+00 1.319837e+00 0.000000e+00 -6.763677e-02
0.000000e+00 1.815000e+00 1.583746e+00 1.292824e+00 0.000000e+00 -6.423849e-02
0.000000e+00 1.870000e+00 1.565164e+00 1.267713e+00 0.000000e+00 -6.103702e-02
0.000000e+00 1.925000e+00 1.547627e+00 1.244311e+00 0.000000e+00 -5.800972e-02
0.000000e+00 1.980000e+00 1.531095e+00 1.222452e+00 0.000000e+00 -5.514362e-02
0.000000e+00 2.035000e+00 1.515537e+00 1.201993e+00 0.000000e+00 -5.242401e-02
0.000000e+00 2.090000e+00 1.500916e+00 1.182808e+00 0.000000e+00 -4.983191e-02
0.000000e+00 2.145000e+00 1.487181e+00 1.164781e+00 0.000000e+00 -4.734800e-02
0.000000e+00 2.200000e+00 1.474262e+00 1.147813e+00 0.000000e+00 -4.496034e-02
0.000000e+00 2.255000e+00 1.462071e+00 1.131814e+00 0.000000e+00 -4.267429e-02
0.000000e+00 2.310000e+00 1.450501e+00 1.116695e+00 0.000000e+00 -4.051753e-02
0.000000e+00 2.365000e+00 1.439440e+00 1.102357e+00 0.000000e+00 -3.852990e-02
0.000000e+00 2.420000e+00 1.428790e+00 1.088712e+00 0.000000e+00 -3.673746e-02
0.000000e+00 2.475000e+00 1.418503e+00 1.075700e+00 0.000000e+00 -3.512662e-02
0.000000e+00 2.530000e+00 1.408594e+00 1.063307e+00 0.000000e+00 -3.364170e-02
0.000000e+00 2.585000e+00 1.399115e+00 1.051540e+00 0.000000e+00 -3.221349e-02
0.000000e+00 2.640000e+00 1.390118e+00 1.040397e+00 0.000000e+00 -3.079957e-02
0.000000e+00 2.695000e+00 1.381615e+00 1.029839e+00 0.000000e+00 -2.940368e-02
0.000000e+00 2.750000e+00 1.373571e+00 1.019796e+00 0.000000e+00 -2.805959e-02
0.000000e+00 2.805000e+00 1.365917e+00 1.010195e+00 0.000000e+00 -2.679534e-02
0.000000e+00 2.860000e+00 1.358575e+00 1.000984e+00 0.000000e+00 -2.560948e-02
0.000000e+00 2.915000e+00 1.351476e+00 9.921272e-01 0.000000e+00 -2.447664e-02
0.000000e+00 2.970000e+00 1.344567e+00 9.836062e-01 0.000000e+00 -2.337167e-02
0.000000e+00 3.025000e+00 1.337826e+00 9.754082e-01 0.000000e+00 -2.228697e-02
0.000000e+00 3.080000e+00 1.331265e+00 9.675322e-01 0.000000e+00 -2.122904e-02
0.000000e+00 3.135000e+00 1.324930e+00 9.599896e-01 0.000000e+00 -2.020383e-02
0.000000e+00 3.190000e+00 1.318877e+00 9.527922e-01 0.000000e+00 -1.921004e-02
0.000000e+00 3.245000e+00 1.313139e+00 9.459345e-01 0.000000e+00 -1.824670e-02
0.000000e+00 3.300000e+00 1.307712e+00 9.393878e-01 0.000000e+00 -1.732185e-02
0.000000e+00 3.355000e+00 1.302562e+00 9.331183e-01 0.000000e+00 -1.644708e-02
0.000000e+00 3.410000e+00 1.297646e+00 9.271103e-01 0.000000e+00 -1.562044e-02
0.000000e+00 3.465000e+00 1.292931e+00 9.213687e-01 0.000000e+00 -1.481747e-02
0.000000e+00 3.520000e+00 1.288380e+00 9.158892e-01 0.000000e+00 -1.400537e-02
0.000000e+00 3.575000e+00 1.283936e+00 9.106226e-01 0.000000e+00 -1.317048e-02
0.000000e+00 3.630000e+00 1.279529e+00 9.054768e-01 0.000000e+00 -1.233264e-02
0.000000e+00 3.685000e+00 1.275114e+00 9.003672e-01 0.000000e+00 -1.153041e-02
0.000000e+00 3.740000e+00 1.270714e+00 8.952799e-01 0.000000e+00 -1.078921e-02
0.000000e+00 3.795000e+00 1.266421e+00 8.902901e-01 0.000000e+00 -1.010155e-02
0.000000e+00 3.850000e+00 1.262353e+00 8.855142e-01 0.000000e+00 -9.436027e-03
0.000000e+00 3.905000e+00 1.258576e+00 8.810311e-01 0.000000e+00 -8.763477e-03
0.000000e+00 3.960000e+00 1.255068e+00 8.768364e-01 0.000000e+00 -8.076046e-03
0.000000e+00 4.015000e+00 1.251741e+00 8.728605e-01 0.000000e+00 -7.386627e-03
0.000000e+00 4.070000e+00 1.248500e+00 8.690241e-01 0.000000e+00 -6.714655e-03
0.000000e+00 4.125000e+00 1.245291e+00 8.652827e-01 0.000000e+00 -6.071589e-03
0.000000e+00 4.180000e+00 1.242110e+00 8.616293e-01 0.000000e+00 -5.454910e-03
0.000000e+00 4.235000e+00 1.238977e+00 8.580676e-01 0.000000e+00 -4.851144e-03
0.000000e+00 4.290000e+00 1.235910e+00 8.545893e-01 0.000000e+00 -4.243828e-03
0.000000e+00 4.345000e+00 1.232921e+00 8.511785e-01 0.000000e+00 -3.622003e-03
0.000000e+00 4.400000e+00 1.230023e+00 8.478335e-01 0.000000e+00 -2.985004e-03
0.000000e+00 4.455000e+00 1.227238e+00 8.445815e-01 0.000000e+00 -2.340061e-03
0.000000e+00 4.510000e+00 1.224593e+00 8.414714e-01 0.000000e+00 -1.693578e-03
0.000000e+00 4.565000e+00 1.222101e+00 8.385491e-01 0.000000e+00 -1.042794e-03
0.000000e+00 4.620000e+00 1.219756e+00 8.358310e-01 0.000000e+00 -3.755095e-04
0.000000e+00 4.675000e+00 1.217524e+00 8.332880e-01 0.000000e+00 3.203353e-04
0.000000e+00 4.730000e+00 1.215350e+00 8.308501e-01 0.000000e+00 1.043572e-03
0.000000e+00 4.785000e+00 1.213181e+00 8.284305e-01 0.000000e+00 1.773546e-03
0.000000e+00 4.840000e+00 1.210981e+00 8.259633e-01 0.000000e+00 2.477368e-03
0.000000e+00 4.895000e+00 1.208757e+00 8.234369e-01 0.000000e+00 3.128492e-03
0.000000e+00 4.950000e+00 1.206558e+00 8.209042e-01 0.000000e+00 3.725608e-03
0.000000e+00 5.005000e+00 1.204453e+00 8.184593e-01 0.000000e+00 4.298923e-03
0.000000e+00 5.060000e+00 1.202503e+00 8.161945e-01 0.000000e+00 4.898776e-03
0.000000e+00 5.115000e+00 1.200734e+00 8.141613e-01 0.000000e+00 5.571992e-03
0.000000e+00 5.170000e+00 1.199133e+00 8.123571e-01 0.000000e+00 6.338351e-03
0.000000e+00 5.225000e+00 1.197664e+00 8.107330e-01 0.000000e+00 7.180362e-03
0.000000e+00 5.280000e+00 1.196275e+00 8.092149e-01 0.000000e+00 8.051485e-03
0.000000e+00 5.335000e+00 1.194916e+00 8.077235e-01 0.000000e+00 8.895606e-03
0.000000e+00 5.390000e+00 1.193538e+00 8.061866e-01 0.000000e+00 9.665397e-03
0.000000e+00 5.445000e+00 1.192097e+00 8.045477e-01 0.000000e+00 1.033123e-02
0.000000e+00 5.500000e+00 1.190554e+00 8.027707e-01 0.000000e+00 1.088113e-02
0.000000e+00 5.555000e+00 1.188889e+00 8.008468e-01 0.000000e+00 1.131834e-02
0.000000e+00 5.610000e+00 1.187107e+00 7.988044e-01 0.000000e+00 1.166103e-02
0.000000e+00 5.665000e+00 1.185262e+00 7.967154e-01 0.000000e+00 1.194297e-02
0.000000e+00 5.720000e+00 1.183444e+00 7.946874e-01 0.000000e+00 1.221115e-02
0.000000e+00 5.775000e+00 1.181763e+00 7.928357e-01 0.000000e+00 1.251822e-02
0.000000e+00 5.830000e+00 1.180303e+00 7.912388e-01 0.000000e+00 1.291018e-02
0.000000e+00 5.885000e+00 1.179079e+00 7.898946e-01 0.000000e+00 1.340911e-02
0.000000e+00 5.940000e+00 1.178014e+00 7.887086e-01 0.000000e+00 1.399586e-02
0.000000e+00 5.995000e+00 1.176979e+00 7.875310e-01 0.000000e+00 1.460785e-02
0.000000e+00 6.050000e+00 1.175843e+00 7.862268e-01 0.000000e+00 1.515768e-02
0.000000e+00 6.105000e+00 1.174541e+00 7.847361e-01 0.000000e+00 1.557110e-02
0.000000e+00 6.160000e+00 1.173090e+00 7.830947e-01 0.000000e+00 1.582807e-02
0.000000e+00 6.215000e+00 1.171576e+00 7.814062e-01 0.000000e+00 1.597735e-02
0.000000e+00 6.270000e+00 1.170108e+00 7.797911e-01 0.000000e+00 1.611517e-02
0.000000e+00 6.325000e+00 1.168779e+00 7.783438e-01 0.000000e+00 1.633791e-02
0.000000e+00 6.380000e+00 1.167642e+00 7.771100e-01 0.000000e+00 1.669400e-02
0.000000e+00 6.435000e+00 1.166697e+00 7.760750e-01 0.000000e+00 1.716608e-02
0.000000e+00 6.490000e+00 1.165885e+00 7.751671e-01 0.000000e+00 1.769107e-02
0.000000e+00 6.545000e+00 1.165105e+00 7.742763e-01 0.000000e+00 1.819680e-02
0.000000e+00 6.600000e+00 1.164245e+00 7.732893e-01 0.000000e+00 1.862827e-02
0.000000e+00 6.655000e+00 1.163228e+00 7.721323e-01 0.000000e+00 1.895423e-02
0.000000e+00 6.710000e+00 1.162039e+00 7.708005e-01 0.000000e+00 1.916554e-02
0.000000e+00 6.765000e+00 1.160733e+00 7.693581e-01 0.000000e+00 1.927691e-02
0.000000e+00 6.820000e+00 1.159407e+00 7.679104e-01 0.000000e+00 1.933137e-02
0.000000e+00 6.875000e+00 1.158166e+00 7.665644e-01 0.000000e+00 1.939744e-02
0.000000e+00 6.930000e+00 1.157089e+00 7.653943e-01 0.000000e+00 1.954898e-02
0.000000e+00 6.985000e+00 1.156197e+00 7.644164e-01 0.000000e+00 1.982988e-02
0.000000e+00 7.040000e+00 1.155444e+00 7.635743e-01 0.000000e+00 2.022581e-02
0.000000e+00 7.095000e+00 1.154713e+00 7.627453e-01 0.000000e+00 2.067143e-02
0.000000e+00 7.150000e+00 1.153862e+00 7.617804e-01 0.000000e+00 2.108957e-02
0.000000e+00 7.205000e+00 1.152790e+00 7.605803e-01 0.000000e+00 2.142826e-02
0.000000e+00 7.260000e+00 1.151525e+00 7.591829e-01 0.000000e+00 2.166858e-02
0.000000e+00 7.315000e+00 1.150250e+00 7.577887e-01 0.000000e+00 2.180442e-02
0.000000e+00 7.370000e+00 1.149217e+00 7.566717e-01 0.000000e+00 2.183103e-02
0.000000e+00 7.425000e+00 1.148556e+00 7.559650e-01 0.000000e+00 2.178361e-02
0.000000e+00 7.480000e+00 1.148134e+00 7.555124e-01 0.000000e+00 2.180253e-02
0.000000e+00 7.535000e+00 1.147559e+00 7.548812e-01 0.000000e+00 2.201399e-02
0.000000e+00 7.590000e+00 1.146474e+00 7.536801e-01 0.000000e+00 2.251563e-02
0.000000e+00 7.645000e+00 1.144882e+00 7.519160e-01 0.000000e+00 2.307963e-02
0.000000e+00 7.700000e+00 1.143192e+00 7.500461e-01 0.000000e+00 2.335220e-02
0.000000e+00 7.755000e+00 1.142028e+00 7.487605e-01 0.000000e+00 2.305696e-02
0.000000e+00 7.810000e+00 1.141652e+00 7.483557e-01 0.000000e+00 2.224789e-02
0.000000e+00 7.865000e+00 1.141869e+00 7.486040e-01 0.000000e+00 2.153058e-02
0.000000e+00 7.920000e+00 1.142214e+00 7.489857e-01 0.000000e+00 2.136049e-02
0.000000e+00 7.975000e+00 1.142118e+00 7.488867e-01 0.000000e+00 2.198238e-02
0.000000e+00 8.030000e+00 1.141542e+00 7.482638e-01 0.000000e+00 2.316879e-02
0.000000e+00 8.085000e+00 1.140750e+00 7.473952e-01 0.000000e+00 2.418268e-02
0.000000e+00 8.140000e+00 1.139972e+00 7.465327e-01 0.000000e+00 2.453256e-02
0.000000e+00 8.195000e+00 1.139274e+00 7.457556e-01 0.000000e+00 2.407839e-02
0.000000e+00 8.250000e+00 1.138544e+00 7.449489e-01 0.000000e+00 2.309513e-02
0.000000e+00 8.305000e+00 1.137702e+00 7.440302e-01 0.000000e+00 2.198083e-02
0.000000e+00 8.360000e+00 1.136762e+00 7.430130e-01 0.000000e+00 2.100791e-02
0.000000e+00 8.415000e+00 1.135806e+00 7.419824e-01 0.000000e+00 2.030286e-02
0.000000e+00 8.470000e+00 1.134995e+00 7.411069e-01 0.000000e+00 1.996025e-02
0.000000e+00 8.525000e+00 1.134623e+00 7.406996e-01 0.000000e+00 2.010627e-02
0.000000e+00 8.580000e+00 1.135003e+00 7.411000e-01 0.000000e+00 2.085113e-02
0.000000e+00 8.635000e+00 1.136266e+00 7.424585e-01 0.000000e+00 2.218536e-02
0.000000e+00 8.690000e+00 1.138193e+00 7.445407e-01 0.000000e+00 2.387685e-02
0.000000e+00 8.745000e+00 1.140122e+00 7.466377e-01 0.000000e+00 2.551835e-02
0.000000e+00 8.800000e+00 1.141181e+00 7.478034e-01 0.000000e+00 2.664861e-02
0.000000e+00 8.855000e+00 1.140610e+00 7.472017e-01 0.000000e+00 2.672975e-02
0.000000e+00 8.910000e+00 1.137828e+00 7.441852e-01 0.000000e+00 2.527702e-02
0.000000e+00 8.965000e+00 1.133573e+00 7.395688e-01 0.000000e+00 2.272294e-02
0.000000e+00 9.020000e+00 1.129034e+00 7.346482e-01 0.000000e+00 1.990659e-02
0.000000e+00 9.075000e+00 1.125492e+00 7.308039e-01 0.000000e+00 1.768425e-02
0.000000e+00 9.130000e+00 1.123905e+00 7.290689e-01 0.000000e+00 1.673113e-02
0.000000e+00 9.185000e+00 1.124449e+00 7.296324e-01 0.000000e+00 1.722431e-02
0.000000e+00 9.240000e+00 1.126781e+00 7.321385e-01 0.000000e+00 1.886398e-02
0.000000e+00 9.295000e+00 1.130130e+00 7.357611e-01 0.000000e+00 2.116706e-02
0.000000e+00 9.350000e+00 1.133481e+00 7.393988e-01 0.000000e+00 2.349453e-02
0.000000e+00 9.405000e+00 1.135816e+00 7.419474e-01 0.000000e+00 2.521173e-02
0.000000e+00 9.460000e+00 1.136341e+00 7.425352e-01 0.000000e+00 2.582967e-02
0.000000e+00 9.515000e+00 1.134854e+00 7.409311e-01 0.000000e+00 2.518283e-02
0.000000e+00 9.570000e+00 1.131912e+00 7.377382e-01 0.000000e+00 2.367236e-02
0.000000e+00 9.625000e+00 1.128473e+00 7.340048e-01 0.000000e+00 2.184485e-02
0.000000e+00 9.680000e+00 1.125575e+00 7.308665e-01 0.000000e+00 2.032071e-02
0.000000e+00 9.735000e+00 1.123950e+00 7.291269e-01 0.000000e+00 1.950613e-02
0.000000e+00 9.790000e+00 1.123695e+00 7.288881e-01 0.000000e+00 1.944851e-02
0.000000e+00 9.845000e+00 1.124365e+00 7.296504e-01 0.000000e+00 1.979870e-02
0.000000e+00 9.900000e+00 1.125538e+00 7.309225e-01 0.000000e+00 2.041665e-02
0.000000e+00 9.955000e+00 1.126655e+00 7.320659e-01 0.000000e+00 2.102795e-02
0.000000e+00 1.001000e+01 1.101640e+00 7.050500e-01 -0.000000e+00 -2.260000e-03
0.000000e+00 1.006500e+01 1.101640e+00 7.050500e-01 -0.000000e+00 -2.260000e-03
0.000000e+00 1.012000e+01 1.101640e+00 7.050500e-01 -0.000000e+00 -2.260000e-03
0.000000e+00 1.017500e+01 1.101640e+00 7.050500e-01 -0.000000e+00 -2.260000e-03
0.000000e+00 1.023000e+01 1.101640e+00 7.050500e-01 -0.000000e+00 -2.260000e-03
0.000000e+00 1.028500e+01 1.101640e+00 7.050500e-01 -0.000000e+00 -2.260000e-03
0.000000e+00 1.034000e+01 1.101640e+00 7.050500e-01 -0.000000e+00 -2.260000e-03
0.000000e+00 1.039500e+01 1.101640e+00 7.050500e-01 -0.000000e+00 -2.260000e-03
0.000000e+00 1.045000e+01 1.101640e+00 7.050500e-01 -0.000000e+00 -2.260000e-03
0.000000e+00 1.050500e+01 1.101640e+00 7.050500e-01 -0.000000e+00 -2.260000e-03
0.000000e+00 1.056000e+01 1.101640e+00 7.050500e-01 -0.000000e+00 -2.260000e-03
0.000000e+00 1.061500e+01 1.101640e+00 7.050500e-01 -0.000000e+00 -2.260000e-03
0.000000e+00 1.067000e+01 1.101640e+00 7.050500e-01 -0.000000e+00 -2.260000e-03
0.000000e+00 1.072500e+01 1.101640e+00 7.050500e-01 -0.000000e+00 -2.260000e-03
0.000000e+00 1.078000e+01 1.101640e+00 7.050500e-01 -0.000000e+00 -2.260000e-03
0.000000e+00 1.083500e+01 1.101640e+00 7.050500e-01 -0.000000e+00 -2.260000e-03
0.000000e+00 1.089000e+01 1.101640e+00 7.050500e-01 -0.000000e+00 -2.260000e-03
0.000000e+00 1.094500e+01 1.101640e+00 7.050500e-01 -0.000000e+00 -2.260000e-03
0.000000e+00 1.100000e+01 1.101640e+00 7.050500e-01 -0.000000e+00 -2.260000e-03
