#############TIME##################
2.590191e+01 
###################################
0.000000e+00 0.000000e+00 1.190413e+01 4.146719e+01 0.000000e+00 -1.502132e+00
0.000000e+00 5.500000e-02 1.190413e+01 4.146719e+01 0.000000e+00 -1.502132e+00
0.000000e+00 1.100000e-01 1.190405e+01 4.146675e+01 0.000000e+00 -1.502133e+00
0.000000e+00 1.650000e-01 9.079590e+00 2.373772e+01 0.000000e+00 -9.987548e-01
0.000000e+00 2.200000e-01 7.016168e+00 1.540744e+01 0.000000e+00 -8.252056e-01
0.000000e+00 2.750000e-01 5.722893e+00 1.097053e+01 0.000000e+00 -6.856970e-01
0.000000e+00 3.300000e-01 4.864715e+00 8.362649e+00 0.000000e+00 -5.823246e-01
0.000000e+00 3.850000e-01 4.253209e+00 6.696149e+00 0.000000e+00 -5.017631e-01
0.000000e+00 4.400000e-01 3.805295e+00 5.566781e+00 0.000000e+00 -4.371702e-01
0.000000e+00 4.950000e-01 3.462803e+00 4.757040e+00 0.000000e+00 -3.844292e-01
0.000000e+00 5.500000e-01 3.192566e+00 4.155035e+00 0.000000e+00 -3.415383e-01
0.000000e+00 6.050000e-01 2.974295e+00 3.692133e+00 0.000000e+00 -3.058204e-01
0.000000e+00 6.600000e-01 2.794840e+00 3.327679e+00 0.000000e+00 -2.757445e-01
0.000000e+00 7.150000e-01 2.643940e+00 3.034176e+00 0.000000e+00 -2.498760e-01
0.000000e+00 7.700000e-01 2.514532e+00 2.793771e+00 0.000000e+00 -2.273337e-01
0.000000e+00 8.250000e-01 2.401784e+00 2.593682e+00 0.000000e+00 -2.074260e-01
0.000000e+00 8.800000e-01 2.303256e+00 2.425046e+00 0.000000e+00 -1.898546e-01
0.000000e+00 9.350000e-01 2.217724e+00 2.281281e+00 0.000000e+00 -1.744511e-01
0.000000e+00 9.900000e-01 2.143898e+00 2.157467e+00 0.000000e+00 -1.610665e-01
0.000000e+00 1.045000e+00 2.079629e+00 2.049776e+00 0.000000e+00 -1.494206e-01
0.000000e+00 1.100000e+00 2.022649e+00 1.955300e+00 0.000000e+00 -1.391928e-01
0.000000e+00 1.155000e+00 1.971403e+00 1.871781e+00 0.000000e+00 -1.300917e-01
0.000000e+00 1.210000e+00 1.924986e+00 1.797455e+00 0.000000e+00 -1.219006e-01
0.000000e+00 1.265000e+00 1.882769e+00 1.730925e+00 0.000000e+00 -1.144644e-01
0.000000e+00 1.320000e+00 1.844202e+00 1.671073e+00 0.000000e+00 -1.076754e-01
0.000000e+00 1.375000e+00 1.808797e+00 1.616991e+00 0.000000e+00 -1.014573e-01
0.000000e+00 1.430000e+00 1.776172e+00 1.567926e+00 0.000000e+00 -9.575398e-02
0.000000e+00 1.485000e+00 1.746053e+00 1.523240e+00 0.000000e+00 -9.051705e-02
0.000000e+00 1.540000e+00 1.718222e+00 1.482388e+00 0.000000e+00 -8.569650e-02
0.000000e+00 1.595000e+00 1.692449e+00 1.444900e+00 0.000000e+00 -8.123899e-02
0.000000e+00 1.650000e+00 1.668472e+00 1.410377e+00 0.000000e+00 -7.709446e-02
0.000000e+00 1.705000e+00 1.646029e+00 1.378482e+00 0.000000e+00 -7.322334e-02
0.000000e+00 1.760000e+00 1.624919e+00 1.348935e+00 0.000000e+00 -6.959406e-02
0.000000e+00 1.815000e+00 1.605027e+00 1.321499e+00 0.000000e+00 -6.617638e-02
0.000000e+00 1.870000e+00 1.586288e+00 1.295964e+00 0.000000e+00 -6.294261e-02
0.000000e+00 1.925000e+00 1.568643e+00 1.272144e+00 0.000000e+00 -5.987161e-02
0.000000e+00 1.980000e+00 1.552021e+00 1.249875e+00 0.000000e+00 -5.694916e-02
0.000000e+00 2.035000e+00 1.536349e+00 1.229013e+00 0.000000e+00 -5.416843e-02
0.000000e+00 2.090000e+00 1.521560e+00 1.209429e+00 0.000000e+00 -5.153101e-02
0.000000e+00 2.145000e+00 1.507592e+00 1.191009e+00 0.000000e+00 -4.904504e-02
0.000000e+00 2.200000e+00 1.494391e+00 1.173652e+00 0.000000e+00 -4.671964e-02
0.000000e+00 2.255000e+00 1.481900e+00 1.157271e+00 0.000000e+00 -4.455905e-02
0.000000e+00 2.310000e+00 1.470065e+00 1.141791e+00 0.000000e+00 -4.255964e-02
0.000000e+00 2.365000e+00 1.458828e+00 1.127145e+00 0.000000e+00 -4.071064e-02
0.000000e+00 2.420000e+00 1.448131e+00 1.113269e+00 0.000000e+00 -3.899697e-02
0.000000e+00 2.475000e+00 1.437916e+00 1.100105e+00 0.000000e+00 -3.740178e-02
0.000000e+00 2.530000e+00 1.428134e+00 1.087598e+00 0.000000e+00 -3.590775e-02
0.000000e+00 2.585000e+00 1.418745e+00 1.075698e+00 0.000000e+00 -3.449760e-02
0.000000e+00 2.640000e+00 1.409722e+00 1.064363e+00 0.000000e+00 -3.315500e-02
0.000000e+00 2.695000e+00 1.401053e+00 1.053554e+00 0.000000e+00 -3.186630e-02
0.000000e+00 2.750000e+00 1.392733e+00 1.043237e+00 0.000000e+00 -3.062278e-02
0.000000e+00 2.805000e+00 1.384762e+00 1.033381e+00 0.000000e+00 -2.942184e-02
0.000000e+00 2.860000e+00 1.377138e+00 1.023957e+00 0.000000e+00 -2.826631e-02
0.000000e+00 2.915000e+00 1.369854e+00 1.014937e+00 0.000000e+00 -2.716188e-02
0.000000e+00 2.970000e+00 1.362892e+00 1.006296e+00 0.000000e+00 -2.611354e-02
0.000000e+00 3.025000e+00 1.356226e+00 9.980090e-01 0.000000e+00 -2.512273e-02
0.000000e+00 3.080000e+00 1.349823e+00 9.900547e-01 0.000000e+00 -2.418622e-02
0.000000e+00 3.135000e+00 1.343647e+00 9.824120e-01 0.000000e+00 -2.329687e-02
0.000000e+00 3.190000e+00 1.337666e+00 9.750624e-01 0.000000e+00 -2.244578e-02
0.000000e+00 3.245000e+00 1.331857e+00 9.679897e-01 0.000000e+00 -2.162487e-02
0.000000e+00 3.300000e+00 1.326210e+00 9.611800e-01 0.000000e+00 -2.082876e-02
0.000000e+00 3.355000e+00 1.320726e+00 9.546206e-01 0.000000e+00 -2.005568e-02
0.000000e+00 3.410000e+00 1.315414e+00 9.482994e-01 0.000000e+00 -1.930698e-02
0.000000e+00 3.465000e+00 1.310285e+00 9.422047e-01 0.000000e+00 -1.858580e-02
0.000000e+00 3.520000e+00 1.305348e+00 9.363248e-01 0.000000e+00 -1.789530e-02
0.000000e+00 3.575000e+00 1.300604e+00 9.306490e-01 0.000000e+00 -1.723716e-02
0.000000e+00 3.630000e+00 1.296046e+00 9.251663e-01 0.000000e+00 -1.661084e-02
0.000000e+00 3.685000e+00 1.291654e+00 9.198653e-01 0.000000e+00 -1.601384e-02
0.000000e+00 3.740000e+00 1.287400e+00 9.147340e-01 0.000000e+00 -1.544272e-02
0.000000e+00 3.795000e+00 1.283258e+00 9.097608e-01 0.000000e+00 -1.489440e-02
0.000000e+00 3.850000e+00 1.279206e+00 9.049369e-01 0.000000e+00 -1.436697e-02
0.000000e+00 3.905000e+00 1.275236e+00 9.002574e-01 0.000000e+00 -1.385962e-02
0.000000e+00 3.960000e+00 1.271352e+00 8.957208e-01 0.000000e+00 -1.337181e-02
0.000000e+00 4.015000e+00 1.267569e+00 8.913267e-01 0.000000e+00 -1.290249e-02
0.000000e+00 4.070000e+00 1.263902e+00 8.870721e-01 0.000000e+00 -1.245003e-02
0.000000e+00 4.125000e+00 1.260359e+00 8.829498e-01 0.000000e+00 -1.201286e-02
0.000000e+00 4.180000e+00 1.256941e+00 8.789492e-01 0.000000e+00 -1.159006e-02
0.000000e+00 4.235000e+00 1.253638e+00 8.750601e-01 0.000000e+00 -1.118109e-02
0.000000e+00 4.290000e+00 1.250432e+00 8.712753e-01 0.000000e+00 -1.078463e-02
0.000000e+00 4.345000e+00 1.247306e+00 8.675921e-01 0.000000e+00 -1.039771e-02
0.000000e+00 4.400000e+00 1.244245e+00 8.640099e-01 0.000000e+00 -1.001641e-02
0.000000e+00 4.455000e+00 1.241240e+00 8.605263e-01 0.000000e+00 -9.638558e-03
0.000000e+00 4.510000e+00 1.238288e+00 8.571359e-01 0.000000e+00 -9.266554e-03
0.000000e+00 4.565000e+00 1.235392e+00 8.538314e-01 0.000000e+00 -8.907742e-03
0.000000e+00 4.620000e+00 1.232564e+00 8.506070e-01 0.000000e+00 -8.571184e-03
0.000000e+00 4.675000e+00 1.229814e+00 8.474612e-01 0.000000e+00 -8.262361e-03
0.000000e+00 4.730000e+00 1.227151e+00 8.443951e-01 0.000000e+00 -7.979429e-03
0.000000e+00 4.785000e+00 1.224575e+00 8.414088e-01 0.000000e+00 -7.713830e-03
0.000000e+00 4.840000e+00 1.222072e+00 8.384978e-01 0.000000e+00 -7.454886e-03
0.000000e+00 4.895000e+00 1.219620e+00 8.356535e-01 0.000000e+00 -7.194988e-03
0.000000e+00 4.950000e+00 1.217200e+00 8.328679e-01 0.000000e+00 -6.931813e-03
0.000000e+00 5.005000e+00 1.214804e+00 8.301379e-01 0.000000e+00 -6.666797e-03
0.000000e+00 5.060000e+00 1.212436e+00 8.274666e-01 0.000000e+00 -6.402243e-03
0.000000e+00 5.115000e+00 1.210112e+00 8.248592e-01 0.000000e+00 -6.139992e-03
0.000000e+00 5.170000e+00 1.207845e+00 8.223173e-01 0.000000e+00 -5.882320e-03
0.000000e+00 5.225000e+00 1.205646e+00 8.198378e-01 0.000000e+00 -5.633089e-03
0.000000e+00 5.280000e+00 1.203515e+00 8.174160e-01 0.000000e+00 -5.397055e-03
0.000000e+00 5.335000e+00 1.201450e+00 8.150495e-01 0.000000e+00 -5.177424e-03
0.000000e+00 5.390000e+00 1.199442e+00 8.127387e-01 0.000000e+00 -4.973858e-03
0.000000e+00 5.445000e+00 1.197477e+00 8.104823e-01 0.000000e+00 -4.782825e-03
0.000000e+00 5.500000e+00 1.195539e+00 8.082732e-01 0.000000e+00 -4.599813e-03
0.000000e+00 5.555000e+00 1.193612e+00 8.060992e-01 0.000000e+00 -4.421461e-03
0.000000e+00 5.610000e+00 1.191688e+00 8.039500e-01 0.000000e+00 -4.246444e-03
0.000000e+00 5.665000e+00 1.189773e+00 8.018241e-01 0.000000e+00 -4.075745e-03
0.000000e+00 5.720000e+00 1.187886e+00 7.997291e-01 0.000000e+00 -3.913196e-03
0.000000e+00 5.775000e+00 1.186045e+00 7.976748e-01 0.000000e+00 -3.765494e-03
0.000000e+00 5.830000e+00 1.184257e+00 7.956647e-01 0.000000e+00 -3.639758e-03
0.000000e+00 5.885000e+00 1.182519e+00 7.936950e-01 0.000000e+00 -3.538423e-03
0.000000e+00 5.940000e+00 1.180817e+00 7.917591e-01 0.000000e+00 -3.454812e-03
0.000000e+00 5.995000e+00 1.179140e+00 7.898553e-01 0.000000e+00 -3.374081e-03
0.000000e+00 6.050000e+00 1.177482e+00 7.879878e-01 0.000000e+00 -3.280948e-03
0.000000e+00 6.105000e+00 1.175843e+00 7.861603e-01 0.000000e+00 -3.170053e-03
0.000000e+00 6.160000e+00 1.174220e+00 7.843676e-01 0.000000e+00 -3.051765e-03
0.000000e+00 6.215000e+00 1.172604e+00 7.825914e-01 0.000000e+00 -2.948672e-03
0.000000e+00 6.270000e+00 1.170981e+00 7.808073e-01 0.000000e+00 -2.883936e-03
0.000000e+00 6.325000e+00 1.169346e+00 7.789996e-01 0.000000e+00 -2.867897e-03
0.000000e+00 6.380000e+00 1.167709e+00 7.771755e-01 0.000000e+00 -2.890471e-03
0.000000e+00 6.435000e+00 1.166098e+00 7.753676e-01 0.000000e+00 -2.924619e-03
0.000000e+00 6.490000e+00 1.164543e+00 7.736176e-01 0.000000e+00 -2.940945e-03
0.000000e+00 6.545000e+00 1.163058e+00 7.719477e-01 0.000000e+00 -2.927460e-03
0.000000e+00 6.600000e+00 1.161613e+00 7.703350e-01 0.000000e+00 -2.903614e-03
0.000000e+00 6.655000e+00 1.160147e+00 7.687137e-01 0.000000e+00 -2.915538e-03
0.000000e+00 6.710000e+00 1.158596e+00 7.670130e-01 0.000000e+00 -3.009196e-03
0.000000e+00 6.765000e+00 1.156945e+00 7.652088e-01 0.000000e+00 -3.195956e-03
0.000000e+00 6.820000e+00 1.155245e+00 7.633506e-01 0.000000e+00 -3.436674e-03
0.000000e+00 6.875000e+00 1.153594e+00 7.615396e-01 0.000000e+00 -3.659154e-03
0.000000e+00 6.930000e+00 1.152083e+00 7.598704e-01 0.000000e+00 -3.797728e-03
0.000000e+00 6.985000e+00 1.150733e+00 7.583705e-01 0.000000e+00 -3.833944e-03
0.000000e+00 7.040000e+00 1.149485e+00 7.569778e-01 0.000000e+00 -3.811423e-03
0.000000e+00 7.095000e+00 1.148230e+00 7.555818e-01 0.000000e+00 -3.807926e-03
0.000000e+00 7.150000e+00 1.146884e+00 7.540962e-01 0.000000e+00 -3.884887e-03
0.000000e+00 7.205000e+00 1.145436e+00 7.525107e-01 0.000000e+00 -4.050677e-03
0.000000e+00 7.260000e+00 1.143943e+00 7.508861e-01 0.000000e+00 -4.263534e-03
0.000000e+00 7.315000e+00 1.142482e+00 7.493023e-01 0.000000e+00 -4.466900e-03
0.000000e+00 7.370000e+00 1.141100e+00 7.478031e-01 0.000000e+00 -4.626992e-03
0.000000e+00 7.425000e+00 1.139789e+00 7.463757e-01 0.000000e+00 -4.748736e-03
0.000000e+00 7.480000e+00 1.138511e+00 7.449755e-01 0.000000e+00 -4.861147e-03
0.000000e+00 7.535000e+00 1.137235e+00 7.435709e-01 0.000000e+00 -4.986790e-03
0.000000e+00 7.590000e+00 1.135965e+00 7.421711e-01 0.000000e+00 -5.122212e-03
0.000000e+00 7.645000e+00 1.134729e+00 7.408132e-01 0.000000e+00 -5.243932e-03
0.000000e+00 7.700000e+00 1.133551e+00 7.395261e-01 0.000000e+00 -5.331785e-03
0.000000e+00 7.755000e+00 1.132421e+00 7.382994e-01 0.000000e+00 -5.389569e-03
0.000000e+00 7.810000e+00 1.131293e+00 7.370825e-01 0.000000e+00 -5.447019e-03
0.000000e+00 7.865000e+00 1.130117e+00 7.358144e-01 0.000000e+00 -5.541718e-03
0.000000e+00 7.920000e+00 1.128865e+00 7.344620e-01 0.000000e+00 -5.694595e-03
0.000000e+00 7.975000e+00 1.127555e+00 7.330420e-01 0.000000e+00 -5.895898e-03
0.000000e+00 8.030000e+00 1.126243e+00 7.316138e-01 0.000000e+00 -6.109404e-03
0.000000e+00 8.085000e+00 1.124998e+00 7.302542e-01 0.000000e+00 -6.288581e-03
0.000000e+00 8.140000e+00 1.123876e+00 7.290301e-01 0.000000e+00 -6.393461e-03
0.000000e+00 8.195000e+00 1.122911e+00 7.279804e-01 0.000000e+00 -6.401637e-03
0.000000e+00 8.250000e+00 1.122104e+00 7.271076e-01 0.000000e+00 -6.312361e-03
0.000000e+00 8.305000e+00 1.121423e+00 7.263783e-01 0.000000e+00 -6.145652e-03
0.000000e+00 8.360000e+00 1.120814e+00 7.257291e-01 0.000000e+00 -5.938320e-03
0.000000e+00 8.415000e+00 1.120206e+00 7.250790e-01 0.000000e+00 -5.736970e-03
0.000000e+00 8.470000e+00 1.119528e+00 7.243499e-01 0.000000e+00 -5.587216e-03
0.000000e+00 8.525000e+00 1.118735e+00 7.234906e-01 0.000000e+00 -5.520298e-03
0.000000e+00 8.580000e+00 1.117820e+00 7.224955e-01 0.000000e+00 -5.542221e-03
0.000000e+00 8.635000e+00 1.116817e+00 7.214053e-01 0.000000e+00 -5.632503e-03
0.000000e+00 8.690000e+00 1.115784e+00 7.202862e-01 0.000000e+00 -5.754549e-03
0.000000e+00 8.745000e+00 1.114774e+00 7.191980e-01 0.000000e+00 -5.872379e-03
0.000000e+00 8.800000e+00 1.113812e+00 7.181682e-01 0.000000e+00 -5.965250e-03
0.000000e+00 8.855000e+00 1.112890e+00 7.171854e-01 0.000000e+00 -6.032526e-03
0.000000e+00 8.910000e+00 1.111980e+00 7.162161e-01 0.000000e+00 -6.086387e-03
0.000000e+00 8.965000e+00 1.111060e+00 7.152333e-01 0.000000e+00 -6.138278e-03
0.000000e+00 9.020000e+00 1.110132e+00 7.142373e-01 0.000000e+00 -6.189145e-03
0.000000e+00 9.075000e+00 1.109223e+00 7.132569e-01 0.000000e+00 -6.229954e-03
0.000000e+00 9.130000e+00 1.108366e+00 7.123304e-01 0.000000e+00 -6.250940e-03
0.000000e+00 9.185000e+00 1.107578e+00 7.114789e-01 0.000000e+00 -6.251771e-03
0.000000e+00 9.240000e+00 1.106845e+00 7.106895e-01 0.000000e+00 -6.244452e-03
0.000000e+00 9.295000e+00 1.106127e+00 7.099191e-01 0.000000e+00 -6.245973e-03
0.000000e+00 9.350000e+00 1.105377e+00 7.091175e-01 0.000000e+00 -6.265208e-03
0.000000e+00 9.405000e+00 1.104571e+00 7.082572e-01 0.000000e+00 -6.293821e-03
0.000000e+00 9.460000e+00 1.103720e+00 7.073508e-01 0.000000e+00 -6.308407e-03
0.000000e+00 9.515000e+00 1.102867e+00 7.064455e-01 0.000000e+00 -6.283765e-03
0.000000e+00 9.570000e+00 1.102067e+00 7.056004e-01 0.000000e+00 -6.207440e-03
0.000000e+00 9.625000e+00 1.101353e+00 7.048514e-01 0.000000e+00 -6.092944e-03
0.000000e+00 9.680000e+00 1.100730e+00 7.041982e-01 0.000000e+00 -5.972110e-03
0.000000e+00 9.735000e+00 1.100158e+00 7.035945e-01 0.000000e+00 -5.893470e-03
0.000000e+00 9.790000e+00 1.099597e+00 7.029919e-01 0.000000e+00 -5.882800e-03
0.000000e+00 9.845000e+00 1.099000e+00 7.023380e-01 0.000000e+00 -5.952871e-03
0.000000e+00 9.900000e+00 1.098375e+00 7.016443e-01 0.000000e+00 -6.062630e-03
0.000000e+00 9.955000e+00 1.097733e+00 7.009208e-01 0.000000e+00 -6.202363e-03
0.000000e+00 1.001000e+01 1.101640e+00 7.050500e-01 -0.000000e+00 -2.260000e-03
0.000000e+00 1.006500e+01 1.101640e+00 7.050500e-01 -0.000000e+00 -2.260000e-03
0.000000e+00 1.012000e+01 1.101640e+00 7.050500e-01 -0.000000e+00 -2.260000e-03
0.000000e+00 1.017500e+01 1.101640e+00 7.050500e-01 -0.000000e+00 -2.260000e-03
0.000000e+00 1.023000e+01 1.101640e+00 7.050500e-01 -0.000000e+00 -2.260000e-03
0.000000e+00 1.028500e+01 1.101640e+00 7.050500e-01 -0.000000e+00 -2.260000e-03
0.000000e+00 1.034000e+01 1.101640e+00 7.050500e-01 -0.000000e+00 -2.260000e-03
0.000000e+00 1.039500e+01 1.101640e+00 7.050500e-01 -0.000000e+00 -2.260000e-03
0.000000e+00 1.045000e+01 1.101640e+00 7.050500e-01 -0.000000e+00 -2.260000e-03
0.000000e+00 1.050500e+01 1.101640e+00 7.050500e-01 -0.000000e+00 -2.260000e-03
0.000000e+00 1.056000e+01 1.101640e+00 7.050500e-01 -0.000000e+00 -2.260000e-03
0.000000e+00 1.061500e+01 1.101640e+00 7.050500e-01 -0.000000e+00 -2.260000e-03
0.000000e+00 1.067000e+01 1.101640e+00 7.050500e-01 -0.000000e+00 -2.260000e-03
0.000000e+00 1.072500e+01 1.101640e+00 7.050500e-01 -0.000000e+00 -2.260000e-03
0.000000e+00 1.078000e+01 1.101640e+00 7.050500e-01 -0.000000e+00 -2.260000e-03
0.000000e+00 1.083500e+01 1.101640e+00 7.050500e-01 -0.000000e+00 -2.260000e-03
0.000000e+00 1.089000e+01 1.101640e+00 7.050500e-01 -0.000000e+00 -2.260000e-03
0.000000e+00 1.094500e+01 1.101640e+00 7.050500e-01 -0.000000e+00 -2.260000e-03
0.000000e+00 1.100000e+01 1.101640e+00 7.050500e-01 -0.000000e+00 -2.260000e-03
