#############TIME##################
1.850685e+01 
###################################
0.000000e+00 0.000000e+00 1.178193e+01 4.077513e+01 0.000000e+00 -1.506213e+00
0.000000e+00 5.500000e-02 1.178193e+01 4.077513e+01 0.000000e+00 -1.506213e+00
0.000000e+00 1.100000e-01 1.178193e+01 4.077499e+01 0.000000e+00 -1.506223e+00
0.000000e+00 1.650000e-01 8.965473e+00 2.325524e+01 0.000000e+00 -1.002762e+00
0.000000e+00 2.200000e-01 6.907903e+00 1.504125e+01 0.000000e+00 -8.283005e-01
0.000000e+00 2.750000e-01 5.619075e+00 1.067450e+01 0.000000e+00 -6.873204e-01
0.000000e+00 3.300000e-01 4.763967e+00 8.113592e+00 0.000000e+00 -5.828909e-01
0.000000e+00 3.850000e-01 4.156343e+00 6.480534e+00 0.000000e+00 -5.018681e-01
0.000000e+00 4.400000e-01 3.713248e+00 5.375755e+00 0.000000e+00 -4.373378e-01
0.000000e+00 4.950000e-01 3.375821e+00 4.584782e+00 0.000000e+00 -3.850744e-01
0.000000e+00 5.500000e-01 3.110438e+00 3.997450e+00 0.000000e+00 -3.428580e-01
0.000000e+00 6.050000e-01 2.896600e+00 3.546344e+00 0.000000e+00 -3.078838e-01
0.000000e+00 6.600000e-01 2.721229e+00 3.191555e+00 0.000000e+00 -2.785972e-01
0.000000e+00 7.150000e-01 2.574470e+00 2.906119e+00 0.000000e+00 -2.535703e-01
0.000000e+00 7.700000e-01 2.449565e+00 2.672527e+00 0.000000e+00 -2.318820e-01
0.000000e+00 8.250000e-01 2.341175e+00 2.478226e+00 0.000000e+00 -2.126949e-01
0.000000e+00 8.800000e-01 2.245468e+00 2.314461e+00 0.000000e+00 -1.955099e-01
0.000000e+00 9.350000e-01 2.160240e+00 2.174739e+00 0.000000e+00 -1.800359e-01
0.000000e+00 9.900000e-01 2.084834e+00 2.054323e+00 0.000000e+00 -1.662087e-01
0.000000e+00 1.045000e+00 2.018894e+00 1.949554e+00 0.000000e+00 -1.539927e-01
0.000000e+00 1.100000e+00 1.961290e+00 1.857605e+00 0.000000e+00 -1.432738e-01
0.000000e+00 1.155000e+00 1.910202e+00 1.776318e+00 0.000000e+00 -1.338474e-01
0.000000e+00 1.210000e+00 1.864220e+00 1.704088e+00 0.000000e+00 -1.255091e-01
0.000000e+00 1.265000e+00 1.822647e+00 1.639704e+00 0.000000e+00 -1.180966e-01
0.000000e+00 1.320000e+00 1.785123e+00 1.582211e+00 0.000000e+00 -1.114909e-01
0.000000e+00 1.375000e+00 1.751210e+00 1.530774e+00 0.000000e+00 -1.055816e-01
0.000000e+00 1.430000e+00 1.720237e+00 1.484558e+00 0.000000e+00 -1.002343e-01
0.000000e+00 1.485000e+00 1.691470e+00 1.442686e+00 0.000000e+00 -9.527721e-02
0.000000e+00 1.540000e+00 1.664353e+00 1.404272e+00 0.000000e+00 -9.052376e-02
0.000000e+00 1.595000e+00 1.638598e+00 1.368546e+00 0.000000e+00 -8.582437e-02
0.000000e+00 1.650000e+00 1.614118e+00 1.334986e+00 0.000000e+00 -8.111798e-02
0.000000e+00 1.705000e+00 1.590927e+00 1.303384e+00 0.000000e+00 -7.645200e-02
0.000000e+00 1.760000e+00 1.569108e+00 1.273789e+00 0.000000e+00 -7.196721e-02
0.000000e+00 1.815000e+00 1.548806e+00 1.246400e+00 0.000000e+00 -6.785854e-02
0.000000e+00 1.870000e+00 1.530177e+00 1.221414e+00 0.000000e+00 -6.431725e-02
0.000000e+00 1.925000e+00 1.513306e+00 1.198900e+00 0.000000e+00 -6.146305e-02
0.000000e+00 1.980000e+00 1.498097e+00 1.178696e+00 0.000000e+00 -5.927929e-02
0.000000e+00 2.035000e+00 1.484237e+00 1.160373e+00 0.000000e+00 -5.759036e-02
0.000000e+00 2.090000e+00 1.471288e+00 1.143366e+00 0.000000e+00 -5.613168e-02
0.000000e+00 2.145000e+00 1.458860e+00 1.127185e+00 0.000000e+00 -5.467291e-02
0.000000e+00 2.200000e+00 1.446742e+00 1.111567e+00 0.000000e+00 -5.310731e-02
0.000000e+00 2.255000e+00 1.434922e+00 1.096496e+00 0.000000e+00 -5.146129e-02
0.000000e+00 2.310000e+00 1.423516e+00 1.082091e+00 0.000000e+00 -4.983287e-02
0.000000e+00 2.365000e+00 1.412656e+00 1.068479e+00 0.000000e+00 -4.831399e-02
0.000000e+00 2.420000e+00 1.402415e+00 1.055705e+00 0.000000e+00 -4.694121e-02
0.000000e+00 2.475000e+00 1.392791e+00 1.043720e+00 0.000000e+00 -4.569115e-02
0.000000e+00 2.530000e+00 1.383732e+00 1.032427e+00 0.000000e+00 -4.451647e-02
0.000000e+00 2.585000e+00 1.375185e+00 1.021750e+00 0.000000e+00 -4.339038e-02
0.000000e+00 2.640000e+00 1.367119e+00 1.011655e+00 0.000000e+00 -4.232254e-02
0.000000e+00 2.695000e+00 1.359505e+00 1.002136e+00 0.000000e+00 -4.134131e-02
0.000000e+00 2.750000e+00 1.352298e+00 9.931659e-01 0.000000e+00 -4.046315e-02
0.000000e+00 2.805000e+00 1.345418e+00 9.846738e-01 0.000000e+00 -3.967156e-02
0.000000e+00 2.860000e+00 1.338760e+00 9.765459e-01 0.000000e+00 -3.891927e-02
0.000000e+00 2.915000e+00 1.332230e+00 9.686640e-01 0.000000e+00 -3.815241e-02
0.000000e+00 2.970000e+00 1.325783e+00 9.609500e-01 0.000000e+00 -3.733969e-02
0.000000e+00 3.025000e+00 1.319434e+00 9.533887e-01 0.000000e+00 -3.648737e-02
0.000000e+00 3.080000e+00 1.313247e+00 9.460186e-01 0.000000e+00 -3.563367e-02
0.000000e+00 3.135000e+00 1.307297e+00 9.389038e-01 0.000000e+00 -3.482878e-02
0.000000e+00 3.190000e+00 1.301642e+00 9.320996e-01 0.000000e+00 -3.411125e-02
0.000000e+00 3.245000e+00 1.296295e+00 9.256280e-01 0.000000e+00 -3.349063e-02
0.000000e+00 3.300000e+00 1.291219e+00 9.194703e-01 0.000000e+00 -3.294422e-02
0.000000e+00 3.355000e+00 1.286347e+00 9.135801e-01 0.000000e+00 -3.242976e-02
0.000000e+00 3.410000e+00 1.281612e+00 9.079072e-01 0.000000e+00 -3.190697e-02
0.000000e+00 3.465000e+00 1.276974e+00 9.024175e-01 0.000000e+00 -3.135565e-02
0.000000e+00 3.520000e+00 1.272422e+00 8.970976e-01 0.000000e+00 -3.078045e-02
0.000000e+00 3.575000e+00 1.267975e+00 8.919479e-01 0.000000e+00 -3.020184e-02
0.000000e+00 3.630000e+00 1.263656e+00 8.869682e-01 0.000000e+00 -2.964123e-02
0.000000e+00 3.685000e+00 1.259484e+00 8.821481e-01 0.000000e+00 -2.911004e-02
0.000000e+00 3.740000e+00 1.255460e+00 8.774658e-01 0.000000e+00 -2.860861e-02
0.000000e+00 3.795000e+00 1.251569e+00 8.728984e-01 0.000000e+00 -2.813261e-02
0.000000e+00 3.850000e+00 1.247795e+00 8.684356e-01 0.000000e+00 -2.767959e-02
0.000000e+00 3.905000e+00 1.244125e+00 8.640862e-01 0.000000e+00 -2.725045e-02
0.000000e+00 3.960000e+00 1.240556e+00 8.598736e-01 0.000000e+00 -2.684673e-02
0.000000e+00 4.015000e+00 1.237088e+00 8.558201e-01 0.000000e+00 -2.646803e-02
0.000000e+00 4.070000e+00 1.233718e+00 8.519319e-01 0.000000e+00 -2.611196e-02
0.000000e+00 4.125000e+00 1.230442e+00 8.481951e-01 0.000000e+00 -2.577555e-02
0.000000e+00 4.180000e+00 1.227251e+00 8.445830e-01 0.000000e+00 -2.545541e-02
0.000000e+00 4.235000e+00 1.224146e+00 8.410716e-01 0.000000e+00 -2.514642e-02
0.000000e+00 4.290000e+00 1.221141e+00 8.376520e-01 0.000000e+00 -2.484098e-02
0.000000e+00 4.345000e+00 1.218249e+00 8.343317e-01 0.000000e+00 -2.453101e-02
0.000000e+00 4.400000e+00 1.215482e+00 8.311251e-01 0.000000e+00 -2.421193e-02
0.000000e+00 4.455000e+00 1.212832e+00 8.280400e-01 0.000000e+00 -2.388546e-02
0.000000e+00 4.510000e+00 1.210272e+00 8.250699e-01 0.000000e+00 -2.355853e-02
0.000000e+00 4.565000e+00 1.207769e+00 8.221950e-01 0.000000e+00 -2.323840e-02
0.000000e+00 4.620000e+00 1.205298e+00 8.193942e-01 0.000000e+00 -2.292748e-02
0.000000e+00 4.675000e+00 1.202853e+00 8.166566e-01 0.000000e+00 -2.262214e-02
0.000000e+00 4.730000e+00 1.200455e+00 8.139867e-01 0.000000e+00 -2.231690e-02
0.000000e+00 4.785000e+00 1.198136e+00 8.113994e-01 0.000000e+00 -2.201096e-02
0.000000e+00 4.840000e+00 1.195922e+00 8.089073e-01 0.000000e+00 -2.171151e-02
0.000000e+00 4.895000e+00 1.193817e+00 8.065094e-01 0.000000e+00 -2.143041e-02
0.000000e+00 4.950000e+00 1.191796e+00 8.041869e-01 0.000000e+00 -2.117596e-02
0.000000e+00 5.005000e+00 1.189815e+00 8.019085e-01 0.000000e+00 -2.094568e-02
0.000000e+00 5.060000e+00 1.187828e+00 7.996407e-01 0.000000e+00 -2.072535e-02
0.000000e+00 5.115000e+00 1.185800e+00 7.973584e-01 0.000000e+00 -2.049567e-02
0.000000e+00 5.170000e+00 1.183724e+00 7.950534e-01 0.000000e+00 -2.024268e-02
0.000000e+00 5.225000e+00 1.181621e+00 7.927381e-01 0.000000e+00 -1.996549e-02
0.000000e+00 5.280000e+00 1.179532e+00 7.904436e-01 0.000000e+00 -1.967709e-02
0.000000e+00 5.335000e+00 1.177511e+00 7.882112e-01 0.000000e+00 -1.939838e-02
0.000000e+00 5.390000e+00 1.175601e+00 7.860790e-01 0.000000e+00 -1.914930e-02
0.000000e+00 5.445000e+00 1.173820e+00 7.840668e-01 0.000000e+00 -1.894063e-02
0.000000e+00 5.500000e+00 1.172154e+00 7.821686e-01 0.000000e+00 -1.876926e-02
0.000000e+00 5.555000e+00 1.170563e+00 7.803560e-01 0.000000e+00 -1.861812e-02
0.000000e+00 5.610000e+00 1.169001e+00 7.785916e-01 0.000000e+00 -1.846167e-02
0.000000e+00 5.665000e+00 1.167433e+00 7.768447e-01 0.000000e+00 -1.827591e-02
0.000000e+00 5.720000e+00 1.165846e+00 7.751001e-01 0.000000e+00 -1.804938e-02
0.000000e+00 5.775000e+00 1.164246e+00 7.733566e-01 0.000000e+00 -1.778983e-02
0.000000e+00 5.830000e+00 1.162652e+00 7.716200e-01 0.000000e+00 -1.752237e-02
0.000000e+00 5.885000e+00 1.161081e+00 7.698978e-01 0.000000e+00 -1.727908e-02
0.000000e+00 5.940000e+00 1.159548e+00 7.681981e-01 0.000000e+00 -1.708432e-02
0.000000e+00 5.995000e+00 1.158060e+00 7.665304e-01 0.000000e+00 -1.694297e-02
0.000000e+00 6.050000e+00 1.156618e+00 7.649043e-01 0.000000e+00 -1.683788e-02
0.000000e+00 6.105000e+00 1.155214e+00 7.633248e-01 0.000000e+00 -1.673823e-02
0.000000e+00 6.160000e+00 1.153837e+00 7.617893e-01 0.000000e+00 -1.661479e-02
0.000000e+00 6.215000e+00 1.152473e+00 7.602902e-01 0.000000e+00 -1.645354e-02
0.000000e+00 6.270000e+00 1.151121e+00 7.588215e-01 0.000000e+00 -1.625970e-02
0.000000e+00 6.325000e+00 1.149791e+00 7.573856e-01 0.000000e+00 -1.605014e-02
0.000000e+00 6.380000e+00 1.148505e+00 7.559957e-01 0.000000e+00 -1.584014e-02
0.000000e+00 6.435000e+00 1.147287e+00 7.546686e-01 0.000000e+00 -1.563406e-02
0.000000e+00 6.490000e+00 1.146150e+00 7.534134e-01 0.000000e+00 -1.542601e-02
0.000000e+00 6.545000e+00 1.145083e+00 7.522213e-01 0.000000e+00 -1.520889e-02
0.000000e+00 6.600000e+00 1.144054e+00 7.510638e-01 0.000000e+00 -1.498413e-02
0.000000e+00 6.655000e+00 1.143017e+00 7.499022e-01 0.000000e+00 -1.476397e-02
0.000000e+00 6.710000e+00 1.141934e+00 7.487047e-01 0.000000e+00 -1.456462e-02
0.000000e+00 6.765000e+00 1.140796e+00 7.474620e-01 0.000000e+00 -1.439545e-02
0.000000e+00 6.820000e+00 1.139619e+00 7.461922e-01 0.000000e+00 -1.425252e-02
0.000000e+00 6.875000e+00 1.138444e+00 7.449302e-01 0.000000e+00 -1.412077e-02
0.000000e+00 6.930000e+00 1.137311e+00 7.437093e-01 0.000000e+00 -1.398302e-02
0.000000e+00 6.985000e+00 1.136238e+00 7.425448e-01 0.000000e+00 -1.382965e-02
0.000000e+00 7.040000e+00 1.135222e+00 7.414289e-01 0.000000e+00 -1.366311e-02
0.000000e+00 7.095000e+00 1.134241e+00 7.403399e-01 0.000000e+00 -1.349488e-02
0.000000e+00 7.150000e+00 1.133267e+00 7.392564e-01 0.000000e+00 -1.333740e-02
0.000000e+00 7.205000e+00 1.132284e+00 7.381690e-01 0.000000e+00 -1.319641e-02
0.000000e+00 7.260000e+00 1.131291e+00 7.370824e-01 0.000000e+00 -1.306816e-02
0.000000e+00 7.315000e+00 1.130298e+00 7.360093e-01 0.000000e+00 -1.294242e-02
0.000000e+00 7.370000e+00 1.129321e+00 7.349622e-01 0.000000e+00 -1.280846e-02
0.000000e+00 7.425000e+00 1.128370e+00 7.339466e-01 0.000000e+00 -1.266011e-02
0.000000e+00 7.480000e+00 1.127450e+00 7.329605e-01 0.000000e+00 -1.249697e-02
0.000000e+00 7.535000e+00 1.126562e+00 7.319989e-01 0.000000e+00 -1.232205e-02
0.000000e+00 7.590000e+00 1.125703e+00 7.310588e-01 0.000000e+00 -1.213849e-02
0.000000e+00 7.645000e+00 1.124870e+00 7.301414e-01 0.000000e+00 -1.194802e-02
0.000000e+00 7.700000e+00 1.124061e+00 7.292493e-01 0.000000e+00 -1.175234e-02
0.000000e+00 7.755000e+00 1.123269e+00 7.283816e-01 0.000000e+00 -1.155545e-02
0.000000e+00 7.810000e+00 1.122485e+00 7.275315e-01 0.000000e+00 -1.136422e-02
0.000000e+00 7.865000e+00 1.121699e+00 7.266880e-01 0.000000e+00 -1.118580e-02
0.000000e+00 7.920000e+00 1.120905e+00 7.258415e-01 0.000000e+00 -1.102342e-02
0.000000e+00 7.975000e+00 1.120107e+00 7.249895e-01 0.000000e+00 -1.087395e-02
0.000000e+00 8.030000e+00 1.119312e+00 7.241369e-01 0.000000e+00 -1.072961e-02
0.000000e+00 8.085000e+00 1.118532e+00 7.232917e-01 0.000000e+00 -1.058285e-02
0.000000e+00 8.140000e+00 1.117769e+00 7.224590e-01 0.000000e+00 -1.043112e-02
0.000000e+00 8.195000e+00 1.117019e+00 7.216375e-01 0.000000e+00 -1.027822e-02
0.000000e+00 8.250000e+00 1.116271e+00 7.208213e-01 0.000000e+00 -1.013178e-02
0.000000e+00 8.305000e+00 1.115517e+00 7.200053e-01 0.000000e+00 -9.998671e-03
0.000000e+00 8.360000e+00 1.114755e+00 7.191888e-01 0.000000e+00 -9.881209e-03
0.000000e+00 8.415000e+00 1.113991e+00 7.183767e-01 0.000000e+00 -9.775552e-03
0.000000e+00 8.470000e+00 1.113238e+00 7.175776e-01 0.000000e+00 -9.672644e-03
0.000000e+00 8.525000e+00 1.112510e+00 7.168012e-01 0.000000e+00 -9.561027e-03
0.000000e+00 8.580000e+00 1.111819e+00 7.160566e-01 0.000000e+00 -9.430685e-03
0.000000e+00 8.635000e+00 1.111170e+00 7.153511e-01 0.000000e+00 -9.276832e-03
0.000000e+00 8.690000e+00 1.110562e+00 7.146876e-01 0.000000e+00 -9.102239e-03
0.000000e+00 8.745000e+00 1.109989e+00 7.140622e-01 0.000000e+00 -8.916530e-03
0.000000e+00 8.800000e+00 1.109435e+00 7.134643e-01 0.000000e+00 -8.731655e-03
0.000000e+00 8.855000e+00 1.108888e+00 7.128802e-01 0.000000e+00 -8.554825e-03
0.000000e+00 8.910000e+00 1.108339e+00 7.123003e-01 0.000000e+00 -8.382854e-03
0.000000e+00 8.965000e+00 1.107792e+00 7.117247e-01 0.000000e+00 -8.202678e-03
0.000000e+00 9.020000e+00 1.107262e+00 7.111652e-01 0.000000e+00 -7.999555e-03
0.000000e+00 9.075000e+00 1.106769e+00 7.106390e-01 0.000000e+00 -7.768186e-03
0.000000e+00 9.130000e+00 1.106321e+00 7.101547e-01 0.000000e+00 -7.517451e-03
0.000000e+00 9.185000e+00 1.105902e+00 7.096966e-01 0.000000e+00 -7.265505e-03
0.000000e+00 9.240000e+00 1.105472e+00 7.092258e-01 0.000000e+00 -7.029778e-03
0.000000e+00 9.295000e+00 1.104986e+00 7.086990e-01 0.000000e+00 -6.823982e-03
0.000000e+00 9.350000e+00 1.104428e+00 7.081007e-01 0.000000e+00 -6.655556e-03
0.000000e+00 9.405000e+00 1.103814e+00 7.074492e-01 0.000000e+00 -6.520806e-03
0.000000e+00 9.460000e+00 1.103187e+00 7.067848e-01 0.000000e+00 -6.389652e-03
0.000000e+00 9.515000e+00 1.102580e+00 7.061385e-01 0.000000e+00 -6.219340e-03
0.000000e+00 9.570000e+00 1.102018e+00 7.055370e-01 0.000000e+00 -5.974640e-03
0.000000e+00 9.625000e+00 1.101499e+00 7.049850e-01 0.000000e+00 -5.679284e-03
0.000000e+00 9.680000e+00 1.101028e+00 7.044949e-01 0.000000e+00 -5.386177e-03
0.000000e+00 9.735000e+00 1.100575e+00 7.040355e-01 0.000000e+00 -5.182912e-03
0.000000e+00 9.790000e+00 1.100165e+00 7.036147e-01 0.000000e+00 -5.072574e-03
0.000000e+00 9.845000e+00 1.099767e+00 7.031796e-01 0.000000e+00 -5.051102e-03
0.000000e+00 9.900000e+00 1.099428e+00 7.027843e-01 0.000000e+00 -4.995445e-03
0.000000e+00 9.955000e+00 1.099060e+00 7.023448e-01 0.000000e+00 -4.941343e-03
0.000000e+00 1.001000e+01 1.101640e+00 7.050500e-01 -0.000000e+00 -2.260000e-03
0.000000e+00 1.006500e+01 1.101640e+00 7.050500e-01 -0.000000e+00 -2.260000e-03
0.000000e+00 1.012000e+01 1.101640e+00 7.050500e-01 -0.000000e+00 -2.260000e-03
0.000000e+00 1.017500e+01 1.101640e+00 7.050500e-01 -0.000000e+00 -2.260000e-03
0.000000e+00 1.023000e+01 1.101640e+00 7.050500e-01 -0.000000e+00 -2.260000e-03
0.000000e+00 1.028500e+01 1.101640e+00 7.050500e-01 -0.000000e+00 -2.260000e-03
0.000000e+00 1.034000e+01 1.101640e+00 7.050500e-01 -0.000000e+00 -2.260000e-03
0.000000e+00 1.039500e+01 1.101640e+00 7.050500e-01 -0.000000e+00 -2.260000e-03
0.000000e+00 1.045000e+01 1.101640e+00 7.050500e-01 -0.000000e+00 -2.260000e-03
0.000000e+00 1.050500e+01 1.101640e+00 7.050500e-01 -0.000000e+00 -2.260000e-03
0.000000e+00 1.056000e+01 1.101640e+00 7.050500e-01 -0.000000e+00 -2.260000e-03
0.000000e+00 1.061500e+01 1.101640e+00 7.050500e-01 -0.000000e+00 -2.260000e-03
0.000000e+00 1.067000e+01 1.101640e+00 7.050500e-01 -0.000000e+00 -2.260000e-03
0.000000e+00 1.072500e+01 1.101640e+00 7.050500e-01 -0.000000e+00 -2.260000e-03
0.000000e+00 1.078000e+01 1.101640e+00 7.050500e-01 -0.000000e+00 -2.260000e-03
0.000000e+00 1.083500e+01 1.101640e+00 7.050500e-01 -0.000000e+00 -2.260000e-03
0.000000e+00 1.089000e+01 1.101640e+00 7.050500e-01 -0.000000e+00 -2.260000e-03
0.000000e+00 1.094500e+01 1.101640e+00 7.050500e-01 -0.000000e+00 -2.260000e-03
0.000000e+00 1.100000e+01 1.101640e+00 7.050500e-01 -0.000000e+00 -2.260000e-03
