#############TIME##################
1.380068e+01 
###################################
0.000000e+00 0.000000e+00 1.183644e+01 4.108216e+01 0.000000e+00 -1.506904e+00
0.000000e+00 5.500000e-02 1.183644e+01 4.108216e+01 0.000000e+00 -1.506904e+00
0.000000e+00 1.100000e-01 1.183637e+01 4.108168e+01 0.000000e+00 -1.506908e+00
0.000000e+00 1.650000e-01 9.007647e+00 2.347029e+01 0.000000e+00 -9.999389e-01
0.000000e+00 2.200000e-01 6.939370e+00 1.521799e+01 0.000000e+00 -8.219350e-01
0.000000e+00 2.750000e-01 5.637543e+00 1.081570e+01 0.000000e+00 -6.782912e-01
0.000000e+00 3.300000e-01 4.776367e+00 8.233286e+00 0.000000e+00 -5.729030e-01
0.000000e+00 3.850000e-01 4.166855e+00 6.585225e+00 0.000000e+00 -4.921183e-01
0.000000e+00 4.400000e-01 3.724523e+00 5.469355e+00 0.000000e+00 -4.283877e-01
0.000000e+00 4.950000e-01 3.388290e+00 4.669887e+00 0.000000e+00 -3.769950e-01
0.000000e+00 5.500000e-01 3.123800e+00 4.075828e+00 0.000000e+00 -3.355176e-01
0.000000e+00 6.050000e-01 2.910852e+00 3.619252e+00 0.000000e+00 -3.011856e-01
0.000000e+00 6.600000e-01 2.736751e+00 3.259864e+00 0.000000e+00 -2.725334e-01
0.000000e+00 7.150000e-01 2.592045e+00 2.970514e+00 0.000000e+00 -2.482453e-01
0.000000e+00 7.700000e-01 2.470424e+00 2.733554e+00 0.000000e+00 -2.274819e-01
0.000000e+00 8.250000e-01 2.366765e+00 2.536341e+00 0.000000e+00 -2.094135e-01
0.000000e+00 8.800000e-01 2.276714e+00 2.370055e+00 0.000000e+00 -1.934255e-01
0.000000e+00 9.350000e-01 2.196641e+00 2.228163e+00 0.000000e+00 -1.790097e-01
0.000000e+00 9.900000e-01 2.124300e+00 2.105891e+00 0.000000e+00 -1.658698e-01
0.000000e+00 1.045000e+00 2.058801e+00 1.999573e+00 0.000000e+00 -1.538532e-01
0.000000e+00 1.100000e+00 1.999859e+00 1.906377e+00 0.000000e+00 -1.429078e-01
0.000000e+00 1.155000e+00 1.947038e+00 1.824055e+00 0.000000e+00 -1.329883e-01
0.000000e+00 1.210000e+00 1.899624e+00 1.750839e+00 0.000000e+00 -1.240231e-01
0.000000e+00 1.265000e+00 1.856775e+00 1.685342e+00 0.000000e+00 -1.159063e-01
0.000000e+00 1.320000e+00 1.817693e+00 1.626473e+00 0.000000e+00 -1.085233e-01
0.000000e+00 1.375000e+00 1.781730e+00 1.573342e+00 0.000000e+00 -1.017772e-01
0.000000e+00 1.430000e+00 1.748480e+00 1.525195e+00 0.000000e+00 -9.560555e-02
0.000000e+00 1.485000e+00 1.717785e+00 1.481372e+00 0.000000e+00 -8.997393e-02
0.000000e+00 1.540000e+00 1.689588e+00 1.441302e+00 0.000000e+00 -8.485255e-02
0.000000e+00 1.595000e+00 1.663715e+00 1.404516e+00 0.000000e+00 -8.019487e-02
0.000000e+00 1.650000e+00 1.639830e+00 1.370643e+00 0.000000e+00 -7.593571e-02
0.000000e+00 1.705000e+00 1.617575e+00 1.339388e+00 0.000000e+00 -7.200600e-02
0.000000e+00 1.760000e+00 1.596683e+00 1.310492e+00 0.000000e+00 -6.834716e-02
0.000000e+00 1.815000e+00 1.577002e+00 1.283708e+00 0.000000e+00 -6.491435e-02
0.000000e+00 1.870000e+00 1.558443e+00 1.258798e+00 0.000000e+00 -6.167410e-02
0.000000e+00 1.925000e+00 1.540948e+00 1.235550e+00 0.000000e+00 -5.860040e-02
0.000000e+00 1.980000e+00 1.524471e+00 1.213795e+00 0.000000e+00 -5.567214e-02
0.000000e+00 2.035000e+00 1.508973e+00 1.193402e+00 0.000000e+00 -5.287648e-02
0.000000e+00 2.090000e+00 1.494409e+00 1.174260e+00 0.000000e+00 -5.021402e-02
0.000000e+00 2.145000e+00 1.480715e+00 1.156263e+00 0.000000e+00 -4.769660e-02
0.000000e+00 2.200000e+00 1.467804e+00 1.139308e+00 0.000000e+00 -4.533785e-02
0.000000e+00 2.255000e+00 1.455575e+00 1.123302e+00 0.000000e+00 -4.314448e-02
0.000000e+00 2.310000e+00 1.443932e+00 1.108162e+00 0.000000e+00 -4.111511e-02
0.000000e+00 2.365000e+00 1.432790e+00 1.093820e+00 0.000000e+00 -3.924406e-02
0.000000e+00 2.420000e+00 1.422096e+00 1.080219e+00 0.000000e+00 -3.752245e-02
0.000000e+00 2.475000e+00 1.411828e+00 1.067316e+00 0.000000e+00 -3.593314e-02
0.000000e+00 2.530000e+00 1.401996e+00 1.055077e+00 0.000000e+00 -3.444600e-02
0.000000e+00 2.585000e+00 1.392618e+00 1.043463e+00 0.000000e+00 -3.302282e-02
0.000000e+00 2.640000e+00 1.383698e+00 1.032417e+00 0.000000e+00 -3.163243e-02
0.000000e+00 2.695000e+00 1.375207e+00 1.021867e+00 0.000000e+00 -3.026469e-02
0.000000e+00 2.750000e+00 1.367099e+00 1.011745e+00 0.000000e+00 -2.893091e-02
0.000000e+00 2.805000e+00 1.359331e+00 1.002021e+00 0.000000e+00 -2.764974e-02
0.000000e+00 2.860000e+00 1.351875e+00 9.927082e-01 0.000000e+00 -2.643066e-02
0.000000e+00 2.915000e+00 1.344718e+00 9.838360e-01 0.000000e+00 -2.526720e-02
0.000000e+00 2.970000e+00 1.337844e+00 9.754181e-01 0.000000e+00 -2.414243e-02
0.000000e+00 3.025000e+00 1.331233e+00 9.674315e-01 0.000000e+00 -2.303991e-02
0.000000e+00 3.080000e+00 1.324864e+00 9.598261e-01 0.000000e+00 -2.195303e-02
0.000000e+00 3.135000e+00 1.318733e+00 9.525477e-01 0.000000e+00 -2.088934e-02
0.000000e+00 3.190000e+00 1.312843e+00 9.455528e-01 0.000000e+00 -1.986875e-02
0.000000e+00 3.245000e+00 1.307198e+00 9.388054e-01 0.000000e+00 -1.891521e-02
0.000000e+00 3.300000e+00 1.301778e+00 9.322687e-01 0.000000e+00 -1.804372e-02
0.000000e+00 3.355000e+00 1.296541e+00 9.259061e-01 0.000000e+00 -1.724921e-02
0.000000e+00 3.410000e+00 1.291437e+00 9.196966e-01 0.000000e+00 -1.650549e-02
0.000000e+00 3.465000e+00 1.286436e+00 9.136485e-01 0.000000e+00 -1.577723e-02
0.000000e+00 3.520000e+00 1.281541e+00 9.077979e-01 0.000000e+00 -1.503818e-02
0.000000e+00 3.575000e+00 1.276778e+00 9.021870e-01 0.000000e+00 -1.428315e-02
0.000000e+00 3.630000e+00 1.272178e+00 8.968390e-01 0.000000e+00 -1.352515e-02
0.000000e+00 3.685000e+00 1.267762e+00 8.917463e-01 0.000000e+00 -1.278011e-02
0.000000e+00 3.740000e+00 1.263538e+00 8.868779e-01 0.000000e+00 -1.205246e-02
0.000000e+00 3.795000e+00 1.259503e+00 8.821973e-01 0.000000e+00 -1.133421e-02
0.000000e+00 3.850000e+00 1.255645e+00 8.776758e-01 0.000000e+00 -1.061826e-02
0.000000e+00 3.905000e+00 1.251946e+00 8.732945e-01 0.000000e+00 -9.912370e-03
0.000000e+00 3.960000e+00 1.248372e+00 8.690392e-01 0.000000e+00 -9.239443e-03
0.000000e+00 4.015000e+00 1.244883e+00 8.648948e-01 0.000000e+00 -8.622846e-03
0.000000e+00 4.070000e+00 1.241436e+00 8.608407e-01 0.000000e+00 -8.070350e-03
0.000000e+00 4.125000e+00 1.237996e+00 8.568525e-01 0.000000e+00 -7.570879e-03
0.000000e+00 4.180000e+00 1.234550e+00 8.529114e-01 0.000000e+00 -7.105444e-03
0.000000e+00 4.235000e+00 1.231119e+00 8.490221e-01 0.000000e+00 -6.659434e-03
0.000000e+00 4.290000e+00 1.227765e+00 8.452249e-01 0.000000e+00 -6.223316e-03
0.000000e+00 4.345000e+00 1.224567e+00 8.415864e-01 0.000000e+00 -5.783704e-03
0.000000e+00 4.400000e+00 1.221592e+00 8.381654e-01 0.000000e+00 -5.319350e-03
0.000000e+00 4.455000e+00 1.218847e+00 8.349722e-01 0.000000e+00 -4.811285e-03
0.000000e+00 4.510000e+00 1.216268e+00 8.319552e-01 0.000000e+00 -4.259169e-03
0.000000e+00 4.565000e+00 1.213758e+00 8.290280e-01 0.000000e+00 -3.686409e-03
0.000000e+00 4.620000e+00 1.211232e+00 8.261191e-01 0.000000e+00 -3.126542e-03
0.000000e+00 4.675000e+00 1.208660e+00 8.232035e-01 0.000000e+00 -2.602830e-03
0.000000e+00 4.730000e+00 1.206064e+00 8.202970e-01 0.000000e+00 -2.119924e-03
0.000000e+00 4.785000e+00 1.203485e+00 8.174246e-01 0.000000e+00 -1.672708e-03
0.000000e+00 4.840000e+00 1.200955e+00 8.145959e-01 0.000000e+00 -1.259560e-03
0.000000e+00 4.895000e+00 1.198485e+00 8.118062e-01 0.000000e+00 -8.847235e-04
0.000000e+00 4.950000e+00 1.196082e+00 8.090591e-01 0.000000e+00 -5.470578e-04
0.000000e+00 5.005000e+00 1.193761e+00 8.063873e-01 0.000000e+00 -2.266627e-04
0.000000e+00 5.060000e+00 1.191556e+00 8.038508e-01 0.000000e+00 1.162707e-04
0.000000e+00 5.115000e+00 1.189505e+00 8.015128e-01 0.000000e+00 5.268738e-04
0.000000e+00 5.170000e+00 1.187627e+00 7.994065e-01 0.000000e+00 1.034218e-03
0.000000e+00 5.225000e+00 1.185912e+00 7.975145e-01 0.000000e+00 1.635771e-03
0.000000e+00 5.280000e+00 1.184315e+00 7.957718e-01 0.000000e+00 2.296351e-03
0.000000e+00 5.335000e+00 1.182777e+00 7.940902e-01 0.000000e+00 2.962063e-03
0.000000e+00 5.390000e+00 1.181240e+00 7.923877e-01 0.000000e+00 3.581976e-03
0.000000e+00 5.445000e+00 1.179661e+00 7.906093e-01 0.000000e+00 4.127436e-03
0.000000e+00 5.500000e+00 1.178017e+00 7.887351e-01 0.000000e+00 4.600105e-03
0.000000e+00 5.555000e+00 1.176308e+00 7.867782e-01 0.000000e+00 5.025580e-03
0.000000e+00 5.610000e+00 1.174554e+00 7.847792e-01 0.000000e+00 5.438650e-03
0.000000e+00 5.665000e+00 1.172793e+00 7.827966e-01 0.000000e+00 5.871086e-03
0.000000e+00 5.720000e+00 1.171082e+00 7.808979e-01 0.000000e+00 6.348475e-03
0.000000e+00 5.775000e+00 1.169485e+00 7.791487e-01 0.000000e+00 6.892630e-03
0.000000e+00 5.830000e+00 1.168061e+00 7.776022e-01 0.000000e+00 7.520403e-03
0.000000e+00 5.885000e+00 1.166850e+00 7.762842e-01 0.000000e+00 8.234892e-03
0.000000e+00 5.940000e+00 1.165847e+00 7.751777e-01 0.000000e+00 9.015140e-03
0.000000e+00 5.995000e+00 1.164994e+00 7.742150e-01 0.000000e+00 9.813900e-03
0.000000e+00 6.050000e+00 1.164189e+00 7.732891e-01 0.000000e+00 1.056808e-02
0.000000e+00 6.105000e+00 1.163320e+00 7.722880e-01 0.000000e+00 1.121857e-02
0.000000e+00 6.160000e+00 1.162308e+00 7.711395e-01 0.000000e+00 1.173235e-02
0.000000e+00 6.215000e+00 1.161143e+00 7.698425e-01 0.000000e+00 1.211937e-02
0.000000e+00 6.270000e+00 1.159883e+00 7.684621e-01 0.000000e+00 1.243337e-02
0.000000e+00 6.325000e+00 1.158618e+00 7.670926e-01 0.000000e+00 1.275180e-02
0.000000e+00 6.380000e+00 1.157437e+00 7.658177e-01 0.000000e+00 1.314068e-02
0.000000e+00 6.435000e+00 1.156399e+00 7.646890e-01 0.000000e+00 1.361681e-02
0.000000e+00 6.490000e+00 1.155524e+00 7.637225e-01 0.000000e+00 1.413132e-02
0.000000e+00 6.545000e+00 1.154797e+00 7.628998e-01 0.000000e+00 1.459388e-02
0.000000e+00 6.600000e+00 1.154155e+00 7.621604e-01 0.000000e+00 1.493116e-02
0.000000e+00 6.655000e+00 1.153488e+00 7.613942e-01 0.000000e+00 1.513864e-02
0.000000e+00 6.710000e+00 1.152673e+00 7.604764e-01 0.000000e+00 1.528173e-02
0.000000e+00 6.765000e+00 1.151641e+00 7.593386e-01 0.000000e+00 1.544196e-02
0.000000e+00 6.820000e+00 1.150436e+00 7.580282e-01 0.000000e+00 1.565338e-02
0.000000e+00 6.875000e+00 1.149207e+00 7.567015e-01 0.000000e+00 1.588819e-02
0.000000e+00 6.930000e+00 1.148130e+00 7.555393e-01 0.000000e+00 1.609648e-02
0.000000e+00 6.985000e+00 1.147312e+00 7.546497e-01 0.000000e+00 1.625641e-02
0.000000e+00 7.040000e+00 1.146743e+00 7.540189e-01 0.000000e+00 1.639160e-02
0.000000e+00 7.095000e+00 1.146323e+00 7.535376e-01 0.000000e+00 1.652979e-02
0.000000e+00 7.150000e+00 1.145920e+00 7.530685e-01 0.000000e+00 1.666422e-02
0.000000e+00 7.205000e+00 1.145416e+00 7.524944e-01 0.000000e+00 1.676311e-02
0.000000e+00 7.260000e+00 1.144743e+00 7.517458e-01 0.000000e+00 1.681308e-02
0.000000e+00 7.315000e+00 1.143902e+00 7.508283e-01 0.000000e+00 1.684372e-02
0.000000e+00 7.370000e+00 1.142989e+00 7.498445e-01 0.000000e+00 1.690318e-02
0.000000e+00 7.425000e+00 1.142176e+00 7.489735e-01 0.000000e+00 1.700935e-02
0.000000e+00 7.480000e+00 1.141616e+00 7.483750e-01 0.000000e+00 1.713541e-02
0.000000e+00 7.535000e+00 1.141338e+00 7.480735e-01 0.000000e+00 1.724432e-02
0.000000e+00 7.590000e+00 1.141213e+00 7.479281e-01 0.000000e+00 1.731999e-02
0.000000e+00 7.645000e+00 1.141037e+00 7.477172e-01 0.000000e+00 1.736419e-02
0.000000e+00 7.700000e+00 1.140652e+00 7.472767e-01 0.000000e+00 1.738324e-02
0.000000e+00 7.755000e+00 1.140024e+00 7.465784e-01 0.000000e+00 1.737912e-02
0.000000e+00 7.810000e+00 1.139221e+00 7.457007e-01 0.000000e+00 1.737822e-02
0.000000e+00 7.865000e+00 1.138352e+00 7.447583e-01 0.000000e+00 1.742331e-02
0.000000e+00 7.920000e+00 1.137518e+00 7.438594e-01 0.000000e+00 1.753158e-02
0.000000e+00 7.975000e+00 1.136798e+00 7.430840e-01 0.000000e+00 1.765802e-02
0.000000e+00 8.030000e+00 1.136220e+00 7.424605e-01 0.000000e+00 1.770923e-02
0.000000e+00 8.085000e+00 1.135751e+00 7.419485e-01 0.000000e+00 1.760729e-02
0.000000e+00 8.140000e+00 1.135313e+00 7.414601e-01 0.000000e+00 1.734853e-02
0.000000e+00 8.195000e+00 1.134839e+00 7.409261e-01 0.000000e+00 1.701088e-02
0.000000e+00 8.250000e+00 1.134326e+00 7.403538e-01 0.000000e+00 1.671126e-02
0.000000e+00 8.305000e+00 1.133847e+00 7.398285e-01 0.000000e+00 1.654899e-02
0.000000e+00 8.360000e+00 1.133501e+00 7.394579e-01 0.000000e+00 1.657471e-02
0.000000e+00 8.415000e+00 1.133345e+00 7.393001e-01 0.000000e+00 1.679044e-02
0.000000e+00 8.470000e+00 1.133363e+00 7.393299e-01 0.000000e+00 1.716299e-02
0.000000e+00 8.525000e+00 1.133475e+00 7.394560e-01 0.000000e+00 1.763448e-02
0.000000e+00 8.580000e+00 1.133570e+00 7.395555e-01 0.000000e+00 1.812628e-02
0.000000e+00 8.635000e+00 1.133523e+00 7.394937e-01 0.000000e+00 1.854041e-02
0.000000e+00 8.690000e+00 1.133212e+00 7.391417e-01 0.000000e+00 1.876864e-02
0.000000e+00 8.745000e+00 1.132539e+00 7.384007e-01 0.000000e+00 1.871379e-02
0.000000e+00 8.800000e+00 1.131477e+00 7.372438e-01 0.000000e+00 1.832610e-02
0.000000e+00 8.855000e+00 1.130113e+00 7.357687e-01 0.000000e+00 1.764525e-02
0.000000e+00 8.910000e+00 1.128652e+00 7.341938e-01 0.000000e+00 1.680680e-02
0.000000e+00 8.965000e+00 1.127359e+00 7.328031e-01 0.000000e+00 1.600728e-02
0.000000e+00 9.020000e+00 1.126511e+00 7.318892e-01 0.000000e+00 1.546858e-02
0.000000e+00 9.075000e+00 1.126355e+00 7.317164e-01 0.000000e+00 1.541828e-02
0.000000e+00 9.130000e+00 1.127035e+00 7.324419e-01 0.000000e+00 1.604187e-02
0.000000e+00 9.185000e+00 1.128446e+00 7.339542e-01 0.000000e+00 1.733560e-02
0.000000e+00 9.240000e+00 1.130250e+00 7.358945e-01 0.000000e+00 1.907451e-02
0.000000e+00 9.295000e+00 1.131945e+00 7.377285e-01 0.000000e+00 2.086879e-02
0.000000e+00 9.350000e+00 1.132922e+00 7.387980e-01 0.000000e+00 2.220879e-02
0.000000e+00 9.405000e+00 1.132634e+00 7.385042e-01 0.000000e+00 2.252905e-02
0.000000e+00 9.460000e+00 1.130561e+00 7.362699e-01 0.000000e+00 2.135670e-02
0.000000e+00 9.515000e+00 1.127084e+00 7.325101e-01 0.000000e+00 1.890910e-02
0.000000e+00 9.570000e+00 1.123028e+00 7.281255e-01 0.000000e+00 1.595180e-02
0.000000e+00 9.625000e+00 1.119386e+00 7.241908e-01 0.000000e+00 1.342246e-02
0.000000e+00 9.680000e+00 1.117106e+00 7.217282e-01 0.000000e+00 1.216539e-02
0.000000e+00 9.735000e+00 1.116585e+00 7.211719e-01 0.000000e+00 1.259663e-02
0.000000e+00 9.790000e+00 1.117914e+00 7.226281e-01 0.000000e+00 1.451723e-02
0.000000e+00 9.845000e+00 1.120696e+00 7.256632e-01 0.000000e+00 1.741360e-02
0.000000e+00 9.900000e+00 1.124354e+00 7.296182e-01 0.000000e+00 2.058572e-02
0.000000e+00 9.955000e+00 1.127395e+00 7.328512e-01 0.000000e+00 2.255169e-02
0.000000e+00 1.001000e+01 1.101640e+00 7.050500e-01 -0.000000e+00 -2.260000e-03
0.000000e+00 1.006500e+01 1.101640e+00 7.050500e-01 -0.000000e+00 -2.260000e-03
0.000000e+00 1.012000e+01 1.101640e+00 7.050500e-01 -0.000000e+00 -2.260000e-03
0.000000e+00 1.017500e+01 1.101640e+00 7.050500e-01 -0.000000e+00 -2.260000e-03
0.000000e+00 1.023000e+01 1.101640e+00 7.050500e-01 -0.000000e+00 -2.260000e-03
0.000000e+00 1.028500e+01 1.101640e+00 7.050500e-01 -0.000000e+00 -2.260000e-03
0.000000e+00 1.034000e+01 1.101640e+00 7.050500e-01 -0.000000e+00 -2.260000e-03
0.000000e+00 1.039500e+01 1.101640e+00 7.050500e-01 -0.000000e+00 -2.260000e-03
0.000000e+00 1.045000e+01 1.101640e+00 7.050500e-01 -0.000000e+00 -2.260000e-03
0.000000e+00 1.050500e+01 1.101640e+00 7.050500e-01 -0.000000e+00 -2.260000e-03
0.000000e+00 1.056000e+01 1.101640e+00 7.050500e-01 -0.000000e+00 -2.260000e-03
0.000000e+00 1.061500e+01 1.101640e+00 7.050500e-01 -0.000000e+00 -2.260000e-03
0.000000e+00 1.067000e+01 1.101640e+00 7.050500e-01 -0.000000e+00 -2.260000e-03
0.000000e+00 1.072500e+01 1.101640e+00 7.050500e-01 -0.000000e+00 -2.260000e-03
0.000000e+00 1.078000e+01 1.101640e+00 7.050500e-01 -0.000000e+00 -2.260000e-03
0.000000e+00 1.083500e+01 1.101640e+00 7.050500e-01 -0.000000e+00 -2.260000e-03
0.000000e+00 1.089000e+01 1.101640e+00 7.050500e-01 -0.000000e+00 -2.260000e-03
0.000000e+00 1.094500e+01 1.101640e+00 7.050500e-01 -0.000000e+00 -2.260000e-03
0.000000e+00 1.100000e+01 1.101640e+00 7.050500e-01 -0.000000e+00 -2.260000e-03
