#############TIME##################
2.580348e+01 
###################################
0.000000e+00 0.000000e+00 1.190530e+01 4.147336e+01 0.000000e+00 -1.502141e+00
0.000000e+00 5.500000e-02 1.190530e+01 4.147336e+01 0.000000e+00 -1.502141e+00
0.000000e+00 1.100000e-01 1.190521e+01 4.147291e+01 0.000000e+00 -1.502139e+00
0.000000e+00 1.650000e-01 9.080825e+00 2.374228e+01 0.000000e+00 -9.987772e-01
0.000000e+00 2.200000e-01 7.017361e+00 1.541096e+01 0.000000e+00 -8.252556e-01
0.000000e+00 2.750000e-01 5.724106e+00 1.097348e+01 0.000000e+00 -6.857810e-01
0.000000e+00 3.300000e-01 4.865937e+00 8.365229e+00 0.000000e+00 -5.824308e-01
0.000000e+00 3.850000e-01 4.254408e+00 6.698473e+00 0.000000e+00 -5.018725e-01
0.000000e+00 4.400000e-01 3.806419e+00 5.568929e+00 0.000000e+00 -4.372576e-01
0.000000e+00 4.950000e-01 3.463791e+00 4.759052e+00 0.000000e+00 -3.844715e-01
0.000000e+00 5.500000e-01 3.193382e+00 4.156926e+00 0.000000e+00 -3.415324e-01
0.000000e+00 6.050000e-01 2.974970e+00 3.693892e+00 0.000000e+00 -3.057892e-01
0.000000e+00 6.600000e-01 2.795522e+00 3.329275e+00 0.000000e+00 -2.757330e-01
0.000000e+00 7.150000e-01 2.644897e+00 3.035564e+00 0.000000e+00 -2.499303e-01
0.000000e+00 7.700000e-01 2.515986e+00 2.794901e+00 0.000000e+00 -2.274679e-01
0.000000e+00 8.250000e-01 2.403631e+00 2.594510e+00 0.000000e+00 -2.075985e-01
0.000000e+00 8.800000e-01 2.305012e+00 2.425538e+00 0.000000e+00 -1.899810e-01
0.000000e+00 9.350000e-01 2.218873e+00 2.281451e+00 0.000000e+00 -1.744498e-01
0.000000e+00 9.900000e-01 2.144298e+00 2.157407e+00 0.000000e+00 -1.609138e-01
0.000000e+00 1.045000e+00 2.079581e+00 2.049619e+00 0.000000e+00 -1.491591e-01
0.000000e+00 1.100000e+00 2.022513e+00 1.955183e+00 0.000000e+00 -1.388958e-01
0.000000e+00 1.155000e+00 1.971369e+00 1.871815e+00 0.000000e+00 -1.298278e-01
0.000000e+00 1.210000e+00 1.925115e+00 1.797705e+00 0.000000e+00 -1.217130e-01
0.000000e+00 1.265000e+00 1.883060e+00 1.731391e+00 0.000000e+00 -1.143659e-01
0.000000e+00 1.320000e+00 1.844626e+00 1.671706e+00 0.000000e+00 -1.076517e-01
0.000000e+00 1.375000e+00 1.809306e+00 1.617718e+00 0.000000e+00 -1.014773e-01
0.000000e+00 1.430000e+00 1.776712e+00 1.568681e+00 0.000000e+00 -9.578291e-02
0.000000e+00 1.485000e+00 1.746584e+00 1.523983e+00 0.000000e+00 -9.052980e-02
0.000000e+00 1.540000e+00 1.718727e+00 1.483108e+00 0.000000e+00 -8.568552e-02
0.000000e+00 1.595000e+00 1.692933e+00 1.445602e+00 0.000000e+00 -8.121348e-02
0.000000e+00 1.650000e+00 1.668948e+00 1.411069e+00 0.000000e+00 -7.707197e-02
0.000000e+00 1.705000e+00 1.646505e+00 1.379165e+00 0.000000e+00 -7.321847e-02
0.000000e+00 1.760000e+00 1.625397e+00 1.349604e+00 0.000000e+00 -6.961078e-02
0.000000e+00 1.815000e+00 1.605504e+00 1.322150e+00 0.000000e+00 -6.620806e-02
0.000000e+00 1.870000e+00 1.586764e+00 1.296600e+00 0.000000e+00 -6.297873e-02
0.000000e+00 1.925000e+00 1.569120e+00 1.272776e+00 0.000000e+00 -5.990570e-02
0.000000e+00 1.980000e+00 1.552504e+00 1.250511e+00 0.000000e+00 -5.698260e-02
0.000000e+00 2.035000e+00 1.536837e+00 1.229655e+00 0.000000e+00 -5.420787e-02
0.000000e+00 2.090000e+00 1.522048e+00 1.210072e+00 0.000000e+00 -5.158189e-02
0.000000e+00 2.145000e+00 1.508076e+00 1.191646e+00 0.000000e+00 -4.910625e-02
0.000000e+00 2.200000e+00 1.494867e+00 1.174280e+00 0.000000e+00 -4.678335e-02
0.000000e+00 2.255000e+00 1.482371e+00 1.157891e+00 0.000000e+00 -4.461527e-02
0.000000e+00 2.310000e+00 1.470534e+00 1.142408e+00 0.000000e+00 -4.260188e-02
0.000000e+00 2.365000e+00 1.459298e+00 1.127759e+00 0.000000e+00 -4.073865e-02
0.000000e+00 2.420000e+00 1.448601e+00 1.113880e+00 0.000000e+00 -3.901525e-02
0.000000e+00 2.475000e+00 1.438385e+00 1.100708e+00 0.000000e+00 -3.741581e-02
0.000000e+00 2.530000e+00 1.428600e+00 1.088192e+00 0.000000e+00 -3.592092e-02
0.000000e+00 2.585000e+00 1.419208e+00 1.076283e+00 0.000000e+00 -3.451066e-02
0.000000e+00 2.640000e+00 1.410185e+00 1.064942e+00 0.000000e+00 -3.316745e-02
0.000000e+00 2.695000e+00 1.401515e+00 1.054129e+00 0.000000e+00 -3.187802e-02
0.000000e+00 2.750000e+00 1.393194e+00 1.043808e+00 0.000000e+00 -3.063449e-02
0.000000e+00 2.805000e+00 1.385219e+00 1.033947e+00 0.000000e+00 -2.943440e-02
0.000000e+00 2.860000e+00 1.377588e+00 1.024513e+00 0.000000e+00 -2.827984e-02
0.000000e+00 2.915000e+00 1.370292e+00 1.015480e+00 0.000000e+00 -2.717554e-02
0.000000e+00 2.970000e+00 1.363317e+00 1.006823e+00 0.000000e+00 -2.612614e-02
0.000000e+00 3.025000e+00 1.356639e+00 9.985206e-01 0.000000e+00 -2.513364e-02
0.000000e+00 3.080000e+00 1.350227e+00 9.905539e-01 0.000000e+00 -2.419574e-02
0.000000e+00 3.135000e+00 1.344047e+00 9.829035e-01 0.000000e+00 -2.330601e-02
0.000000e+00 3.190000e+00 1.338066e+00 9.755509e-01 0.000000e+00 -2.245574e-02
0.000000e+00 3.245000e+00 1.332260e+00 9.684779e-01 0.000000e+00 -2.163645e-02
0.000000e+00 3.300000e+00 1.326614e+00 9.616669e-01 0.000000e+00 -2.084211e-02
0.000000e+00 3.355000e+00 1.321128e+00 9.551025e-01 0.000000e+00 -2.007011e-02
0.000000e+00 3.410000e+00 1.315809e+00 9.487719e-01 0.000000e+00 -1.932083e-02
0.000000e+00 3.465000e+00 1.310670e+00 9.426652e-01 0.000000e+00 -1.859655e-02
0.000000e+00 3.520000e+00 1.305723e+00 9.367738e-01 0.000000e+00 -1.790045e-02
0.000000e+00 3.575000e+00 1.300972e+00 9.310888e-01 0.000000e+00 -1.723582e-02
0.000000e+00 3.630000e+00 1.296408e+00 9.255991e-01 0.000000e+00 -1.660528e-02
0.000000e+00 3.685000e+00 1.292011e+00 9.202916e-01 0.000000e+00 -1.600975e-02
0.000000e+00 3.740000e+00 1.287752e+00 9.151527e-01 0.000000e+00 -1.544717e-02
0.000000e+00 3.795000e+00 1.283603e+00 9.101710e-01 0.000000e+00 -1.491201e-02
0.000000e+00 3.850000e+00 1.279546e+00 9.053392e-01 0.000000e+00 -1.439636e-02
0.000000e+00 3.905000e+00 1.275574e+00 9.006545e-01 0.000000e+00 -1.389275e-02
0.000000e+00 3.960000e+00 1.271690e+00 8.961164e-01 0.000000e+00 -1.339744e-02
0.000000e+00 4.015000e+00 1.267909e+00 8.917235e-01 0.000000e+00 -1.291222e-02
0.000000e+00 4.070000e+00 1.264243e+00 8.874710e-01 0.000000e+00 -1.244324e-02
0.000000e+00 4.125000e+00 1.260702e+00 8.833501e-01 0.000000e+00 -1.199702e-02
0.000000e+00 4.180000e+00 1.257285e+00 8.793501e-01 0.000000e+00 -1.157600e-02
0.000000e+00 4.235000e+00 1.253981e+00 8.754608e-01 0.000000e+00 -1.117637e-02
0.000000e+00 4.290000e+00 1.250775e+00 8.716754e-01 0.000000e+00 -1.078986e-02
0.000000e+00 4.345000e+00 1.247647e+00 8.679892e-01 0.000000e+00 -1.040838e-02
0.000000e+00 4.400000e+00 1.244581e+00 8.643987e-01 0.000000e+00 -1.002836e-02
0.000000e+00 4.455000e+00 1.241563e+00 8.608997e-01 0.000000e+00 -9.652022e-03
0.000000e+00 4.510000e+00 1.238594e+00 8.574886e-01 0.000000e+00 -9.285047e-03
0.000000e+00 4.565000e+00 1.235681e+00 8.541636e-01 0.000000e+00 -8.932958e-03
0.000000e+00 4.620000e+00 1.232841e+00 8.509255e-01 0.000000e+00 -8.599140e-03
0.000000e+00 4.675000e+00 1.230087e+00 8.477754e-01 0.000000e+00 -8.285394e-03
0.000000e+00 4.730000e+00 1.227427e+00 8.447114e-01 0.000000e+00 -7.993226e-03
0.000000e+00 4.785000e+00 1.224851e+00 8.417256e-01 0.000000e+00 -7.723293e-03
0.000000e+00 4.840000e+00 1.222342e+00 8.388072e-01 0.000000e+00 -7.472659e-03
0.000000e+00 4.895000e+00 1.219877e+00 8.359471e-01 0.000000e+00 -7.232558e-03
0.000000e+00 4.950000e+00 1.217442e+00 8.331432e-01 0.000000e+00 -6.990109e-03
0.000000e+00 5.005000e+00 1.215034e+00 8.304001e-01 0.000000e+00 -6.734409e-03
0.000000e+00 5.060000e+00 1.212663e+00 8.277249e-01 0.000000e+00 -6.463134e-03
0.000000e+00 5.115000e+00 1.210343e+00 8.251215e-01 0.000000e+00 -6.184382e-03
0.000000e+00 5.170000e+00 1.208084e+00 8.225883e-01 0.000000e+00 -5.911833e-03
0.000000e+00 5.225000e+00 1.205894e+00 8.201187e-01 0.000000e+00 -5.656783e-03
0.000000e+00 5.280000e+00 1.203770e+00 8.177045e-01 0.000000e+00 -5.423166e-03
0.000000e+00 5.335000e+00 1.201705e+00 8.153377e-01 0.000000e+00 -5.208762e-03
0.000000e+00 5.390000e+00 1.199683e+00 8.130115e-01 0.000000e+00 -5.010095e-03
0.000000e+00 5.445000e+00 1.197689e+00 8.107219e-01 0.000000e+00 -4.825701e-03
0.000000e+00 5.500000e+00 1.195713e+00 8.084686e-01 0.000000e+00 -4.655037e-03
0.000000e+00 5.555000e+00 1.193750e+00 8.062549e-01 0.000000e+00 -4.495439e-03
0.000000e+00 5.610000e+00 1.191807e+00 8.040840e-01 0.000000e+00 -4.341671e-03
0.000000e+00 5.665000e+00 1.189890e+00 8.019547e-01 0.000000e+00 -4.189520e-03
0.000000e+00 5.720000e+00 1.188004e+00 7.998609e-01 0.000000e+00 -4.040032e-03
0.000000e+00 5.775000e+00 1.186153e+00 7.977966e-01 0.000000e+00 -3.899626e-03
0.000000e+00 5.830000e+00 1.184345e+00 7.957628e-01 0.000000e+00 -3.775100e-03
0.000000e+00 5.885000e+00 1.182585e+00 7.937691e-01 0.000000e+00 -3.667732e-03
0.000000e+00 5.940000e+00 1.180877e+00 7.918265e-01 0.000000e+00 -3.571818e-03
0.000000e+00 5.995000e+00 1.179212e+00 7.899358e-01 0.000000e+00 -3.479269e-03
0.000000e+00 6.050000e+00 1.177566e+00 7.880815e-01 0.000000e+00 -3.386998e-03
0.000000e+00 6.105000e+00 1.175911e+00 7.862357e-01 0.000000e+00 -3.301422e-03
0.000000e+00 6.160000e+00 1.174226e+00 7.843737e-01 0.000000e+00 -3.236102e-03
0.000000e+00 6.215000e+00 1.172512e+00 7.824888e-01 0.000000e+00 -3.202972e-03
0.000000e+00 6.270000e+00 1.170795e+00 7.806003e-01 0.000000e+00 -3.202053e-03
0.000000e+00 6.325000e+00 1.169118e+00 7.787459e-01 0.000000e+00 -3.217018e-03
0.000000e+00 6.380000e+00 1.167516e+00 7.769617e-01 0.000000e+00 -3.222462e-03
0.000000e+00 6.435000e+00 1.165998e+00 7.752577e-01 0.000000e+00 -3.202292e-03
0.000000e+00 6.490000e+00 1.164529e+00 7.736018e-01 0.000000e+00 -3.168834e-03
0.000000e+00 6.545000e+00 1.163040e+00 7.719284e-01 0.000000e+00 -3.165777e-03
0.000000e+00 6.600000e+00 1.161467e+00 7.701732e-01 0.000000e+00 -3.244773e-03
0.000000e+00 6.655000e+00 1.159788e+00 7.683180e-01 0.000000e+00 -3.426649e-03
0.000000e+00 6.710000e+00 1.158051e+00 7.664113e-01 0.000000e+00 -3.677191e-03
0.000000e+00 6.765000e+00 1.156343e+00 7.645456e-01 0.000000e+00 -3.919070e-03
0.000000e+00 6.820000e+00 1.154751e+00 7.628064e-01 0.000000e+00 -4.073878e-03
0.000000e+00 6.875000e+00 1.153305e+00 7.612209e-01 0.000000e+00 -4.111462e-03
0.000000e+00 6.930000e+00 1.151962e+00 7.597375e-01 0.000000e+00 -4.073330e-03
0.000000e+00 6.985000e+00 1.150633e+00 7.582605e-01 0.000000e+00 -4.046501e-03
0.000000e+00 7.040000e+00 1.149244e+00 7.567135e-01 0.000000e+00 -4.105907e-03
0.000000e+00 7.095000e+00 1.147776e+00 7.550845e-01 0.000000e+00 -4.267957e-03
0.000000e+00 7.150000e+00 1.146270e+00 7.534237e-01 0.000000e+00 -4.488210e-03
0.000000e+00 7.205000e+00 1.144787e+00 7.517995e-01 0.000000e+00 -4.699597e-03
0.000000e+00 7.260000e+00 1.143365e+00 7.502535e-01 0.000000e+00 -4.858382e-03
0.000000e+00 7.315000e+00 1.142005e+00 7.487812e-01 0.000000e+00 -4.966721e-03
0.000000e+00 7.370000e+00 1.140685e+00 7.473499e-01 0.000000e+00 -5.058924e-03
0.000000e+00 7.425000e+00 1.139384e+00 7.459331e-01 0.000000e+00 -5.166577e-03
0.000000e+00 7.480000e+00 1.138103e+00 7.445305e-01 0.000000e+00 -5.293490e-03
0.000000e+00 7.535000e+00 1.136857e+00 7.431591e-01 0.000000e+00 -5.418893e-03
0.000000e+00 7.590000e+00 1.135649e+00 7.418269e-01 0.000000e+00 -5.521620e-03
0.000000e+00 7.645000e+00 1.134455e+00 7.405150e-01 0.000000e+00 -5.602785e-03
0.000000e+00 7.700000e+00 1.133236e+00 7.391835e-01 0.000000e+00 -5.688252e-03
0.000000e+00 7.755000e+00 1.131960e+00 7.377985e-01 0.000000e+00 -5.809655e-03
0.000000e+00 7.810000e+00 1.130627e+00 7.363594e-01 0.000000e+00 -5.979664e-03
0.000000e+00 7.865000e+00 1.129280e+00 7.349073e-01 0.000000e+00 -6.180254e-03
0.000000e+00 7.920000e+00 1.127986e+00 7.335097e-01 0.000000e+00 -6.370450e-03
0.000000e+00 7.975000e+00 1.126809e+00 7.322334e-01 0.000000e+00 -6.505265e-03
0.000000e+00 8.030000e+00 1.125789e+00 7.311216e-01 0.000000e+00 -6.553465e-03
0.000000e+00 8.085000e+00 1.124930e+00 7.301811e-01 0.000000e+00 -6.506538e-03
0.000000e+00 8.140000e+00 1.124202e+00 7.293824e-01 0.000000e+00 -6.378219e-03
0.000000e+00 8.195000e+00 1.123547e+00 7.286676e-01 0.000000e+00 -6.198784e-03
0.000000e+00 8.250000e+00 1.122895e+00 7.279629e-01 0.000000e+00 -6.008222e-03
0.000000e+00 8.305000e+00 1.122179e+00 7.271941e-01 0.000000e+00 -5.848888e-03
0.000000e+00 8.360000e+00 1.121349e+00 7.263059e-01 0.000000e+00 -5.755825e-03
0.000000e+00 8.415000e+00 1.120392e+00 7.252801e-01 0.000000e+00 -5.745260e-03
0.000000e+00 8.470000e+00 1.119336e+00 7.241431e-01 0.000000e+00 -5.807426e-03
0.000000e+00 8.525000e+00 1.118239e+00 7.229565e-01 0.000000e+00 -5.910349e-03
0.000000e+00 8.580000e+00 1.117166e+00 7.217911e-01 0.000000e+00 -6.014481e-03
0.000000e+00 8.635000e+00 1.116160e+00 7.206982e-01 0.000000e+00 -6.091516e-03
0.000000e+00 8.690000e+00 1.115231e+00 7.196907e-01 0.000000e+00 -6.137475e-03
0.000000e+00 8.745000e+00 1.114353e+00 7.187454e-01 0.000000e+00 -6.171343e-03
0.000000e+00 8.800000e+00 1.113491e+00 7.178228e-01 0.000000e+00 -6.219261e-03
0.000000e+00 8.855000e+00 1.112618e+00 7.168931e-01 0.000000e+00 -6.294533e-03
0.000000e+00 8.910000e+00 1.111734e+00 7.159515e-01 0.000000e+00 -6.386862e-03
0.000000e+00 8.965000e+00 1.110855e+00 7.150138e-01 0.000000e+00 -6.468176e-03
0.000000e+00 9.020000e+00 1.110003e+00 7.140987e-01 0.000000e+00 -6.511228e-03
0.000000e+00 9.075000e+00 1.109177e+00 7.132083e-01 0.000000e+00 -6.508839e-03
0.000000e+00 9.130000e+00 1.108358e+00 7.123222e-01 0.000000e+00 -6.480844e-03
0.000000e+00 9.185000e+00 1.107513e+00 7.114095e-01 0.000000e+00 -6.462808e-03
0.000000e+00 9.240000e+00 1.106624e+00 7.104535e-01 0.000000e+00 -6.482426e-03
0.000000e+00 9.295000e+00 1.105708e+00 7.094711e-01 0.000000e+00 -6.538497e-03
0.000000e+00 9.350000e+00 1.104812e+00 7.085137e-01 0.000000e+00 -6.596990e-03
0.000000e+00 9.405000e+00 1.103998e+00 7.076449e-01 0.000000e+00 -6.608257e-03
0.000000e+00 9.460000e+00 1.103306e+00 7.069085e-01 0.000000e+00 -6.535611e-03
0.000000e+00 9.515000e+00 1.102733e+00 7.063019e-01 0.000000e+00 -6.379992e-03
0.000000e+00 9.570000e+00 1.102227e+00 7.057716e-01 0.000000e+00 -6.184746e-03
0.000000e+00 9.625000e+00 1.101713e+00 7.052356e-01 0.000000e+00 -6.015305e-03
0.000000e+00 9.680000e+00 1.101129e+00 7.046235e-01 0.000000e+00 -5.926154e-03
0.000000e+00 9.735000e+00 1.100448e+00 7.039036e-01 0.000000e+00 -5.941113e-03
0.000000e+00 9.790000e+00 1.099706e+00 7.031084e-01 0.000000e+00 -6.034142e-03
0.000000e+00 9.845000e+00 1.098945e+00 7.022799e-01 0.000000e+00 -6.170762e-03
0.000000e+00 9.900000e+00 1.098242e+00 7.015029e-01 0.000000e+00 -6.269827e-03
0.000000e+00 9.955000e+00 1.097569e+00 7.007453e-01 0.000000e+00 -6.365506e-03
0.000000e+00 1.001000e+01 1.101640e+00 7.050500e-01 -0.000000e+00 -2.260000e-03
0.000000e+00 1.006500e+01 1.101640e+00 7.050500e-01 -0.000000e+00 -2.260000e-03
0.000000e+00 1.012000e+01 1.101640e+00 7.050500e-01 -0.000000e+00 -2.260000e-03
0.000000e+00 1.017500e+01 1.101640e+00 7.050500e-01 -0.000000e+00 -2.260000e-03
0.000000e+00 1.023000e+01 1.101640e+00 7.050500e-01 -0.000000e+00 -2.260000e-03
0.000000e+00 1.028500e+01 1.101640e+00 7.050500e-01 -0.000000e+00 -2.260000e-03
0.000000e+00 1.034000e+01 1.101640e+00 7.050500e-01 -0.000000e+00 -2.260000e-03
0.000000e+00 1.039500e+01 1.101640e+00 7.050500e-01 -0.000000e+00 -2.260000e-03
0.000000e+00 1.045000e+01 1.101640e+00 7.050500e-01 -0.000000e+00 -2.260000e-03
0.000000e+00 1.050500e+01 1.101640e+00 7.050500e-01 -0.000000e+00 -2.260000e-03
0.000000e+00 1.056000e+01 1.101640e+00 7.050500e-01 -0.000000e+00 -2.260000e-03
0.000000e+00 1.061500e+01 1.101640e+00 7.050500e-01 -0.000000e+00 -2.260000e-03
0.000000e+00 1.067000e+01 1.101640e+00 7.050500e-01 -0.000000e+00 -2.260000e-03
0.000000e+00 1.072500e+01 1.101640e+00 7.050500e-01 -0.000000e+00 -2.260000e-03
0.000000e+00 1.078000e+01 1.101640e+00 7.050500e-01 -0.000000e+00 -2.260000e-03
0.000000e+00 1.083500e+01 1.101640e+00 7.050500e-01 -0.000000e+00 -2.260000e-03
0.000000e+00 1.089000e+01 1.101640e+00 7.050500e-01 -0.000000e+00 -2.260000e-03
0.000000e+00 1.094500e+01 1.101640e+00 7.050500e-01 -0.000000e+00 -2.260000e-03
0.000000e+00 1.100000e+01 1.101640e+00 7.050500e-01 -0.000000e+00 -2.260000e-03
