#############TIME##################
1.220496e+01 
###################################
0.000000e+00 0.000000e+00 1.185381e+01 4.122257e+01 0.000000e+00 -1.504718e+00
0.000000e+00 5.500000e-02 1.185381e+01 4.122257e+01 0.000000e+00 -1.504718e+00
0.000000e+00 1.100000e-01 1.185369e+01 4.122184e+01 0.000000e+00 -1.504724e+00
0.000000e+00 1.650000e-01 9.036761e+00 2.358030e+01 0.000000e+00 -1.000288e+00
0.000000e+00 2.200000e-01 6.978101e+00 1.529939e+01 0.000000e+00 -8.252905e-01
0.000000e+00 2.750000e-01 5.685159e+00 1.088710e+01 0.000000e+00 -6.841473e-01
0.000000e+00 3.300000e-01 4.824797e+00 8.294940e+00 0.000000e+00 -5.788660e-01
0.000000e+00 3.850000e-01 4.208973e+00 6.638736e+00 0.000000e+00 -4.963285e-01
0.000000e+00 4.400000e-01 3.757306e+00 5.516686e+00 0.000000e+00 -4.303445e-01
0.000000e+00 4.950000e-01 3.413375e+00 4.712563e+00 0.000000e+00 -3.770017e-01
0.000000e+00 5.500000e-01 3.143801e+00 4.114847e+00 0.000000e+00 -3.340408e-01
0.000000e+00 6.050000e-01 2.927479e+00 3.655313e+00 0.000000e+00 -2.985748e-01
0.000000e+00 6.600000e-01 2.750783e+00 3.293483e+00 0.000000e+00 -2.690007e-01
0.000000e+00 7.150000e-01 2.603639e+00 3.002124e+00 0.000000e+00 -2.439403e-01
0.000000e+00 7.700000e-01 2.479344e+00 2.763514e+00 0.000000e+00 -2.225641e-01
0.000000e+00 8.250000e-01 2.372890e+00 2.564933e+00 0.000000e+00 -2.041276e-01
0.000000e+00 8.800000e-01 2.280721e+00 2.397486e+00 0.000000e+00 -1.881413e-01
0.000000e+00 9.350000e-01 2.200267e+00 2.254577e+00 0.000000e+00 -1.741788e-01
0.000000e+00 9.900000e-01 2.129733e+00 2.131398e+00 0.000000e+00 -1.618945e-01
0.000000e+00 1.045000e+00 2.067574e+00 2.024275e+00 0.000000e+00 -1.509489e-01
0.000000e+00 1.100000e+00 2.012157e+00 1.930370e+00 0.000000e+00 -1.410451e-01
0.000000e+00 1.155000e+00 1.961848e+00 1.847426e+00 0.000000e+00 -1.319422e-01
0.000000e+00 1.210000e+00 1.915439e+00 1.773674e+00 0.000000e+00 -1.234819e-01
0.000000e+00 1.265000e+00 1.872442e+00 1.707732e+00 0.000000e+00 -1.155780e-01
0.000000e+00 1.320000e+00 1.832841e+00 1.648499e+00 0.000000e+00 -1.081977e-01
0.000000e+00 1.375000e+00 1.796564e+00 1.595049e+00 0.000000e+00 -1.013374e-01
0.000000e+00 1.430000e+00 1.763292e+00 1.546573e+00 0.000000e+00 -9.500384e-02
0.000000e+00 1.485000e+00 1.732624e+00 1.502374e+00 0.000000e+00 -8.919507e-02
0.000000e+00 1.540000e+00 1.704264e+00 1.461896e+00 0.000000e+00 -8.388477e-02
0.000000e+00 1.595000e+00 1.678050e+00 1.424722e+00 0.000000e+00 -7.902146e-02
0.000000e+00 1.650000e+00 1.653852e+00 1.390521e+00 0.000000e+00 -7.454975e-02
0.000000e+00 1.705000e+00 1.631457e+00 1.358988e+00 0.000000e+00 -7.043705e-02
0.000000e+00 1.760000e+00 1.610586e+00 1.329817e+00 0.000000e+00 -6.667584e-02
0.000000e+00 1.815000e+00 1.590980e+00 1.302733e+00 0.000000e+00 -6.325420e-02
0.000000e+00 1.870000e+00 1.572474e+00 1.277527e+00 0.000000e+00 -6.012514e-02
0.000000e+00 1.925000e+00 1.554995e+00 1.254049e+00 0.000000e+00 -5.720802e-02
0.000000e+00 1.980000e+00 1.538502e+00 1.232155e+00 0.000000e+00 -5.442307e-02
0.000000e+00 2.035000e+00 1.522948e+00 1.211677e+00 0.000000e+00 -5.172642e-02
0.000000e+00 2.090000e+00 1.508283e+00 1.192450e+00 0.000000e+00 -4.911362e-02
0.000000e+00 2.145000e+00 1.494480e+00 1.174362e+00 0.000000e+00 -4.659640e-02
0.000000e+00 2.200000e+00 1.481526e+00 1.157361e+00 0.000000e+00 -4.418383e-02
0.000000e+00 2.255000e+00 1.469381e+00 1.141402e+00 0.000000e+00 -4.188439e-02
0.000000e+00 2.310000e+00 1.457942e+00 1.126390e+00 0.000000e+00 -3.971493e-02
0.000000e+00 2.365000e+00 1.447060e+00 1.112189e+00 0.000000e+00 -3.769686e-02
0.000000e+00 2.420000e+00 1.436597e+00 1.098674e+00 0.000000e+00 -3.584004e-02
0.000000e+00 2.475000e+00 1.426483e+00 1.085780e+00 0.000000e+00 -3.413044e-02
0.000000e+00 2.530000e+00 1.416728e+00 1.073503e+00 0.000000e+00 -3.253430e-02
0.000000e+00 2.585000e+00 1.407378e+00 1.061852e+00 0.000000e+00 -3.101573e-02
0.000000e+00 2.640000e+00 1.398463e+00 1.050795e+00 0.000000e+00 -2.955352e-02
0.000000e+00 2.695000e+00 1.389975e+00 1.040253e+00 0.000000e+00 -2.814471e-02
0.000000e+00 2.750000e+00 1.381873e+00 1.030136e+00 0.000000e+00 -2.679382e-02
0.000000e+00 2.805000e+00 1.374122e+00 1.020398e+00 0.000000e+00 -2.549828e-02
0.000000e+00 2.860000e+00 1.366708e+00 1.011058e+00 0.000000e+00 -2.424328e-02
0.000000e+00 2.915000e+00 1.359627e+00 1.002166e+00 0.000000e+00 -2.301042e-02
0.000000e+00 2.970000e+00 1.352861e+00 9.937532e-01 0.000000e+00 -2.179097e-02
0.000000e+00 3.025000e+00 1.346367e+00 9.857935e-01 0.000000e+00 -2.059077e-02
0.000000e+00 3.080000e+00 1.340088e+00 9.782101e-01 0.000000e+00 -1.942337e-02
0.000000e+00 3.135000e+00 1.333982e+00 9.709120e-01 0.000000e+00 -1.830014e-02
0.000000e+00 3.190000e+00 1.328038e+00 9.638286e-01 0.000000e+00 -1.722710e-02
0.000000e+00 3.245000e+00 1.322273e+00 9.569283e-01 0.000000e+00 -1.620851e-02
0.000000e+00 3.300000e+00 1.316718e+00 9.502176e-01 0.000000e+00 -1.524889e-02
0.000000e+00 3.355000e+00 1.311402e+00 9.437305e-01 0.000000e+00 -1.434740e-02
0.000000e+00 3.410000e+00 1.306333e+00 9.375113e-01 0.000000e+00 -1.348898e-02
0.000000e+00 3.465000e+00 1.301502e+00 9.315945e-01 0.000000e+00 -1.264334e-02
0.000000e+00 3.520000e+00 1.296880e+00 9.259915e-01 0.000000e+00 -1.177657e-02
0.000000e+00 3.575000e+00 1.292441e+00 9.206928e-01 0.000000e+00 -1.086786e-02
0.000000e+00 3.630000e+00 1.288173e+00 9.156808e-01 0.000000e+00 -9.918109e-03
0.000000e+00 3.685000e+00 1.284088e+00 9.109382e-01 0.000000e+00 -8.944294e-03
0.000000e+00 3.740000e+00 1.280204e+00 9.064427e-01 0.000000e+00 -7.965949e-03
0.000000e+00 3.795000e+00 1.276518e+00 9.021515e-01 0.000000e+00 -6.997117e-03
0.000000e+00 3.850000e+00 1.272993e+00 8.979966e-01 0.000000e+00 -6.049094e-03
0.000000e+00 3.905000e+00 1.269569e+00 8.939063e-01 0.000000e+00 -5.134989e-03
0.000000e+00 3.960000e+00 1.266196e+00 8.898446e-01 0.000000e+00 -4.264222e-03
0.000000e+00 4.015000e+00 1.262868e+00 8.858388e-01 0.000000e+00 -3.428404e-03
0.000000e+00 4.070000e+00 1.259626e+00 8.819723e-01 0.000000e+00 -2.594010e-03
0.000000e+00 4.125000e+00 1.256538e+00 8.783450e-01 0.000000e+00 -1.713707e-03
0.000000e+00 4.180000e+00 1.253666e+00 8.750273e-01 0.000000e+00 -7.513237e-04
0.000000e+00 4.235000e+00 1.251034e+00 8.720265e-01 0.000000e+00 2.961413e-04
0.000000e+00 4.290000e+00 1.248613e+00 8.692781e-01 0.000000e+00 1.393670e-03
0.000000e+00 4.345000e+00 1.246330e+00 8.666642e-01 0.000000e+00 2.481901e-03
0.000000e+00 4.400000e+00 1.244088e+00 8.640552e-01 0.000000e+00 3.499009e-03
0.000000e+00 4.455000e+00 1.241804e+00 8.613553e-01 0.000000e+00 4.399632e-03
0.000000e+00 4.510000e+00 1.239432e+00 8.585341e-01 0.000000e+00 5.167637e-03
0.000000e+00 4.565000e+00 1.236979e+00 8.556308e-01 0.000000e+00 5.821440e-03
0.000000e+00 4.620000e+00 1.234493e+00 8.527267e-01 0.000000e+00 6.406774e-03
0.000000e+00 4.675000e+00 1.232029e+00 8.498993e-01 0.000000e+00 6.975066e-03
0.000000e+00 4.730000e+00 1.229630e+00 8.471864e-01 0.000000e+00 7.556244e-03
0.000000e+00 4.785000e+00 1.227310e+00 8.445783e-01 0.000000e+00 8.143924e-03
0.000000e+00 4.840000e+00 1.225064e+00 8.420378e-01 0.000000e+00 8.705635e-03
0.000000e+00 4.895000e+00 1.222877e+00 8.395310e-01 0.000000e+00 9.211221e-03
0.000000e+00 4.950000e+00 1.220743e+00 8.370476e-01 0.000000e+00 9.657478e-03
0.000000e+00 5.005000e+00 1.218658e+00 8.346019e-01 0.000000e+00 1.007097e-02
0.000000e+00 5.060000e+00 1.216619e+00 8.322188e-01 0.000000e+00 1.048980e-02
0.000000e+00 5.115000e+00 1.214627e+00 8.299202e-01 0.000000e+00 1.094122e-02
0.000000e+00 5.170000e+00 1.212687e+00 8.277208e-01 0.000000e+00 1.143252e-02
0.000000e+00 5.225000e+00 1.210813e+00 8.256299e-01 0.000000e+00 1.195835e-02
0.000000e+00 5.280000e+00 1.209026e+00 8.236503e-01 0.000000e+00 1.251239e-02
0.000000e+00 5.335000e+00 1.207333e+00 8.217669e-01 0.000000e+00 1.308946e-02
0.000000e+00 5.390000e+00 1.205708e+00 8.199348e-01 0.000000e+00 1.367637e-02
0.000000e+00 5.445000e+00 1.204095e+00 8.180851e-01 0.000000e+00 1.424286e-02
0.000000e+00 5.500000e+00 1.202430e+00 8.161525e-01 0.000000e+00 1.474498e-02
0.000000e+00 5.555000e+00 1.200675e+00 8.141136e-01 0.000000e+00 1.514342e-02
0.000000e+00 5.610000e+00 1.198847e+00 8.120072e-01 0.000000e+00 1.542692e-02
0.000000e+00 5.665000e+00 1.197010e+00 8.099189e-01 0.000000e+00 1.562579e-02
0.000000e+00 5.720000e+00 1.195241e+00 8.079382e-01 0.000000e+00 1.580698e-02
0.000000e+00 5.775000e+00 1.193594e+00 8.061165e-01 0.000000e+00 1.604932e-02
0.000000e+00 5.830000e+00 1.192083e+00 8.044509e-01 0.000000e+00 1.640396e-02
0.000000e+00 5.885000e+00 1.190680e+00 8.028944e-01 0.000000e+00 1.686028e-02
0.000000e+00 5.940000e+00 1.189332e+00 8.013754e-01 0.000000e+00 1.734343e-02
0.000000e+00 5.995000e+00 1.187968e+00 7.998167e-01 0.000000e+00 1.775115e-02
0.000000e+00 6.050000e+00 1.186520e+00 7.981517e-01 0.000000e+00 1.801035e-02
0.000000e+00 6.105000e+00 1.184949e+00 7.963523e-01 0.000000e+00 1.811652e-02
0.000000e+00 6.160000e+00 1.183281e+00 7.944626e-01 0.000000e+00 1.813464e-02
0.000000e+00 6.215000e+00 1.181618e+00 7.926031e-01 0.000000e+00 1.816390e-02
0.000000e+00 6.270000e+00 1.180101e+00 7.909289e-01 0.000000e+00 1.829399e-02
0.000000e+00 6.325000e+00 1.178843e+00 7.895548e-01 0.000000e+00 1.857769e-02
0.000000e+00 6.380000e+00 1.177864e+00 7.884879e-01 0.000000e+00 1.901906e-02
0.000000e+00 6.435000e+00 1.177079e+00 7.876199e-01 0.000000e+00 1.957248e-02
0.000000e+00 6.490000e+00 1.176343e+00 7.867852e-01 0.000000e+00 2.015826e-02
0.000000e+00 6.545000e+00 1.175519e+00 7.858364e-01 0.000000e+00 2.068634e-02
0.000000e+00 6.600000e+00 1.174528e+00 7.846959e-01 0.000000e+00 2.108434e-02
0.000000e+00 6.655000e+00 1.173359e+00 7.833661e-01 0.000000e+00 2.132409e-02
0.000000e+00 6.710000e+00 1.172055e+00 7.819035e-01 0.000000e+00 2.143247e-02
0.000000e+00 6.765000e+00 1.170680e+00 7.803813e-01 0.000000e+00 2.148446e-02
0.000000e+00 6.820000e+00 1.169297e+00 7.788662e-01 0.000000e+00 2.157509e-02
0.000000e+00 6.875000e+00 1.167962e+00 7.774077e-01 0.000000e+00 2.177107e-02
0.000000e+00 6.930000e+00 1.166698e+00 7.760211e-01 0.000000e+00 2.206561e-02
0.000000e+00 6.985000e+00 1.165474e+00 7.746636e-01 0.000000e+00 2.237362e-02
0.000000e+00 7.040000e+00 1.164207e+00 7.732443e-01 0.000000e+00 2.258418e-02
0.000000e+00 7.095000e+00 1.162821e+00 7.716830e-01 0.000000e+00 2.263734e-02
0.000000e+00 7.150000e+00 1.161325e+00 7.700021e-01 0.000000e+00 2.257043e-02
0.000000e+00 7.205000e+00 1.159859e+00 7.683651e-01 0.000000e+00 2.250288e-02
0.000000e+00 7.260000e+00 1.158635e+00 7.670112e-01 0.000000e+00 2.257595e-02
0.000000e+00 7.315000e+00 1.157814e+00 7.661170e-01 0.000000e+00 2.289020e-02
0.000000e+00 7.370000e+00 1.157379e+00 7.656556e-01 0.000000e+00 2.345147e-02
0.000000e+00 7.425000e+00 1.157131e+00 7.653988e-01 0.000000e+00 2.414848e-02
0.000000e+00 7.480000e+00 1.156807e+00 7.650502e-01 0.000000e+00 2.482655e-02
0.000000e+00 7.535000e+00 1.156195e+00 7.643703e-01 0.000000e+00 2.533331e-02
0.000000e+00 7.590000e+00 1.155189e+00 7.632463e-01 0.000000e+00 2.557470e-02
0.000000e+00 7.645000e+00 1.153793e+00 7.616888e-01 0.000000e+00 2.553326e-02
0.000000e+00 7.700000e+00 1.152055e+00 7.597606e-01 0.000000e+00 2.522413e-02
0.000000e+00 7.755000e+00 1.150034e+00 7.575349e-01 0.000000e+00 2.467190e-02
0.000000e+00 7.810000e+00 1.147835e+00 7.551275e-01 0.000000e+00 2.393674e-02
0.000000e+00 7.865000e+00 1.145682e+00 7.527806e-01 0.000000e+00 2.315452e-02
0.000000e+00 7.920000e+00 1.143951e+00 7.508964e-01 0.000000e+00 2.254733e-02
0.000000e+00 7.975000e+00 1.143117e+00 7.499832e-01 0.000000e+00 2.240507e-02
0.000000e+00 8.030000e+00 1.143623e+00 7.505275e-01 0.000000e+00 2.312508e-02
0.000000e+00 8.085000e+00 1.145443e+00 7.525039e-01 0.000000e+00 2.485327e-02
0.000000e+00 8.140000e+00 1.147980e+00 7.552618e-01 0.000000e+00 2.723856e-02
0.000000e+00 8.195000e+00 1.150486e+00 7.579974e-01 0.000000e+00 2.963172e-02
0.000000e+00 8.250000e+00 1.152095e+00 7.597642e-01 0.000000e+00 3.114420e-02
0.000000e+00 8.305000e+00 1.151998e+00 7.596738e-01 0.000000e+00 3.109310e-02
0.000000e+00 8.360000e+00 1.149586e+00 7.570481e-01 0.000000e+00 2.939295e-02
0.000000e+00 8.415000e+00 1.145458e+00 7.525414e-01 0.000000e+00 2.690038e-02
0.000000e+00 8.470000e+00 1.140711e+00 7.473616e-01 0.000000e+00 2.468857e-02
0.000000e+00 8.525000e+00 1.136699e+00 7.429783e-01 0.000000e+00 2.346002e-02
0.000000e+00 8.580000e+00 1.134494e+00 7.405597e-01 0.000000e+00 2.331629e-02
0.000000e+00 8.635000e+00 1.134109e+00 7.401205e-01 0.000000e+00 2.395380e-02
0.000000e+00 8.690000e+00 1.134990e+00 7.410633e-01 0.000000e+00 2.488686e-02
0.000000e+00 8.745000e+00 1.136304e+00 7.424870e-01 0.000000e+00 2.573937e-02
0.000000e+00 8.800000e+00 1.137401e+00 7.436863e-01 0.000000e+00 2.628762e-02
0.000000e+00 8.855000e+00 1.138000e+00 7.443501e-01 0.000000e+00 2.642270e-02
0.000000e+00 8.910000e+00 1.138165e+00 7.445424e-01 0.000000e+00 2.628016e-02
0.000000e+00 8.965000e+00 1.138115e+00 7.444983e-01 0.000000e+00 2.614933e-02
0.000000e+00 9.020000e+00 1.138061e+00 7.444422e-01 0.000000e+00 2.626359e-02
0.000000e+00 9.075000e+00 1.138100e+00 7.444787e-01 0.000000e+00 2.665944e-02
0.000000e+00 9.130000e+00 1.138120e+00 7.444877e-01 0.000000e+00 2.716496e-02
0.000000e+00 9.185000e+00 1.137875e+00 7.442050e-01 0.000000e+00 2.750216e-02
0.000000e+00 9.240000e+00 1.137121e+00 7.433718e-01 0.000000e+00 2.737189e-02
0.000000e+00 9.295000e+00 1.135810e+00 7.419422e-01 0.000000e+00 2.667305e-02
0.000000e+00 9.350000e+00 1.134201e+00 7.401965e-01 0.000000e+00 2.560731e-02
0.000000e+00 9.405000e+00 1.132658e+00 7.385269e-01 0.000000e+00 2.453159e-02
0.000000e+00 9.460000e+00 1.131526e+00 7.373055e-01 0.000000e+00 2.382066e-02
0.000000e+00 9.515000e+00 1.131053e+00 7.367987e-01 0.000000e+00 2.372182e-02
0.000000e+00 9.570000e+00 1.131240e+00 7.370038e-01 0.000000e+00 2.421818e-02
0.000000e+00 9.625000e+00 1.131832e+00 7.376464e-01 0.000000e+00 2.505448e-02
0.000000e+00 9.680000e+00 1.132528e+00 7.384067e-01 0.000000e+00 2.593111e-02
0.000000e+00 9.735000e+00 1.133016e+00 7.389561e-01 0.000000e+00 2.653281e-02
0.000000e+00 9.790000e+00 1.133088e+00 7.390751e-01 0.000000e+00 2.664077e-02
0.000000e+00 9.845000e+00 1.132615e+00 7.386071e-01 0.000000e+00 2.616512e-02
0.000000e+00 9.900000e+00 1.131759e+00 7.376861e-01 0.000000e+00 2.535597e-02
0.000000e+00 9.955000e+00 1.130654e+00 7.364166e-01 0.000000e+00 2.453675e-02
0.000000e+00 1.001000e+01 1.101640e+00 7.050500e-01 -0.000000e+00 -2.260000e-03
0.000000e+00 1.006500e+01 1.101640e+00 7.050500e-01 -0.000000e+00 -2.260000e-03
0.000000e+00 1.012000e+01 1.101640e+00 7.050500e-01 -0.000000e+00 -2.260000e-03
0.000000e+00 1.017500e+01 1.101640e+00 7.050500e-01 -0.000000e+00 -2.260000e-03
0.000000e+00 1.023000e+01 1.101640e+00 7.050500e-01 -0.000000e+00 -2.260000e-03
0.000000e+00 1.028500e+01 1.101640e+00 7.050500e-01 -0.000000e+00 -2.260000e-03
0.000000e+00 1.034000e+01 1.101640e+00 7.050500e-01 -0.000000e+00 -2.260000e-03
0.000000e+00 1.039500e+01 1.101640e+00 7.050500e-01 -0.000000e+00 -2.260000e-03
0.000000e+00 1.045000e+01 1.101640e+00 7.050500e-01 -0.000000e+00 -2.260000e-03
0.000000e+00 1.050500e+01 1.101640e+00 7.050500e-01 -0.000000e+00 -2.260000e-03
0.000000e+00 1.056000e+01 1.101640e+00 7.050500e-01 -0.000000e+00 -2.260000e-03
0.000000e+00 1.061500e+01 1.101640e+00 7.050500e-01 -0.000000e+00 -2.260000e-03
0.000000e+00 1.067000e+01 1.101640e+00 7.050500e-01 -0.000000e+00 -2.260000e-03
0.000000e+00 1.072500e+01 1.101640e+00 7.050500e-01 -0.000000e+00 -2.260000e-03
0.000000e+00 1.078000e+01 1.101640e+00 7.050500e-01 -0.000000e+00 -2.260000e-03
0.000000e+00 1.083500e+01 1.101640e+00 7.050500e-01 -0.000000e+00 -2.260000e-03
0.000000e+00 1.089000e+01 1.101640e+00 7.050500e-01 -0.000000e+00 -2.260000e-03
0.000000e+00 1.094500e+01 1.101640e+00 7.050500e-01 -0.000000e+00 -2.260000e-03
0.000000e+00 1.100000e+01 1.101640e+00 7.050500e-01 -0.000000e+00 -2.260000e-03
