#############TIME##################
2.900278e+01 
###################################
0.000000e+00 0.000000e+00 1.188780e+01 4.134555e+01 0.000000e+00 -1.503037e+00
0.000000e+00 5.500000e-02 1.188780e+01 4.134555e+01 0.000000e+00 -1.503037e+00
0.000000e+00 1.100000e-01 1.188779e+01 4.134542e+01 0.000000e+00 -1.503041e+00
0.000000e+00 1.650000e-01 9.048648e+00 2.363830e+01 0.000000e+00 -9.965119e-01
0.000000e+00 2.200000e-01 6.973610e+00 1.533537e+01 0.000000e+00 -8.187952e-01
0.000000e+00 2.750000e-01 5.666389e+00 1.090530e+01 0.000000e+00 -6.750792e-01
0.000000e+00 3.300000e-01 4.801498e+00 8.305279e+00 0.000000e+00 -5.697989e-01
0.000000e+00 3.850000e-01 4.189821e+00 6.645833e+00 0.000000e+00 -4.893454e-01
0.000000e+00 4.400000e-01 3.745970e+00 5.522177e+00 0.000000e+00 -4.257769e-01
0.000000e+00 4.950000e-01 3.408393e+00 4.716952e+00 0.000000e+00 -3.744047e-01
0.000000e+00 5.500000e-01 3.142662e+00 4.118486e+00 0.000000e+00 -3.328594e-01
0.000000e+00 6.050000e-01 2.928403e+00 3.658388e+00 0.000000e+00 -2.983318e-01
0.000000e+00 6.600000e-01 2.752672e+00 3.296132e+00 0.000000e+00 -2.693261e-01
0.000000e+00 7.150000e-01 2.605738e+00 3.004379e+00 0.000000e+00 -2.445499e-01
0.000000e+00 7.700000e-01 2.481222e+00 2.765393e+00 0.000000e+00 -2.232646e-01
0.000000e+00 8.250000e-01 2.374362e+00 2.566466e+00 0.000000e+00 -2.047847e-01
0.000000e+00 8.800000e-01 2.281687e+00 2.398741e+00 0.000000e+00 -1.886497e-01
0.000000e+00 9.350000e-01 2.200502e+00 2.255630e+00 0.000000e+00 -1.744500e-01
0.000000e+00 9.900000e-01 2.128810e+00 2.132298e+00 0.000000e+00 -1.618856e-01
0.000000e+00 1.045000e+00 2.065040e+00 2.025037e+00 0.000000e+00 -1.507001e-01
0.000000e+00 1.100000e+00 2.007965e+00 1.931011e+00 0.000000e+00 -1.406967e-01
0.000000e+00 1.155000e+00 1.956592e+00 1.847988e+00 0.000000e+00 -1.317097e-01
0.000000e+00 1.210000e+00 1.910121e+00 1.774209e+00 0.000000e+00 -1.236054e-01
0.000000e+00 1.265000e+00 1.867902e+00 1.708257e+00 0.000000e+00 -1.162680e-01
0.000000e+00 1.320000e+00 1.829414e+00 1.648991e+00 0.000000e+00 -1.095956e-01
0.000000e+00 1.375000e+00 1.794243e+00 1.595473e+00 0.000000e+00 -1.034928e-01
0.000000e+00 1.430000e+00 1.762025e+00 1.546929e+00 0.000000e+00 -9.786921e-02
0.000000e+00 1.485000e+00 1.732384e+00 1.502711e+00 0.000000e+00 -9.264232e-02
0.000000e+00 1.540000e+00 1.704904e+00 1.462275e+00 0.000000e+00 -8.774521e-02
0.000000e+00 1.595000e+00 1.679214e+00 1.425165e+00 0.000000e+00 -8.313430e-02
0.000000e+00 1.650000e+00 1.655079e+00 1.390991e+00 0.000000e+00 -7.878958e-02
0.000000e+00 1.705000e+00 1.632407e+00 1.359428e+00 0.000000e+00 -7.470269e-02
0.000000e+00 1.760000e+00 1.611162e+00 1.330203e+00 0.000000e+00 -7.086196e-02
0.000000e+00 1.815000e+00 1.591279e+00 1.303076e+00 0.000000e+00 -6.725092e-02
0.000000e+00 1.870000e+00 1.572655e+00 1.277838e+00 0.000000e+00 -6.385761e-02
0.000000e+00 1.925000e+00 1.555176e+00 1.254305e+00 0.000000e+00 -6.067784e-02
0.000000e+00 1.980000e+00 1.538744e+00 1.232314e+00 0.000000e+00 -5.771047e-02
0.000000e+00 2.035000e+00 1.523276e+00 1.211720e+00 0.000000e+00 -5.495273e-02
0.000000e+00 2.090000e+00 1.508698e+00 1.192397e+00 0.000000e+00 -5.239877e-02
0.000000e+00 2.145000e+00 1.494938e+00 1.174230e+00 0.000000e+00 -5.003969e-02
0.000000e+00 2.200000e+00 1.481925e+00 1.157120e+00 0.000000e+00 -4.786371e-02
0.000000e+00 2.255000e+00 1.469591e+00 1.140981e+00 0.000000e+00 -4.585617e-02
0.000000e+00 2.310000e+00 1.457874e+00 1.125737e+00 0.000000e+00 -4.399936e-02
0.000000e+00 2.365000e+00 1.446715e+00 1.111318e+00 0.000000e+00 -4.227266e-02
0.000000e+00 2.420000e+00 1.436065e+00 1.097664e+00 0.000000e+00 -4.065342e-02
0.000000e+00 2.475000e+00 1.425880e+00 1.084715e+00 0.000000e+00 -3.911868e-02
0.000000e+00 2.530000e+00 1.416129e+00 1.072418e+00 0.000000e+00 -3.764766e-02
0.000000e+00 2.585000e+00 1.406790e+00 1.060729e+00 0.000000e+00 -3.622440e-02
0.000000e+00 2.640000e+00 1.397851e+00 1.049605e+00 0.000000e+00 -3.483979e-02
0.000000e+00 2.695000e+00 1.389305e+00 1.039011e+00 0.000000e+00 -3.349272e-02
0.000000e+00 2.750000e+00 1.381145e+00 1.028911e+00 0.000000e+00 -3.218949e-02
0.000000e+00 2.805000e+00 1.373354e+00 1.019268e+00 0.000000e+00 -3.094113e-02
0.000000e+00 2.860000e+00 1.365911e+00 1.010043e+00 0.000000e+00 -2.975886e-02
0.000000e+00 2.915000e+00 1.358785e+00 1.001202e+00 0.000000e+00 -2.864926e-02
0.000000e+00 2.970000e+00 1.351947e+00 9.927186e-01 0.000000e+00 -2.761157e-02
0.000000e+00 3.025000e+00 1.345368e+00 9.845736e-01 0.000000e+00 -2.663828e-02
0.000000e+00 3.080000e+00 1.339020e+00 9.767547e-01 0.000000e+00 -2.571873e-02
0.000000e+00 3.135000e+00 1.332883e+00 9.692479e-01 0.000000e+00 -2.484311e-02
0.000000e+00 3.190000e+00 1.326934e+00 9.620352e-01 0.000000e+00 -2.400465e-02
0.000000e+00 3.245000e+00 1.321160e+00 9.550948e-01 0.000000e+00 -2.319943e-02
0.000000e+00 3.300000e+00 1.315554e+00 9.484056e-01 0.000000e+00 -2.242490e-02
0.000000e+00 3.355000e+00 1.310121e+00 9.419517e-01 0.000000e+00 -2.167906e-02
0.000000e+00 3.410000e+00 1.304871e+00 9.357230e-01 0.000000e+00 -2.096056e-02
0.000000e+00 3.465000e+00 1.299815e+00 9.297139e-01 0.000000e+00 -2.026920e-02
0.000000e+00 3.520000e+00 1.294958e+00 9.239188e-01 0.000000e+00 -1.960564e-02
0.000000e+00 3.575000e+00 1.290294e+00 9.183298e-01 0.000000e+00 -1.897037e-02
0.000000e+00 3.630000e+00 1.285804e+00 9.129362e-01 0.000000e+00 -1.836257e-02
0.000000e+00 3.685000e+00 1.281467e+00 9.077262e-01 0.000000e+00 -1.778003e-02
0.000000e+00 3.740000e+00 1.277256e+00 9.026895e-01 0.000000e+00 -1.722006e-02
0.000000e+00 3.795000e+00 1.273152e+00 8.978176e-01 0.000000e+00 -1.668053e-02
0.000000e+00 3.850000e+00 1.269145e+00 8.931034e-01 0.000000e+00 -1.616029e-02
0.000000e+00 3.905000e+00 1.265233e+00 8.885394e-01 0.000000e+00 -1.565874e-02
0.000000e+00 3.960000e+00 1.261418e+00 8.841167e-01 0.000000e+00 -1.517526e-02
0.000000e+00 4.015000e+00 1.257708e+00 8.798264e-01 0.000000e+00 -1.470920e-02
0.000000e+00 4.070000e+00 1.254113e+00 8.756609e-01 0.000000e+00 -1.426016e-02
0.000000e+00 4.125000e+00 1.250637e+00 8.716158e-01 0.000000e+00 -1.382808e-02
0.000000e+00 4.180000e+00 1.247281e+00 8.676893e-01 0.000000e+00 -1.341255e-02
0.000000e+00 4.235000e+00 1.244036e+00 8.638796e-01 0.000000e+00 -1.301152e-02
0.000000e+00 4.290000e+00 1.240886e+00 8.601825e-01 0.000000e+00 -1.262074e-02
0.000000e+00 4.345000e+00 1.237811e+00 8.565908e-01 0.000000e+00 -1.223477e-02
0.000000e+00 4.400000e+00 1.234796e+00 8.530964e-01 0.000000e+00 -1.184979e-02
0.000000e+00 4.455000e+00 1.231832e+00 8.496929e-01 0.000000e+00 -1.146646e-02
0.000000e+00 4.510000e+00 1.228924e+00 8.463778e-01 0.000000e+00 -1.109093e-02
0.000000e+00 4.565000e+00 1.226084e+00 8.431510e-01 0.000000e+00 -1.073257e-02
0.000000e+00 4.620000e+00 1.223324e+00 8.400122e-01 0.000000e+00 -1.039945e-02
0.000000e+00 4.675000e+00 1.220651e+00 8.369583e-01 0.000000e+00 -1.009396e-02
0.000000e+00 4.730000e+00 1.218065e+00 8.339833e-01 0.000000e+00 -9.811185e-03
0.000000e+00 4.785000e+00 1.215553e+00 8.310811e-01 0.000000e+00 -9.541059e-03
0.000000e+00 4.840000e+00 1.213103e+00 8.282479e-01 0.000000e+00 -9.272808e-03
0.000000e+00 4.895000e+00 1.210701e+00 8.254836e-01 0.000000e+00 -8.998908e-03
0.000000e+00 4.950000e+00 1.208341e+00 8.227899e-01 0.000000e+00 -8.716608e-03
0.000000e+00 5.005000e+00 1.206021e+00 8.201677e-01 0.000000e+00 -8.426973e-03
0.000000e+00 5.060000e+00 1.203743e+00 8.176150e-01 0.000000e+00 -8.133153e-03
0.000000e+00 5.115000e+00 1.201516e+00 8.151269e-01 0.000000e+00 -7.839513e-03
0.000000e+00 5.170000e+00 1.199345e+00 8.126983e-01 0.000000e+00 -7.551768e-03
0.000000e+00 5.225000e+00 1.197237e+00 8.103254e-01 0.000000e+00 -7.276776e-03
0.000000e+00 5.280000e+00 1.195195e+00 8.080072e-01 0.000000e+00 -7.020665e-03
0.000000e+00 5.335000e+00 1.193213e+00 8.057434e-01 0.000000e+00 -6.785694e-03
0.000000e+00 5.390000e+00 1.191283e+00 8.035334e-01 0.000000e+00 -6.568034e-03
0.000000e+00 5.445000e+00 1.189392e+00 8.013745e-01 0.000000e+00 -6.358654e-03
0.000000e+00 5.500000e+00 1.187525e+00 7.992626e-01 0.000000e+00 -6.147588e-03
0.000000e+00 5.555000e+00 1.185679e+00 7.971939e-01 0.000000e+00 -5.929233e-03
0.000000e+00 5.610000e+00 1.183853e+00 7.951662e-01 0.000000e+00 -5.705284e-03
0.000000e+00 5.665000e+00 1.182056e+00 7.931794e-01 0.000000e+00 -5.483360e-03
0.000000e+00 5.720000e+00 1.180299e+00 7.912351e-01 0.000000e+00 -5.272266e-03
0.000000e+00 5.775000e+00 1.178592e+00 7.893348e-01 0.000000e+00 -5.077043e-03
0.000000e+00 5.830000e+00 1.176938e+00 7.874789e-01 0.000000e+00 -4.896756e-03
0.000000e+00 5.885000e+00 1.175334e+00 7.856656e-01 0.000000e+00 -4.725900e-03
0.000000e+00 5.940000e+00 1.173769e+00 7.838915e-01 0.000000e+00 -4.557849e-03
0.000000e+00 5.995000e+00 1.172229e+00 7.821519e-01 0.000000e+00 -4.387903e-03
0.000000e+00 6.050000e+00 1.170704e+00 7.804424e-01 0.000000e+00 -4.214386e-03
0.000000e+00 6.105000e+00 1.169187e+00 7.787607e-01 0.000000e+00 -4.037973e-03
0.000000e+00 6.160000e+00 1.167683e+00 7.771066e-01 0.000000e+00 -3.860477e-03
0.000000e+00 6.215000e+00 1.166199e+00 7.754827e-01 0.000000e+00 -3.684123e-03
0.000000e+00 6.270000e+00 1.164748e+00 7.738920e-01 0.000000e+00 -3.511361e-03
0.000000e+00 6.325000e+00 1.163337e+00 7.723364e-01 0.000000e+00 -3.344641e-03
0.000000e+00 6.380000e+00 1.161970e+00 7.708155e-01 0.000000e+00 -3.185734e-03
0.000000e+00 6.435000e+00 1.160643e+00 7.693272e-01 0.000000e+00 -3.034855e-03
0.000000e+00 6.490000e+00 1.159346e+00 7.678686e-01 0.000000e+00 -2.890332e-03
0.000000e+00 6.545000e+00 1.158071e+00 7.664379e-01 0.000000e+00 -2.749278e-03
0.000000e+00 6.600000e+00 1.156810e+00 7.650346e-01 0.000000e+00 -2.608974e-03
0.000000e+00 6.655000e+00 1.155562e+00 7.636590e-01 0.000000e+00 -2.468052e-03
0.000000e+00 6.710000e+00 1.154328e+00 7.623109e-01 0.000000e+00 -2.326692e-03
0.000000e+00 6.765000e+00 1.153112e+00 7.609894e-01 0.000000e+00 -2.185834e-03
0.000000e+00 6.820000e+00 1.151921e+00 7.596926e-01 0.000000e+00 -2.046200e-03
0.000000e+00 6.875000e+00 1.150757e+00 7.584182e-01 0.000000e+00 -1.908089e-03
0.000000e+00 6.930000e+00 1.149621e+00 7.571635e-01 0.000000e+00 -1.772148e-03
0.000000e+00 6.985000e+00 1.148508e+00 7.559253e-01 0.000000e+00 -1.640347e-03
0.000000e+00 7.040000e+00 1.147411e+00 7.547013e-01 0.000000e+00 -1.516014e-03
0.000000e+00 7.095000e+00 1.146322e+00 7.534907e-01 0.000000e+00 -1.402380e-03
0.000000e+00 7.150000e+00 1.145239e+00 7.522952e-01 0.000000e+00 -1.300383e-03
0.000000e+00 7.205000e+00 1.144163e+00 7.511187e-01 0.000000e+00 -1.207271e-03
0.000000e+00 7.260000e+00 1.143100e+00 7.499656e-01 0.000000e+00 -1.117224e-03
0.000000e+00 7.315000e+00 1.142058e+00 7.488387e-01 0.000000e+00 -1.023886e-03
0.000000e+00 7.370000e+00 1.141041e+00 7.477376e-01 0.000000e+00 -9.234059e-04
0.000000e+00 7.425000e+00 1.140051e+00 7.466597e-01 0.000000e+00 -8.161855e-04
0.000000e+00 7.480000e+00 1.139087e+00 7.456012e-01 0.000000e+00 -7.064808e-04
0.000000e+00 7.535000e+00 1.138144e+00 7.445593e-01 0.000000e+00 -6.003521e-04
0.000000e+00 7.590000e+00 1.137216e+00 7.435330e-01 0.000000e+00 -5.033264e-04
0.000000e+00 7.645000e+00 1.136299e+00 7.425223e-01 0.000000e+00 -4.188394e-04
0.000000e+00 7.700000e+00 1.135390e+00 7.415271e-01 0.000000e+00 -3.475882e-04
0.000000e+00 7.755000e+00 1.134486e+00 7.405462e-01 0.000000e+00 -2.873124e-04
0.000000e+00 7.810000e+00 1.133588e+00 7.395768e-01 0.000000e+00 -2.327837e-04
0.000000e+00 7.865000e+00 1.132696e+00 7.386153e-01 0.000000e+00 -1.764716e-04
0.000000e+00 7.920000e+00 1.131810e+00 7.376581e-01 0.000000e+00 -1.104836e-04
0.000000e+00 7.975000e+00 1.130932e+00 7.367024e-01 0.000000e+00 -2.949747e-05
0.000000e+00 8.030000e+00 1.130058e+00 7.357468e-01 0.000000e+00 6.673900e-05
0.000000e+00 8.085000e+00 1.129186e+00 7.347901e-01 0.000000e+00 1.729545e-04
0.000000e+00 8.140000e+00 1.128312e+00 7.338318e-01 0.000000e+00 2.804205e-04
0.000000e+00 8.195000e+00 1.127433e+00 7.328734e-01 0.000000e+00 3.804853e-04
0.000000e+00 8.250000e+00 1.126553e+00 7.319201e-01 0.000000e+00 4.678115e-04
0.000000e+00 8.305000e+00 1.125681e+00 7.309811e-01 0.000000e+00 5.419163e-04
0.000000e+00 8.360000e+00 1.124828e+00 7.300665e-01 0.000000e+00 6.064586e-04
0.000000e+00 8.415000e+00 1.124006e+00 7.291828e-01 0.000000e+00 6.666248e-04
0.000000e+00 8.470000e+00 1.123215e+00 7.283287e-01 0.000000e+00 7.258803e-04
0.000000e+00 8.525000e+00 1.122449e+00 7.274957e-01 0.000000e+00 7.838849e-04
0.000000e+00 8.580000e+00 1.121695e+00 7.266725e-01 0.000000e+00 8.366594e-04
0.000000e+00 8.635000e+00 1.120944e+00 7.258526e-01 0.000000e+00 8.782832e-04
0.000000e+00 8.690000e+00 1.120196e+00 7.250387e-01 0.000000e+00 9.025553e-04
0.000000e+00 8.745000e+00 1.119459e+00 7.242435e-01 0.000000e+00 9.047205e-04
0.000000e+00 8.800000e+00 1.118748e+00 7.234807e-01 0.000000e+00 8.852005e-04
0.000000e+00 8.855000e+00 1.118066e+00 7.227536e-01 0.000000e+00 8.551084e-04
0.000000e+00 8.910000e+00 1.117405e+00 7.220490e-01 0.000000e+00 8.373183e-04
0.000000e+00 8.965000e+00 1.116749e+00 7.213463e-01 0.000000e+00 8.562501e-04
0.000000e+00 9.020000e+00 1.116091e+00 7.206369e-01 0.000000e+00 9.198699e-04
0.000000e+00 9.075000e+00 1.115442e+00 7.199327e-01 0.000000e+00 1.010260e-03
0.000000e+00 9.130000e+00 1.114819e+00 7.192551e-01 0.000000e+00 1.094529e-03
0.000000e+00 9.185000e+00 1.114228e+00 7.186130e-01 0.000000e+00 1.149140e-03
0.000000e+00 9.240000e+00 1.113658e+00 7.179953e-01 0.000000e+00 1.174894e-03
0.000000e+00 9.295000e+00 1.113092e+00 7.173842e-01 0.000000e+00 1.192697e-03
0.000000e+00 9.350000e+00 1.112519e+00 7.167691e-01 0.000000e+00 1.225685e-03
0.000000e+00 9.405000e+00 1.111940e+00 7.161482e-01 0.000000e+00 1.287577e-03
0.000000e+00 9.460000e+00 1.111344e+00 7.155133e-01 0.000000e+00 1.372249e-03
0.000000e+00 9.515000e+00 1.110722e+00 7.148525e-01 0.000000e+00 1.458602e-03
0.000000e+00 9.570000e+00 1.110054e+00 7.141466e-01 0.000000e+00 1.508099e-03
0.000000e+00 9.625000e+00 1.109346e+00 7.134004e-01 0.000000e+00 1.500190e-03
0.000000e+00 9.680000e+00 1.108601e+00 7.126134e-01 0.000000e+00 1.418444e-03
0.000000e+00 9.735000e+00 1.107870e+00 7.118314e-01 0.000000e+00 1.300436e-03
0.000000e+00 9.790000e+00 1.107148e+00 7.110409e-01 0.000000e+00 1.142336e-03
0.000000e+00 9.845000e+00 1.106483e+00 7.102924e-01 0.000000e+00 1.003076e-03
0.000000e+00 9.900000e+00 1.105779e+00 7.094971e-01 0.000000e+00 8.245157e-04
0.000000e+00 9.955000e+00 1.105082e+00 7.087208e-01 0.000000e+00 6.898463e-04
0.000000e+00 1.001000e+01 1.101640e+00 7.050500e-01 -0.000000e+00 -2.260000e-03
0.000000e+00 1.006500e+01 1.101640e+00 7.050500e-01 -0.000000e+00 -2.260000e-03
0.000000e+00 1.012000e+01 1.101640e+00 7.050500e-01 -0.000000e+00 -2.260000e-03
0.000000e+00 1.017500e+01 1.101640e+00 7.050500e-01 -0.000000e+00 -2.260000e-03
0.000000e+00 1.023000e+01 1.101640e+00 7.050500e-01 -0.000000e+00 -2.260000e-03
0.000000e+00 1.028500e+01 1.101640e+00 7.050500e-01 -0.000000e+00 -2.260000e-03
0.000000e+00 1.034000e+01 1.101640e+00 7.050500e-01 -0.000000e+00 -2.260000e-03
0.000000e+00 1.039500e+01 1.101640e+00 7.050500e-01 -0.000000e+00 -2.260000e-03
0.000000e+00 1.045000e+01 1.101640e+00 7.050500e-01 -0.000000e+00 -2.260000e-03
0.000000e+00 1.050500e+01 1.101640e+00 7.050500e-01 -0.000000e+00 -2.260000e-03
0.000000e+00 1.056000e+01 1.101640e+00 7.050500e-01 -0.000000e+00 -2.260000e-03
0.000000e+00 1.061500e+01 1.101640e+00 7.050500e-01 -0.000000e+00 -2.260000e-03
0.000000e+00 1.067000e+01 1.101640e+00 7.050500e-01 -0.000000e+00 -2.260000e-03
0.000000e+00 1.072500e+01 1.101640e+00 7.050500e-01 -0.000000e+00 -2.260000e-03
0.000000e+00 1.078000e+01 1.101640e+00 7.050500e-01 -0.000000e+00 -2.260000e-03
0.000000e+00 1.083500e+01 1.101640e+00 7.050500e-01 -0.000000e+00 -2.260000e-03
0.000000e+00 1.089000e+01 1.101640e+00 7.050500e-01 -0.000000e+00 -2.260000e-03
0.000000e+00 1.094500e+01 1.101640e+00 7.050500e-01 -0.000000e+00 -2.260000e-03
0.000000e+00 1.100000e+01 1.101640e+00 7.050500e-01 -0.000000e+00 -2.260000e-03
