#############TIME##################
2.270414e+01 
###################################
0.000000e+00 0.000000e+00 1.193826e+01 4.164648e+01 0.000000e+00 -1.501880e+00
0.000000e+00 5.500000e-02 1.193826e+01 4.164648e+01 0.000000e+00 -1.501880e+00
0.000000e+00 1.100000e-01 1.193823e+01 4.164629e+01 0.000000e+00 -1.501881e+00
0.000000e+00 1.650000e-01 9.098728e+00 2.385532e+01 0.000000e+00 -9.955835e-01
0.000000e+00 2.200000e-01 7.022793e+00 1.550330e+01 0.000000e+00 -8.182039e-01
0.000000e+00 2.750000e-01 5.713787e+00 1.104213e+01 0.000000e+00 -6.748238e-01
0.000000e+00 3.300000e-01 4.846542e+00 8.420664e+00 0.000000e+00 -5.695888e-01
0.000000e+00 3.850000e-01 4.231920e+00 6.745867e+00 0.000000e+00 -4.890613e-01
0.000000e+00 4.400000e-01 3.785461e+00 5.611047e+00 0.000000e+00 -4.254447e-01
0.000000e+00 4.950000e-01 3.445934e+00 4.797354e+00 0.000000e+00 -3.740689e-01
0.000000e+00 5.500000e-01 3.178671e+00 4.192301e+00 0.000000e+00 -3.325746e-01
0.000000e+00 6.050000e-01 2.963180e+00 3.726926e+00 0.000000e+00 -2.981768e-01
0.000000e+00 6.600000e-01 2.786577e+00 3.360350e+00 0.000000e+00 -2.694153e-01
0.000000e+00 7.150000e-01 2.639255e+00 3.064964e+00 0.000000e+00 -2.450232e-01
0.000000e+00 7.700000e-01 2.515045e+00 2.822870e+00 0.000000e+00 -2.242594e-01
0.000000e+00 8.250000e-01 2.409383e+00 2.621244e+00 0.000000e+00 -2.063868e-01
0.000000e+00 8.800000e-01 2.318644e+00 2.451155e+00 0.000000e+00 -1.908336e-01
0.000000e+00 9.350000e-01 2.239396e+00 2.305960e+00 0.000000e+00 -1.770433e-01
0.000000e+00 9.900000e-01 2.168642e+00 2.180794e+00 0.000000e+00 -1.645914e-01
0.000000e+00 1.045000e+00 2.104299e+00 2.071922e+00 0.000000e+00 -1.531769e-01
0.000000e+00 1.100000e+00 2.045549e+00 1.976469e+00 0.000000e+00 -1.426472e-01
0.000000e+00 1.155000e+00 1.992121e+00 1.892157e+00 0.000000e+00 -1.329306e-01
0.000000e+00 1.210000e+00 1.943508e+00 1.817190e+00 0.000000e+00 -1.239960e-01
0.000000e+00 1.265000e+00 1.899054e+00 1.750147e+00 0.000000e+00 -1.158265e-01
0.000000e+00 1.320000e+00 1.858463e+00 1.689882e+00 0.000000e+00 -1.084129e-01
0.000000e+00 1.375000e+00 1.821692e+00 1.635440e+00 0.000000e+00 -1.017269e-01
0.000000e+00 1.430000e+00 1.788480e+00 1.586020e+00 0.000000e+00 -9.570688e-02
0.000000e+00 1.485000e+00 1.758233e+00 1.540955e+00 0.000000e+00 -9.026685e-02
0.000000e+00 1.540000e+00 1.730318e+00 1.499704e+00 0.000000e+00 -8.531987e-02
0.000000e+00 1.595000e+00 1.704308e+00 1.461822e+00 0.000000e+00 -8.079637e-02
0.000000e+00 1.650000e+00 1.680000e+00 1.426933e+00 0.000000e+00 -7.664967e-02
0.000000e+00 1.705000e+00 1.657297e+00 1.394713e+00 0.000000e+00 -7.284938e-02
0.000000e+00 1.760000e+00 1.636092e+00 1.364874e+00 0.000000e+00 -6.936825e-02
0.000000e+00 1.815000e+00 1.616236e+00 1.337163e+00 0.000000e+00 -6.617212e-02
0.000000e+00 1.870000e+00 1.597567e+00 1.311360e+00 0.000000e+00 -6.322005e-02
0.000000e+00 1.925000e+00 1.579956e+00 1.287275e+00 0.000000e+00 -6.046989e-02
0.000000e+00 1.980000e+00 1.563306e+00 1.264747e+00 0.000000e+00 -5.788261e-02
0.000000e+00 2.035000e+00 1.547544e+00 1.243634e+00 0.000000e+00 -5.542608e-02
0.000000e+00 2.090000e+00 1.532610e+00 1.223805e+00 0.000000e+00 -5.307878e-02
0.000000e+00 2.145000e+00 1.518449e+00 1.205141e+00 0.000000e+00 -5.083152e-02
0.000000e+00 2.200000e+00 1.505016e+00 1.187533e+00 0.000000e+00 -4.868651e-02
0.000000e+00 2.255000e+00 1.492268e+00 1.170883e+00 0.000000e+00 -4.665385e-02
0.000000e+00 2.310000e+00 1.480168e+00 1.155111e+00 0.000000e+00 -4.474526e-02
0.000000e+00 2.365000e+00 1.468682e+00 1.140156e+00 0.000000e+00 -4.296640e-02
0.000000e+00 2.420000e+00 1.457780e+00 1.125975e+00 0.000000e+00 -4.131170e-02
0.000000e+00 2.475000e+00 1.447426e+00 1.112536e+00 0.000000e+00 -3.976650e-02
0.000000e+00 2.530000e+00 1.437570e+00 1.099794e+00 0.000000e+00 -3.831631e-02
0.000000e+00 2.585000e+00 1.428144e+00 1.087684e+00 0.000000e+00 -3.695637e-02
0.000000e+00 2.640000e+00 1.419070e+00 1.076125e+00 0.000000e+00 -3.569272e-02
0.000000e+00 2.695000e+00 1.410283e+00 1.065038e+00 0.000000e+00 -3.453249e-02
0.000000e+00 2.750000e+00 1.401754e+00 1.054376e+00 0.000000e+00 -3.347179e-02
0.000000e+00 2.805000e+00 1.393490e+00 1.044123e+00 0.000000e+00 -3.249326e-02
0.000000e+00 2.860000e+00 1.385514e+00 1.034276e+00 0.000000e+00 -3.157771e-02
0.000000e+00 2.915000e+00 1.377843e+00 1.024819e+00 0.000000e+00 -3.071865e-02
0.000000e+00 2.970000e+00 1.370473e+00 1.015721e+00 0.000000e+00 -2.992308e-02
0.000000e+00 3.025000e+00 1.363394e+00 1.006955e+00 0.000000e+00 -2.919487e-02
0.000000e+00 3.080000e+00 1.356605e+00 9.985254e-01 0.000000e+00 -2.851885e-02
0.000000e+00 3.135000e+00 1.350104e+00 9.904453e-01 0.000000e+00 -2.786799e-02
0.000000e+00 3.190000e+00 1.343854e+00 9.826964e-01 0.000000e+00 -2.723415e-02
0.000000e+00 3.245000e+00 1.337761e+00 9.751923e-01 0.000000e+00 -2.665360e-02
0.000000e+00 3.300000e+00 1.331710e+00 9.678096e-01 0.000000e+00 -2.619107e-02
0.000000e+00 3.355000e+00 1.325640e+00 9.604809e-01 0.000000e+00 -2.587958e-02
0.000000e+00 3.410000e+00 1.319616e+00 9.532709e-01 0.000000e+00 -2.566812e-02
0.000000e+00 3.465000e+00 1.313796e+00 9.463487e-01 0.000000e+00 -2.543680e-02
0.000000e+00 3.520000e+00 1.308329e+00 9.398618e-01 0.000000e+00 -2.507959e-02
0.000000e+00 3.575000e+00 1.303230e+00 9.338016e-01 0.000000e+00 -2.459550e-02
0.000000e+00 3.630000e+00 1.298362e+00 9.279853e-01 0.000000e+00 -2.410348e-02
0.000000e+00 3.685000e+00 1.293527e+00 9.221788e-01 0.000000e+00 -2.376238e-02
0.000000e+00 3.740000e+00 1.288609e+00 9.162573e-01 0.000000e+00 -2.365414e-02
0.000000e+00 3.795000e+00 1.283653e+00 9.102982e-01 0.000000e+00 -2.371863e-02
0.000000e+00 3.850000e+00 1.278804e+00 9.044985e-01 0.000000e+00 -2.380584e-02
0.000000e+00 3.905000e+00 1.274181e+00 8.990139e-01 0.000000e+00 -2.378901e-02
0.000000e+00 3.960000e+00 1.269788e+00 8.938549e-01 0.000000e+00 -2.364460e-02
0.000000e+00 4.015000e+00 1.265537e+00 8.889057e-01 0.000000e+00 -2.344519e-02
0.000000e+00 4.070000e+00 1.261343e+00 8.840492e-01 0.000000e+00 -2.327738e-02
0.000000e+00 4.125000e+00 1.257213e+00 8.792707e-01 0.000000e+00 -2.316324e-02
0.000000e+00 4.180000e+00 1.253244e+00 8.746636e-01 0.000000e+00 -2.304818e-02
0.000000e+00 4.235000e+00 1.249541e+00 8.703413e-01 0.000000e+00 -2.285312e-02
0.000000e+00 4.290000e+00 1.246133e+00 8.663396e-01 0.000000e+00 -2.253974e-02
0.000000e+00 4.345000e+00 1.242944e+00 8.625850e-01 0.000000e+00 -2.213716e-02
0.000000e+00 4.400000e+00 1.239844e+00 8.589467e-01 0.000000e+00 -2.171583e-02
0.000000e+00 4.455000e+00 1.236730e+00 8.553210e-01 0.000000e+00 -2.133883e-02
0.000000e+00 4.510000e+00 1.233572e+00 8.516836e-01 0.000000e+00 -2.102996e-02
0.000000e+00 4.565000e+00 1.230417e+00 8.480808e-01 0.000000e+00 -2.077666e-02
0.000000e+00 4.620000e+00 1.227330e+00 8.445749e-01 0.000000e+00 -2.055642e-02
0.000000e+00 4.675000e+00 1.224350e+00 8.411916e-01 0.000000e+00 -2.036014e-02
0.000000e+00 4.730000e+00 1.221470e+00 8.379045e-01 0.000000e+00 -2.019532e-02
0.000000e+00 4.785000e+00 1.218646e+00 8.346588e-01 0.000000e+00 -2.007204e-02
0.000000e+00 4.840000e+00 1.215835e+00 8.314116e-01 0.000000e+00 -1.998740e-02
0.000000e+00 4.895000e+00 1.213021e+00 8.281567e-01 0.000000e+00 -1.992229e-02
0.000000e+00 4.950000e+00 1.210210e+00 8.249215e-01 0.000000e+00 -1.985225e-02
0.000000e+00 5.005000e+00 1.207424e+00 8.217426e-01 0.000000e+00 -1.976213e-02
0.000000e+00 5.060000e+00 1.204681e+00 8.186437e-01 0.000000e+00 -1.965280e-02
0.000000e+00 5.115000e+00 1.201991e+00 8.156307e-01 0.000000e+00 -1.953566e-02
0.000000e+00 5.170000e+00 1.199368e+00 8.127045e-01 0.000000e+00 -1.941961e-02
0.000000e+00 5.225000e+00 1.196838e+00 8.098776e-01 0.000000e+00 -1.930099e-02
0.000000e+00 5.280000e+00 1.194437e+00 8.071784e-01 0.000000e+00 -1.916341e-02
0.000000e+00 5.335000e+00 1.192197e+00 8.046383e-01 0.000000e+00 -1.898741e-02
0.000000e+00 5.390000e+00 1.190122e+00 8.022687e-01 0.000000e+00 -1.876352e-02
0.000000e+00 5.445000e+00 1.188180e+00 8.000437e-01 0.000000e+00 -1.850140e-02
0.000000e+00 5.500000e+00 1.186301e+00 7.979014e-01 0.000000e+00 -1.822928e-02
0.000000e+00 5.555000e+00 1.184410e+00 7.957656e-01 0.000000e+00 -1.798338e-02
0.000000e+00 5.610000e+00 1.182449e+00 7.935761e-01 0.000000e+00 -1.779304e-02
0.000000e+00 5.665000e+00 1.180403e+00 7.913110e-01 0.000000e+00 -1.766929e-02
0.000000e+00 5.720000e+00 1.178303e+00 7.889944e-01 0.000000e+00 -1.760078e-02
0.000000e+00 5.775000e+00 1.176216e+00 7.866865e-01 0.000000e+00 -1.755773e-02
0.000000e+00 5.830000e+00 1.174217e+00 7.844632e-01 0.000000e+00 -1.750149e-02
0.000000e+00 5.885000e+00 1.172369e+00 7.823917e-01 0.000000e+00 -1.739569e-02
0.000000e+00 5.940000e+00 1.170703e+00 7.805092e-01 0.000000e+00 -1.721586e-02
0.000000e+00 5.995000e+00 1.169206e+00 7.788120e-01 0.000000e+00 -1.695618e-02
0.000000e+00 6.050000e+00 1.167825e+00 7.772534e-01 0.000000e+00 -1.663257e-02
0.000000e+00 6.105000e+00 1.166484e+00 7.757549e-01 0.000000e+00 -1.628055e-02
0.000000e+00 6.160000e+00 1.165096e+00 7.742246e-01 0.000000e+00 -1.594750e-02
0.000000e+00 6.215000e+00 1.163592e+00 7.725798e-01 0.000000e+00 -1.568063e-02
0.000000e+00 6.270000e+00 1.161933e+00 7.707683e-01 0.000000e+00 -1.551385e-02
0.000000e+00 6.325000e+00 1.160121e+00 7.687836e-01 0.000000e+00 -1.545665e-02
0.000000e+00 6.380000e+00 1.158206e+00 7.666716e-01 0.000000e+00 -1.548893e-02
0.000000e+00 6.435000e+00 1.156268e+00 7.645210e-01 0.000000e+00 -1.556522e-02
0.000000e+00 6.490000e+00 1.154400e+00 7.624384e-01 0.000000e+00 -1.562827e-02
0.000000e+00 6.545000e+00 1.152681e+00 7.605179e-01 0.000000e+00 -1.562628e-02
0.000000e+00 6.600000e+00 1.151154e+00 7.588165e-01 0.000000e+00 -1.552724e-02
0.000000e+00 6.655000e+00 1.149819e+00 7.573402e-01 0.000000e+00 -1.532723e-02
0.000000e+00 6.710000e+00 1.148633e+00 7.560438e-01 0.000000e+00 -1.505014e-02
0.000000e+00 6.765000e+00 1.147530e+00 7.548492e-01 0.000000e+00 -1.473778e-02
0.000000e+00 6.820000e+00 1.146441e+00 7.536734e-01 0.000000e+00 -1.443427e-02
0.000000e+00 6.875000e+00 1.145318e+00 7.524555e-01 0.000000e+00 -1.417150e-02
0.000000e+00 6.930000e+00 1.144144e+00 7.511714e-01 0.000000e+00 -1.396142e-02
0.000000e+00 6.985000e+00 1.142931e+00 7.498323e-01 0.000000e+00 -1.379752e-02
0.000000e+00 7.040000e+00 1.141703e+00 7.484700e-01 0.000000e+00 -1.366352e-02
0.000000e+00 7.095000e+00 1.140485e+00 7.471171e-01 0.000000e+00 -1.354372e-02
0.000000e+00 7.150000e+00 1.139287e+00 7.457926e-01 0.000000e+00 -1.342970e-02
0.000000e+00 7.205000e+00 1.138105e+00 7.444981e-01 0.000000e+00 -1.332035e-02
0.000000e+00 7.260000e+00 1.136931e+00 7.432239e-01 0.000000e+00 -1.321685e-02
0.000000e+00 7.315000e+00 1.135759e+00 7.419605e-01 0.000000e+00 -1.311700e-02
0.000000e+00 7.370000e+00 1.134595e+00 7.407077e-01 0.000000e+00 -1.301342e-02
0.000000e+00 7.425000e+00 1.133455e+00 7.394760e-01 0.000000e+00 -1.289679e-02
0.000000e+00 7.480000e+00 1.132356e+00 7.382813e-01 0.000000e+00 -1.276156e-02
0.000000e+00 7.535000e+00 1.131309e+00 7.371342e-01 0.000000e+00 -1.261016e-02
0.000000e+00 7.590000e+00 1.130306e+00 7.360293e-01 0.000000e+00 -1.245361e-02
0.000000e+00 7.645000e+00 1.129318e+00 7.349412e-01 0.000000e+00 -1.230875e-02
0.000000e+00 7.700000e+00 1.128302e+00 7.338285e-01 0.000000e+00 -1.219435e-02
0.000000e+00 7.755000e+00 1.127211e+00 7.326446e-01 0.000000e+00 -1.212778e-02
0.000000e+00 7.810000e+00 1.126014e+00 7.313533e-01 0.000000e+00 -1.212229e-02
0.000000e+00 7.865000e+00 1.124700e+00 7.299412e-01 0.000000e+00 -1.218349e-02
0.000000e+00 7.920000e+00 1.123290e+00 7.284263e-01 0.000000e+00 -1.230427e-02
0.000000e+00 7.975000e+00 1.121837e+00 7.268595e-01 0.000000e+00 -1.246081e-02
0.000000e+00 8.030000e+00 1.120411e+00 7.253165e-01 0.000000e+00 -1.261395e-02
0.000000e+00 8.085000e+00 1.119091e+00 7.238826e-01 0.000000e+00 -1.271781e-02
0.000000e+00 8.140000e+00 1.117946e+00 7.226364e-01 0.000000e+00 -1.273186e-02
0.000000e+00 8.195000e+00 1.117027e+00 7.216359e-01 0.000000e+00 -1.263116e-02
0.000000e+00 8.250000e+00 1.116352e+00 7.209048e-01 0.000000e+00 -1.241130e-02
0.000000e+00 8.305000e+00 1.115901e+00 7.204217e-01 0.000000e+00 -1.208768e-02
0.000000e+00 8.360000e+00 1.115610e+00 7.201171e-01 0.000000e+00 -1.169220e-02
0.000000e+00 8.415000e+00 1.115385e+00 7.198827e-01 0.000000e+00 -1.126849e-02
0.000000e+00 8.470000e+00 1.115115e+00 7.195973e-01 0.000000e+00 -1.086603e-02
0.000000e+00 8.525000e+00 1.114703e+00 7.191531e-01 0.000000e+00 -1.053623e-02
0.000000e+00 8.580000e+00 1.114079e+00 7.184758e-01 0.000000e+00 -1.032776e-02
0.000000e+00 8.635000e+00 1.113216e+00 7.175385e-01 0.000000e+00 -1.027579e-02
0.000000e+00 8.690000e+00 1.112138e+00 7.163708e-01 0.000000e+00 -1.038647e-02
0.000000e+00 8.745000e+00 1.110919e+00 7.150578e-01 0.000000e+00 -1.062539e-02
0.000000e+00 8.800000e+00 1.109671e+00 7.137199e-01 0.000000e+00 -1.092138e-02
0.000000e+00 8.855000e+00 1.108507e+00 7.124796e-01 0.000000e+00 -1.118723e-02
0.000000e+00 8.910000e+00 1.107525e+00 7.114373e-01 0.000000e+00 -1.134290e-02
0.000000e+00 8.965000e+00 1.106785e+00 7.106511e-01 0.000000e+00 -1.133615e-02
0.000000e+00 9.020000e+00 1.106268e+00 7.100997e-01 0.000000e+00 -1.116663e-02
0.000000e+00 9.075000e+00 1.105875e+00 7.096732e-01 0.000000e+00 -1.089255e-02
0.000000e+00 9.130000e+00 1.105455e+00 7.092144e-01 0.000000e+00 -1.059831e-02
0.000000e+00 9.185000e+00 1.104866e+00 7.085750e-01 0.000000e+00 -1.035287e-02
0.000000e+00 9.240000e+00 1.104015e+00 7.076613e-01 0.000000e+00 -1.018976e-02
0.000000e+00 9.295000e+00 1.102899e+00 7.064693e-01 0.000000e+00 -1.010444e-02
0.000000e+00 9.350000e+00 1.101617e+00 7.051019e-01 0.000000e+00 -1.005158e-02
0.000000e+00 9.405000e+00 1.100356e+00 7.037571e-01 0.000000e+00 -9.943960e-03
0.000000e+00 9.460000e+00 1.099338e+00 7.026717e-01 0.000000e+00 -9.690226e-03
0.000000e+00 9.515000e+00 1.098725e+00 7.020212e-01 0.000000e+00 -9.262199e-03
0.000000e+00 9.570000e+00 1.098554e+00 7.018461e-01 0.000000e+00 -8.724275e-03
0.000000e+00 9.625000e+00 1.098709e+00 7.020238e-01 0.000000e+00 -8.210740e-03
0.000000e+00 9.680000e+00 1.098966e+00 7.023131e-01 0.000000e+00 -7.851452e-03
0.000000e+00 9.735000e+00 1.099034e+00 7.023978e-01 0.000000e+00 -7.746277e-03
0.000000e+00 9.790000e+00 1.098639e+00 7.019807e-01 0.000000e+00 -7.951066e-03
0.000000e+00 9.845000e+00 1.097684e+00 7.009510e-01 0.000000e+00 -8.428019e-03
0.000000e+00 9.900000e+00 1.096204e+00 6.993459e-01 0.000000e+00 -9.095375e-03
0.000000e+00 9.955000e+00 1.094571e+00 6.975629e-01 0.000000e+00 -9.576445e-03
0.000000e+00 1.001000e+01 1.101640e+00 7.050500e-01 -0.000000e+00 -2.260000e-03
0.000000e+00 1.006500e+01 1.101640e+00 7.050500e-01 -0.000000e+00 -2.260000e-03
0.000000e+00 1.012000e+01 1.101640e+00 7.050500e-01 -0.000000e+00 -2.260000e-03
0.000000e+00 1.017500e+01 1.101640e+00 7.050500e-01 -0.000000e+00 -2.260000e-03
0.000000e+00 1.023000e+01 1.101640e+00 7.050500e-01 -0.000000e+00 -2.260000e-03
0.000000e+00 1.028500e+01 1.101640e+00 7.050500e-01 -0.000000e+00 -2.260000e-03
0.000000e+00 1.034000e+01 1.101640e+00 7.050500e-01 -0.000000e+00 -2.260000e-03
0.000000e+00 1.039500e+01 1.101640e+00 7.050500e-01 -0.000000e+00 -2.260000e-03
0.000000e+00 1.045000e+01 1.101640e+00 7.050500e-01 -0.000000e+00 -2.260000e-03
0.000000e+00 1.050500e+01 1.101640e+00 7.050500e-01 -0.000000e+00 -2.260000e-03
0.000000e+00 1.056000e+01 1.101640e+00 7.050500e-01 -0.000000e+00 -2.260000e-03
0.000000e+00 1.061500e+01 1.101640e+00 7.050500e-01 -0.000000e+00 -2.260000e-03
0.000000e+00 1.067000e+01 1.101640e+00 7.050500e-01 -0.000000e+00 -2.260000e-03
0.000000e+00 1.072500e+01 1.101640e+00 7.050500e-01 -0.000000e+00 -2.260000e-03
0.000000e+00 1.078000e+01 1.101640e+00 7.050500e-01 -0.000000e+00 -2.260000e-03
0.000000e+00 1.083500e+01 1.101640e+00 7.050500e-01 -0.000000e+00 -2.260000e-03
0.000000e+00 1.089000e+01 1.101640e+00 7.050500e-01 -0.000000e+00 -2.260000e-03
0.000000e+00 1.094500e+01 1.101640e+00 7.050500e-01 -0.000000e+00 -2.260000e-03
0.000000e+00 1.100000e+01 1.101640e+00 7.050500e-01 -0.000000e+00 -2.260000e-03
