#############TIME##################
2.060273e+01 
###################################
0.000000e+00 0.000000e+00 1.191412e+01 4.153226e+01 0.000000e+00 -1.502182e+00
0.000000e+00 5.500000e-02 1.191412e+01 4.153226e+01 0.000000e+00 -1.502182e+00
0.000000e+00 1.100000e-01 1.191438e+01 4.153393e+01 0.000000e+00 -1.502159e+00
0.000000e+00 1.650000e-01 9.089156e+00 2.378682e+01 0.000000e+00 -9.987652e-01
0.000000e+00 2.200000e-01 7.024125e+00 1.544555e+01 0.000000e+00 -8.248474e-01
0.000000e+00 2.750000e-01 5.727151e+00 1.100000e+01 0.000000e+00 -6.845930e-01
0.000000e+00 3.300000e-01 4.863286e+00 8.385935e+00 0.000000e+00 -5.800303e-01
0.000000e+00 3.850000e-01 4.244162e+00 6.714761e+00 0.000000e+00 -4.980516e-01
0.000000e+00 4.400000e-01 3.788694e+00 5.582007e+00 0.000000e+00 -4.322648e-01
0.000000e+00 4.950000e-01 3.440910e+00 4.769702e+00 0.000000e+00 -3.790177e-01
0.000000e+00 5.500000e-01 3.168511e+00 4.165570e+00 0.000000e+00 -3.363384e-01
0.000000e+00 6.050000e-01 2.950596e+00 3.700776e+00 0.000000e+00 -3.013496e-01
0.000000e+00 6.600000e-01 2.773036e+00 3.334536e+00 0.000000e+00 -2.723724e-01
0.000000e+00 7.150000e-01 2.625134e+00 3.039338e+00 0.000000e+00 -2.479458e-01
0.000000e+00 7.700000e-01 2.499861e+00 2.797333e+00 0.000000e+00 -2.271854e-01
0.000000e+00 8.250000e-01 2.392159e+00 2.595747e+00 0.000000e+00 -2.092955e-01
0.000000e+00 8.800000e-01 2.298536e+00 2.425666e+00 0.000000e+00 -1.937593e-01
0.000000e+00 9.350000e-01 2.216363e+00 2.280402e+00 0.000000e+00 -1.801650e-01
0.000000e+00 9.900000e-01 2.143673e+00 2.154967e+00 0.000000e+00 -1.682468e-01
0.000000e+00 1.045000e+00 2.078924e+00 2.045486e+00 0.000000e+00 -1.577902e-01
0.000000e+00 1.100000e+00 2.020987e+00 1.949021e+00 0.000000e+00 -1.486089e-01
0.000000e+00 1.155000e+00 1.968974e+00 1.863381e+00 0.000000e+00 -1.404815e-01
0.000000e+00 1.210000e+00 1.921981e+00 1.786993e+00 0.000000e+00 -1.331534e-01
0.000000e+00 1.265000e+00 1.878995e+00 1.718679e+00 0.000000e+00 -1.263777e-01
0.000000e+00 1.320000e+00 1.839153e+00 1.657449e+00 0.000000e+00 -1.199937e-01
0.000000e+00 1.375000e+00 1.802026e+00 1.602338e+00 0.000000e+00 -1.139642e-01
0.000000e+00 1.430000e+00 1.767536e+00 1.552410e+00 0.000000e+00 -1.083473e-01
0.000000e+00 1.485000e+00 1.735674e+00 1.506841e+00 0.000000e+00 -1.032126e-01
0.000000e+00 1.540000e+00 1.706351e+00 1.465039e+00 0.000000e+00 -9.856245e-02
0.000000e+00 1.595000e+00 1.679384e+00 1.426654e+00 0.000000e+00 -9.431245e-02
0.000000e+00 1.650000e+00 1.654550e+00 1.391487e+00 0.000000e+00 -9.033985e-02
0.000000e+00 1.705000e+00 1.631648e+00 1.359328e+00 0.000000e+00 -8.655500e-02
0.000000e+00 1.760000e+00 1.610483e+00 1.329879e+00 0.000000e+00 -8.293951e-02
0.000000e+00 1.815000e+00 1.590834e+00 1.302757e+00 0.000000e+00 -7.953240e-02
0.000000e+00 1.870000e+00 1.572455e+00 1.277573e+00 0.000000e+00 -7.638852e-02
0.000000e+00 1.925000e+00 1.555123e+00 1.254003e+00 0.000000e+00 -7.354148e-02
0.000000e+00 1.980000e+00 1.538670e+00 1.231820e+00 0.000000e+00 -7.098587e-02
0.000000e+00 2.035000e+00 1.523002e+00 1.210897e+00 0.000000e+00 -6.867818e-02
0.000000e+00 2.090000e+00 1.508085e+00 1.191178e+00 0.000000e+00 -6.655093e-02
0.000000e+00 2.145000e+00 1.493920e+00 1.172639e+00 0.000000e+00 -6.453438e-02
0.000000e+00 2.200000e+00 1.480515e+00 1.155254e+00 0.000000e+00 -6.257762e-02
0.000000e+00 2.255000e+00 1.467863e+00 1.138967e+00 0.000000e+00 -6.066033e-02
0.000000e+00 2.310000e+00 1.455932e+00 1.123686e+00 0.000000e+00 -5.878973e-02
0.000000e+00 2.365000e+00 1.444673e+00 1.109303e+00 0.000000e+00 -5.698636e-02
0.000000e+00 2.420000e+00 1.434026e+00 1.095712e+00 0.000000e+00 -5.526867e-02
0.000000e+00 2.475000e+00 1.423934e+00 1.082824e+00 0.000000e+00 -5.364506e-02
0.000000e+00 2.530000e+00 1.414337e+00 1.070570e+00 0.000000e+00 -5.211418e-02
0.000000e+00 2.585000e+00 1.405182e+00 1.058900e+00 0.000000e+00 -5.066907e-02
0.000000e+00 2.640000e+00 1.396419e+00 1.047779e+00 0.000000e+00 -4.930090e-02
0.000000e+00 2.695000e+00 1.388004e+00 1.037177e+00 0.000000e+00 -4.800139e-02
0.000000e+00 2.750000e+00 1.379897e+00 1.027060e+00 0.000000e+00 -4.676503e-02
0.000000e+00 2.805000e+00 1.372063e+00 1.017384e+00 0.000000e+00 -4.559102e-02
0.000000e+00 2.860000e+00 1.364472e+00 1.008094e+00 0.000000e+00 -4.448354e-02
0.000000e+00 2.915000e+00 1.357104e+00 9.991337e-01 0.000000e+00 -4.344919e-02
0.000000e+00 2.970000e+00 1.349946e+00 9.904517e-01 0.000000e+00 -4.249307e-02
0.000000e+00 3.025000e+00 1.342994e+00 9.820108e-01 0.000000e+00 -4.161681e-02
0.000000e+00 3.080000e+00 1.336243e+00 9.737847e-01 0.000000e+00 -4.081943e-02
0.000000e+00 3.135000e+00 1.329681e+00 9.657563e-01 0.000000e+00 -4.009887e-02
0.000000e+00 3.190000e+00 1.323288e+00 9.579186e-01 0.000000e+00 -3.945079e-02
0.000000e+00 3.245000e+00 1.317048e+00 9.502797e-01 0.000000e+00 -3.886465e-02
0.000000e+00 3.300000e+00 1.310958e+00 9.428655e-01 0.000000e+00 -3.832075e-02
0.000000e+00 3.355000e+00 1.305030e+00 9.357142e-01 0.000000e+00 -3.779260e-02
0.000000e+00 3.410000e+00 1.299291e+00 9.288645e-01 0.000000e+00 -3.725470e-02
0.000000e+00 3.465000e+00 1.293771e+00 9.223428e-01 0.000000e+00 -3.669118e-02
0.000000e+00 3.520000e+00 1.288496e+00 9.161579e-01 0.000000e+00 -3.609994e-02
0.000000e+00 3.575000e+00 1.283489e+00 9.103029e-01 0.000000e+00 -3.549019e-02
0.000000e+00 3.630000e+00 1.278757e+00 9.047604e-01 0.000000e+00 -3.487575e-02
0.000000e+00 3.685000e+00 1.274298e+00 8.995064e-01 0.000000e+00 -3.426874e-02
0.000000e+00 3.740000e+00 1.270088e+00 8.945102e-01 0.000000e+00 -3.367646e-02
0.000000e+00 3.795000e+00 1.266088e+00 8.897368e-01 0.000000e+00 -3.310137e-02
0.000000e+00 3.850000e+00 1.262250e+00 8.851509e-01 0.000000e+00 -3.254218e-02
0.000000e+00 3.905000e+00 1.258528e+00 8.807250e-01 0.000000e+00 -3.199512e-02
0.000000e+00 3.960000e+00 1.254891e+00 8.764435e-01 0.000000e+00 -3.145540e-02
0.000000e+00 4.015000e+00 1.251331e+00 8.723004e-01 0.000000e+00 -3.091937e-02
0.000000e+00 4.070000e+00 1.247849e+00 8.682913e-01 0.000000e+00 -3.038707e-02
0.000000e+00 4.125000e+00 1.244452e+00 8.644052e-01 0.000000e+00 -2.986369e-02
0.000000e+00 4.180000e+00 1.241144e+00 8.606214e-01 0.000000e+00 -2.935869e-02
0.000000e+00 4.235000e+00 1.237919e+00 8.569143e-01 0.000000e+00 -2.888261e-02
0.000000e+00 4.290000e+00 1.234765e+00 8.532603e-01 0.000000e+00 -2.844284e-02
0.000000e+00 4.345000e+00 1.231667e+00 8.496451e-01 0.000000e+00 -2.804058e-02
0.000000e+00 4.400000e+00 1.228606e+00 8.460641e-01 0.000000e+00 -2.767066e-02
0.000000e+00 4.455000e+00 1.225565e+00 8.425198e-01 0.000000e+00 -2.732459e-02
0.000000e+00 4.510000e+00 1.222533e+00 8.390160e-01 0.000000e+00 -2.699521e-02
0.000000e+00 4.565000e+00 1.219504e+00 8.355557e-01 0.000000e+00 -2.668032e-02
0.000000e+00 4.620000e+00 1.216487e+00 8.321412e-01 0.000000e+00 -2.638325e-02
0.000000e+00 4.675000e+00 1.213499e+00 8.287774e-01 0.000000e+00 -2.610992e-02
0.000000e+00 4.730000e+00 1.210567e+00 8.254740e-01 0.000000e+00 -2.586411e-02
0.000000e+00 4.785000e+00 1.207719e+00 8.222458e-01 0.000000e+00 -2.564376e-02
0.000000e+00 4.840000e+00 1.204971e+00 8.191083e-01 0.000000e+00 -2.544024e-02
0.000000e+00 4.895000e+00 1.202331e+00 8.160738e-01 0.000000e+00 -2.524079e-02
0.000000e+00 4.950000e+00 1.199787e+00 8.131476e-01 0.000000e+00 -2.503275e-02
0.000000e+00 5.005000e+00 1.197323e+00 8.103287e-01 0.000000e+00 -2.480705e-02
0.000000e+00 5.060000e+00 1.194925e+00 8.076131e-01 0.000000e+00 -2.455962e-02
0.000000e+00 5.115000e+00 1.192590e+00 8.049989e-01 0.000000e+00 -2.429045e-02
0.000000e+00 5.170000e+00 1.190326e+00 8.024884e-01 0.000000e+00 -2.400154e-02
0.000000e+00 5.225000e+00 1.188154e+00 8.000878e-01 0.000000e+00 -2.369526e-02
0.000000e+00 5.280000e+00 1.186093e+00 7.978024e-01 0.000000e+00 -2.337409e-02
0.000000e+00 5.335000e+00 1.184153e+00 7.956307e-01 0.000000e+00 -2.304135e-02
0.000000e+00 5.390000e+00 1.182325e+00 7.935612e-01 0.000000e+00 -2.270176e-02
0.000000e+00 5.445000e+00 1.180582e+00 7.915720e-01 0.000000e+00 -2.236114e-02
0.000000e+00 5.500000e+00 1.178888e+00 7.896357e-01 0.000000e+00 -2.202518e-02
0.000000e+00 5.555000e+00 1.177206e+00 7.877257e-01 0.000000e+00 -2.169852e-02
0.000000e+00 5.610000e+00 1.175508e+00 7.858211e-01 0.000000e+00 -2.138471e-02
0.000000e+00 5.665000e+00 1.173782e+00 7.839092e-01 0.000000e+00 -2.108721e-02
0.000000e+00 5.720000e+00 1.172029e+00 7.819846e-01 0.000000e+00 -2.081027e-02
0.000000e+00 5.775000e+00 1.170261e+00 7.800480e-01 0.000000e+00 -2.055866e-02
0.000000e+00 5.830000e+00 1.168495e+00 7.781042e-01 0.000000e+00 -2.033583e-02
0.000000e+00 5.885000e+00 1.166745e+00 7.761624e-01 0.000000e+00 -2.014162e-02
0.000000e+00 5.940000e+00 1.165025e+00 7.742358e-01 0.000000e+00 -1.997083e-02
0.000000e+00 5.995000e+00 1.163343e+00 7.723406e-01 0.000000e+00 -1.981356e-02
0.000000e+00 6.050000e+00 1.161703e+00 7.704929e-01 0.000000e+00 -1.965739e-02
0.000000e+00 6.105000e+00 1.160107e+00 7.687057e-01 0.000000e+00 -1.949035e-02
0.000000e+00 6.160000e+00 1.158553e+00 7.669854e-01 0.000000e+00 -1.930406e-02
0.000000e+00 6.215000e+00 1.157042e+00 7.653304e-01 0.000000e+00 -1.909588e-02
0.000000e+00 6.270000e+00 1.155570e+00 7.637313e-01 0.000000e+00 -1.886976e-02
0.000000e+00 6.325000e+00 1.154133e+00 7.621728e-01 0.000000e+00 -1.863506e-02
0.000000e+00 6.380000e+00 1.152726e+00 7.606383e-01 0.000000e+00 -1.840343e-02
0.000000e+00 6.435000e+00 1.151343e+00 7.591147e-01 0.000000e+00 -1.818468e-02
0.000000e+00 6.490000e+00 1.149978e+00 7.575956e-01 0.000000e+00 -1.798346e-02
0.000000e+00 6.545000e+00 1.148626e+00 7.560826e-01 0.000000e+00 -1.779816e-02
0.000000e+00 6.600000e+00 1.147284e+00 7.545828e-01 0.000000e+00 -1.762251e-02
0.000000e+00 6.655000e+00 1.145953e+00 7.531047e-01 0.000000e+00 -1.744909e-02
0.000000e+00 6.710000e+00 1.144633e+00 7.516560e-01 0.000000e+00 -1.727293e-02
0.000000e+00 6.765000e+00 1.143333e+00 7.502434e-01 0.000000e+00 -1.709360e-02
0.000000e+00 6.820000e+00 1.142064e+00 7.488733e-01 0.000000e+00 -1.691462e-02
0.000000e+00 6.875000e+00 1.140837e+00 7.475501e-01 0.000000e+00 -1.674035e-02
0.000000e+00 6.930000e+00 1.139658e+00 7.462719e-01 0.000000e+00 -1.657201e-02
0.000000e+00 6.985000e+00 1.138521e+00 7.450268e-01 0.000000e+00 -1.640564e-02
0.000000e+00 7.040000e+00 1.137406e+00 7.437949e-01 0.000000e+00 -1.623465e-02
0.000000e+00 7.095000e+00 1.136291e+00 7.425570e-01 0.000000e+00 -1.605566e-02
0.000000e+00 7.150000e+00 1.135161e+00 7.413054e-01 0.000000e+00 -1.587335e-02
0.000000e+00 7.205000e+00 1.134018e+00 7.400487e-01 0.000000e+00 -1.569888e-02
0.000000e+00 7.260000e+00 1.132875e+00 7.388052e-01 0.000000e+00 -1.554200e-02
0.000000e+00 7.315000e+00 1.131751e+00 7.375931e-01 0.000000e+00 -1.540228e-02
0.000000e+00 7.370000e+00 1.130659e+00 7.364226e-01 0.000000e+00 -1.526718e-02
0.000000e+00 7.425000e+00 1.129610e+00 7.352977e-01 0.000000e+00 -1.511898e-02
0.000000e+00 7.480000e+00 1.128613e+00 7.342208e-01 0.000000e+00 -1.494539e-02
0.000000e+00 7.535000e+00 1.127670e+00 7.331939e-01 0.000000e+00 -1.474583e-02
0.000000e+00 7.590000e+00 1.126778e+00 7.322135e-01 0.000000e+00 -1.452986e-02
0.000000e+00 7.645000e+00 1.125917e+00 7.312646e-01 0.000000e+00 -1.431132e-02
0.000000e+00 7.700000e+00 1.125059e+00 7.303218e-01 0.000000e+00 -1.410314e-02
0.000000e+00 7.755000e+00 1.124176e+00 7.293595e-01 0.000000e+00 -1.391490e-02
0.000000e+00 7.810000e+00 1.123254e+00 7.283643e-01 0.000000e+00 -1.375131e-02
0.000000e+00 7.865000e+00 1.122299e+00 7.273411e-01 0.000000e+00 -1.361035e-02
0.000000e+00 7.920000e+00 1.121334e+00 7.263095e-01 0.000000e+00 -1.348248e-02
0.000000e+00 7.975000e+00 1.120388e+00 7.252947e-01 0.000000e+00 -1.335334e-02
0.000000e+00 8.030000e+00 1.119482e+00 7.243180e-01 0.000000e+00 -1.320969e-02
0.000000e+00 8.085000e+00 1.118629e+00 7.233910e-01 0.000000e+00 -1.304526e-02
0.000000e+00 8.140000e+00 1.117827e+00 7.225143e-01 0.000000e+00 -1.286280e-02
0.000000e+00 8.195000e+00 1.117063e+00 7.216790e-01 0.000000e+00 -1.267146e-02
0.000000e+00 8.250000e+00 1.116319e+00 7.208704e-01 0.000000e+00 -1.248195e-02
0.000000e+00 8.305000e+00 1.115577e+00 7.200707e-01 0.000000e+00 -1.230271e-02
0.000000e+00 8.360000e+00 1.114818e+00 7.192607e-01 0.000000e+00 -1.213888e-02
0.000000e+00 8.415000e+00 1.114029e+00 7.184220e-01 0.000000e+00 -1.199305e-02
0.000000e+00 8.470000e+00 1.113202e+00 7.175414e-01 0.000000e+00 -1.186617e-02
0.000000e+00 8.525000e+00 1.112339e+00 7.166162e-01 0.000000e+00 -1.175740e-02
0.000000e+00 8.580000e+00 1.111451e+00 7.156580e-01 0.000000e+00 -1.166335e-02
0.000000e+00 8.635000e+00 1.110560e+00 7.146916e-01 0.000000e+00 -1.157793e-02
0.000000e+00 8.690000e+00 1.109691e+00 7.137487e-01 0.000000e+00 -1.149316e-02
0.000000e+00 8.745000e+00 1.108868e+00 7.128586e-01 0.000000e+00 -1.140063e-02
0.000000e+00 8.800000e+00 1.108105e+00 7.120397e-01 0.000000e+00 -1.129297e-02
0.000000e+00 8.855000e+00 1.107405e+00 7.112955e-01 0.000000e+00 -1.116443e-02
0.000000e+00 8.910000e+00 1.106762e+00 7.106161e-01 0.000000e+00 -1.101103e-02
0.000000e+00 8.965000e+00 1.106163e+00 7.099836e-01 0.000000e+00 -1.083079e-02
0.000000e+00 9.020000e+00 1.105593e+00 7.093792e-01 0.000000e+00 -1.062482e-02
0.000000e+00 9.075000e+00 1.105040e+00 7.087876e-01 0.000000e+00 -1.039875e-02
0.000000e+00 9.130000e+00 1.104496e+00 7.081990e-01 0.000000e+00 -1.016336e-02
0.000000e+00 9.185000e+00 1.103952e+00 7.076080e-01 0.000000e+00 -9.932881e-03
0.000000e+00 9.240000e+00 1.103402e+00 7.070110e-01 0.000000e+00 -9.720409e-03
0.000000e+00 9.295000e+00 1.102837e+00 7.064031e-01 0.000000e+00 -9.531692e-03
0.000000e+00 9.350000e+00 1.102249e+00 7.057762e-01 0.000000e+00 -9.360393e-03
0.000000e+00 9.405000e+00 1.101630e+00 7.051187e-01 0.000000e+00 -9.189300e-03
0.000000e+00 9.460000e+00 1.100972e+00 7.044183e-01 0.000000e+00 -8.999616e-03
0.000000e+00 9.515000e+00 1.100267e+00 7.036673e-01 0.000000e+00 -8.785994e-03
0.000000e+00 9.570000e+00 1.099516e+00 7.028696e-01 0.000000e+00 -8.566752e-03
0.000000e+00 9.625000e+00 1.098732e+00 7.020436e-01 0.000000e+00 -8.382096e-03
0.000000e+00 9.680000e+00 1.097950e+00 7.012258e-01 0.000000e+00 -8.270529e-03
0.000000e+00 9.735000e+00 1.097213e+00 7.004574e-01 0.000000e+00 -8.247640e-03
0.000000e+00 9.790000e+00 1.096572e+00 6.997827e-01 0.000000e+00 -8.283183e-03
0.000000e+00 9.845000e+00 1.096059e+00 6.992274e-01 0.000000e+00 -8.323198e-03
0.000000e+00 9.900000e+00 1.095687e+00 6.988012e-01 0.000000e+00 -8.326614e-03
0.000000e+00 9.955000e+00 1.095466e+00 6.985150e-01 0.000000e+00 -8.283545e-03
0.000000e+00 1.001000e+01 1.101640e+00 7.050500e-01 -0.000000e+00 -2.260000e-03
0.000000e+00 1.006500e+01 1.101640e+00 7.050500e-01 -0.000000e+00 -2.260000e-03
0.000000e+00 1.012000e+01 1.101640e+00 7.050500e-01 -0.000000e+00 -2.260000e-03
0.000000e+00 1.017500e+01 1.101640e+00 7.050500e-01 -0.000000e+00 -2.260000e-03
0.000000e+00 1.023000e+01 1.101640e+00 7.050500e-01 -0.000000e+00 -2.260000e-03
0.000000e+00 1.028500e+01 1.101640e+00 7.050500e-01 -0.000000e+00 -2.260000e-03
0.000000e+00 1.034000e+01 1.101640e+00 7.050500e-01 -0.000000e+00 -2.260000e-03
0.000000e+00 1.039500e+01 1.101640e+00 7.050500e-01 -0.000000e+00 -2.260000e-03
0.000000e+00 1.045000e+01 1.101640e+00 7.050500e-01 -0.000000e+00 -2.260000e-03
0.000000e+00 1.050500e+01 1.101640e+00 7.050500e-01 -0.000000e+00 -2.260000e-03
0.000000e+00 1.056000e+01 1.101640e+00 7.050500e-01 -0.000000e+00 -2.260000e-03
0.000000e+00 1.061500e+01 1.101640e+00 7.050500e-01 -0.000000e+00 -2.260000e-03
0.000000e+00 1.067000e+01 1.101640e+00 7.050500e-01 -0.000000e+00 -2.260000e-03
0.000000e+00 1.072500e+01 1.101640e+00 7.050500e-01 -0.000000e+00 -2.260000e-03
0.000000e+00 1.078000e+01 1.101640e+00 7.050500e-01 -0.000000e+00 -2.260000e-03
0.000000e+00 1.083500e+01 1.101640e+00 7.050500e-01 -0.000000e+00 -2.260000e-03
0.000000e+00 1.089000e+01 1.101640e+00 7.050500e-01 -0.000000e+00 -2.260000e-03
0.000000e+00 1.094500e+01 1.101640e+00 7.050500e-01 -0.000000e+00 -2.260000e-03
0.000000e+00 1.100000e+01 1.101640e+00 7.050500e-01 -0.000000e+00 -2.260000e-03
