#############TIME##################
1.560079e+01 
###################################
0.000000e+00 0.000000e+00 1.181659e+01 4.095024e+01 0.000000e+00 -1.506739e+00
0.000000e+00 5.500000e-02 1.181659e+01 4.095024e+01 0.000000e+00 -1.506739e+00
0.000000e+00 1.100000e-01 1.181644e+01 4.094946e+01 0.000000e+00 -1.506737e+00
0.000000e+00 1.650000e-01 8.999176e+00 2.337994e+01 0.000000e+00 -1.003311e+00
0.000000e+00 2.200000e-01 6.939252e+00 1.513549e+01 0.000000e+00 -8.294854e-01
0.000000e+00 2.750000e-01 5.651016e+00 1.075131e+01 0.000000e+00 -6.896955e-01
0.000000e+00 3.300000e-01 4.797637e+00 8.178895e+00 0.000000e+00 -5.866323e-01
0.000000e+00 3.850000e-01 4.191486e+00 6.537798e+00 0.000000e+00 -5.066712e-01
0.000000e+00 4.400000e-01 3.748531e+00 5.427185e+00 0.000000e+00 -4.425524e-01
0.000000e+00 4.950000e-01 3.409613e+00 4.631717e+00 0.000000e+00 -3.899217e-01
0.000000e+00 5.500000e-01 3.141433e+00 4.040813e+00 0.000000e+00 -3.466880e-01
0.000000e+00 6.050000e-01 2.923909e+00 3.586696e+00 0.000000e+00 -3.102544e-01
0.000000e+00 6.600000e-01 2.744423e+00 3.229307e+00 0.000000e+00 -2.793182e-01
0.000000e+00 7.150000e-01 2.593637e+00 2.941575e+00 0.000000e+00 -2.527198e-01
0.000000e+00 7.700000e-01 2.465462e+00 2.705952e+00 0.000000e+00 -2.298015e-01
0.000000e+00 8.250000e-01 2.355369e+00 2.509879e+00 0.000000e+00 -2.099259e-01
0.000000e+00 8.800000e-01 2.260114e+00 2.344609e+00 0.000000e+00 -1.926574e-01
0.000000e+00 9.350000e-01 2.177212e+00 2.203633e+00 0.000000e+00 -1.775788e-01
0.000000e+00 9.900000e-01 2.104726e+00 2.082174e+00 0.000000e+00 -1.643483e-01
0.000000e+00 1.045000e+00 2.040916e+00 1.976568e+00 0.000000e+00 -1.526395e-01
0.000000e+00 1.100000e+00 1.984189e+00 1.884011e+00 0.000000e+00 -1.421716e-01
0.000000e+00 1.155000e+00 1.933083e+00 1.802291e+00 0.000000e+00 -1.327031e-01
0.000000e+00 1.210000e+00 1.886354e+00 1.729665e+00 0.000000e+00 -1.240588e-01
0.000000e+00 1.265000e+00 1.843148e+00 1.664743e+00 0.000000e+00 -1.161370e-01
0.000000e+00 1.320000e+00 1.803192e+00 1.606414e+00 0.000000e+00 -1.089046e-01
0.000000e+00 1.375000e+00 1.766654e+00 1.553766e+00 0.000000e+00 -1.023538e-01
0.000000e+00 1.430000e+00 1.733628e+00 1.506027e+00 0.000000e+00 -9.645233e-02
0.000000e+00 1.485000e+00 1.703772e+00 1.462550e+00 0.000000e+00 -9.111840e-02
0.000000e+00 1.540000e+00 1.676458e+00 1.422791e+00 0.000000e+00 -8.623784e-02
0.000000e+00 1.595000e+00 1.651094e+00 1.386300e+00 0.000000e+00 -8.170027e-02
0.000000e+00 1.650000e+00 1.627277e+00 1.352693e+00 0.000000e+00 -7.743133e-02
0.000000e+00 1.705000e+00 1.604810e+00 1.321645e+00 0.000000e+00 -7.339912e-02
0.000000e+00 1.760000e+00 1.583635e+00 1.292875e+00 0.000000e+00 -6.959359e-02
0.000000e+00 1.815000e+00 1.563733e+00 1.266144e+00 0.000000e+00 -6.600595e-02
0.000000e+00 1.870000e+00 1.545068e+00 1.241252e+00 0.000000e+00 -6.262517e-02
0.000000e+00 1.925000e+00 1.527576e+00 1.218033e+00 0.000000e+00 -5.944056e-02
0.000000e+00 1.980000e+00 1.511184e+00 1.196342e+00 0.000000e+00 -5.644449e-02
0.000000e+00 2.035000e+00 1.495807e+00 1.176037e+00 0.000000e+00 -5.363558e-02
0.000000e+00 2.090000e+00 1.481350e+00 1.156989e+00 0.000000e+00 -5.101731e-02
0.000000e+00 2.145000e+00 1.467717e+00 1.139083e+00 0.000000e+00 -4.859019e-02
0.000000e+00 2.200000e+00 1.454822e+00 1.122236e+00 0.000000e+00 -4.634444e-02
0.000000e+00 2.255000e+00 1.442583e+00 1.106375e+00 0.000000e+00 -4.426106e-02
0.000000e+00 2.310000e+00 1.430927e+00 1.091424e+00 0.000000e+00 -4.231960e-02
0.000000e+00 2.365000e+00 1.419784e+00 1.077295e+00 0.000000e+00 -4.050328e-02
0.000000e+00 2.420000e+00 1.409108e+00 1.063903e+00 0.000000e+00 -3.879602e-02
0.000000e+00 2.475000e+00 1.398887e+00 1.051188e+00 0.000000e+00 -3.717638e-02
0.000000e+00 2.530000e+00 1.389137e+00 1.039116e+00 0.000000e+00 -3.561879e-02
0.000000e+00 2.585000e+00 1.379878e+00 1.027660e+00 0.000000e+00 -3.410445e-02
0.000000e+00 2.640000e+00 1.371099e+00 1.016771e+00 0.000000e+00 -3.263246e-02
0.000000e+00 2.695000e+00 1.362746e+00 1.006377e+00 0.000000e+00 -3.121883e-02
0.000000e+00 2.750000e+00 1.354747e+00 9.964058e-01 0.000000e+00 -2.988217e-02
0.000000e+00 2.805000e+00 1.347038e+00 9.868155e-01 0.000000e+00 -2.862688e-02
0.000000e+00 2.860000e+00 1.339588e+00 9.776100e-01 0.000000e+00 -2.743786e-02
0.000000e+00 2.915000e+00 1.332396e+00 9.688177e-01 0.000000e+00 -2.629063e-02
0.000000e+00 2.970000e+00 1.325471e+00 9.604555e-01 0.000000e+00 -2.516823e-02
0.000000e+00 3.025000e+00 1.318812e+00 9.525035e-01 0.000000e+00 -2.407141e-02
0.000000e+00 3.080000e+00 1.312404e+00 9.449078e-01 0.000000e+00 -2.301542e-02
0.000000e+00 3.135000e+00 1.306234e+00 9.376061e-01 0.000000e+00 -2.201792e-02
0.000000e+00 3.190000e+00 1.300299e+00 9.305568e-01 0.000000e+00 -2.108778e-02
0.000000e+00 3.245000e+00 1.294609e+00 9.237500e-01 0.000000e+00 -2.022160e-02
0.000000e+00 3.300000e+00 1.289168e+00 9.171961e-01 0.000000e+00 -1.940705e-02
0.000000e+00 3.355000e+00 1.283964e+00 9.109047e-01 0.000000e+00 -1.862828e-02
0.000000e+00 3.410000e+00 1.278961e+00 9.048687e-01 0.000000e+00 -1.786993e-02
0.000000e+00 3.465000e+00 1.274104e+00 8.990615e-01 0.000000e+00 -1.712085e-02
0.000000e+00 3.520000e+00 1.269347e+00 8.934466e-01 0.000000e+00 -1.637841e-02
0.000000e+00 3.575000e+00 1.264663e+00 8.879911e-01 0.000000e+00 -1.565029e-02
0.000000e+00 3.630000e+00 1.260054e+00 8.826781e-01 0.000000e+00 -1.494949e-02
0.000000e+00 3.685000e+00 1.255552e+00 8.775118e-01 0.000000e+00 -1.428368e-02
0.000000e+00 3.740000e+00 1.251204e+00 8.725120e-01 0.000000e+00 -1.364773e-02
0.000000e+00 3.795000e+00 1.247050e+00 8.676998e-01 0.000000e+00 -1.302743e-02
0.000000e+00 3.850000e+00 1.243100e+00 8.630821e-01 0.000000e+00 -1.241283e-02
0.000000e+00 3.905000e+00 1.239338e+00 8.586475e-01 0.000000e+00 -1.180916e-02
0.000000e+00 3.960000e+00 1.235720e+00 8.543739e-01 0.000000e+00 -1.123488e-02
0.000000e+00 4.015000e+00 1.232205e+00 8.502399e-01 0.000000e+00 -1.070769e-02
0.000000e+00 4.070000e+00 1.228755e+00 8.462277e-01 0.000000e+00 -1.023072e-02
0.000000e+00 4.125000e+00 1.225347e+00 8.423177e-01 0.000000e+00 -9.789923e-03
0.000000e+00 4.180000e+00 1.221967e+00 8.384863e-01 0.000000e+00 -9.363468e-03
0.000000e+00 4.235000e+00 1.218616e+00 8.347136e-01 0.000000e+00 -8.934863e-03
0.000000e+00 4.290000e+00 1.215316e+00 8.309956e-01 0.000000e+00 -8.500243e-03
0.000000e+00 4.345000e+00 1.212097e+00 8.273469e-01 0.000000e+00 -8.066550e-03
0.000000e+00 4.400000e+00 1.208990e+00 8.237896e-01 0.000000e+00 -7.643715e-03
0.000000e+00 4.455000e+00 1.206000e+00 8.203394e-01 0.000000e+00 -7.236651e-03
0.000000e+00 4.510000e+00 1.203119e+00 8.170047e-01 0.000000e+00 -6.841912e-03
0.000000e+00 4.565000e+00 1.200336e+00 8.137991e-01 0.000000e+00 -6.450877e-03
0.000000e+00 4.620000e+00 1.197659e+00 8.107492e-01 0.000000e+00 -6.057212e-03
0.000000e+00 4.675000e+00 1.195107e+00 8.078820e-01 0.000000e+00 -5.663165e-03
0.000000e+00 4.730000e+00 1.192690e+00 8.051988e-01 0.000000e+00 -5.279921e-03
0.000000e+00 4.785000e+00 1.190395e+00 8.026624e-01 0.000000e+00 -4.922353e-03
0.000000e+00 4.840000e+00 1.188193e+00 8.002177e-01 0.000000e+00 -4.603733e-03
0.000000e+00 4.895000e+00 1.186069e+00 7.978312e-01 0.000000e+00 -4.333953e-03
0.000000e+00 4.950000e+00 1.184029e+00 7.955112e-01 0.000000e+00 -4.118555e-03
0.000000e+00 5.005000e+00 1.182087e+00 7.932826e-01 0.000000e+00 -3.954086e-03
0.000000e+00 5.060000e+00 1.180213e+00 7.911367e-01 0.000000e+00 -3.820478e-03
0.000000e+00 5.115000e+00 1.178332e+00 7.890066e-01 0.000000e+00 -3.681412e-03
0.000000e+00 5.170000e+00 1.176358e+00 7.868060e-01 0.000000e+00 -3.503821e-03
0.000000e+00 5.225000e+00 1.174269e+00 7.845084e-01 0.000000e+00 -3.288083e-03
0.000000e+00 5.280000e+00 1.172152e+00 7.821959e-01 0.000000e+00 -3.081355e-03
0.000000e+00 5.335000e+00 1.170168e+00 7.800273e-01 0.000000e+00 -2.955716e-03
0.000000e+00 5.390000e+00 1.168458e+00 7.781448e-01 0.000000e+00 -2.962036e-03
0.000000e+00 5.445000e+00 1.167061e+00 7.765832e-01 0.000000e+00 -3.086425e-03
0.000000e+00 5.500000e+00 1.165896e+00 7.752540e-01 0.000000e+00 -3.249155e-03
0.000000e+00 5.555000e+00 1.164820e+00 7.740144e-01 0.000000e+00 -3.356969e-03
0.000000e+00 5.610000e+00 1.163720e+00 7.727540e-01 0.000000e+00 -3.361113e-03
0.000000e+00 5.665000e+00 1.162549e+00 7.714356e-01 0.000000e+00 -3.280484e-03
0.000000e+00 5.720000e+00 1.161314e+00 7.700716e-01 0.000000e+00 -3.177470e-03
0.000000e+00 5.775000e+00 1.160033e+00 7.686805e-01 0.000000e+00 -3.114187e-03
0.000000e+00 5.830000e+00 1.158726e+00 7.672686e-01 0.000000e+00 -3.124158e-03
0.000000e+00 5.885000e+00 1.157408e+00 7.658402e-01 0.000000e+00 -3.207246e-03
0.000000e+00 5.940000e+00 1.156103e+00 7.644086e-01 0.000000e+00 -3.336252e-03
0.000000e+00 5.995000e+00 1.154830e+00 7.629906e-01 0.000000e+00 -3.464523e-03
0.000000e+00 6.050000e+00 1.153588e+00 7.615918e-01 0.000000e+00 -3.537368e-03
0.000000e+00 6.105000e+00 1.152365e+00 7.602087e-01 0.000000e+00 -3.513908e-03
0.000000e+00 6.160000e+00 1.151154e+00 7.588479e-01 0.000000e+00 -3.391854e-03
0.000000e+00 6.215000e+00 1.149975e+00 7.575415e-01 0.000000e+00 -3.214086e-03
0.000000e+00 6.270000e+00 1.148867e+00 7.563349e-01 0.000000e+00 -3.045680e-03
0.000000e+00 6.325000e+00 1.147860e+00 7.552529e-01 0.000000e+00 -2.935052e-03
0.000000e+00 6.380000e+00 1.146939e+00 7.542708e-01 0.000000e+00 -2.886957e-03
0.000000e+00 6.435000e+00 1.146054e+00 7.533179e-01 0.000000e+00 -2.866590e-03
0.000000e+00 6.490000e+00 1.145137e+00 7.523144e-01 0.000000e+00 -2.829304e-03
0.000000e+00 6.545000e+00 1.144152e+00 7.512179e-01 0.000000e+00 -2.750942e-03
0.000000e+00 6.600000e+00 1.143108e+00 7.500464e-01 0.000000e+00 -2.637019e-03
0.000000e+00 6.655000e+00 1.142056e+00 7.488645e-01 0.000000e+00 -2.508738e-03
0.000000e+00 6.710000e+00 1.141053e+00 7.477467e-01 0.000000e+00 -2.382539e-03
0.000000e+00 6.765000e+00 1.140139e+00 7.467411e-01 0.000000e+00 -2.259727e-03
0.000000e+00 6.820000e+00 1.139317e+00 7.458535e-01 0.000000e+00 -2.131722e-03
0.000000e+00 6.875000e+00 1.138567e+00 7.450552e-01 0.000000e+00 -1.993580e-03
0.000000e+00 6.930000e+00 1.137861e+00 7.443054e-01 0.000000e+00 -1.851906e-03
0.000000e+00 6.985000e+00 1.137177e+00 7.435700e-01 0.000000e+00 -1.720413e-03
0.000000e+00 7.040000e+00 1.136501e+00 7.428300e-01 0.000000e+00 -1.607659e-03
0.000000e+00 7.095000e+00 1.135825e+00 7.420768e-01 0.000000e+00 -1.507039e-03
0.000000e+00 7.150000e+00 1.135140e+00 7.413056e-01 0.000000e+00 -1.396998e-03
0.000000e+00 7.205000e+00 1.134435e+00 7.405143e-01 0.000000e+00 -1.251984e-03
0.000000e+00 7.260000e+00 1.133709e+00 7.397107e-01 0.000000e+00 -1.056805e-03
0.000000e+00 7.315000e+00 1.132982e+00 7.389193e-01 0.000000e+00 -8.142333e-04
0.000000e+00 7.370000e+00 1.132290e+00 7.381789e-01 0.000000e+00 -5.410065e-04
0.000000e+00 7.425000e+00 1.131674e+00 7.375269e-01 0.000000e+00 -2.558177e-04
0.000000e+00 7.480000e+00 1.131156e+00 7.369782e-01 0.000000e+00 3.238905e-05
0.000000e+00 7.535000e+00 1.130722e+00 7.365128e-01 0.000000e+00 3.278832e-04
0.000000e+00 7.590000e+00 1.130333e+00 7.360847e-01 0.000000e+00 6.404155e-04
0.000000e+00 7.645000e+00 1.129947e+00 7.356496e-01 0.000000e+00 9.722869e-04
0.000000e+00 7.700000e+00 1.129545e+00 7.351944e-01 0.000000e+00 1.311314e-03
0.000000e+00 7.755000e+00 1.129143e+00 7.347438e-01 0.000000e+00 1.637425e-03
0.000000e+00 7.810000e+00 1.128775e+00 7.343378e-01 0.000000e+00 1.938978e-03
0.000000e+00 7.865000e+00 1.128454e+00 7.339931e-01 0.000000e+00 2.226559e-03
0.000000e+00 7.920000e+00 1.128155e+00 7.336785e-01 0.000000e+00 2.531226e-03
0.000000e+00 7.975000e+00 1.127819e+00 7.333251e-01 0.000000e+00 2.883996e-03
0.000000e+00 8.030000e+00 1.127390e+00 7.328676e-01 0.000000e+00 3.290945e-03
0.000000e+00 8.085000e+00 1.126857e+00 7.322897e-01 0.000000e+00 3.720095e-03
0.000000e+00 8.140000e+00 1.126267e+00 7.316414e-01 0.000000e+00 4.114344e-03
0.000000e+00 8.195000e+00 1.125706e+00 7.310194e-01 0.000000e+00 4.418929e-03
0.000000e+00 8.250000e+00 1.125258e+00 7.305208e-01 0.000000e+00 4.604269e-03
0.000000e+00 8.305000e+00 1.124961e+00 7.301923e-01 0.000000e+00 4.678972e-03
0.000000e+00 8.360000e+00 1.124786e+00 7.300051e-01 0.000000e+00 4.686984e-03
0.000000e+00 8.415000e+00 1.124652e+00 7.298690e-01 0.000000e+00 4.687529e-03
0.000000e+00 8.470000e+00 1.124465e+00 7.296779e-01 0.000000e+00 4.735074e-03
0.000000e+00 8.525000e+00 1.124161e+00 7.293556e-01 0.000000e+00 4.867098e-03
0.000000e+00 8.580000e+00 1.123720e+00 7.288778e-01 0.000000e+00 5.101478e-03
0.000000e+00 8.635000e+00 1.123158e+00 7.282624e-01 0.000000e+00 5.441637e-03
0.000000e+00 8.690000e+00 1.122510e+00 7.275484e-01 0.000000e+00 5.877953e-03
0.000000e+00 8.745000e+00 1.121813e+00 7.267838e-01 0.000000e+00 6.382622e-03
0.000000e+00 8.800000e+00 1.121117e+00 7.260257e-01 0.000000e+00 6.906981e-03
0.000000e+00 8.855000e+00 1.120474e+00 7.253347e-01 0.000000e+00 7.394961e-03
0.000000e+00 8.910000e+00 1.119926e+00 7.247529e-01 0.000000e+00 7.809243e-03
0.000000e+00 8.965000e+00 1.119491e+00 7.242973e-01 0.000000e+00 8.141929e-03
0.000000e+00 9.020000e+00 1.119189e+00 7.239830e-01 0.000000e+00 8.398180e-03
0.000000e+00 9.075000e+00 1.119050e+00 7.238384e-01 0.000000e+00 8.577607e-03
0.000000e+00 9.130000e+00 1.119093e+00 7.238818e-01 0.000000e+00 8.674639e-03
0.000000e+00 9.185000e+00 1.119294e+00 7.240896e-01 0.000000e+00 8.689232e-03
0.000000e+00 9.240000e+00 1.119588e+00 7.243953e-01 0.000000e+00 8.630458e-03
0.000000e+00 9.295000e+00 1.119881e+00 7.247021e-01 0.000000e+00 8.516592e-03
0.000000e+00 9.350000e+00 1.120063e+00 7.248944e-01 0.000000e+00 8.380776e-03
0.000000e+00 9.405000e+00 1.120035e+00 7.248660e-01 0.000000e+00 8.276775e-03
0.000000e+00 9.460000e+00 1.119738e+00 7.245493e-01 0.000000e+00 8.271904e-03
0.000000e+00 9.515000e+00 1.119172e+00 7.239436e-01 0.000000e+00 8.418602e-03
0.000000e+00 9.570000e+00 1.118409e+00 7.231212e-01 0.000000e+00 8.722843e-03
0.000000e+00 9.625000e+00 1.117550e+00 7.221948e-01 0.000000e+00 9.128093e-03
0.000000e+00 9.680000e+00 1.116705e+00 7.212879e-01 0.000000e+00 9.529115e-03
0.000000e+00 9.735000e+00 1.115953e+00 7.204948e-01 0.000000e+00 9.798942e-03
0.000000e+00 9.790000e+00 1.115368e+00 7.198958e-01 0.000000e+00 9.890097e-03
0.000000e+00 9.845000e+00 1.114961e+00 7.194867e-01 0.000000e+00 9.834635e-03
0.000000e+00 9.900000e+00 1.114795e+00 7.192981e-01 0.000000e+00 9.811950e-03
0.000000e+00 9.955000e+00 1.114843e+00 7.192712e-01 0.000000e+00 9.911163e-03
0.000000e+00 1.001000e+01 1.101640e+00 7.050500e-01 -0.000000e+00 -2.260000e-03
0.000000e+00 1.006500e+01 1.101640e+00 7.050500e-01 -0.000000e+00 -2.260000e-03
0.000000e+00 1.012000e+01 1.101640e+00 7.050500e-01 -0.000000e+00 -2.260000e-03
0.000000e+00 1.017500e+01 1.101640e+00 7.050500e-01 -0.000000e+00 -2.260000e-03
0.000000e+00 1.023000e+01 1.101640e+00 7.050500e-01 -0.000000e+00 -2.260000e-03
0.000000e+00 1.028500e+01 1.101640e+00 7.050500e-01 -0.000000e+00 -2.260000e-03
0.000000e+00 1.034000e+01 1.101640e+00 7.050500e-01 -0.000000e+00 -2.260000e-03
0.000000e+00 1.039500e+01 1.101640e+00 7.050500e-01 -0.000000e+00 -2.260000e-03
0.000000e+00 1.045000e+01 1.101640e+00 7.050500e-01 -0.000000e+00 -2.260000e-03
0.000000e+00 1.050500e+01 1.101640e+00 7.050500e-01 -0.000000e+00 -2.260000e-03
0.000000e+00 1.056000e+01 1.101640e+00 7.050500e-01 -0.000000e+00 -2.260000e-03
0.000000e+00 1.061500e+01 1.101640e+00 7.050500e-01 -0.000000e+00 -2.260000e-03
0.000000e+00 1.067000e+01 1.101640e+00 7.050500e-01 -0.000000e+00 -2.260000e-03
0.000000e+00 1.072500e+01 1.101640e+00 7.050500e-01 -0.000000e+00 -2.260000e-03
0.000000e+00 1.078000e+01 1.101640e+00 7.050500e-01 -0.000000e+00 -2.260000e-03
0.000000e+00 1.083500e+01 1.101640e+00 7.050500e-01 -0.000000e+00 -2.260000e-03
0.000000e+00 1.089000e+01 1.101640e+00 7.050500e-01 -0.000000e+00 -2.260000e-03
0.000000e+00 1.094500e+01 1.101640e+00 7.050500e-01 -0.000000e+00 -2.260000e-03
0.000000e+00 1.100000e+01 1.101640e+00 7.050500e-01 -0.000000e+00 -2.260000e-03
