#############TIME##################
5.102415e+00 
###################################
0.000000e+00 0.000000e+00 1.209307e+01 4.267700e+01 0.000000e+00 -1.497808e+00
0.000000e+00 5.500000e-02 1.209307e+01 4.267700e+01 0.000000e+00 -1.497808e+00
0.000000e+00 1.100000e-01 1.209310e+01 4.267701e+01 0.000000e+00 -1.497830e+00
0.000000e+00 1.650000e-01 9.263970e+00 2.462212e+01 0.000000e+00 -9.918091e-01
0.000000e+00 2.200000e-01 7.194744e+00 1.611074e+01 0.000000e+00 -8.162055e-01
0.000000e+00 2.750000e-01 5.889755e+00 1.154695e+01 0.000000e+00 -6.757779e-01
0.000000e+00 3.300000e-01 5.024449e+00 8.852782e+00 0.000000e+00 -5.724023e-01
0.000000e+00 3.850000e-01 4.406642e+00 7.124381e+00 0.000000e+00 -4.922435e-01
0.000000e+00 4.400000e-01 3.953609e+00 5.949840e+00 0.000000e+00 -4.281834e-01
0.000000e+00 4.950000e-01 3.607206e+00 5.105782e+00 0.000000e+00 -3.758259e-01
0.000000e+00 5.500000e-01 3.333214e+00 4.476393e+00 0.000000e+00 -3.330979e-01
0.000000e+00 6.050000e-01 3.110849e+00 3.990607e+00 0.000000e+00 -2.974378e-01
0.000000e+00 6.600000e-01 2.927207e+00 3.606541e+00 0.000000e+00 -2.674545e-01
0.000000e+00 7.150000e-01 2.772737e+00 3.296142e+00 0.000000e+00 -2.418428e-01
0.000000e+00 7.700000e-01 2.641280e+00 3.041441e+00 0.000000e+00 -2.197224e-01
0.000000e+00 8.250000e-01 2.528464e+00 2.829779e+00 0.000000e+00 -2.002365e-01
0.000000e+00 8.800000e-01 2.431154e+00 2.652156e+00 0.000000e+00 -1.828683e-01
0.000000e+00 9.350000e-01 2.346713e+00 2.501310e+00 0.000000e+00 -1.674083e-01
0.000000e+00 9.900000e-01 2.272897e+00 2.371416e+00 0.000000e+00 -1.539161e-01
0.000000e+00 1.045000e+00 2.207729e+00 2.257982e+00 0.000000e+00 -1.423811e-01
0.000000e+00 1.100000e+00 2.149516e+00 2.157813e+00 0.000000e+00 -1.325952e-01
0.000000e+00 1.155000e+00 2.096789e+00 2.068529e+00 0.000000e+00 -1.242430e-01
0.000000e+00 1.210000e+00 2.048429e+00 1.988399e+00 0.000000e+00 -1.170056e-01
0.000000e+00 1.265000e+00 2.003893e+00 1.916470e+00 0.000000e+00 -1.105031e-01
0.000000e+00 1.320000e+00 1.963152e+00 1.852280e+00 0.000000e+00 -1.043298e-01
0.000000e+00 1.375000e+00 1.926176e+00 1.795081e+00 0.000000e+00 -9.823410e-02
0.000000e+00 1.430000e+00 1.892580e+00 1.743558e+00 0.000000e+00 -9.220585e-02
0.000000e+00 1.485000e+00 1.861768e+00 1.696318e+00 0.000000e+00 -8.640161e-02
0.000000e+00 1.540000e+00 1.833191e+00 1.652441e+00 0.000000e+00 -8.106346e-02
0.000000e+00 1.595000e+00 1.806449e+00 1.611572e+00 0.000000e+00 -7.643486e-02
0.000000e+00 1.650000e+00 1.781314e+00 1.573701e+00 0.000000e+00 -7.259012e-02
0.000000e+00 1.705000e+00 1.757759e+00 1.538942e+00 0.000000e+00 -6.928414e-02
0.000000e+00 1.760000e+00 1.735920e+00 1.507415e+00 0.000000e+00 -6.606946e-02
0.000000e+00 1.815000e+00 1.715810e+00 1.478877e+00 0.000000e+00 -6.268508e-02
0.000000e+00 1.870000e+00 1.697202e+00 1.452660e+00 0.000000e+00 -5.927691e-02
0.000000e+00 1.925000e+00 1.679627e+00 1.427801e+00 0.000000e+00 -5.627366e-02
0.000000e+00 1.980000e+00 1.662604e+00 1.403514e+00 0.000000e+00 -5.402510e-02
0.000000e+00 2.035000e+00 1.646292e+00 1.380088e+00 0.000000e+00 -5.227881e-02
0.000000e+00 2.090000e+00 1.631358e+00 1.358681e+00 0.000000e+00 -5.027466e-02
0.000000e+00 2.145000e+00 1.618102e+00 1.339943e+00 0.000000e+00 -4.752775e-02
0.000000e+00 2.200000e+00 1.606079e+00 1.323367e+00 0.000000e+00 -4.445048e-02
0.000000e+00 2.255000e+00 1.594180e+00 1.307348e+00 0.000000e+00 -4.202338e-02
0.000000e+00 2.310000e+00 1.581177e+00 1.290020e+00 0.000000e+00 -4.088497e-02
0.000000e+00 2.365000e+00 1.567926e+00 1.272304e+00 0.000000e+00 -4.042084e-02
0.000000e+00 2.420000e+00 1.555653e+00 1.255736e+00 0.000000e+00 -3.935561e-02
0.000000e+00 2.475000e+00 1.545485e+00 1.241812e+00 0.000000e+00 -3.742365e-02
0.000000e+00 2.530000e+00 1.536521e+00 1.229443e+00 0.000000e+00 -3.534514e-02
0.000000e+00 2.585000e+00 1.527277e+00 1.216821e+00 0.000000e+00 -3.389776e-02
0.000000e+00 2.640000e+00 1.517097e+00 1.203183e+00 0.000000e+00 -3.303638e-02
0.000000e+00 2.695000e+00 1.506967e+00 1.189872e+00 0.000000e+00 -3.222248e-02
0.000000e+00 2.750000e+00 1.498061e+00 1.178383e+00 0.000000e+00 -3.127043e-02
0.000000e+00 2.805000e+00 1.490206e+00 1.168342e+00 0.000000e+00 -3.031705e-02
0.000000e+00 2.860000e+00 1.482243e+00 1.158067e+00 0.000000e+00 -2.971762e-02
0.000000e+00 2.915000e+00 1.473643e+00 1.146783e+00 0.000000e+00 -2.958510e-02
0.000000e+00 2.970000e+00 1.465163e+00 1.135503e+00 0.000000e+00 -2.954203e-02
0.000000e+00 3.025000e+00 1.457964e+00 1.125870e+00 0.000000e+00 -2.895955e-02
0.000000e+00 3.080000e+00 1.453422e+00 1.119827e+00 0.000000e+00 -2.736169e-02
0.000000e+00 3.135000e+00 1.451350e+00 1.117133e+00 0.000000e+00 -2.457979e-02
0.000000e+00 3.190000e+00 1.450021e+00 1.115575e+00 0.000000e+00 -2.197831e-02
0.000000e+00 3.245000e+00 1.446671e+00 1.111502e+00 0.000000e+00 -1.928138e-02
0.000000e+00 3.300000e+00 1.440425e+00 1.103648e+00 0.000000e+00 -1.802225e-02
0.000000e+00 3.355000e+00 1.432164e+00 1.093196e+00 0.000000e+00 -1.876556e-02
0.000000e+00 3.410000e+00 1.422846e+00 1.081280e+00 0.000000e+00 -2.111297e-02
0.000000e+00 3.465000e+00 1.413287e+00 1.068968e+00 0.000000e+00 -2.313834e-02
0.000000e+00 3.520000e+00 1.404701e+00 1.057926e+00 0.000000e+00 -2.387974e-02
0.000000e+00 3.575000e+00 1.399127e+00 1.050812e+00 0.000000e+00 -2.412198e-02
0.000000e+00 3.630000e+00 1.396360e+00 1.047333e+00 0.000000e+00 -2.322852e-02
0.000000e+00 3.685000e+00 1.394003e+00 1.044489e+00 0.000000e+00 -2.165763e-02
0.000000e+00 3.740000e+00 1.390376e+00 1.040127e+00 0.000000e+00 -1.873105e-02
0.000000e+00 3.795000e+00 1.387586e+00 1.036720e+00 0.000000e+00 -1.751798e-02
0.000000e+00 3.850000e+00 1.384192e+00 1.032515e+00 0.000000e+00 -1.809970e-02
0.000000e+00 3.905000e+00 1.379274e+00 1.026366e+00 0.000000e+00 -1.810630e-02
0.000000e+00 3.960000e+00 1.372954e+00 1.018409e+00 0.000000e+00 -1.726758e-02
0.000000e+00 4.015000e+00 1.368965e+00 1.013304e+00 0.000000e+00 -1.909451e-02
0.000000e+00 4.070000e+00 1.364703e+00 1.007895e+00 0.000000e+00 -2.251672e-02
0.000000e+00 4.125000e+00 1.353240e+00 9.937659e-01 0.000000e+00 -1.878487e-02
0.000000e+00 4.180000e+00 1.343828e+00 9.823661e-01 0.000000e+00 -2.638488e-02
0.000000e+00 4.235000e+00 1.334158e+00 9.707201e-01 0.000000e+00 -4.429651e-02
0.000000e+00 4.290000e+00 1.301649e+00 9.316586e-01 0.000000e+00 -4.830283e-02
0.000000e+00 4.345000e+00 1.270240e+00 8.944213e-01 0.000000e+00 -8.239247e-02
0.000000e+00 4.400000e+00 1.215551e+00 8.309123e-01 0.000000e+00 -1.247714e-01
0.000000e+00 4.455000e+00 1.185876e+00 7.972075e-01 0.000000e+00 -1.472924e-01
0.000000e+00 4.510000e+00 1.175431e+00 7.855066e-01 0.000000e+00 -1.526137e-01
0.000000e+00 4.565000e+00 1.169270e+00 7.786538e-01 0.000000e+00 -1.537480e-01
0.000000e+00 4.620000e+00 1.164199e+00 7.730352e-01 0.000000e+00 -1.534430e-01
0.000000e+00 4.675000e+00 1.159467e+00 7.678047e-01 0.000000e+00 -1.527323e-01
0.000000e+00 4.730000e+00 1.155018e+00 7.629013e-01 0.000000e+00 -1.518161e-01
0.000000e+00 4.785000e+00 1.150901e+00 7.583744e-01 0.000000e+00 -1.507592e-01
0.000000e+00 4.840000e+00 1.147106e+00 7.542109e-01 0.000000e+00 -1.495903e-01
0.000000e+00 4.895000e+00 1.143579e+00 7.503499e-01 0.000000e+00 -1.483181e-01
0.000000e+00 4.950000e+00 1.140271e+00 7.467363e-01 0.000000e+00 -1.469407e-01
0.000000e+00 5.005000e+00 1.137164e+00 7.433473e-01 0.000000e+00 -1.454663e-01
0.000000e+00 5.060000e+00 1.134258e+00 7.401842e-01 0.000000e+00 -1.439193e-01
0.000000e+00 5.115000e+00 1.131558e+00 7.372502e-01 0.000000e+00 -1.423270e-01
0.000000e+00 5.170000e+00 1.129053e+00 7.345317e-01 0.000000e+00 -1.407034e-01
0.000000e+00 5.225000e+00 1.126712e+00 7.319955e-01 0.000000e+00 -1.390449e-01
0.000000e+00 5.280000e+00 1.124500e+00 7.296020e-01 0.000000e+00 -1.373408e-01
0.000000e+00 5.335000e+00 1.122392e+00 7.273236e-01 0.000000e+00 -1.355858e-01
0.000000e+00 5.390000e+00 1.120380e+00 7.251521e-01 0.000000e+00 -1.337872e-01
0.000000e+00 5.445000e+00 1.118471e+00 7.230936e-01 0.000000e+00 -1.319610e-01
0.000000e+00 5.500000e+00 1.116671e+00 7.211558e-01 0.000000e+00 -1.301228e-01
0.000000e+00 5.555000e+00 1.114981e+00 7.193379e-01 0.000000e+00 -1.282816e-01
0.000000e+00 5.610000e+00 1.113391e+00 7.176290e-01 0.000000e+00 -1.264390e-01
0.000000e+00 5.665000e+00 1.111886e+00 7.160130e-01 0.000000e+00 -1.245930e-01
0.000000e+00 5.720000e+00 1.110453e+00 7.144752e-01 0.000000e+00 -1.227422e-01
0.000000e+00 5.775000e+00 1.109082e+00 7.130060e-01 0.000000e+00 -1.208875e-01
0.000000e+00 5.830000e+00 1.107771e+00 7.116016e-01 0.000000e+00 -1.190326e-01
0.000000e+00 5.885000e+00 1.106519e+00 7.102620e-01 0.000000e+00 -1.171825e-01
0.000000e+00 5.940000e+00 1.105329e+00 7.089887e-01 0.000000e+00 -1.153422e-01
0.000000e+00 5.995000e+00 1.104199e+00 7.077821e-01 0.000000e+00 -1.135156e-01
0.000000e+00 6.050000e+00 1.103130e+00 7.066401e-01 0.000000e+00 -1.117052e-01
0.000000e+00 6.105000e+00 1.102116e+00 7.055581e-01 0.000000e+00 -1.099117e-01
0.000000e+00 6.160000e+00 1.101152e+00 7.045297e-01 0.000000e+00 -1.081349e-01
0.000000e+00 6.215000e+00 1.100231e+00 7.035480e-01 0.000000e+00 -1.063744e-01
0.000000e+00 6.270000e+00 1.099348e+00 7.026070e-01 0.000000e+00 -1.046298e-01
0.000000e+00 6.325000e+00 1.098498e+00 7.017017e-01 0.000000e+00 -1.029015e-01
0.000000e+00 6.380000e+00 1.097678e+00 7.008291e-01 0.000000e+00 -1.011900e-01
0.000000e+00 6.435000e+00 1.096886e+00 6.999867e-01 0.000000e+00 -9.949634e-02
0.000000e+00 6.490000e+00 1.096121e+00 6.991733e-01 0.000000e+00 -9.782140e-02
0.000000e+00 6.545000e+00 1.095383e+00 6.983880e-01 0.000000e+00 -9.616616e-02
0.000000e+00 6.600000e+00 1.094669e+00 6.976303e-01 0.000000e+00 -9.453150e-02
0.000000e+00 6.655000e+00 1.093981e+00 6.968997e-01 0.000000e+00 -9.291815e-02
0.000000e+00 6.710000e+00 1.093318e+00 6.961958e-01 0.000000e+00 -9.132672e-02
0.000000e+00 6.765000e+00 1.092679e+00 6.955180e-01 0.000000e+00 -8.975760e-02
0.000000e+00 6.820000e+00 1.092064e+00 6.948654e-01 0.000000e+00 -8.821099e-02
0.000000e+00 6.875000e+00 1.091472e+00 6.942370e-01 0.000000e+00 -8.668695e-02
0.000000e+00 6.930000e+00 1.090900e+00 6.936317e-01 0.000000e+00 -8.518542e-02
0.000000e+00 6.985000e+00 1.090350e+00 6.930483e-01 0.000000e+00 -8.370630e-02
0.000000e+00 7.040000e+00 1.089819e+00 6.924855e-01 0.000000e+00 -8.224946e-02
0.000000e+00 7.095000e+00 1.089305e+00 6.919423e-01 0.000000e+00 -8.081475e-02
0.000000e+00 7.150000e+00 1.088810e+00 6.914174e-01 0.000000e+00 -7.940195e-02
0.000000e+00 7.205000e+00 1.088330e+00 6.909097e-01 0.000000e+00 -7.801084e-02
0.000000e+00 7.260000e+00 1.087865e+00 6.904179e-01 0.000000e+00 -7.664114e-02
0.000000e+00 7.315000e+00 1.087414e+00 6.899410e-01 0.000000e+00 -7.529255e-02
0.000000e+00 7.370000e+00 1.086976e+00 6.894780e-01 0.000000e+00 -7.396477e-02
0.000000e+00 7.425000e+00 1.086550e+00 6.890277e-01 0.000000e+00 -7.265752e-02
0.000000e+00 7.480000e+00 1.086135e+00 6.885893e-01 0.000000e+00 -7.137050e-02
0.000000e+00 7.535000e+00 1.085731e+00 6.881620e-01 0.000000e+00 -7.010343e-02
0.000000e+00 7.590000e+00 1.085336e+00 6.877451e-01 0.000000e+00 -6.885605e-02
0.000000e+00 7.645000e+00 1.084951e+00 6.873380e-01 0.000000e+00 -6.762810e-02
0.000000e+00 7.700000e+00 1.084574e+00 6.869402e-01 0.000000e+00 -6.641934e-02
0.000000e+00 7.755000e+00 1.084205e+00 6.865511e-01 0.000000e+00 -6.522949e-02
0.000000e+00 7.810000e+00 1.083844e+00 6.861702e-01 0.000000e+00 -6.405827e-02
0.000000e+00 7.865000e+00 1.083491e+00 6.857972e-01 0.000000e+00 -6.290535e-02
0.000000e+00 7.920000e+00 1.083144e+00 6.854315e-01 0.000000e+00 -6.177042e-02
0.000000e+00 7.975000e+00 1.082804e+00 6.850728e-01 0.000000e+00 -6.065319e-02
0.000000e+00 8.030000e+00 1.082470e+00 6.847208e-01 0.000000e+00 -5.955340e-02
0.000000e+00 8.085000e+00 1.082142e+00 6.843754e-01 0.000000e+00 -5.847082e-02
0.000000e+00 8.140000e+00 1.081821e+00 6.840362e-01 0.000000e+00 -5.740518e-02
0.000000e+00 8.195000e+00 1.081504e+00 6.837031e-01 0.000000e+00 -5.635619e-02
0.000000e+00 8.250000e+00 1.081194e+00 6.833756e-01 0.000000e+00 -5.532351e-02
0.000000e+00 8.305000e+00 1.080888e+00 6.830536e-01 0.000000e+00 -5.430679e-02
0.000000e+00 8.360000e+00 1.080587e+00 6.827368e-01 0.000000e+00 -5.330569e-02
0.000000e+00 8.415000e+00 1.080291e+00 6.824249e-01 0.000000e+00 -5.231991e-02
0.000000e+00 8.470000e+00 1.079999e+00 6.821178e-01 0.000000e+00 -5.134918e-02
0.000000e+00 8.525000e+00 1.079712e+00 6.818153e-01 0.000000e+00 -5.039322e-02
0.000000e+00 8.580000e+00 1.079429e+00 6.815173e-01 0.000000e+00 -4.945172e-02
0.000000e+00 8.635000e+00 1.079149e+00 6.812236e-01 0.000000e+00 -4.852434e-02
0.000000e+00 8.690000e+00 1.078874e+00 6.809340e-01 0.000000e+00 -4.761072e-02
0.000000e+00 8.745000e+00 1.078602e+00 6.806483e-01 0.000000e+00 -4.671047e-02
0.000000e+00 8.800000e+00 1.078334e+00 6.803663e-01 0.000000e+00 -4.582321e-02
0.000000e+00 8.855000e+00 1.078070e+00 6.800879e-01 0.000000e+00 -4.494856e-02
0.000000e+00 8.910000e+00 1.077808e+00 6.798129e-01 0.000000e+00 -4.408608e-02
0.000000e+00 8.965000e+00 1.077550e+00 6.795413e-01 0.000000e+00 -4.323526e-02
0.000000e+00 9.020000e+00 1.077294e+00 6.792729e-01 0.000000e+00 -4.239557e-02
0.000000e+00 9.075000e+00 1.077042e+00 6.790076e-01 0.000000e+00 -4.156638e-02
0.000000e+00 9.130000e+00 1.076792e+00 6.787453e-01 0.000000e+00 -4.074713e-02
0.000000e+00 9.185000e+00 1.076545e+00 6.784859e-01 0.000000e+00 -3.993703e-02
0.000000e+00 9.240000e+00 1.076301e+00 6.782293e-01 0.000000e+00 -3.913511e-02
0.000000e+00 9.295000e+00 1.076059e+00 6.779755e-01 0.000000e+00 -3.833971e-02
0.000000e+00 9.350000e+00 1.075819e+00 6.777239e-01 0.000000e+00 -3.754970e-02
0.000000e+00 9.405000e+00 1.075583e+00 6.774754e-01 0.000000e+00 -3.676368e-02
0.000000e+00 9.460000e+00 1.075347e+00 6.772284e-01 0.000000e+00 -3.598312e-02
0.000000e+00 9.515000e+00 1.075116e+00 6.769852e-01 0.000000e+00 -3.520636e-02
0.000000e+00 9.570000e+00 1.074885e+00 6.767418e-01 0.000000e+00 -3.443440e-02
0.000000e+00 9.625000e+00 1.074659e+00 6.765049e-01 0.000000e+00 -3.365454e-02
0.000000e+00 9.680000e+00 1.074428e+00 6.762628e-01 0.000000e+00 -3.286894e-02
0.000000e+00 9.735000e+00 1.074210e+00 6.760353e-01 0.000000e+00 -3.205933e-02
0.000000e+00 9.790000e+00 1.073971e+00 6.757878e-01 0.000000e+00 -3.127659e-02
0.000000e+00 9.845000e+00 1.073767e+00 6.755813e-01 0.000000e+00 -3.050652e-02
0.000000e+00 9.900000e+00 1.073494e+00 6.753081e-01 0.000000e+00 -2.989597e-02
0.000000e+00 9.955000e+00 1.073363e+00 6.751970e-01 0.000000e+00 -2.928540e-02
0.000000e+00 1.001000e+01 1.101640e+00 7.050500e-01 -0.000000e+00 -2.260000e-03
0.000000e+00 1.006500e+01 1.101640e+00 7.050500e-01 -0.000000e+00 -2.260000e-03
0.000000e+00 1.012000e+01 1.101640e+00 7.050500e-01 -0.000000e+00 -2.260000e-03
0.000000e+00 1.017500e+01 1.101640e+00 7.050500e-01 -0.000000e+00 -2.260000e-03
0.000000e+00 1.023000e+01 1.101640e+00 7.050500e-01 -0.000000e+00 -2.260000e-03
0.000000e+00 1.028500e+01 1.101640e+00 7.050500e-01 -0.000000e+00 -2.260000e-03
0.000000e+00 1.034000e+01 1.101640e+00 7.050500e-01 -0.000000e+00 -2.260000e-03
0.000000e+00 1.039500e+01 1.101640e+00 7.050500e-01 -0.000000e+00 -2.260000e-03
0.000000e+00 1.045000e+01 1.101640e+00 7.050500e-01 -0.000000e+00 -2.260000e-03
0.000000e+00 1.050500e+01 1.101640e+00 7.050500e-01 -0.000000e+00 -2.260000e-03
0.000000e+00 1.056000e+01 1.101640e+00 7.050500e-01 -0.000000e+00 -2.260000e-03
0.000000e+00 1.061500e+01 1.101640e+00 7.050500e-01 -0.000000e+00 -2.260000e-03
0.000000e+00 1.067000e+01 1.101640e+00 7.050500e-01 -0.000000e+00 -2.260000e-03
0.000000e+00 1.072500e+01 1.101640e+00 7.050500e-01 -0.000000e+00 -2.260000e-03
0.000000e+00 1.078000e+01 1.101640e+00 7.050500e-01 -0.000000e+00 -2.260000e-03
0.000000e+00 1.083500e+01 1.101640e+00 7.050500e-01 -0.000000e+00 -2.260000e-03
0.000000e+00 1.089000e+01 1.101640e+00 7.050500e-01 -0.000000e+00 -2.260000e-03
0.000000e+00 1.094500e+01 1.101640e+00 7.050500e-01 -0.000000e+00 -2.260000e-03
0.000000e+00 1.100000e+01 1.101640e+00 7.050500e-01 -0.000000e+00 -2.260000e-03
