#############TIME##################
5.403838e+00 
###################################
0.000000e+00 0.000000e+00 1.209425e+01 4.268631e+01 0.000000e+00 -1.497633e+00
0.000000e+00 5.500000e-02 1.209425e+01 4.268631e+01 0.000000e+00 -1.497633e+00
0.000000e+00 1.100000e-01 1.209437e+01 4.268716e+01 0.000000e+00 -1.497598e+00
0.000000e+00 1.650000e-01 9.264588e+00 2.462530e+01 0.000000e+00 -9.915855e-01
0.000000e+00 2.200000e-01 7.193681e+00 1.610692e+01 0.000000e+00 -8.162129e-01
0.000000e+00 2.750000e-01 5.888282e+00 1.154123e+01 0.000000e+00 -6.759495e-01
0.000000e+00 3.300000e-01 5.023185e+00 8.847642e+00 0.000000e+00 -5.724764e-01
0.000000e+00 3.850000e-01 4.405688e+00 7.120363e+00 0.000000e+00 -4.921052e-01
0.000000e+00 4.400000e-01 3.952662e+00 5.946386e+00 0.000000e+00 -4.279154e-01
0.000000e+00 4.950000e-01 3.606184e+00 5.102889e+00 0.000000e+00 -3.755105e-01
0.000000e+00 5.500000e-01 3.332434e+00 4.474842e+00 0.000000e+00 -3.326847e-01
0.000000e+00 6.050000e-01 3.110633e+00 3.990998e+00 0.000000e+00 -2.968090e-01
0.000000e+00 6.600000e-01 2.927531e+00 3.608652e+00 0.000000e+00 -2.665422e-01
0.000000e+00 7.150000e-01 2.773260e+00 3.299127e+00 0.000000e+00 -2.406452e-01
0.000000e+00 7.700000e-01 2.641518e+00 3.044193e+00 0.000000e+00 -2.183260e-01
0.000000e+00 8.250000e-01 2.527914e+00 2.831072e+00 0.000000e+00 -1.989035e-01
0.000000e+00 8.800000e-01 2.429513e+00 2.651013e+00 0.000000e+00 -1.820075e-01
0.000000e+00 9.350000e-01 2.344134e+00 2.497642e+00 0.000000e+00 -1.673139e-01
0.000000e+00 9.900000e-01 2.269972e+00 2.366223e+00 0.000000e+00 -1.545208e-01
0.000000e+00 1.045000e+00 2.205125e+00 2.252723e+00 0.000000e+00 -1.433434e-01
0.000000e+00 1.100000e+00 2.147649e+00 2.153635e+00 0.000000e+00 -1.335809e-01
0.000000e+00 1.155000e+00 2.095835e+00 2.066101e+00 0.000000e+00 -1.250387e-01
0.000000e+00 1.210000e+00 2.048386e+00 1.987914e+00 0.000000e+00 -1.174903e-01
0.000000e+00 1.265000e+00 2.004382e+00 1.917263e+00 0.000000e+00 -1.107074e-01
0.000000e+00 1.320000e+00 1.963306e+00 1.852750e+00 0.000000e+00 -1.044854e-01
0.000000e+00 1.375000e+00 1.925171e+00 1.793710e+00 0.000000e+00 -9.858757e-02
0.000000e+00 1.430000e+00 1.890406e+00 1.740211e+00 0.000000e+00 -9.277245e-02
0.000000e+00 1.485000e+00 1.859313e+00 1.692365e+00 0.000000e+00 -8.698644e-02
0.000000e+00 1.540000e+00 1.831596e+00 1.649715e+00 0.000000e+00 -8.145080e-02
0.000000e+00 1.595000e+00 1.806446e+00 1.611276e+00 0.000000e+00 -7.644220e-02
0.000000e+00 1.650000e+00 1.782912e+00 1.575897e+00 0.000000e+00 -7.204736e-02
0.000000e+00 1.705000e+00 1.760232e+00 1.542556e+00 0.000000e+00 -6.821244e-02
0.000000e+00 1.760000e+00 1.738007e+00 1.510573e+00 0.000000e+00 -6.492465e-02
0.000000e+00 1.815000e+00 1.716451e+00 1.479967e+00 0.000000e+00 -6.218270e-02
0.000000e+00 1.870000e+00 1.696289e+00 1.451428e+00 0.000000e+00 -5.979767e-02
0.000000e+00 1.925000e+00 1.678153e+00 1.425614e+00 0.000000e+00 -5.738383e-02
0.000000e+00 1.980000e+00 1.662057e+00 1.402494e+00 0.000000e+00 -5.464425e-02
0.000000e+00 2.035000e+00 1.647345e+00 1.381282e+00 0.000000e+00 -5.167925e-02
0.000000e+00 2.090000e+00 1.633033e+00 1.360837e+00 0.000000e+00 -4.899049e-02
0.000000e+00 2.145000e+00 1.618490e+00 1.340466e+00 0.000000e+00 -4.704812e-02
0.000000e+00 2.200000e+00 1.603974e+00 1.320557e+00 0.000000e+00 -4.569962e-02
0.000000e+00 2.255000e+00 1.590318e+00 1.302165e+00 0.000000e+00 -4.428351e-02
0.000000e+00 2.310000e+00 1.578029e+00 1.285763e+00 0.000000e+00 -4.239446e-02
0.000000e+00 2.365000e+00 1.566946e+00 1.270938e+00 0.000000e+00 -4.030694e-02
0.000000e+00 2.420000e+00 1.556469e+00 1.256764e+00 0.000000e+00 -3.860024e-02
0.000000e+00 2.475000e+00 1.546078e+00 1.242531e+00 0.000000e+00 -3.740797e-02
0.000000e+00 2.530000e+00 1.536114e+00 1.228827e+00 0.000000e+00 -3.622097e-02
0.000000e+00 2.585000e+00 1.527118e+00 1.216535e+00 0.000000e+00 -3.450513e-02
0.000000e+00 2.640000e+00 1.519011e+00 1.205660e+00 0.000000e+00 -3.244861e-02
0.000000e+00 2.695000e+00 1.510997e+00 1.195166e+00 0.000000e+00 -3.082197e-02
0.000000e+00 2.750000e+00 1.502355e+00 1.184029e+00 0.000000e+00 -3.012136e-02
0.000000e+00 2.805000e+00 1.493469e+00 1.172594e+00 0.000000e+00 -2.995131e-02
0.000000e+00 2.860000e+00 1.485087e+00 1.161710e+00 0.000000e+00 -2.939209e-02
0.000000e+00 2.915000e+00 1.477644e+00 1.151877e+00 0.000000e+00 -2.817520e-02
0.000000e+00 2.970000e+00 1.470617e+00 1.142474e+00 0.000000e+00 -2.692373e-02
0.000000e+00 3.025000e+00 1.463513e+00 1.132996e+00 0.000000e+00 -2.628386e-02
0.000000e+00 3.080000e+00 1.456408e+00 1.123675e+00 0.000000e+00 -2.593649e-02
0.000000e+00 3.135000e+00 1.449677e+00 1.115045e+00 0.000000e+00 -2.500428e-02
0.000000e+00 3.190000e+00 1.443835e+00 1.107723e+00 0.000000e+00 -2.337485e-02
0.000000e+00 3.245000e+00 1.438059e+00 1.100549e+00 0.000000e+00 -2.189100e-02
0.000000e+00 3.300000e+00 1.430955e+00 1.091640e+00 0.000000e+00 -2.153854e-02
0.000000e+00 3.355000e+00 1.421883e+00 1.080164e+00 0.000000e+00 -2.229505e-02
0.000000e+00 3.410000e+00 1.412647e+00 1.068365e+00 0.000000e+00 -2.346211e-02
0.000000e+00 3.465000e+00 1.405586e+00 1.059205e+00 0.000000e+00 -2.448693e-02
0.000000e+00 3.520000e+00 1.401612e+00 1.053999e+00 0.000000e+00 -2.398051e-02
0.000000e+00 3.575000e+00 1.400553e+00 1.052561e+00 0.000000e+00 -2.146479e-02
0.000000e+00 3.630000e+00 1.400828e+00 1.052892e+00 0.000000e+00 -1.816996e-02
0.000000e+00 3.685000e+00 1.400732e+00 1.052879e+00 0.000000e+00 -1.558980e-02
0.000000e+00 3.740000e+00 1.397927e+00 1.049562e+00 0.000000e+00 -1.370386e-02
0.000000e+00 3.795000e+00 1.391920e+00 1.042160e+00 0.000000e+00 -1.386346e-02
0.000000e+00 3.850000e+00 1.384683e+00 1.033172e+00 0.000000e+00 -1.553141e-02
0.000000e+00 3.905000e+00 1.378116e+00 1.024952e+00 0.000000e+00 -1.803443e-02
0.000000e+00 3.960000e+00 1.371840e+00 1.017053e+00 0.000000e+00 -1.939804e-02
0.000000e+00 4.015000e+00 1.366766e+00 1.010596e+00 0.000000e+00 -1.921680e-02
0.000000e+00 4.070000e+00 1.363819e+00 1.006877e+00 0.000000e+00 -1.913963e-02
0.000000e+00 4.125000e+00 1.362605e+00 1.005343e+00 0.000000e+00 -1.895690e-02
0.000000e+00 4.180000e+00 1.360276e+00 1.002515e+00 0.000000e+00 -1.862444e-02
0.000000e+00 4.235000e+00 1.354982e+00 9.961254e-01 0.000000e+00 -1.634345e-02
0.000000e+00 4.290000e+00 1.351161e+00 9.914991e-01 0.000000e+00 -1.645034e-02
0.000000e+00 4.345000e+00 1.348806e+00 9.886298e-01 0.000000e+00 -1.892124e-02
0.000000e+00 4.400000e+00 1.340648e+00 9.786991e-01 0.000000e+00 -1.717645e-02
0.000000e+00 4.455000e+00 1.327856e+00 9.630967e-01 0.000000e+00 -1.908491e-02
0.000000e+00 4.510000e+00 1.323566e+00 9.577266e-01 0.000000e+00 -2.955652e-02
0.000000e+00 4.565000e+00 1.302083e+00 9.317833e-01 0.000000e+00 -3.451349e-02
0.000000e+00 4.620000e+00 1.273079e+00 8.975130e-01 0.000000e+00 -5.862295e-02
0.000000e+00 4.675000e+00 1.224623e+00 8.412182e-01 0.000000e+00 -9.603303e-02
0.000000e+00 4.730000e+00 1.185425e+00 7.967231e-01 0.000000e+00 -1.261217e-01
0.000000e+00 4.785000e+00 1.168483e+00 7.777953e-01 0.000000e+00 -1.369349e-01
0.000000e+00 4.840000e+00 1.160897e+00 7.693834e-01 0.000000e+00 -1.394900e-01
0.000000e+00 4.895000e+00 1.155801e+00 7.637634e-01 0.000000e+00 -1.397817e-01
0.000000e+00 4.950000e+00 1.151416e+00 7.589403e-01 0.000000e+00 -1.394219e-01
0.000000e+00 5.005000e+00 1.147372e+00 7.545018e-01 0.000000e+00 -1.388609e-01
0.000000e+00 5.060000e+00 1.143596e+00 7.503681e-01 0.000000e+00 -1.381492e-01
0.000000e+00 5.115000e+00 1.140086e+00 7.465338e-01 0.000000e+00 -1.372932e-01
0.000000e+00 5.170000e+00 1.136818e+00 7.429711e-01 0.000000e+00 -1.363108e-01
0.000000e+00 5.225000e+00 1.133760e+00 7.396426e-01 0.000000e+00 -1.352224e-01
0.000000e+00 5.280000e+00 1.130887e+00 7.365219e-01 0.000000e+00 -1.340420e-01
0.000000e+00 5.335000e+00 1.128187e+00 7.335937e-01 0.000000e+00 -1.327810e-01
0.000000e+00 5.390000e+00 1.125651e+00 7.308471e-01 0.000000e+00 -1.314518e-01
0.000000e+00 5.445000e+00 1.123269e+00 7.282710e-01 0.000000e+00 -1.300659e-01
0.000000e+00 5.500000e+00 1.121029e+00 7.258522e-01 0.000000e+00 -1.286320e-01
0.000000e+00 5.555000e+00 1.118918e+00 7.235757e-01 0.000000e+00 -1.271556e-01
0.000000e+00 5.610000e+00 1.116923e+00 7.214267e-01 0.000000e+00 -1.256413e-01
0.000000e+00 5.665000e+00 1.115033e+00 7.193929e-01 0.000000e+00 -1.240934e-01
0.000000e+00 5.720000e+00 1.113239e+00 7.174652e-01 0.000000e+00 -1.225172e-01
0.000000e+00 5.775000e+00 1.111536e+00 7.156373e-01 0.000000e+00 -1.209183e-01
0.000000e+00 5.830000e+00 1.109921e+00 7.139053e-01 0.000000e+00 -1.193025e-01
0.000000e+00 5.885000e+00 1.108391e+00 7.122658e-01 0.000000e+00 -1.176750e-01
0.000000e+00 5.940000e+00 1.106943e+00 7.107154e-01 0.000000e+00 -1.160403e-01
0.000000e+00 5.995000e+00 1.105573e+00 7.092500e-01 0.000000e+00 -1.144022e-01
0.000000e+00 6.050000e+00 1.104277e+00 7.078649e-01 0.000000e+00 -1.127634e-01
0.000000e+00 6.105000e+00 1.103050e+00 7.065547e-01 0.000000e+00 -1.111261e-01
0.000000e+00 6.160000e+00 1.101887e+00 7.053137e-01 0.000000e+00 -1.094923e-01
0.000000e+00 6.215000e+00 1.100783e+00 7.041362e-01 0.000000e+00 -1.078633e-01
0.000000e+00 6.270000e+00 1.099733e+00 7.030170e-01 0.000000e+00 -1.062404e-01
0.000000e+00 6.325000e+00 1.098732e+00 7.019509e-01 0.000000e+00 -1.046250e-01
0.000000e+00 6.380000e+00 1.097776e+00 7.009333e-01 0.000000e+00 -1.030182e-01
0.000000e+00 6.435000e+00 1.096861e+00 6.999601e-01 0.000000e+00 -1.014208e-01
0.000000e+00 6.490000e+00 1.095985e+00 6.990277e-01 0.000000e+00 -9.983417e-02
0.000000e+00 6.545000e+00 1.095143e+00 6.981333e-01 0.000000e+00 -9.825920e-02
0.000000e+00 6.600000e+00 1.094334e+00 6.972743e-01 0.000000e+00 -9.669698e-02
0.000000e+00 6.655000e+00 1.093557e+00 6.964487e-01 0.000000e+00 -9.514850e-02
0.000000e+00 6.710000e+00 1.092808e+00 6.956546e-01 0.000000e+00 -9.361463e-02
0.000000e+00 6.765000e+00 1.092088e+00 6.948905e-01 0.000000e+00 -9.209615e-02
0.000000e+00 6.820000e+00 1.091394e+00 6.941549e-01 0.000000e+00 -9.059370e-02
0.000000e+00 6.875000e+00 1.090726e+00 6.934463e-01 0.000000e+00 -8.910781e-02
0.000000e+00 6.930000e+00 1.090081e+00 6.927635e-01 0.000000e+00 -8.763895e-02
0.000000e+00 6.985000e+00 1.089459e+00 6.921053e-01 0.000000e+00 -8.618751e-02
0.000000e+00 7.040000e+00 1.088860e+00 6.914704e-01 0.000000e+00 -8.475382e-02
0.000000e+00 7.095000e+00 1.088281e+00 6.908579e-01 0.000000e+00 -8.333814e-02
0.000000e+00 7.150000e+00 1.087722e+00 6.902667e-01 0.000000e+00 -8.194065e-02
0.000000e+00 7.205000e+00 1.087182e+00 6.896956e-01 0.000000e+00 -8.056148e-02
0.000000e+00 7.260000e+00 1.086660e+00 6.891436e-01 0.000000e+00 -7.920070e-02
0.000000e+00 7.315000e+00 1.086155e+00 6.886097e-01 0.000000e+00 -7.785832e-02
0.000000e+00 7.370000e+00 1.085665e+00 6.880928e-01 0.000000e+00 -7.653434e-02
0.000000e+00 7.425000e+00 1.085191e+00 6.875921e-01 0.000000e+00 -7.522868e-02
0.000000e+00 7.480000e+00 1.084731e+00 6.871065e-01 0.000000e+00 -7.394124e-02
0.000000e+00 7.535000e+00 1.084285e+00 6.866351e-01 0.000000e+00 -7.267189e-02
0.000000e+00 7.590000e+00 1.083851e+00 6.861772e-01 0.000000e+00 -7.142051e-02
0.000000e+00 7.645000e+00 1.083429e+00 6.857320e-01 0.000000e+00 -7.018698e-02
0.000000e+00 7.700000e+00 1.083018e+00 6.852989e-01 0.000000e+00 -6.897120e-02
0.000000e+00 7.755000e+00 1.082618e+00 6.848772e-01 0.000000e+00 -6.777304e-02
0.000000e+00 7.810000e+00 1.082229e+00 6.844663e-01 0.000000e+00 -6.659233e-02
0.000000e+00 7.865000e+00 1.081848e+00 6.840657e-01 0.000000e+00 -6.542885e-02
0.000000e+00 7.920000e+00 1.081477e+00 6.836746e-01 0.000000e+00 -6.428236e-02
0.000000e+00 7.975000e+00 1.081115e+00 6.832927e-01 0.000000e+00 -6.315262e-02
0.000000e+00 8.030000e+00 1.080760e+00 6.829195e-01 0.000000e+00 -6.203944e-02
0.000000e+00 8.085000e+00 1.080414e+00 6.825545e-01 0.000000e+00 -6.094261e-02
0.000000e+00 8.140000e+00 1.080075e+00 6.821974e-01 0.000000e+00 -5.986196e-02
0.000000e+00 8.195000e+00 1.079743e+00 6.818479e-01 0.000000e+00 -5.879725e-02
0.000000e+00 8.250000e+00 1.079417e+00 6.815056e-01 0.000000e+00 -5.774822e-02
0.000000e+00 8.305000e+00 1.079099e+00 6.811702e-01 0.000000e+00 -5.671461e-02
0.000000e+00 8.360000e+00 1.078786e+00 6.808413e-01 0.000000e+00 -5.569613e-02
0.000000e+00 8.415000e+00 1.078479e+00 6.805186e-01 0.000000e+00 -5.469253e-02
0.000000e+00 8.470000e+00 1.078178e+00 6.802020e-01 0.000000e+00 -5.370354e-02
0.000000e+00 8.525000e+00 1.077882e+00 6.798911e-01 0.000000e+00 -5.272889e-02
0.000000e+00 8.580000e+00 1.077592e+00 6.795858e-01 0.000000e+00 -5.176830e-02
0.000000e+00 8.635000e+00 1.077307e+00 6.792858e-01 0.000000e+00 -5.082145e-02
0.000000e+00 8.690000e+00 1.077026e+00 6.789910e-01 0.000000e+00 -4.988801e-02
0.000000e+00 8.745000e+00 1.076750e+00 6.787011e-01 0.000000e+00 -4.896764e-02
0.000000e+00 8.800000e+00 1.076478e+00 6.784159e-01 0.000000e+00 -4.805997e-02
0.000000e+00 8.855000e+00 1.076211e+00 6.781352e-01 0.000000e+00 -4.716459e-02
0.000000e+00 8.910000e+00 1.075948e+00 6.778588e-01 0.000000e+00 -4.628104e-02
0.000000e+00 8.965000e+00 1.075689e+00 6.775866e-01 0.000000e+00 -4.540877e-02
0.000000e+00 9.020000e+00 1.075433e+00 6.773183e-01 0.000000e+00 -4.454724e-02
0.000000e+00 9.075000e+00 1.075181e+00 6.770539e-01 0.000000e+00 -4.369586e-02
0.000000e+00 9.130000e+00 1.074933e+00 6.767930e-01 0.000000e+00 -4.285408e-02
0.000000e+00 9.185000e+00 1.074688e+00 6.765358e-01 0.000000e+00 -4.202100e-02
0.000000e+00 9.240000e+00 1.074445e+00 6.762816e-01 0.000000e+00 -4.119555e-02
0.000000e+00 9.295000e+00 1.074206e+00 6.760307e-01 0.000000e+00 -4.037593e-02
0.000000e+00 9.350000e+00 1.073969e+00 6.757823e-01 0.000000e+00 -3.956116e-02
0.000000e+00 9.405000e+00 1.073735e+00 6.755369e-01 0.000000e+00 -3.875002e-02
0.000000e+00 9.460000e+00 1.073502e+00 6.752927e-01 0.000000e+00 -3.794426e-02
0.000000e+00 9.515000e+00 1.073273e+00 6.750521e-01 0.000000e+00 -3.714137e-02
0.000000e+00 9.570000e+00 1.073043e+00 6.748104e-01 0.000000e+00 -3.634170e-02
0.000000e+00 9.625000e+00 1.072818e+00 6.745748e-01 0.000000e+00 -3.553085e-02
0.000000e+00 9.680000e+00 1.072586e+00 6.743322e-01 0.000000e+00 -3.471339e-02
0.000000e+00 9.735000e+00 1.072368e+00 6.741050e-01 0.000000e+00 -3.387190e-02
0.000000e+00 9.790000e+00 1.072125e+00 6.738538e-01 0.000000e+00 -3.306683e-02
0.000000e+00 9.845000e+00 1.071921e+00 6.736482e-01 0.000000e+00 -3.227948e-02
0.000000e+00 9.900000e+00 1.071635e+00 6.733649e-01 0.000000e+00 -3.166817e-02
0.000000e+00 9.955000e+00 1.071513e+00 6.732656e-01 0.000000e+00 -3.104355e-02
0.000000e+00 1.001000e+01 1.101640e+00 7.050500e-01 -0.000000e+00 -2.260000e-03
0.000000e+00 1.006500e+01 1.101640e+00 7.050500e-01 -0.000000e+00 -2.260000e-03
0.000000e+00 1.012000e+01 1.101640e+00 7.050500e-01 -0.000000e+00 -2.260000e-03
0.000000e+00 1.017500e+01 1.101640e+00 7.050500e-01 -0.000000e+00 -2.260000e-03
0.000000e+00 1.023000e+01 1.101640e+00 7.050500e-01 -0.000000e+00 -2.260000e-03
0.000000e+00 1.028500e+01 1.101640e+00 7.050500e-01 -0.000000e+00 -2.260000e-03
0.000000e+00 1.034000e+01 1.101640e+00 7.050500e-01 -0.000000e+00 -2.260000e-03
0.000000e+00 1.039500e+01 1.101640e+00 7.050500e-01 -0.000000e+00 -2.260000e-03
0.000000e+00 1.045000e+01 1.101640e+00 7.050500e-01 -0.000000e+00 -2.260000e-03
0.000000e+00 1.050500e+01 1.101640e+00 7.050500e-01 -0.000000e+00 -2.260000e-03
0.000000e+00 1.056000e+01 1.101640e+00 7.050500e-01 -0.000000e+00 -2.260000e-03
0.000000e+00 1.061500e+01 1.101640e+00 7.050500e-01 -0.000000e+00 -2.260000e-03
0.000000e+00 1.067000e+01 1.101640e+00 7.050500e-01 -0.000000e+00 -2.260000e-03
0.000000e+00 1.072500e+01 1.101640e+00 7.050500e-01 -0.000000e+00 -2.260000e-03
0.000000e+00 1.078000e+01 1.101640e+00 7.050500e-01 -0.000000e+00 -2.260000e-03
0.000000e+00 1.083500e+01 1.101640e+00 7.050500e-01 -0.000000e+00 -2.260000e-03
0.000000e+00 1.089000e+01 1.101640e+00 7.050500e-01 -0.000000e+00 -2.260000e-03
0.000000e+00 1.094500e+01 1.101640e+00 7.050500e-01 -0.000000e+00 -2.260000e-03
0.000000e+00 1.100000e+01 1.101640e+00 7.050500e-01 -0.000000e+00 -2.260000e-03
