#############TIME##################
2.160081e+01 
###################################
0.000000e+00 0.000000e+00 1.193615e+01 4.164951e+01 0.000000e+00 -1.501336e+00
0.000000e+00 5.500000e-02 1.193615e+01 4.164951e+01 0.000000e+00 -1.501336e+00
0.000000e+00 1.100000e-01 1.193628e+01 4.164984e+01 0.000000e+00 -1.501351e+00
0.000000e+00 1.650000e-01 9.096757e+00 2.385786e+01 0.000000e+00 -9.950776e-01
0.000000e+00 2.200000e-01 7.021239e+00 1.550547e+01 0.000000e+00 -8.176652e-01
0.000000e+00 2.750000e-01 5.711991e+00 1.104369e+01 0.000000e+00 -6.742316e-01
0.000000e+00 3.300000e-01 4.844962e+00 8.421899e+00 0.000000e+00 -5.690704e-01
0.000000e+00 3.850000e-01 4.231104e+00 6.746914e+00 0.000000e+00 -4.887730e-01
0.000000e+00 4.400000e-01 3.785426e+00 5.611871e+00 0.000000e+00 -4.254181e-01
0.000000e+00 4.950000e-01 3.446364e+00 4.797926e+00 0.000000e+00 -3.742580e-01
0.000000e+00 5.500000e-01 3.179276e+00 4.192594e+00 0.000000e+00 -3.329098e-01
0.000000e+00 6.050000e-01 2.963759e+00 3.726943e+00 0.000000e+00 -2.985741e-01
0.000000e+00 6.600000e-01 2.786881e+00 3.360124e+00 0.000000e+00 -2.697558e-01
0.000000e+00 7.150000e-01 2.638874e+00 3.064548e+00 0.000000e+00 -2.451573e-01
0.000000e+00 7.700000e-01 2.513358e+00 2.822317e+00 0.000000e+00 -2.240490e-01
0.000000e+00 8.250000e-01 2.405636e+00 2.620592e+00 0.000000e+00 -2.057756e-01
0.000000e+00 8.800000e-01 2.312358e+00 2.450427e+00 0.000000e+00 -1.899117e-01
0.000000e+00 9.350000e-01 2.231024e+00 2.305169e+00 0.000000e+00 -1.760612e-01
0.000000e+00 9.900000e-01 2.159840e+00 2.179939e+00 0.000000e+00 -1.638944e-01
0.000000e+00 1.045000e+00 2.097197e+00 2.070979e+00 0.000000e+00 -1.530759e-01
0.000000e+00 1.100000e+00 2.041347e+00 1.975400e+00 0.000000e+00 -1.433016e-01
0.000000e+00 1.155000e+00 1.990522e+00 1.890924e+00 0.000000e+00 -1.343153e-01
0.000000e+00 1.210000e+00 1.943458e+00 1.815760e+00 0.000000e+00 -1.259529e-01
0.000000e+00 1.265000e+00 1.899683e+00 1.748478e+00 0.000000e+00 -1.181438e-01
0.000000e+00 1.320000e+00 1.859153e+00 1.687936e+00 0.000000e+00 -1.108900e-01
0.000000e+00 1.375000e+00 1.821842e+00 1.633204e+00 0.000000e+00 -1.042225e-01
0.000000e+00 1.430000e+00 1.787709e+00 1.583510e+00 0.000000e+00 -9.816177e-02
0.000000e+00 1.485000e+00 1.756606e+00 1.538201e+00 0.000000e+00 -9.269050e-02
0.000000e+00 1.540000e+00 1.728163e+00 1.496728e+00 0.000000e+00 -8.775501e-02
0.000000e+00 1.595000e+00 1.701901e+00 1.458627e+00 0.000000e+00 -8.328662e-02
0.000000e+00 1.650000e+00 1.677429e+00 1.423496e+00 0.000000e+00 -7.922758e-02
0.000000e+00 1.705000e+00 1.654506e+00 1.390977e+00 0.000000e+00 -7.554312e-02
0.000000e+00 1.760000e+00 1.632992e+00 1.360756e+00 0.000000e+00 -7.221155e-02
0.000000e+00 1.815000e+00 1.612775e+00 1.332590e+00 0.000000e+00 -6.920209e-02
0.000000e+00 1.870000e+00 1.593754e+00 1.306306e+00 0.000000e+00 -6.646491e-02
0.000000e+00 1.925000e+00 1.575830e+00 1.281764e+00 0.000000e+00 -6.394854e-02
0.000000e+00 1.980000e+00 1.558878e+00 1.258787e+00 0.000000e+00 -6.163213e-02
0.000000e+00 2.035000e+00 1.542738e+00 1.237137e+00 0.000000e+00 -5.953705e-02
0.000000e+00 2.090000e+00 1.527266e+00 1.216590e+00 0.000000e+00 -5.768953e-02
0.000000e+00 2.145000e+00 1.512427e+00 1.197062e+00 0.000000e+00 -5.605356e-02
0.000000e+00 2.200000e+00 1.498328e+00 1.178643e+00 0.000000e+00 -5.450577e-02
0.000000e+00 2.255000e+00 1.485108e+00 1.161469e+00 0.000000e+00 -5.290425e-02
0.000000e+00 2.310000e+00 1.472776e+00 1.145503e+00 0.000000e+00 -5.120790e-02
0.000000e+00 2.365000e+00 1.461128e+00 1.130446e+00 0.000000e+00 -4.953429e-02
0.000000e+00 2.420000e+00 1.449847e+00 1.115877e+00 0.000000e+00 -4.809263e-02
0.000000e+00 2.475000e+00 1.438705e+00 1.101507e+00 0.000000e+00 -4.703463e-02
0.000000e+00 2.530000e+00 1.427719e+00 1.087381e+00 0.000000e+00 -4.632531e-02
0.000000e+00 2.585000e+00 1.417133e+00 1.073836e+00 0.000000e+00 -4.575777e-02
0.000000e+00 2.640000e+00 1.407200e+00 1.061213e+00 0.000000e+00 -4.510135e-02
0.000000e+00 2.695000e+00 1.398002e+00 1.049624e+00 0.000000e+00 -4.424503e-02
0.000000e+00 2.750000e+00 1.389415e+00 1.038911e+00 0.000000e+00 -4.323315e-02
0.000000e+00 2.805000e+00 1.381231e+00 1.028796e+00 0.000000e+00 -4.218924e-02
0.000000e+00 2.860000e+00 1.373303e+00 1.019065e+00 0.000000e+00 -4.121357e-02
0.000000e+00 2.915000e+00 1.365597e+00 1.009642e+00 0.000000e+00 -4.033218e-02
0.000000e+00 2.970000e+00 1.358167e+00 1.000560e+00 0.000000e+00 -3.951299e-02
0.000000e+00 3.025000e+00 1.351075e+00 9.918699e-01 0.000000e+00 -3.871505e-02
0.000000e+00 3.080000e+00 1.344335e+00 9.835823e-01 0.000000e+00 -3.792269e-02
0.000000e+00 3.135000e+00 1.337913e+00 9.756626e-01 0.000000e+00 -3.714638e-02
0.000000e+00 3.190000e+00 1.331747e+00 9.680572e-01 0.000000e+00 -3.640530e-02
0.000000e+00 3.245000e+00 1.325769e+00 9.607151e-01 0.000000e+00 -3.571368e-02
0.000000e+00 3.300000e+00 1.319927e+00 9.535960e-01 0.000000e+00 -3.507768e-02
0.000000e+00 3.355000e+00 1.314187e+00 9.466739e-01 0.000000e+00 -3.449641e-02
0.000000e+00 3.410000e+00 1.308547e+00 9.399438e-01 0.000000e+00 -3.396065e-02
0.000000e+00 3.465000e+00 1.303037e+00 9.334226e-01 0.000000e+00 -3.345193e-02
0.000000e+00 3.520000e+00 1.297702e+00 9.271374e-01 0.000000e+00 -3.294805e-02
0.000000e+00 3.575000e+00 1.292578e+00 9.211011e-01 0.000000e+00 -3.243531e-02
0.000000e+00 3.630000e+00 1.287667e+00 9.152935e-01 0.000000e+00 -3.191893e-02
0.000000e+00 3.685000e+00 1.282934e+00 9.096638e-01 0.000000e+00 -3.142212e-02
0.000000e+00 3.740000e+00 1.278328e+00 9.041563e-01 0.000000e+00 -3.097216e-02
0.000000e+00 3.795000e+00 1.273809e+00 8.987433e-01 0.000000e+00 -3.058218e-02
0.000000e+00 3.850000e+00 1.269371e+00 8.934422e-01 0.000000e+00 -3.024113e-02
0.000000e+00 3.905000e+00 1.265041e+00 8.883068e-01 0.000000e+00 -2.991822e-02
0.000000e+00 3.960000e+00 1.260864e+00 8.834015e-01 0.000000e+00 -2.957707e-02
0.000000e+00 4.015000e+00 1.256882e+00 8.787749e-01 0.000000e+00 -2.918974e-02
0.000000e+00 4.070000e+00 1.253123e+00 8.744423e-01 0.000000e+00 -2.874493e-02
0.000000e+00 4.125000e+00 1.249587e+00 8.703807e-01 0.000000e+00 -2.824983e-02
0.000000e+00 4.180000e+00 1.246242e+00 8.665324e-01 0.000000e+00 -2.772748e-02
0.000000e+00 4.235000e+00 1.243035e+00 8.628175e-01 0.000000e+00 -2.721083e-02
0.000000e+00 4.290000e+00 1.239896e+00 8.591534e-01 0.000000e+00 -2.673432e-02
0.000000e+00 4.345000e+00 1.236758e+00 8.554733e-01 0.000000e+00 -2.632483e-02
0.000000e+00 4.400000e+00 1.233575e+00 8.517440e-01 0.000000e+00 -2.599412e-02
0.000000e+00 4.455000e+00 1.230338e+00 8.479758e-01 0.000000e+00 -2.573464e-02
0.000000e+00 4.510000e+00 1.227079e+00 8.442197e-01 0.000000e+00 -2.552125e-02
0.000000e+00 4.565000e+00 1.223864e+00 8.405507e-01 0.000000e+00 -2.531936e-02
0.000000e+00 4.620000e+00 1.220766e+00 8.370433e-01 0.000000e+00 -2.509583e-02
0.000000e+00 4.675000e+00 1.217850e+00 8.337507e-01 0.000000e+00 -2.482775e-02
0.000000e+00 4.730000e+00 1.215148e+00 8.306898e-01 0.000000e+00 -2.450725e-02
0.000000e+00 4.785000e+00 1.212649e+00 8.278384e-01 0.000000e+00 -2.414194e-02
0.000000e+00 4.840000e+00 1.210308e+00 8.251430e-01 0.000000e+00 -2.375122e-02
0.000000e+00 4.895000e+00 1.208054e+00 8.225347e-01 0.000000e+00 -2.335939e-02
0.000000e+00 4.950000e+00 1.205817e+00 8.199503e-01 0.000000e+00 -2.298786e-02
0.000000e+00 5.005000e+00 1.203544e+00 8.173488e-01 0.000000e+00 -2.264916e-02
0.000000e+00 5.060000e+00 1.201222e+00 8.147209e-01 0.000000e+00 -2.234461e-02
0.000000e+00 5.115000e+00 1.198869e+00 8.120881e-01 0.000000e+00 -2.206603e-02
0.000000e+00 5.170000e+00 1.196534e+00 8.094917e-01 0.000000e+00 -2.179996e-02
0.000000e+00 5.225000e+00 1.194273e+00 8.069781e-01 0.000000e+00 -2.153220e-02
0.000000e+00 5.280000e+00 1.192130e+00 8.045833e-01 0.000000e+00 -2.125130e-02
0.000000e+00 5.335000e+00 1.190125e+00 8.023200e-01 0.000000e+00 -2.095162e-02
0.000000e+00 5.390000e+00 1.188239e+00 8.001705e-01 0.000000e+00 -2.063549e-02
0.000000e+00 5.445000e+00 1.186422e+00 7.980887e-01 0.000000e+00 -2.031353e-02
0.000000e+00 5.500000e+00 1.184603e+00 7.960097e-01 0.000000e+00 -2.000321e-02
0.000000e+00 5.555000e+00 1.182707e+00 7.938628e-01 0.000000e+00 -1.972647e-02
0.000000e+00 5.610000e+00 1.180674e+00 7.915875e-01 0.000000e+00 -1.950649e-02
0.000000e+00 5.665000e+00 1.178476e+00 7.891508e-01 0.000000e+00 -1.936329e-02
0.000000e+00 5.720000e+00 1.176130e+00 7.865624e-01 0.000000e+00 -1.930779e-02
0.000000e+00 5.775000e+00 1.173697e+00 7.838775e-01 0.000000e+00 -1.933615e-02
0.000000e+00 5.830000e+00 1.171263e+00 7.811818e-01 0.000000e+00 -1.942793e-02
0.000000e+00 5.885000e+00 1.168915e+00 7.785654e-01 0.000000e+00 -1.954824e-02
0.000000e+00 5.940000e+00 1.166721e+00 7.761050e-01 0.000000e+00 -1.965168e-02
0.000000e+00 5.995000e+00 1.164724e+00 7.738568e-01 0.000000e+00 -1.969009e-02
0.000000e+00 6.050000e+00 1.162945e+00 7.718556e-01 0.000000e+00 -1.962460e-02
0.000000e+00 6.105000e+00 1.161386e+00 7.701142e-01 0.000000e+00 -1.943678e-02
0.000000e+00 6.160000e+00 1.160032e+00 7.686186e-01 0.000000e+00 -1.913417e-02
0.000000e+00 6.215000e+00 1.158843e+00 7.673232e-01 0.000000e+00 -1.874702e-02
0.000000e+00 6.270000e+00 1.157764e+00 7.661561e-01 0.000000e+00 -1.831705e-02
0.000000e+00 6.325000e+00 1.156727e+00 7.650333e-01 0.000000e+00 -1.788548e-02
0.000000e+00 6.380000e+00 1.155664e+00 7.638708e-01 0.000000e+00 -1.748723e-02
0.000000e+00 6.435000e+00 1.154518e+00 7.626000e-01 0.000000e+00 -1.714930e-02
0.000000e+00 6.490000e+00 1.153248e+00 7.611798e-01 0.000000e+00 -1.688904e-02
0.000000e+00 6.545000e+00 1.151842e+00 7.596048e-01 0.000000e+00 -1.671113e-02
0.000000e+00 6.600000e+00 1.150318e+00 7.579047e-01 0.000000e+00 -1.660519e-02
0.000000e+00 6.655000e+00 1.148720e+00 7.561357e-01 0.000000e+00 -1.654750e-02
0.000000e+00 6.710000e+00 1.147105e+00 7.543645e-01 0.000000e+00 -1.650747e-02
0.000000e+00 6.765000e+00 1.145529e+00 7.526518e-01 0.000000e+00 -1.645551e-02
0.000000e+00 6.820000e+00 1.144039e+00 7.510389e-01 0.000000e+00 -1.636963e-02
0.000000e+00 6.875000e+00 1.142652e+00 7.495371e-01 0.000000e+00 -1.624077e-02
0.000000e+00 6.930000e+00 1.141356e+00 7.481247e-01 0.000000e+00 -1.607552e-02
0.000000e+00 6.985000e+00 1.140110e+00 7.467563e-01 0.000000e+00 -1.589433e-02
0.000000e+00 7.040000e+00 1.138865e+00 7.453786e-01 0.000000e+00 -1.572528e-02
0.000000e+00 7.095000e+00 1.137575e+00 7.439496e-01 0.000000e+00 -1.559465e-02
0.000000e+00 7.150000e+00 1.136222e+00 7.424559e-01 0.000000e+00 -1.551631e-02
0.000000e+00 7.205000e+00 1.134821e+00 7.409215e-01 0.000000e+00 -1.548436e-02
0.000000e+00 7.260000e+00 1.133423e+00 7.394028e-01 0.000000e+00 -1.547325e-02
0.000000e+00 7.315000e+00 1.132097e+00 7.379734e-01 0.000000e+00 -1.544500e-02
0.000000e+00 7.370000e+00 1.130916e+00 7.367047e-01 0.000000e+00 -1.535946e-02
0.000000e+00 7.425000e+00 1.129930e+00 7.356454e-01 0.000000e+00 -1.518585e-02
0.000000e+00 7.480000e+00 1.129149e+00 7.348001e-01 0.000000e+00 -1.491436e-02
0.000000e+00 7.535000e+00 1.128526e+00 7.341174e-01 0.000000e+00 -1.456345e-02
0.000000e+00 7.590000e+00 1.127972e+00 7.335017e-01 0.000000e+00 -1.417592e-02
0.000000e+00 7.645000e+00 1.127374e+00 7.328373e-01 0.000000e+00 -1.380758e-02
0.000000e+00 7.700000e+00 1.126622e+00 7.320109e-01 0.000000e+00 -1.351637e-02
0.000000e+00 7.755000e+00 1.125633e+00 7.309359e-01 0.000000e+00 -1.335057e-02
0.000000e+00 7.810000e+00 1.124379e+00 7.295836e-01 0.000000e+00 -1.333225e-02
0.000000e+00 7.865000e+00 1.122914e+00 7.280101e-01 0.000000e+00 -1.344128e-02
0.000000e+00 7.920000e+00 1.121363e+00 7.263445e-01 0.000000e+00 -1.361808e-02
0.000000e+00 7.975000e+00 1.119876e+00 7.247444e-01 0.000000e+00 -1.378344e-02
0.000000e+00 8.030000e+00 1.118598e+00 7.233640e-01 0.000000e+00 -1.385767e-02
0.000000e+00 8.085000e+00 1.117641e+00 7.223229e-01 0.000000e+00 -1.377702e-02
0.000000e+00 8.140000e+00 1.117048e+00 7.216705e-01 0.000000e+00 -1.351244e-02
0.000000e+00 8.195000e+00 1.116760e+00 7.213480e-01 0.000000e+00 -1.308926e-02
0.000000e+00 8.250000e+00 1.116631e+00 7.212032e-01 0.000000e+00 -1.258069e-02
0.000000e+00 8.305000e+00 1.116490e+00 7.210520e-01 0.000000e+00 -1.207637e-02
0.000000e+00 8.360000e+00 1.116167e+00 7.207130e-01 0.000000e+00 -1.166238e-02
0.000000e+00 8.415000e+00 1.115533e+00 7.200412e-01 0.000000e+00 -1.140954e-02
0.000000e+00 8.470000e+00 1.114527e+00 7.189674e-01 0.000000e+00 -1.135488e-02
0.000000e+00 8.525000e+00 1.113204e+00 7.175469e-01 0.000000e+00 -1.147826e-02
0.000000e+00 8.580000e+00 1.111720e+00 7.159477e-01 0.000000e+00 -1.170634e-02
0.000000e+00 8.635000e+00 1.110263e+00 7.143729e-01 0.000000e+00 -1.194516e-02
0.000000e+00 8.690000e+00 1.109008e+00 7.130156e-01 0.000000e+00 -1.210403e-02
0.000000e+00 8.745000e+00 1.108089e+00 7.120227e-01 0.000000e+00 -1.210952e-02
0.000000e+00 8.800000e+00 1.107560e+00 7.114559e-01 0.000000e+00 -1.192414e-02
0.000000e+00 8.855000e+00 1.107360e+00 7.112473e-01 0.000000e+00 -1.156958e-02
0.000000e+00 8.910000e+00 1.107330e+00 7.112237e-01 0.000000e+00 -1.111838e-02
0.000000e+00 8.965000e+00 1.107284e+00 7.111832e-01 0.000000e+00 -1.065778e-02
0.000000e+00 9.020000e+00 1.107047e+00 7.109346e-01 0.000000e+00 -1.027246e-02
0.000000e+00 9.075000e+00 1.106488e+00 7.103352e-01 0.000000e+00 -1.003485e-02
0.000000e+00 9.130000e+00 1.105561e+00 7.093367e-01 0.000000e+00 -9.982531e-03
0.000000e+00 9.185000e+00 1.104343e+00 7.080251e-01 0.000000e+00 -1.009520e-02
0.000000e+00 9.240000e+00 1.103003e+00 7.065861e-01 0.000000e+00 -1.030227e-02
0.000000e+00 9.295000e+00 1.101733e+00 7.052266e-01 0.000000e+00 -1.050837e-02
0.000000e+00 9.350000e+00 1.100698e+00 7.041219e-01 0.000000e+00 -1.061131e-02
0.000000e+00 9.405000e+00 1.100000e+00 7.033799e-01 0.000000e+00 -1.051924e-02
0.000000e+00 9.460000e+00 1.099642e+00 7.029995e-01 0.000000e+00 -1.019092e-02
0.000000e+00 9.515000e+00 1.099509e+00 7.028575e-01 0.000000e+00 -9.673225e-03
0.000000e+00 9.570000e+00 1.099431e+00 7.027794e-01 0.000000e+00 -9.080426e-03
0.000000e+00 9.625000e+00 1.099254e+00 7.026016e-01 0.000000e+00 -8.552578e-03
0.000000e+00 9.680000e+00 1.098873e+00 7.022108e-01 0.000000e+00 -8.210068e-03
0.000000e+00 9.735000e+00 1.098250e+00 7.015619e-01 0.000000e+00 -8.114262e-03
0.000000e+00 9.790000e+00 1.097436e+00 7.007005e-01 0.000000e+00 -8.236111e-03
0.000000e+00 9.845000e+00 1.096539e+00 6.997348e-01 0.000000e+00 -8.479681e-03
0.000000e+00 9.900000e+00 1.095672e+00 6.987820e-01 0.000000e+00 -8.737078e-03
0.000000e+00 9.955000e+00 1.094958e+00 6.979740e-01 0.000000e+00 -8.895233e-03
0.000000e+00 1.001000e+01 1.101640e+00 7.050500e-01 -0.000000e+00 -2.260000e-03
0.000000e+00 1.006500e+01 1.101640e+00 7.050500e-01 -0.000000e+00 -2.260000e-03
0.000000e+00 1.012000e+01 1.101640e+00 7.050500e-01 -0.000000e+00 -2.260000e-03
0.000000e+00 1.017500e+01 1.101640e+00 7.050500e-01 -0.000000e+00 -2.260000e-03
0.000000e+00 1.023000e+01 1.101640e+00 7.050500e-01 -0.000000e+00 -2.260000e-03
0.000000e+00 1.028500e+01 1.101640e+00 7.050500e-01 -0.000000e+00 -2.260000e-03
0.000000e+00 1.034000e+01 1.101640e+00 7.050500e-01 -0.000000e+00 -2.260000e-03
0.000000e+00 1.039500e+01 1.101640e+00 7.050500e-01 -0.000000e+00 -2.260000e-03
0.000000e+00 1.045000e+01 1.101640e+00 7.050500e-01 -0.000000e+00 -2.260000e-03
0.000000e+00 1.050500e+01 1.101640e+00 7.050500e-01 -0.000000e+00 -2.260000e-03
0.000000e+00 1.056000e+01 1.101640e+00 7.050500e-01 -0.000000e+00 -2.260000e-03
0.000000e+00 1.061500e+01 1.101640e+00 7.050500e-01 -0.000000e+00 -2.260000e-03
0.000000e+00 1.067000e+01 1.101640e+00 7.050500e-01 -0.000000e+00 -2.260000e-03
0.000000e+00 1.072500e+01 1.101640e+00 7.050500e-01 -0.000000e+00 -2.260000e-03
0.000000e+00 1.078000e+01 1.101640e+00 7.050500e-01 -0.000000e+00 -2.260000e-03
0.000000e+00 1.083500e+01 1.101640e+00 7.050500e-01 -0.000000e+00 -2.260000e-03
0.000000e+00 1.089000e+01 1.101640e+00 7.050500e-01 -0.000000e+00 -2.260000e-03
0.000000e+00 1.094500e+01 1.101640e+00 7.050500e-01 -0.000000e+00 -2.260000e-03
0.000000e+00 1.100000e+01 1.101640e+00 7.050500e-01 -0.000000e+00 -2.260000e-03
