#############TIME##################
1.680384e+01 
###################################
0.000000e+00 0.000000e+00 1.179312e+01 4.085383e+01 0.000000e+00 -1.505165e+00
0.000000e+00 5.500000e-02 1.179312e+01 4.085383e+01 0.000000e+00 -1.505165e+00
0.000000e+00 1.100000e-01 1.179304e+01 4.085335e+01 0.000000e+00 -1.505167e+00
0.000000e+00 1.650000e-01 8.979043e+00 2.331304e+01 0.000000e+00 -1.002340e+00
0.000000e+00 2.200000e-01 6.923502e+00 1.508390e+01 0.000000e+00 -8.290953e-01
0.000000e+00 2.750000e-01 5.638100e+00 1.071156e+01 0.000000e+00 -6.895556e-01
0.000000e+00 3.300000e-01 4.784865e+00 8.146336e+00 0.000000e+00 -5.858714e-01
0.000000e+00 3.850000e-01 4.177070e+00 6.509760e+00 0.000000e+00 -5.047279e-01
0.000000e+00 4.400000e-01 3.731772e+00 5.402104e+00 0.000000e+00 -4.393608e-01
0.000000e+00 4.950000e-01 3.390912e+00 4.608779e+00 0.000000e+00 -3.857522e-01
0.000000e+00 5.500000e-01 3.121671e+00 4.019516e+00 0.000000e+00 -3.419871e-01
0.000000e+00 6.050000e-01 2.904074e+00 3.566764e+00 0.000000e+00 -3.055108e-01
0.000000e+00 6.600000e-01 2.725403e+00 3.210548e+00 0.000000e+00 -2.749664e-01
0.000000e+00 7.150000e-01 2.576138e+00 2.923863e+00 0.000000e+00 -2.490881e-01
0.000000e+00 7.700000e-01 2.450037e+00 2.689181e+00 0.000000e+00 -2.270846e-01
0.000000e+00 8.250000e-01 2.342466e+00 2.493939e+00 0.000000e+00 -2.081860e-01
0.000000e+00 8.800000e-01 2.249914e+00 2.329369e+00 0.000000e+00 -1.918378e-01
0.000000e+00 9.350000e-01 2.169397e+00 2.188967e+00 0.000000e+00 -1.775247e-01
0.000000e+00 9.900000e-01 2.098450e+00 2.067978e+00 0.000000e+00 -1.648281e-01
0.000000e+00 1.045000e+00 2.034953e+00 1.962764e+00 0.000000e+00 -1.533793e-01
0.000000e+00 1.100000e+00 1.977179e+00 1.870544e+00 0.000000e+00 -1.429193e-01
0.000000e+00 1.155000e+00 1.924052e+00 1.789143e+00 0.000000e+00 -1.333128e-01
0.000000e+00 1.210000e+00 1.875399e+00 1.716854e+00 0.000000e+00 -1.245450e-01
0.000000e+00 1.265000e+00 1.831526e+00 1.652287e+00 0.000000e+00 -1.166403e-01
0.000000e+00 1.320000e+00 1.792414e+00 1.594294e+00 0.000000e+00 -1.095773e-01
0.000000e+00 1.375000e+00 1.757392e+00 1.541930e+00 0.000000e+00 -1.032589e-01
0.000000e+00 1.430000e+00 1.725600e+00 1.494430e+00 0.000000e+00 -9.753926e-02
0.000000e+00 1.485000e+00 1.696358e+00 1.451173e+00 0.000000e+00 -9.226853e-02
0.000000e+00 1.540000e+00 1.669149e+00 1.411637e+00 0.000000e+00 -8.733029e-02
0.000000e+00 1.595000e+00 1.643611e+00 1.375371e+00 0.000000e+00 -8.266050e-02
0.000000e+00 1.650000e+00 1.619563e+00 1.341982e+00 0.000000e+00 -7.824229e-02
0.000000e+00 1.705000e+00 1.596966e+00 1.311139e+00 0.000000e+00 -7.407847e-02
0.000000e+00 1.760000e+00 1.575815e+00 1.282576e+00 0.000000e+00 -7.016349e-02
0.000000e+00 1.815000e+00 1.556060e+00 1.256068e+00 0.000000e+00 -6.648232e-02
0.000000e+00 1.870000e+00 1.537601e+00 1.231411e+00 0.000000e+00 -6.302782e-02
0.000000e+00 1.925000e+00 1.520318e+00 1.208410e+00 0.000000e+00 -5.980614e-02
0.000000e+00 1.980000e+00 1.504095e+00 1.186893e+00 0.000000e+00 -5.682499e-02
0.000000e+00 2.035000e+00 1.488834e+00 1.166721e+00 0.000000e+00 -5.408010e-02
0.000000e+00 2.090000e+00 1.474451e+00 1.147786e+00 0.000000e+00 -5.155239e-02
0.000000e+00 2.145000e+00 1.460860e+00 1.129999e+00 0.000000e+00 -4.921645e-02
0.000000e+00 2.200000e+00 1.447973e+00 1.113268e+00 0.000000e+00 -4.705073e-02
0.000000e+00 2.255000e+00 1.435698e+00 1.097490e+00 0.000000e+00 -4.503969e-02
0.000000e+00 2.310000e+00 1.423958e+00 1.082565e+00 0.000000e+00 -4.316707e-02
0.000000e+00 2.365000e+00 1.412707e+00 1.068413e+00 0.000000e+00 -4.140862e-02
0.000000e+00 2.420000e+00 1.401936e+00 1.054981e+00 0.000000e+00 -3.973357e-02
0.000000e+00 2.475000e+00 1.391660e+00 1.042235e+00 0.000000e+00 -3.811538e-02
0.000000e+00 2.530000e+00 1.381894e+00 1.030148e+00 0.000000e+00 -3.654338e-02
0.000000e+00 2.585000e+00 1.372637e+00 1.018679e+00 0.000000e+00 -3.502540e-02
0.000000e+00 2.640000e+00 1.363860e+00 1.007779e+00 0.000000e+00 -3.357816e-02
0.000000e+00 2.695000e+00 1.355513e+00 9.973940e-01 0.000000e+00 -3.221183e-02
0.000000e+00 2.750000e+00 1.347536e+00 9.874786e-01 0.000000e+00 -3.091985e-02
0.000000e+00 2.805000e+00 1.339877e+00 9.780052e-01 0.000000e+00 -2.968188e-02
0.000000e+00 2.860000e+00 1.332501e+00 9.689624e-01 0.000000e+00 -2.847795e-02
0.000000e+00 2.915000e+00 1.325392e+00 9.603468e-01 0.000000e+00 -2.730346e-02
0.000000e+00 2.970000e+00 1.318551e+00 9.521496e-01 0.000000e+00 -2.617323e-02
0.000000e+00 3.025000e+00 1.311979e+00 9.443455e-01 0.000000e+00 -2.511018e-02
0.000000e+00 3.080000e+00 1.305669e+00 9.368853e-01 0.000000e+00 -2.412546e-02
0.000000e+00 3.135000e+00 1.299596e+00 9.297000e-01 0.000000e+00 -2.320512e-02
0.000000e+00 3.190000e+00 1.293725e+00 9.227185e-01 0.000000e+00 -2.231575e-02
0.000000e+00 3.245000e+00 1.288027e+00 9.158975e-01 0.000000e+00 -2.142890e-02
0.000000e+00 3.300000e+00 1.282500e+00 9.092486e-01 0.000000e+00 -2.054910e-02
0.000000e+00 3.355000e+00 1.277183e+00 9.028461e-01 0.000000e+00 -1.972489e-02
0.000000e+00 3.410000e+00 1.272142e+00 8.968045e-01 0.000000e+00 -1.903173e-02
0.000000e+00 3.465000e+00 1.267441e+00 8.912233e-01 0.000000e+00 -1.852842e-02
0.000000e+00 3.520000e+00 1.263074e+00 8.861074e-01 0.000000e+00 -1.820270e-02
0.000000e+00 3.575000e+00 1.258932e+00 8.813184e-01 0.000000e+00 -1.794527e-02
0.000000e+00 3.630000e+00 1.254827e+00 8.766125e-01 0.000000e+00 -1.758788e-02
0.000000e+00 3.685000e+00 1.250592e+00 8.717618e-01 0.000000e+00 -1.699453e-02
0.000000e+00 3.740000e+00 1.246196e+00 8.667050e-01 0.000000e+00 -1.615333e-02
0.000000e+00 3.795000e+00 1.241789e+00 8.615960e-01 0.000000e+00 -1.519708e-02
0.000000e+00 3.850000e+00 1.237624e+00 8.567306e-01 0.000000e+00 -1.434256e-02
0.000000e+00 3.905000e+00 1.233961e+00 8.524195e-01 0.000000e+00 -1.380470e-02
0.000000e+00 3.960000e+00 1.230919e+00 8.488232e-01 0.000000e+00 -1.369250e-02
0.000000e+00 4.015000e+00 1.228358e+00 8.458052e-01 0.000000e+00 -1.392120e-02
0.000000e+00 4.070000e+00 1.225955e+00 8.430135e-01 0.000000e+00 -1.426183e-02
0.000000e+00 4.125000e+00 1.223382e+00 8.400753e-01 0.000000e+00 -1.447666e-02
0.000000e+00 4.180000e+00 1.220479e+00 8.367977e-01 0.000000e+00 -1.444499e-02
0.000000e+00 4.235000e+00 1.217345e+00 8.332743e-01 0.000000e+00 -1.422235e-02
0.000000e+00 4.290000e+00 1.214225e+00 8.297568e-01 0.000000e+00 -1.396103e-02
0.000000e+00 4.345000e+00 1.211329e+00 8.264681e-01 0.000000e+00 -1.379279e-02
0.000000e+00 4.400000e+00 1.208723e+00 8.234736e-01 0.000000e+00 -1.375198e-02
0.000000e+00 4.455000e+00 1.206306e+00 8.206697e-01 0.000000e+00 -1.376945e-02
0.000000e+00 4.510000e+00 1.203919e+00 8.178961e-01 0.000000e+00 -1.374260e-02
0.000000e+00 4.565000e+00 1.201460e+00 8.150617e-01 0.000000e+00 -1.360952e-02
0.000000e+00 4.620000e+00 1.198937e+00 8.121919e-01 0.000000e+00 -1.337478e-02
0.000000e+00 4.675000e+00 1.196429e+00 8.093785e-01 0.000000e+00 -1.308324e-02
0.000000e+00 4.730000e+00 1.194015e+00 8.066980e-01 0.000000e+00 -1.278217e-02
0.000000e+00 4.785000e+00 1.191731e+00 8.041701e-01 0.000000e+00 -1.250533e-02
0.000000e+00 4.840000e+00 1.189575e+00 8.017693e-01 0.000000e+00 -1.227725e-02
0.000000e+00 4.895000e+00 1.187529e+00 7.994632e-01 0.000000e+00 -1.212052e-02
0.000000e+00 4.950000e+00 1.185578e+00 7.972356e-01 0.000000e+00 -1.204973e-02
0.000000e+00 5.005000e+00 1.183705e+00 7.950838e-01 0.000000e+00 -1.205809e-02
0.000000e+00 5.060000e+00 1.181890e+00 7.930049e-01 0.000000e+00 -1.211360e-02
0.000000e+00 5.115000e+00 1.180108e+00 7.909883e-01 0.000000e+00 -1.217198e-02
0.000000e+00 5.170000e+00 1.178340e+00 7.890205e-01 0.000000e+00 -1.219834e-02
0.000000e+00 5.225000e+00 1.176582e+00 7.870918e-01 0.000000e+00 -1.217991e-02
0.000000e+00 5.280000e+00 1.174843e+00 7.851962e-01 0.000000e+00 -1.212101e-02
0.000000e+00 5.335000e+00 1.173133e+00 7.833275e-01 0.000000e+00 -1.202768e-02
0.000000e+00 5.390000e+00 1.171461e+00 7.814785e-01 0.000000e+00 -1.189710e-02
0.000000e+00 5.445000e+00 1.169828e+00 7.796468e-01 0.000000e+00 -1.172007e-02
0.000000e+00 5.500000e+00 1.168237e+00 7.778414e-01 0.000000e+00 -1.149272e-02
0.000000e+00 5.555000e+00 1.166694e+00 7.760817e-01 0.000000e+00 -1.122714e-02
0.000000e+00 5.610000e+00 1.165200e+00 7.743873e-01 0.000000e+00 -1.095274e-02
0.000000e+00 5.665000e+00 1.163752e+00 7.727657e-01 0.000000e+00 -1.070675e-02
0.000000e+00 5.720000e+00 1.162335e+00 7.712036e-01 0.000000e+00 -1.051894e-02
0.000000e+00 5.775000e+00 1.160926e+00 7.696711e-01 0.000000e+00 -1.039908e-02
0.000000e+00 5.830000e+00 1.159508e+00 7.681361e-01 0.000000e+00 -1.033493e-02
0.000000e+00 5.885000e+00 1.158082e+00 7.665842e-01 0.000000e+00 -1.030137e-02
0.000000e+00 5.940000e+00 1.156669e+00 7.650293e-01 0.000000e+00 -1.027471e-02
0.000000e+00 5.995000e+00 1.155304e+00 7.635071e-01 0.000000e+00 -1.024319e-02
0.000000e+00 6.050000e+00 1.154016e+00 7.620557e-01 0.000000e+00 -1.020725e-02
0.000000e+00 6.105000e+00 1.152812e+00 7.606943e-01 0.000000e+00 -1.016963e-02
0.000000e+00 6.160000e+00 1.151670e+00 7.594124e-01 0.000000e+00 -1.012384e-02
0.000000e+00 6.215000e+00 1.150551e+00 7.581744e-01 0.000000e+00 -1.005171e-02
0.000000e+00 6.270000e+00 1.149413e+00 7.569361e-01 0.000000e+00 -9.933680e-03
0.000000e+00 6.325000e+00 1.148231e+00 7.556630e-01 0.000000e+00 -9.764477e-03
0.000000e+00 6.380000e+00 1.147001e+00 7.543401e-01 0.000000e+00 -9.561553e-03
0.000000e+00 6.435000e+00 1.145739e+00 7.529725e-01 0.000000e+00 -9.358891e-03
0.000000e+00 6.490000e+00 1.144468e+00 7.515791e-01 0.000000e+00 -9.190041e-03
0.000000e+00 6.545000e+00 1.143214e+00 7.501873e-01 0.000000e+00 -9.071437e-03
0.000000e+00 6.600000e+00 1.141997e+00 7.488267e-01 0.000000e+00 -8.995604e-03
0.000000e+00 6.655000e+00 1.140834e+00 7.475259e-01 0.000000e+00 -8.936770e-03
0.000000e+00 6.710000e+00 1.139736e+00 7.463069e-01 0.000000e+00 -8.863970e-03
0.000000e+00 6.765000e+00 1.138708e+00 7.451805e-01 0.000000e+00 -8.753664e-03
0.000000e+00 6.820000e+00 1.137746e+00 7.441419e-01 0.000000e+00 -8.596376e-03
0.000000e+00 6.875000e+00 1.136836e+00 7.431698e-01 0.000000e+00 -8.397082e-03
0.000000e+00 6.930000e+00 1.135956e+00 7.422302e-01 0.000000e+00 -8.172273e-03
0.000000e+00 6.985000e+00 1.135082e+00 7.412876e-01 0.000000e+00 -7.946033e-03
0.000000e+00 7.040000e+00 1.134196e+00 7.403178e-01 0.000000e+00 -7.744842e-03
0.000000e+00 7.095000e+00 1.133292e+00 7.393166e-01 0.000000e+00 -7.589962e-03
0.000000e+00 7.150000e+00 1.132378e+00 7.382987e-01 0.000000e+00 -7.488921e-03
0.000000e+00 7.205000e+00 1.131468e+00 7.372878e-01 0.000000e+00 -7.430999e-03
0.000000e+00 7.260000e+00 1.130576e+00 7.363066e-01 0.000000e+00 -7.391049e-03
0.000000e+00 7.315000e+00 1.129714e+00 7.353714e-01 0.000000e+00 -7.341177e-03
0.000000e+00 7.370000e+00 1.128893e+00 7.344932e-01 0.000000e+00 -7.263784e-03
0.000000e+00 7.425000e+00 1.128125e+00 7.336769e-01 0.000000e+00 -7.157526e-03
0.000000e+00 7.480000e+00 1.127412e+00 7.329173e-01 0.000000e+00 -7.033047e-03
0.000000e+00 7.535000e+00 1.126740e+00 7.321941e-01 0.000000e+00 -6.903105e-03
0.000000e+00 7.590000e+00 1.126083e+00 7.314753e-01 0.000000e+00 -6.774848e-03
0.000000e+00 7.645000e+00 1.125409e+00 7.307300e-01 0.000000e+00 -6.648255e-03
0.000000e+00 7.700000e+00 1.124700e+00 7.299452e-01 0.000000e+00 -6.518945e-03
0.000000e+00 7.755000e+00 1.123965e+00 7.291355e-01 0.000000e+00 -6.381091e-03
0.000000e+00 7.810000e+00 1.123232e+00 7.283377e-01 0.000000e+00 -6.228400e-03
0.000000e+00 7.865000e+00 1.122541e+00 7.275948e-01 0.000000e+00 -6.054325e-03
0.000000e+00 7.920000e+00 1.121921e+00 7.269349e-01 0.000000e+00 -5.853254e-03
0.000000e+00 7.975000e+00 1.121376e+00 7.263577e-01 0.000000e+00 -5.623160e-03
0.000000e+00 8.030000e+00 1.120885e+00 7.258334e-01 0.000000e+00 -5.368936e-03
0.000000e+00 8.085000e+00 1.120408e+00 7.253172e-01 0.000000e+00 -5.104793e-03
0.000000e+00 8.140000e+00 1.119910e+00 7.247711e-01 0.000000e+00 -4.853283e-03
0.000000e+00 8.195000e+00 1.119376e+00 7.241811e-01 0.000000e+00 -4.638447e-03
0.000000e+00 8.250000e+00 1.118811e+00 7.235588e-01 0.000000e+00 -4.473717e-03
0.000000e+00 8.305000e+00 1.118232e+00 7.229283e-01 0.000000e+00 -4.351370e-03
0.000000e+00 8.360000e+00 1.117655e+00 7.223082e-01 0.000000e+00 -4.242368e-03
0.000000e+00 8.415000e+00 1.117086e+00 7.217040e-01 0.000000e+00 -4.109857e-03
0.000000e+00 8.470000e+00 1.116525e+00 7.211107e-01 0.000000e+00 -3.928403e-03
0.000000e+00 8.525000e+00 1.115970e+00 7.205206e-01 0.000000e+00 -3.694790e-03
0.000000e+00 8.580000e+00 1.115419e+00 7.199276e-01 0.000000e+00 -3.423525e-03
0.000000e+00 8.635000e+00 1.114870e+00 7.193289e-01 0.000000e+00 -3.133549e-03
0.000000e+00 8.690000e+00 1.114323e+00 7.187281e-01 0.000000e+00 -2.838079e-03
0.000000e+00 8.745000e+00 1.113786e+00 7.181401e-01 0.000000e+00 -2.542639e-03
0.000000e+00 8.800000e+00 1.113279e+00 7.175904e-01 0.000000e+00 -2.247423e-03
0.000000e+00 8.855000e+00 1.112827e+00 7.171069e-01 0.000000e+00 -1.948408e-03
0.000000e+00 8.910000e+00 1.112449e+00 7.167099e-01 0.000000e+00 -1.636523e-03
0.000000e+00 8.965000e+00 1.112154e+00 7.164048e-01 0.000000e+00 -1.298537e-03
0.000000e+00 9.020000e+00 1.111940e+00 7.161849e-01 0.000000e+00 -9.222606e-04
0.000000e+00 9.075000e+00 1.111797e+00 7.160358e-01 0.000000e+00 -5.041294e-04
0.000000e+00 9.130000e+00 1.111710e+00 7.159394e-01 0.000000e+00 -5.459204e-05
0.000000e+00 9.185000e+00 1.111657e+00 7.158748e-01 0.000000e+00 4.021843e-04
0.000000e+00 9.240000e+00 1.111614e+00 7.158183e-01 0.000000e+00 8.349824e-04
0.000000e+00 9.295000e+00 1.111555e+00 7.157468e-01 0.000000e+00 1.215979e-03
0.000000e+00 9.350000e+00 1.111462e+00 7.156436e-01 0.000000e+00 1.531486e-03
0.000000e+00 9.405000e+00 1.111328e+00 7.155021e-01 0.000000e+00 1.788351e-03
0.000000e+00 9.460000e+00 1.111156e+00 7.153238e-01 0.000000e+00 2.013341e-03
0.000000e+00 9.515000e+00 1.110952e+00 7.151092e-01 0.000000e+00 2.240989e-03
0.000000e+00 9.570000e+00 1.110712e+00 7.148508e-01 0.000000e+00 2.492388e-03
0.000000e+00 9.625000e+00 1.110420e+00 7.145345e-01 0.000000e+00 2.755225e-03
0.000000e+00 9.680000e+00 1.110054e+00 7.141452e-01 0.000000e+00 2.976902e-03
0.000000e+00 9.735000e+00 1.109609e+00 7.136858e-01 0.000000e+00 3.098476e-03
0.000000e+00 9.790000e+00 1.109098e+00 7.131674e-01 0.000000e+00 3.094234e-03
0.000000e+00 9.845000e+00 1.108576e+00 7.126299e-01 0.000000e+00 3.020276e-03
0.000000e+00 9.900000e+00 1.108092e+00 7.120921e-01 0.000000e+00 2.961248e-03
0.000000e+00 9.955000e+00 1.107710e+00 7.116001e-01 0.000000e+00 3.065784e-03
0.000000e+00 1.001000e+01 1.101640e+00 7.050500e-01 -0.000000e+00 -2.260000e-03
0.000000e+00 1.006500e+01 1.101640e+00 7.050500e-01 -0.000000e+00 -2.260000e-03
0.000000e+00 1.012000e+01 1.101640e+00 7.050500e-01 -0.000000e+00 -2.260000e-03
0.000000e+00 1.017500e+01 1.101640e+00 7.050500e-01 -0.000000e+00 -2.260000e-03
0.000000e+00 1.023000e+01 1.101640e+00 7.050500e-01 -0.000000e+00 -2.260000e-03
0.000000e+00 1.028500e+01 1.101640e+00 7.050500e-01 -0.000000e+00 -2.260000e-03
0.000000e+00 1.034000e+01 1.101640e+00 7.050500e-01 -0.000000e+00 -2.260000e-03
0.000000e+00 1.039500e+01 1.101640e+00 7.050500e-01 -0.000000e+00 -2.260000e-03
0.000000e+00 1.045000e+01 1.101640e+00 7.050500e-01 -0.000000e+00 -2.260000e-03
0.000000e+00 1.050500e+01 1.101640e+00 7.050500e-01 -0.000000e+00 -2.260000e-03
0.000000e+00 1.056000e+01 1.101640e+00 7.050500e-01 -0.000000e+00 -2.260000e-03
0.000000e+00 1.061500e+01 1.101640e+00 7.050500e-01 -0.000000e+00 -2.260000e-03
0.000000e+00 1.067000e+01 1.101640e+00 7.050500e-01 -0.000000e+00 -2.260000e-03
0.000000e+00 1.072500e+01 1.101640e+00 7.050500e-01 -0.000000e+00 -2.260000e-03
0.000000e+00 1.078000e+01 1.101640e+00 7.050500e-01 -0.000000e+00 -2.260000e-03
0.000000e+00 1.083500e+01 1.101640e+00 7.050500e-01 -0.000000e+00 -2.260000e-03
0.000000e+00 1.089000e+01 1.101640e+00 7.050500e-01 -0.000000e+00 -2.260000e-03
0.000000e+00 1.094500e+01 1.101640e+00 7.050500e-01 -0.000000e+00 -2.260000e-03
0.000000e+00 1.100000e+01 1.101640e+00 7.050500e-01 -0.000000e+00 -2.260000e-03
