#############TIME##################
1.410296e+01 
###################################
0.000000e+00 0.000000e+00 1.183283e+01 4.105964e+01 0.000000e+00 -1.506945e+00
0.000000e+00 5.500000e-02 1.183283e+01 4.105964e+01 0.000000e+00 -1.506945e+00
0.000000e+00 1.100000e-01 1.183274e+01 4.105911e+01 0.000000e+00 -1.506942e+00
0.000000e+00 1.650000e-01 9.004325e+00 2.345385e+01 0.000000e+00 -1.000167e+00
0.000000e+00 2.200000e-01 6.936341e+00 1.520467e+01 0.000000e+00 -8.223178e-01
0.000000e+00 2.750000e-01 5.634987e+00 1.080485e+01 0.000000e+00 -6.787889e-01
0.000000e+00 3.300000e-01 4.774104e+00 8.224100e+00 0.000000e+00 -5.734928e-01
0.000000e+00 3.850000e-01 4.164860e+00 6.577319e+00 0.000000e+00 -4.927877e-01
0.000000e+00 4.400000e-01 3.722813e+00 5.462472e+00 0.000000e+00 -4.291338e-01
0.000000e+00 4.950000e-01 3.386974e+00 4.663830e+00 0.000000e+00 -3.778436e-01
0.000000e+00 5.500000e-01 3.123098e+00 4.070457e+00 0.000000e+00 -3.365065e-01
0.000000e+00 6.050000e-01 2.911054e+00 3.614441e+00 0.000000e+00 -3.023415e-01
0.000000e+00 6.600000e-01 2.738112e+00 3.255475e+00 0.000000e+00 -2.738495e-01
0.000000e+00 7.150000e-01 2.594542e+00 2.966382e+00 0.000000e+00 -2.496508e-01
0.000000e+00 7.700000e-01 2.473471e+00 2.729524e+00 0.000000e+00 -2.288300e-01
0.000000e+00 8.250000e-01 2.369208e+00 2.532312e+00 0.000000e+00 -2.105178e-01
0.000000e+00 8.800000e-01 2.277387e+00 2.365993e+00 0.000000e+00 -1.941417e-01
0.000000e+00 9.350000e-01 2.195175e+00 2.224067e+00 0.000000e+00 -1.793125e-01
0.000000e+00 9.900000e-01 2.121329e+00 2.101753e+00 0.000000e+00 -1.658618e-01
0.000000e+00 1.045000e+00 2.055277e+00 1.995391e+00 0.000000e+00 -1.536966e-01
0.000000e+00 1.100000e+00 1.996426e+00 1.902185e+00 0.000000e+00 -1.427380e-01
0.000000e+00 1.155000e+00 1.943949e+00 1.819929e+00 0.000000e+00 -1.328721e-01
0.000000e+00 1.210000e+00 1.896893e+00 1.746858e+00 0.000000e+00 -1.239701e-01
0.000000e+00 1.265000e+00 1.854295e+00 1.681544e+00 0.000000e+00 -1.159041e-01
0.000000e+00 1.320000e+00 1.815306e+00 1.622845e+00 0.000000e+00 -1.085632e-01
0.000000e+00 1.375000e+00 1.779312e+00 1.569854e+00 0.000000e+00 -1.018604e-01
0.000000e+00 1.430000e+00 1.746012e+00 1.521827e+00 0.000000e+00 -9.573635e-02
0.000000e+00 1.485000e+00 1.715359e+00 1.478124e+00 0.000000e+00 -9.015276e-02
0.000000e+00 1.540000e+00 1.687304e+00 1.438181e+00 0.000000e+00 -8.507279e-02
0.000000e+00 1.595000e+00 1.661591e+00 1.401519e+00 0.000000e+00 -8.044375e-02
0.000000e+00 1.650000e+00 1.637810e+00 1.367752e+00 0.000000e+00 -7.619685e-02
0.000000e+00 1.705000e+00 1.615585e+00 1.336576e+00 0.000000e+00 -7.226179e-02
0.000000e+00 1.760000e+00 1.594676e+00 1.307735e+00 0.000000e+00 -6.858004e-02
0.000000e+00 1.815000e+00 1.574960e+00 1.280981e+00 0.000000e+00 -6.511075e-02
0.000000e+00 1.870000e+00 1.556360e+00 1.256065e+00 0.000000e+00 -6.183250e-02
0.000000e+00 1.925000e+00 1.538813e+00 1.232767e+00 0.000000e+00 -5.873594e-02
0.000000e+00 1.980000e+00 1.522272e+00 1.210926e+00 0.000000e+00 -5.581037e-02
0.000000e+00 2.035000e+00 1.506709e+00 1.190436e+00 0.000000e+00 -5.303984e-02
0.000000e+00 2.090000e+00 1.492096e+00 1.171216e+00 0.000000e+00 -5.041220e-02
0.000000e+00 2.145000e+00 1.478372e+00 1.153174e+00 0.000000e+00 -4.792851e-02
0.000000e+00 2.200000e+00 1.465440e+00 1.136198e+00 0.000000e+00 -4.560000e-02
0.000000e+00 2.255000e+00 1.453186e+00 1.120180e+00 0.000000e+00 -4.343392e-02
0.000000e+00 2.310000e+00 1.441512e+00 1.105033e+00 0.000000e+00 -4.142229e-02
0.000000e+00 2.365000e+00 1.430349e+00 1.090701e+00 0.000000e+00 -3.954428e-02
0.000000e+00 2.420000e+00 1.419661e+00 1.077143e+00 0.000000e+00 -3.777857e-02
0.000000e+00 2.475000e+00 1.409432e+00 1.064317e+00 0.000000e+00 -3.611203e-02
0.000000e+00 2.530000e+00 1.399663e+00 1.052174e+00 0.000000e+00 -3.453687e-02
0.000000e+00 2.585000e+00 1.390361e+00 1.040660e+00 0.000000e+00 -3.304263e-02
0.000000e+00 2.640000e+00 1.381523e+00 1.029715e+00 0.000000e+00 -3.161534e-02
0.000000e+00 2.695000e+00 1.373119e+00 1.019269e+00 0.000000e+00 -3.024623e-02
0.000000e+00 2.750000e+00 1.365094e+00 1.009249e+00 0.000000e+00 -2.893860e-02
0.000000e+00 2.805000e+00 1.357382e+00 9.996015e-01 0.000000e+00 -2.770143e-02
0.000000e+00 2.860000e+00 1.349936e+00 9.903150e-01 0.000000e+00 -2.653325e-02
0.000000e+00 2.915000e+00 1.342737e+00 9.814123e-01 0.000000e+00 -2.541316e-02
0.000000e+00 2.970000e+00 1.335783e+00 9.729174e-01 0.000000e+00 -2.431089e-02
0.000000e+00 3.025000e+00 1.329067e+00 9.648207e-01 0.000000e+00 -2.320885e-02
0.000000e+00 3.080000e+00 1.322573e+00 9.570752e-01 0.000000e+00 -2.211687e-02
0.000000e+00 3.135000e+00 1.316294e+00 9.496259e-01 0.000000e+00 -2.106673e-02
0.000000e+00 3.190000e+00 1.310248e+00 9.424444e-01 0.000000e+00 -2.009131e-02
0.000000e+00 3.245000e+00 1.304468e+00 9.355362e-01 0.000000e+00 -1.920481e-02
0.000000e+00 3.300000e+00 1.298976e+00 9.289166e-01 0.000000e+00 -1.839646e-02
0.000000e+00 3.355000e+00 1.293756e+00 9.225802e-01 0.000000e+00 -1.763772e-02
0.000000e+00 3.410000e+00 1.288746e+00 9.164924e-01 0.000000e+00 -1.689568e-02
0.000000e+00 3.465000e+00 1.283871e+00 9.106071e-01 0.000000e+00 -1.614572e-02
0.000000e+00 3.520000e+00 1.279080e+00 9.048930e-01 0.000000e+00 -1.537981e-02
0.000000e+00 3.575000e+00 1.274360e+00 8.993454e-01 0.000000e+00 -1.460813e-02
0.000000e+00 3.630000e+00 1.269734e+00 8.939754e-01 0.000000e+00 -1.385239e-02
0.000000e+00 3.685000e+00 1.265236e+00 8.887925e-01 0.000000e+00 -1.313279e-02
0.000000e+00 3.740000e+00 1.260898e+00 8.837950e-01 0.000000e+00 -1.245549e-02
0.000000e+00 3.795000e+00 1.256741e+00 8.789750e-01 0.000000e+00 -1.180986e-02
0.000000e+00 3.850000e+00 1.252774e+00 8.743287e-01 0.000000e+00 -1.117869e-02
0.000000e+00 3.905000e+00 1.248994e+00 8.698589e-01 0.000000e+00 -1.055361e-02
0.000000e+00 3.960000e+00 1.245382e+00 8.655664e-01 0.000000e+00 -9.942204e-03
0.000000e+00 4.015000e+00 1.241900e+00 8.614392e-01 0.000000e+00 -9.359798e-03
0.000000e+00 4.070000e+00 1.238502e+00 8.574513e-01 0.000000e+00 -8.812800e-03
0.000000e+00 4.125000e+00 1.235152e+00 8.535752e-01 0.000000e+00 -8.288754e-03
0.000000e+00 4.180000e+00 1.231842e+00 8.497975e-01 0.000000e+00 -7.762702e-03
0.000000e+00 4.235000e+00 1.228596e+00 8.461262e-01 0.000000e+00 -7.214543e-03
0.000000e+00 4.290000e+00 1.225459e+00 8.425819e-01 0.000000e+00 -6.642127e-03
0.000000e+00 4.345000e+00 1.222466e+00 8.391796e-01 0.000000e+00 -6.060152e-03
0.000000e+00 4.400000e+00 1.219623e+00 8.359129e-01 0.000000e+00 -5.489037e-03
0.000000e+00 4.455000e+00 1.216900e+00 8.327480e-01 0.000000e+00 -4.945405e-03
0.000000e+00 4.510000e+00 1.214233e+00 8.296338e-01 0.000000e+00 -4.440306e-03
0.000000e+00 4.565000e+00 1.211558e+00 8.265243e-01 0.000000e+00 -3.980822e-03
0.000000e+00 4.620000e+00 1.208840e+00 8.234026e-01 0.000000e+00 -3.568124e-03
0.000000e+00 4.675000e+00 1.206092e+00 8.202912e-01 0.000000e+00 -3.193096e-03
0.000000e+00 4.730000e+00 1.203362e+00 8.172379e-01 0.000000e+00 -2.836795e-03
0.000000e+00 4.785000e+00 1.200711e+00 8.142867e-01 0.000000e+00 -2.478642e-03
0.000000e+00 4.840000e+00 1.198175e+00 8.114547e-01 0.000000e+00 -2.106187e-03
0.000000e+00 4.895000e+00 1.195763e+00 8.087346e-01 0.000000e+00 -1.717409e-03
0.000000e+00 4.950000e+00 1.193472e+00 8.061183e-01 0.000000e+00 -1.313586e-03
0.000000e+00 5.005000e+00 1.191297e+00 8.036148e-01 0.000000e+00 -8.906669e-04
0.000000e+00 5.060000e+00 1.189236e+00 8.012432e-01 0.000000e+00 -4.388998e-04
0.000000e+00 5.115000e+00 1.187269e+00 7.990043e-01 0.000000e+00 4.760073e-05
0.000000e+00 5.170000e+00 1.185354e+00 7.968584e-01 0.000000e+00 5.591729e-04
0.000000e+00 5.225000e+00 1.183429e+00 7.947339e-01 0.000000e+00 1.067400e-03
0.000000e+00 5.280000e+00 1.181450e+00 7.925644e-01 0.000000e+00 1.535326e-03
0.000000e+00 5.335000e+00 1.179411e+00 7.903266e-01 0.000000e+00 1.936690e-03
0.000000e+00 5.390000e+00 1.177359e+00 7.880531e-01 0.000000e+00 2.272538e-03
0.000000e+00 5.445000e+00 1.175363e+00 7.858140e-01 0.000000e+00 2.573449e-03
0.000000e+00 5.500000e+00 1.173484e+00 7.836835e-01 0.000000e+00 2.885350e-03
0.000000e+00 5.555000e+00 1.171759e+00 7.817137e-01 0.000000e+00 3.247913e-03
0.000000e+00 5.610000e+00 1.170189e+00 7.799251e-01 0.000000e+00 3.678918e-03
0.000000e+00 5.665000e+00 1.168754e+00 7.783093e-01 0.000000e+00 4.172848e-03
0.000000e+00 5.720000e+00 1.167426e+00 7.768389e-01 0.000000e+00 4.710783e-03
0.000000e+00 5.775000e+00 1.166175e+00 7.754759e-01 0.000000e+00 5.271433e-03
0.000000e+00 5.830000e+00 1.164973e+00 7.741773e-01 0.000000e+00 5.836039e-03
0.000000e+00 5.885000e+00 1.163792e+00 7.728955e-01 0.000000e+00 6.388156e-03
0.000000e+00 5.940000e+00 1.162595e+00 7.715781e-01 0.000000e+00 6.913829e-03
0.000000e+00 5.995000e+00 1.161344e+00 7.701777e-01 0.000000e+00 7.404533e-03
0.000000e+00 6.050000e+00 1.160016e+00 7.686760e-01 0.000000e+00 7.859655e-03
0.000000e+00 6.105000e+00 1.158637e+00 7.671149e-01 0.000000e+00 8.284602e-03
0.000000e+00 6.160000e+00 1.157295e+00 7.656053e-01 0.000000e+00 8.686044e-03
0.000000e+00 6.215000e+00 1.156116e+00 7.642951e-01 0.000000e+00 9.071084e-03
0.000000e+00 6.270000e+00 1.155196e+00 7.632927e-01 0.000000e+00 9.456241e-03
0.000000e+00 6.325000e+00 1.154534e+00 7.625890e-01 0.000000e+00 9.882881e-03
0.000000e+00 6.380000e+00 1.154010e+00 7.620399e-01 0.000000e+00 1.040132e-02
0.000000e+00 6.435000e+00 1.153446e+00 7.614370e-01 0.000000e+00 1.103081e-02
0.000000e+00 6.490000e+00 1.152719e+00 7.606356e-01 0.000000e+00 1.172210e-02
0.000000e+00 6.545000e+00 1.151826e+00 7.596332e-01 0.000000e+00 1.234987e-02
0.000000e+00 6.600000e+00 1.150873e+00 7.585540e-01 0.000000e+00 1.278597e-02
0.000000e+00 6.655000e+00 1.149992e+00 7.575538e-01 0.000000e+00 1.297144e-02
0.000000e+00 6.710000e+00 1.149235e+00 7.567010e-01 0.000000e+00 1.296848e-02
0.000000e+00 6.765000e+00 1.148549e+00 7.559444e-01 0.000000e+00 1.293944e-02
0.000000e+00 6.820000e+00 1.147844e+00 7.551825e-01 0.000000e+00 1.304042e-02
0.000000e+00 6.875000e+00 1.147080e+00 7.543669e-01 0.000000e+00 1.332144e-02
0.000000e+00 6.930000e+00 1.146310e+00 7.535421e-01 0.000000e+00 1.370813e-02
0.000000e+00 6.985000e+00 1.145618e+00 7.527940e-01 0.000000e+00 1.406483e-02
0.000000e+00 7.040000e+00 1.145049e+00 7.521639e-01 0.000000e+00 1.428625e-02
0.000000e+00 7.095000e+00 1.144551e+00 7.515997e-01 0.000000e+00 1.435068e-02
0.000000e+00 7.150000e+00 1.144015e+00 7.509863e-01 0.000000e+00 1.431249e-02
0.000000e+00 7.205000e+00 1.143349e+00 7.502334e-01 0.000000e+00 1.425270e-02
0.000000e+00 7.260000e+00 1.142546e+00 7.493435e-01 0.000000e+00 1.423244e-02
0.000000e+00 7.315000e+00 1.141690e+00 7.484103e-01 0.000000e+00 1.427835e-02
0.000000e+00 7.370000e+00 1.140893e+00 7.475524e-01 0.000000e+00 1.438912e-02
0.000000e+00 7.425000e+00 1.140226e+00 7.468423e-01 0.000000e+00 1.454385e-02
0.000000e+00 7.480000e+00 1.139698e+00 7.462799e-01 0.000000e+00 1.470530e-02
0.000000e+00 7.535000e+00 1.139273e+00 7.458193e-01 0.000000e+00 1.482446e-02
0.000000e+00 7.590000e+00 1.138909e+00 7.454143e-01 0.000000e+00 1.485722e-02
0.000000e+00 7.645000e+00 1.138583e+00 7.450407e-01 0.000000e+00 1.479290e-02
0.000000e+00 7.700000e+00 1.138274e+00 7.446839e-01 0.000000e+00 1.467571e-02
0.000000e+00 7.755000e+00 1.137955e+00 7.443220e-01 0.000000e+00 1.459504e-02
0.000000e+00 7.810000e+00 1.137598e+00 7.439303e-01 0.000000e+00 1.463713e-02
0.000000e+00 7.865000e+00 1.137196e+00 7.434978e-01 0.000000e+00 1.482619e-02
0.000000e+00 7.920000e+00 1.136760e+00 7.430324e-01 0.000000e+00 1.510468e-02
0.000000e+00 7.975000e+00 1.136302e+00 7.425440e-01 0.000000e+00 1.536508e-02
0.000000e+00 8.030000e+00 1.135820e+00 7.420249e-01 0.000000e+00 1.551482e-02
0.000000e+00 8.085000e+00 1.135302e+00 7.414593e-01 0.000000e+00 1.552476e-02
0.000000e+00 8.140000e+00 1.134756e+00 7.408536e-01 0.000000e+00 1.543714e-02
0.000000e+00 8.195000e+00 1.134220e+00 7.402539e-01 0.000000e+00 1.533711e-02
0.000000e+00 8.250000e+00 1.133752e+00 7.397303e-01 0.000000e+00 1.530789e-02
0.000000e+00 8.305000e+00 1.133387e+00 7.393290e-01 0.000000e+00 1.538805e-02
0.000000e+00 8.360000e+00 1.133100e+00 7.390212e-01 0.000000e+00 1.554822e-02
0.000000e+00 8.415000e+00 1.132794e+00 7.387000e-01 0.000000e+00 1.570452e-02
0.000000e+00 8.470000e+00 1.132351e+00 7.382300e-01 0.000000e+00 1.576400e-02
0.000000e+00 8.525000e+00 1.131696e+00 7.375245e-01 0.000000e+00 1.567489e-02
0.000000e+00 8.580000e+00 1.130853e+00 7.366050e-01 0.000000e+00 1.545821e-02
0.000000e+00 8.635000e+00 1.129932e+00 7.355950e-01 0.000000e+00 1.519468e-02
0.000000e+00 8.690000e+00 1.129084e+00 7.346615e-01 0.000000e+00 1.498335e-02
0.000000e+00 8.745000e+00 1.128436e+00 7.339476e-01 0.000000e+00 1.490166e-02
0.000000e+00 8.800000e+00 1.128054e+00 7.335293e-01 0.000000e+00 1.498112e-02
0.000000e+00 8.855000e+00 1.127950e+00 7.334200e-01 0.000000e+00 1.521029e-02
0.000000e+00 8.910000e+00 1.128109e+00 7.336028e-01 0.000000e+00 1.555800e-02
0.000000e+00 8.965000e+00 1.128504e+00 7.340427e-01 0.000000e+00 1.599194e-02
0.000000e+00 9.020000e+00 1.129066e+00 7.346594e-01 0.000000e+00 1.647527e-02
0.000000e+00 9.075000e+00 1.129632e+00 7.352725e-01 0.000000e+00 1.693868e-02
0.000000e+00 9.130000e+00 1.129924e+00 7.355813e-01 0.000000e+00 1.727278e-02
0.000000e+00 9.185000e+00 1.129598e+00 7.352166e-01 0.000000e+00 1.737514e-02
0.000000e+00 9.240000e+00 1.128348e+00 7.338503e-01 0.000000e+00 1.715547e-02
0.000000e+00 9.295000e+00 1.126101e+00 7.314081e-01 0.000000e+00 1.659925e-02
0.000000e+00 9.350000e+00 1.123171e+00 7.282386e-01 0.000000e+00 1.580912e-02
0.000000e+00 9.405000e+00 1.120214e+00 7.250544e-01 0.000000e+00 1.497116e-02
0.000000e+00 9.460000e+00 1.118034e+00 7.227139e-01 0.000000e+00 1.433521e-02
0.000000e+00 9.515000e+00 1.117329e+00 7.219577e-01 0.000000e+00 1.408187e-02
0.000000e+00 9.570000e+00 1.118552e+00 7.232697e-01 0.000000e+00 1.439913e-02
0.000000e+00 9.625000e+00 1.121684e+00 7.266417e-01 0.000000e+00 1.539400e-02
0.000000e+00 9.680000e+00 1.125936e+00 7.312388e-01 0.000000e+00 1.691702e-02
0.000000e+00 9.735000e+00 1.130100e+00 7.357632e-01 0.000000e+00 1.864172e-02
0.000000e+00 9.790000e+00 1.132813e+00 7.387464e-01 0.000000e+00 2.006958e-02
0.000000e+00 9.845000e+00 1.133161e+00 7.391710e-01 0.000000e+00 2.074251e-02
0.000000e+00 9.900000e+00 1.130462e+00 7.362467e-01 0.000000e+00 2.016744e-02
0.000000e+00 9.955000e+00 1.125364e+00 7.306548e-01 0.000000e+00 1.914704e-02
0.000000e+00 1.001000e+01 1.101640e+00 7.050500e-01 -0.000000e+00 -2.260000e-03
0.000000e+00 1.006500e+01 1.101640e+00 7.050500e-01 -0.000000e+00 -2.260000e-03
0.000000e+00 1.012000e+01 1.101640e+00 7.050500e-01 -0.000000e+00 -2.260000e-03
0.000000e+00 1.017500e+01 1.101640e+00 7.050500e-01 -0.000000e+00 -2.260000e-03
0.000000e+00 1.023000e+01 1.101640e+00 7.050500e-01 -0.000000e+00 -2.260000e-03
0.000000e+00 1.028500e+01 1.101640e+00 7.050500e-01 -0.000000e+00 -2.260000e-03
0.000000e+00 1.034000e+01 1.101640e+00 7.050500e-01 -0.000000e+00 -2.260000e-03
0.000000e+00 1.039500e+01 1.101640e+00 7.050500e-01 -0.000000e+00 -2.260000e-03
0.000000e+00 1.045000e+01 1.101640e+00 7.050500e-01 -0.000000e+00 -2.260000e-03
0.000000e+00 1.050500e+01 1.101640e+00 7.050500e-01 -0.000000e+00 -2.260000e-03
0.000000e+00 1.056000e+01 1.101640e+00 7.050500e-01 -0.000000e+00 -2.260000e-03
0.000000e+00 1.061500e+01 1.101640e+00 7.050500e-01 -0.000000e+00 -2.260000e-03
0.000000e+00 1.067000e+01 1.101640e+00 7.050500e-01 -0.000000e+00 -2.260000e-03
0.000000e+00 1.072500e+01 1.101640e+00 7.050500e-01 -0.000000e+00 -2.260000e-03
0.000000e+00 1.078000e+01 1.101640e+00 7.050500e-01 -0.000000e+00 -2.260000e-03
0.000000e+00 1.083500e+01 1.101640e+00 7.050500e-01 -0.000000e+00 -2.260000e-03
0.000000e+00 1.089000e+01 1.101640e+00 7.050500e-01 -0.000000e+00 -2.260000e-03
0.000000e+00 1.094500e+01 1.101640e+00 7.050500e-01 -0.000000e+00 -2.260000e-03
0.000000e+00 1.100000e+01 1.101640e+00 7.050500e-01 -0.000000e+00 -2.260000e-03
