#############TIME##################
9.000538e+00 
###################################
0.000000e+00 0.000000e+00 1.199610e+01 4.204442e+01 0.000000e+00 -1.501249e+00
0.000000e+00 5.500000e-02 1.199610e+01 4.204442e+01 0.000000e+00 -1.501249e+00
0.000000e+00 1.100000e-01 1.199498e+01 4.203795e+01 0.000000e+00 -1.501282e+00
0.000000e+00 1.650000e-01 9.169678e+00 2.416259e+01 0.000000e+00 -9.952909e-01
0.000000e+00 2.200000e-01 7.104803e+00 1.575585e+01 0.000000e+00 -8.191874e-01
0.000000e+00 2.750000e-01 5.805576e+00 1.126008e+01 0.000000e+00 -6.777751e-01
0.000000e+00 3.300000e-01 4.945086e+00 8.612871e+00 0.000000e+00 -5.733269e-01
0.000000e+00 3.850000e-01 4.331985e+00 6.917986e+00 0.000000e+00 -4.921843e-01
0.000000e+00 4.400000e-01 3.883310e+00 5.767919e+00 0.000000e+00 -4.272835e-01
0.000000e+00 4.950000e-01 3.540784e+00 4.942799e+00 0.000000e+00 -3.741865e-01
0.000000e+00 5.500000e-01 3.270606e+00 4.329450e+00 0.000000e+00 -3.306361e-01
0.000000e+00 6.050000e-01 3.052381e+00 3.858419e+00 0.000000e+00 -2.938861e-01
0.000000e+00 6.600000e-01 2.873273e+00 3.488250e+00 0.000000e+00 -2.625039e-01
0.000000e+00 7.150000e-01 2.723436e+00 3.190469e+00 0.000000e+00 -2.353242e-01
0.000000e+00 7.700000e-01 2.596128e+00 2.946207e+00 0.000000e+00 -2.117661e-01
0.000000e+00 8.250000e-01 2.486250e+00 2.741895e+00 0.000000e+00 -1.913075e-01
0.000000e+00 8.800000e-01 2.390109e+00 2.568261e+00 0.000000e+00 -1.735795e-01
0.000000e+00 9.350000e-01 2.304932e+00 2.418757e+00 0.000000e+00 -1.581645e-01
0.000000e+00 9.900000e-01 2.228850e+00 2.288932e+00 0.000000e+00 -1.446665e-01
0.000000e+00 1.045000e+00 2.160737e+00 2.175609e+00 0.000000e+00 -1.327063e-01
0.000000e+00 1.100000e+00 2.100001e+00 2.076363e+00 0.000000e+00 -1.220000e-01
0.000000e+00 1.155000e+00 2.046114e+00 1.989062e+00 0.000000e+00 -1.123670e-01
0.000000e+00 1.210000e+00 1.998278e+00 1.911737e+00 0.000000e+00 -1.037139e-01
0.000000e+00 1.265000e+00 1.955440e+00 1.842655e+00 0.000000e+00 -9.597289e-02
0.000000e+00 1.320000e+00 1.916562e+00 1.780434e+00 0.000000e+00 -8.905995e-02
0.000000e+00 1.375000e+00 1.880817e+00 1.724043e+00 0.000000e+00 -8.285997e-02
0.000000e+00 1.430000e+00 1.847634e+00 1.672723e+00 0.000000e+00 -7.723468e-02
0.000000e+00 1.485000e+00 1.816672e+00 1.625903e+00 0.000000e+00 -7.203569e-02
0.000000e+00 1.540000e+00 1.787768e+00 1.583104e+00 0.000000e+00 -6.713282e-02
0.000000e+00 1.595000e+00 1.760832e+00 1.543858e+00 0.000000e+00 -6.245230e-02
0.000000e+00 1.650000e+00 1.735761e+00 1.507686e+00 0.000000e+00 -5.799232e-02
0.000000e+00 1.705000e+00 1.712426e+00 1.474159e+00 0.000000e+00 -5.379713e-02
0.000000e+00 1.760000e+00 1.690690e+00 1.442962e+00 0.000000e+00 -4.991549e-02
0.000000e+00 1.815000e+00 1.670425e+00 1.413903e+00 0.000000e+00 -4.636735e-02
0.000000e+00 1.870000e+00 1.651497e+00 1.386870e+00 0.000000e+00 -4.312685e-02
0.000000e+00 1.925000e+00 1.633763e+00 1.361766e+00 0.000000e+00 -4.012820e-02
0.000000e+00 1.980000e+00 1.617091e+00 1.338486e+00 0.000000e+00 -3.729273e-02
0.000000e+00 2.035000e+00 1.601363e+00 1.316875e+00 0.000000e+00 -3.456880e-02
0.000000e+00 2.090000e+00 1.586458e+00 1.296702e+00 0.000000e+00 -3.195841e-02
0.000000e+00 2.145000e+00 1.572266e+00 1.277694e+00 0.000000e+00 -2.949964e-02
0.000000e+00 2.200000e+00 1.558720e+00 1.259622e+00 0.000000e+00 -2.721954e-02
0.000000e+00 2.255000e+00 1.545798e+00 1.242342e+00 0.000000e+00 -2.511199e-02
0.000000e+00 2.310000e+00 1.533476e+00 1.225777e+00 0.000000e+00 -2.316030e-02
0.000000e+00 2.365000e+00 1.521707e+00 1.209889e+00 0.000000e+00 -2.136013e-02
0.000000e+00 2.420000e+00 1.510441e+00 1.194697e+00 0.000000e+00 -1.970558e-02
0.000000e+00 2.475000e+00 1.499657e+00 1.180272e+00 0.000000e+00 -1.816710e-02
0.000000e+00 2.530000e+00 1.489351e+00 1.166679e+00 0.000000e+00 -1.670444e-02
0.000000e+00 2.585000e+00 1.479503e+00 1.153898e+00 0.000000e+00 -1.530056e-02
0.000000e+00 2.640000e+00 1.470080e+00 1.141831e+00 0.000000e+00 -1.396594e-02
0.000000e+00 2.695000e+00 1.461068e+00 1.130363e+00 0.000000e+00 -1.270443e-02
0.000000e+00 2.750000e+00 1.452481e+00 1.119412e+00 0.000000e+00 -1.149116e-02
0.000000e+00 2.805000e+00 1.444314e+00 1.108907e+00 0.000000e+00 -1.030129e-02
0.000000e+00 2.860000e+00 1.436486e+00 1.098744e+00 0.000000e+00 -9.155708e-03
0.000000e+00 2.915000e+00 1.428862e+00 1.088809e+00 0.000000e+00 -8.118298e-03
0.000000e+00 2.970000e+00 1.421337e+00 1.079060e+00 0.000000e+00 -7.233153e-03
0.000000e+00 3.025000e+00 1.413914e+00 1.069574e+00 0.000000e+00 -6.464074e-03
0.000000e+00 3.080000e+00 1.406708e+00 1.060525e+00 0.000000e+00 -5.701624e-03
0.000000e+00 3.135000e+00 1.399885e+00 1.052091e+00 0.000000e+00 -4.828283e-03
0.000000e+00 3.190000e+00 1.393593e+00 1.044379e+00 0.000000e+00 -3.781782e-03
0.000000e+00 3.245000e+00 1.387887e+00 1.037374e+00 0.000000e+00 -2.580546e-03
0.000000e+00 3.300000e+00 1.382685e+00 1.030912e+00 0.000000e+00 -1.314725e-03
0.000000e+00 3.355000e+00 1.377765e+00 1.024707e+00 0.000000e+00 -1.186947e-04
0.000000e+00 3.410000e+00 1.372826e+00 1.018421e+00 0.000000e+00 8.675795e-04
0.000000e+00 3.465000e+00 1.367617e+00 1.011809e+00 0.000000e+00 1.556342e-03
0.000000e+00 3.520000e+00 1.362097e+00 1.004889e+00 0.000000e+00 1.983853e-03
0.000000e+00 3.575000e+00 1.356479e+00 9.979620e-01 0.000000e+00 2.308213e-03
0.000000e+00 3.630000e+00 1.351097e+00 9.914331e-01 0.000000e+00 2.713960e-03
0.000000e+00 3.685000e+00 1.346234e+00 9.856058e-01 0.000000e+00 3.315706e-03
0.000000e+00 3.740000e+00 1.341944e+00 9.804860e-01 0.000000e+00 4.101634e-03
0.000000e+00 3.795000e+00 1.338012e+00 9.757593e-01 0.000000e+00 4.951755e-03
0.000000e+00 3.850000e+00 1.334092e+00 9.709798e-01 0.000000e+00 5.711009e-03
0.000000e+00 3.905000e+00 1.329922e+00 9.658349e-01 0.000000e+00 6.258296e-03
0.000000e+00 3.960000e+00 1.325507e+00 9.603663e-01 0.000000e+00 6.570171e-03
0.000000e+00 4.015000e+00 1.321100e+00 9.549280e-01 0.000000e+00 6.733401e-03
0.000000e+00 4.070000e+00 1.316980e+00 9.498938e-01 0.000000e+00 6.889710e-03
0.000000e+00 4.125000e+00 1.313262e+00 9.454190e-01 0.000000e+00 7.168998e-03
0.000000e+00 4.180000e+00 1.309841e+00 9.413677e-01 0.000000e+00 7.608354e-03
0.000000e+00 4.235000e+00 1.306498e+00 9.374435e-01 0.000000e+00 8.133621e-03
0.000000e+00 4.290000e+00 1.303082e+00 9.334264e-01 0.000000e+00 8.644777e-03
0.000000e+00 4.345000e+00 1.299616e+00 9.293111e-01 0.000000e+00 9.123706e-03
0.000000e+00 4.400000e+00 1.296302e+00 9.253237e-01 0.000000e+00 9.670139e-03
0.000000e+00 4.455000e+00 1.293368e+00 9.217499e-01 0.000000e+00 1.040791e-02
0.000000e+00 4.510000e+00 1.290844e+00 9.186564e-01 0.000000e+00 1.133098e-02
0.000000e+00 4.565000e+00 1.288455e+00 9.157557e-01 0.000000e+00 1.224413e-02
0.000000e+00 4.620000e+00 1.285786e+00 9.125846e-01 0.000000e+00 1.287508e-02
0.000000e+00 4.675000e+00 1.282585e+00 9.088423e-01 0.000000e+00 1.305749e-02
0.000000e+00 4.730000e+00 1.279022e+00 9.047045e-01 0.000000e+00 1.288063e-02
0.000000e+00 4.785000e+00 1.275601e+00 9.007281e-01 0.000000e+00 1.265636e-02
0.000000e+00 4.840000e+00 1.272757e+00 8.973907e-01 0.000000e+00 1.272986e-02
0.000000e+00 4.895000e+00 1.270522e+00 8.947230e-01 0.000000e+00 1.322756e-02
0.000000e+00 4.950000e+00 1.268474e+00 8.922471e-01 0.000000e+00 1.391823e-02
0.000000e+00 5.005000e+00 1.266164e+00 8.894711e-01 0.000000e+00 1.442491e-02
0.000000e+00 5.060000e+00 1.263480e+00 8.862941e-01 0.000000e+00 1.456686e-02
0.000000e+00 5.115000e+00 1.260682e+00 8.830326e-01 0.000000e+00 1.450654e-02
0.000000e+00 5.170000e+00 1.258077e+00 8.800373e-01 0.000000e+00 1.456693e-02
0.000000e+00 5.225000e+00 1.255735e+00 8.773657e-01 0.000000e+00 1.490100e-02
0.000000e+00 5.280000e+00 1.253438e+00 8.747376e-01 0.000000e+00 1.533325e-02
0.000000e+00 5.335000e+00 1.250941e+00 8.718504e-01 0.000000e+00 1.555365e-02
0.000000e+00 5.390000e+00 1.248210e+00 8.686587e-01 0.000000e+00 1.544777e-02
0.000000e+00 5.445000e+00 1.245485e+00 8.654463e-01 0.000000e+00 1.518800e-02
0.000000e+00 5.500000e+00 1.243108e+00 8.626295e-01 0.000000e+00 1.507225e-02
0.000000e+00 5.555000e+00 1.241399e+00 8.606020e-01 0.000000e+00 1.535960e-02
0.000000e+00 5.610000e+00 1.240509e+00 8.595562e-01 0.000000e+00 1.620315e-02
0.000000e+00 5.665000e+00 1.240236e+00 8.592521e-01 0.000000e+00 1.753458e-02
0.000000e+00 5.720000e+00 1.240182e+00 8.592234e-01 0.000000e+00 1.908986e-02
0.000000e+00 5.775000e+00 1.239879e+00 8.589199e-01 0.000000e+00 2.052900e-02
0.000000e+00 5.830000e+00 1.238808e+00 8.577200e-01 0.000000e+00 2.145456e-02
0.000000e+00 5.885000e+00 1.236465e+00 8.550271e-01 0.000000e+00 2.160448e-02
0.000000e+00 5.940000e+00 1.232655e+00 8.506156e-01 0.000000e+00 2.094046e-02
0.000000e+00 5.995000e+00 1.227617e+00 8.447901e-01 0.000000e+00 1.954147e-02
0.000000e+00 6.050000e+00 1.221777e+00 8.380636e-01 0.000000e+00 1.748085e-02
0.000000e+00 6.105000e+00 1.216013e+00 8.314587e-01 0.000000e+00 1.508335e-02
0.000000e+00 6.160000e+00 1.211476e+00 8.262955e-01 0.000000e+00 1.305541e-02
0.000000e+00 6.215000e+00 1.208701e+00 8.231609e-01 0.000000e+00 1.210242e-02
0.000000e+00 6.270000e+00 1.208572e+00 8.230346e-01 0.000000e+00 1.278842e-02
0.000000e+00 6.325000e+00 1.211924e+00 8.268486e-01 0.000000e+00 1.566917e-02
0.000000e+00 6.380000e+00 1.217659e+00 8.333771e-01 0.000000e+00 2.005613e-02
0.000000e+00 6.435000e+00 1.223993e+00 8.406035e-01 0.000000e+00 2.475551e-02
0.000000e+00 6.490000e+00 1.228174e+00 8.453506e-01 0.000000e+00 2.829724e-02
0.000000e+00 6.545000e+00 1.227645e+00 8.446978e-01 0.000000e+00 2.899784e-02
0.000000e+00 6.600000e+00 1.223072e+00 8.394386e-01 0.000000e+00 2.709520e-02
0.000000e+00 6.655000e+00 1.216108e+00 8.314988e-01 0.000000e+00 2.384557e-02
0.000000e+00 6.710000e+00 1.208474e+00 8.228473e-01 0.000000e+00 2.047641e-02
0.000000e+00 6.765000e+00 1.202373e+00 8.159632e-01 0.000000e+00 1.823600e-02
0.000000e+00 6.820000e+00 1.198692e+00 8.118299e-01 0.000000e+00 1.744967e-02
0.000000e+00 6.875000e+00 1.197082e+00 8.100261e-01 0.000000e+00 1.782740e-02
0.000000e+00 6.930000e+00 1.196710e+00 8.095906e-01 0.000000e+00 1.892699e-02
0.000000e+00 6.985000e+00 1.196860e+00 8.097181e-01 0.000000e+00 2.029751e-02
0.000000e+00 7.040000e+00 1.197411e+00 8.102879e-01 0.000000e+00 2.167157e-02
0.000000e+00 7.095000e+00 1.198080e+00 8.110067e-01 0.000000e+00 2.286567e-02
0.000000e+00 7.150000e+00 1.198394e+00 8.113452e-01 0.000000e+00 2.377801e-02
0.000000e+00 7.205000e+00 1.198147e+00 8.110741e-01 0.000000e+00 2.423945e-02
0.000000e+00 7.260000e+00 1.197126e+00 8.099497e-01 0.000000e+00 2.423907e-02
0.000000e+00 7.315000e+00 1.195239e+00 8.078559e-01 0.000000e+00 2.391431e-02
0.000000e+00 7.370000e+00 1.192786e+00 8.051173e-01 0.000000e+00 2.329138e-02
0.000000e+00 7.425000e+00 1.190370e+00 8.024054e-01 0.000000e+00 2.245531e-02
0.000000e+00 7.480000e+00 1.188163e+00 7.999176e-01 0.000000e+00 2.186809e-02
0.000000e+00 7.535000e+00 1.186291e+00 7.977882e-01 0.000000e+00 2.189319e-02
0.000000e+00 7.590000e+00 1.185231e+00 7.965768e-01 0.000000e+00 2.207791e-02
0.000000e+00 7.645000e+00 1.184949e+00 7.962394e-01 0.000000e+00 2.244459e-02
0.000000e+00 7.700000e+00 1.184441e+00 7.956634e-01 0.000000e+00 2.302185e-02
0.000000e+00 7.755000e+00 1.183440e+00 7.945671e-01 0.000000e+00 2.388960e-02
0.000000e+00 7.810000e+00 1.182920e+00 7.940020e-01 0.000000e+00 2.377759e-02
0.000000e+00 7.865000e+00 1.181998e+00 7.929790e-01 0.000000e+00 2.311960e-02
0.000000e+00 7.920000e+00 1.179600e+00 7.903214e-01 0.000000e+00 2.351949e-02
0.000000e+00 7.975000e+00 1.177040e+00 7.874587e-01 0.000000e+00 2.279295e-02
0.000000e+00 8.030000e+00 1.176052e+00 7.863295e-01 0.000000e+00 2.032361e-02
0.000000e+00 8.085000e+00 1.171339e+00 7.810660e-01 0.000000e+00 2.018925e-02
0.000000e+00 8.140000e+00 1.165668e+00 7.747304e-01 0.000000e+00 1.660637e-02
0.000000e+00 8.195000e+00 1.162215e+00 7.709200e-01 0.000000e+00 8.822436e-03
0.000000e+00 8.250000e+00 1.150527e+00 7.580442e-01 0.000000e+00 6.294599e-03
0.000000e+00 8.305000e+00 1.137824e+00 7.441608e-01 0.000000e+00 -7.983375e-03
0.000000e+00 8.360000e+00 1.112548e+00 7.167784e-01 0.000000e+00 -2.928834e-02
0.000000e+00 8.415000e+00 1.091644e+00 6.944372e-01 0.000000e+00 -4.759482e-02
0.000000e+00 8.470000e+00 1.082257e+00 6.845017e-01 0.000000e+00 -5.507481e-02
0.000000e+00 8.525000e+00 1.078404e+00 6.804401e-01 0.000000e+00 -5.735877e-02
0.000000e+00 8.580000e+00 1.076216e+00 6.781402e-01 0.000000e+00 -5.804207e-02
0.000000e+00 8.635000e+00 1.074591e+00 6.764345e-01 0.000000e+00 -5.817463e-02
0.000000e+00 8.690000e+00 1.073131e+00 6.749035e-01 0.000000e+00 -5.817046e-02
0.000000e+00 8.745000e+00 1.071714e+00 6.734183e-01 0.000000e+00 -5.813978e-02
0.000000e+00 8.800000e+00 1.070355e+00 6.719964e-01 0.000000e+00 -5.806592e-02
0.000000e+00 8.855000e+00 1.069083e+00 6.706654e-01 0.000000e+00 -5.792349e-02
0.000000e+00 8.910000e+00 1.067894e+00 6.694225e-01 0.000000e+00 -5.771504e-02
0.000000e+00 8.965000e+00 1.066773e+00 6.682524e-01 0.000000e+00 -5.745370e-02
0.000000e+00 9.020000e+00 1.065713e+00 6.671454e-01 0.000000e+00 -5.714689e-02
0.000000e+00 9.075000e+00 1.064708e+00 6.660980e-01 0.000000e+00 -5.679583e-02
0.000000e+00 9.130000e+00 1.063758e+00 6.651074e-01 0.000000e+00 -5.640115e-02
0.000000e+00 9.185000e+00 1.062858e+00 6.641702e-01 0.000000e+00 -5.596490e-02
0.000000e+00 9.240000e+00 1.062005e+00 6.632813e-01 0.000000e+00 -5.549040e-02
0.000000e+00 9.295000e+00 1.061194e+00 6.624373e-01 0.000000e+00 -5.497843e-02
0.000000e+00 9.350000e+00 1.060421e+00 6.616333e-01 0.000000e+00 -5.442791e-02
0.000000e+00 9.405000e+00 1.059685e+00 6.608681e-01 0.000000e+00 -5.383112e-02
0.000000e+00 9.460000e+00 1.058980e+00 6.601349e-01 0.000000e+00 -5.318450e-02
0.000000e+00 9.515000e+00 1.058309e+00 6.594369e-01 0.000000e+00 -5.248085e-02
0.000000e+00 9.570000e+00 1.057658e+00 6.587611e-01 0.000000e+00 -5.174005e-02
0.000000e+00 9.625000e+00 1.057041e+00 6.581229e-01 0.000000e+00 -5.097198e-02
0.000000e+00 9.680000e+00 1.056422e+00 6.574897e-01 0.000000e+00 -5.024620e-02
0.000000e+00 9.735000e+00 1.055848e+00 6.569135e-01 0.000000e+00 -4.955943e-02
0.000000e+00 9.790000e+00 1.055230e+00 6.563016e-01 0.000000e+00 -4.903880e-02
0.000000e+00 9.845000e+00 1.054723e+00 6.558129e-01 0.000000e+00 -4.855834e-02
0.000000e+00 9.900000e+00 1.054049e+00 6.551535e-01 0.000000e+00 -4.836214e-02
0.000000e+00 9.955000e+00 1.053857e+00 6.549940e-01 0.000000e+00 -4.786290e-02
0.000000e+00 1.001000e+01 1.101640e+00 7.050500e-01 -0.000000e+00 -2.260000e-03
0.000000e+00 1.006500e+01 1.101640e+00 7.050500e-01 -0.000000e+00 -2.260000e-03
0.000000e+00 1.012000e+01 1.101640e+00 7.050500e-01 -0.000000e+00 -2.260000e-03
0.000000e+00 1.017500e+01 1.101640e+00 7.050500e-01 -0.000000e+00 -2.260000e-03
0.000000e+00 1.023000e+01 1.101640e+00 7.050500e-01 -0.000000e+00 -2.260000e-03
0.000000e+00 1.028500e+01 1.101640e+00 7.050500e-01 -0.000000e+00 -2.260000e-03
0.000000e+00 1.034000e+01 1.101640e+00 7.050500e-01 -0.000000e+00 -2.260000e-03
0.000000e+00 1.039500e+01 1.101640e+00 7.050500e-01 -0.000000e+00 -2.260000e-03
0.000000e+00 1.045000e+01 1.101640e+00 7.050500e-01 -0.000000e+00 -2.260000e-03
0.000000e+00 1.050500e+01 1.101640e+00 7.050500e-01 -0.000000e+00 -2.260000e-03
0.000000e+00 1.056000e+01 1.101640e+00 7.050500e-01 -0.000000e+00 -2.260000e-03
0.000000e+00 1.061500e+01 1.101640e+00 7.050500e-01 -0.000000e+00 -2.260000e-03
0.000000e+00 1.067000e+01 1.101640e+00 7.050500e-01 -0.000000e+00 -2.260000e-03
0.000000e+00 1.072500e+01 1.101640e+00 7.050500e-01 -0.000000e+00 -2.260000e-03
0.000000e+00 1.078000e+01 1.101640e+00 7.050500e-01 -0.000000e+00 -2.260000e-03
0.000000e+00 1.083500e+01 1.101640e+00 7.050500e-01 -0.000000e+00 -2.260000e-03
0.000000e+00 1.089000e+01 1.101640e+00 7.050500e-01 -0.000000e+00 -2.260000e-03
0.000000e+00 1.094500e+01 1.101640e+00 7.050500e-01 -0.000000e+00 -2.260000e-03
0.000000e+00 1.100000e+01 1.101640e+00 7.050500e-01 -0.000000e+00 -2.260000e-03
