#############TIME##################
9.302403e+00 
###################################
0.000000e+00 0.000000e+00 1.195631e+01 4.181907e+01 0.000000e+00 -1.502026e+00
0.000000e+00 5.500000e-02 1.195631e+01 4.181907e+01 0.000000e+00 -1.502026e+00
0.000000e+00 1.100000e-01 1.195564e+01 4.181538e+01 0.000000e+00 -1.502028e+00
0.000000e+00 1.650000e-01 9.133558e+00 2.400296e+01 0.000000e+00 -9.970033e-01
0.000000e+00 2.200000e-01 7.070903e+00 1.562761e+01 0.000000e+00 -8.219794e-01
0.000000e+00 2.750000e-01 5.775333e+00 1.115522e+01 0.000000e+00 -6.815262e-01
0.000000e+00 3.300000e-01 4.916780e+00 8.523493e+00 0.000000e+00 -5.776206e-01
0.000000e+00 3.850000e-01 4.304899e+00 6.839698e+00 0.000000e+00 -4.966679e-01
0.000000e+00 4.400000e-01 3.856776e+00 5.697719e+00 0.000000e+00 -4.317550e-01
0.000000e+00 4.950000e-01 3.514296e+00 4.878574e+00 0.000000e+00 -3.785821e-01
0.000000e+00 5.500000e-01 3.243872e+00 4.269395e+00 0.000000e+00 -3.350365e-01
0.000000e+00 6.050000e-01 3.025144e+00 3.800919e+00 0.000000e+00 -2.984838e-01
0.000000e+00 6.600000e-01 2.845319e+00 3.432098e+00 0.000000e+00 -2.675144e-01
0.000000e+00 7.150000e-01 2.694800e+00 3.135194e+00 0.000000e+00 -2.408512e-01
0.000000e+00 7.700000e-01 2.567174e+00 2.892145e+00 0.000000e+00 -2.177138e-01
0.000000e+00 8.250000e-01 2.457578e+00 2.689972e+00 0.000000e+00 -1.973813e-01
0.000000e+00 8.800000e-01 2.362394e+00 2.519652e+00 0.000000e+00 -1.793571e-01
0.000000e+00 9.350000e-01 2.278821e+00 2.374565e+00 0.000000e+00 -1.631964e-01
0.000000e+00 9.900000e-01 2.204923e+00 2.249896e+00 0.000000e+00 -1.485960e-01
0.000000e+00 1.045000e+00 2.139414e+00 2.141831e+00 0.000000e+00 -1.353861e-01
0.000000e+00 1.100000e+00 2.081349e+00 2.047235e+00 0.000000e+00 -1.235452e-01
0.000000e+00 1.155000e+00 2.029751e+00 1.963488e+00 0.000000e+00 -1.130925e-01
0.000000e+00 1.210000e+00 1.983539e+00 1.888545e+00 0.000000e+00 -1.039969e-01
0.000000e+00 1.265000e+00 1.941651e+00 1.820913e+00 0.000000e+00 -9.613021e-02
0.000000e+00 1.320000e+00 1.903226e+00 1.759539e+00 0.000000e+00 -8.928999e-02
0.000000e+00 1.375000e+00 1.867654e+00 1.703691e+00 0.000000e+00 -8.323153e-02
0.000000e+00 1.430000e+00 1.834566e+00 1.652861e+00 0.000000e+00 -7.770106e-02
0.000000e+00 1.485000e+00 1.803777e+00 1.606644e+00 0.000000e+00 -7.247948e-02
0.000000e+00 1.540000e+00 1.775199e+00 1.564611e+00 0.000000e+00 -6.743598e-02
0.000000e+00 1.595000e+00 1.748721e+00 1.526234e+00 0.000000e+00 -6.255162e-02
0.000000e+00 1.650000e+00 1.724168e+00 1.490942e+00 0.000000e+00 -5.788972e-02
0.000000e+00 1.705000e+00 1.701323e+00 1.458217e+00 0.000000e+00 -5.353691e-02
0.000000e+00 1.760000e+00 1.679984e+00 1.427679e+00 0.000000e+00 -4.955650e-02
0.000000e+00 1.815000e+00 1.659987e+00 1.399111e+00 0.000000e+00 -4.596134e-02
0.000000e+00 1.870000e+00 1.641204e+00 1.372415e+00 0.000000e+00 -4.271087e-02
0.000000e+00 1.925000e+00 1.623528e+00 1.347539e+00 0.000000e+00 -3.973909e-02
0.000000e+00 1.980000e+00 1.606863e+00 1.324414e+00 0.000000e+00 -3.698522e-02
0.000000e+00 2.035000e+00 1.591120e+00 1.302911e+00 0.000000e+00 -3.440540e-02
0.000000e+00 2.090000e+00 1.576204e+00 1.282823e+00 0.000000e+00 -3.197321e-02
0.000000e+00 2.145000e+00 1.562021e+00 1.263900e+00 0.000000e+00 -2.967714e-02
0.000000e+00 2.200000e+00 1.548509e+00 1.245926e+00 0.000000e+00 -2.750974e-02
0.000000e+00 2.255000e+00 1.535666e+00 1.228797e+00 0.000000e+00 -2.545008e-02
0.000000e+00 2.310000e+00 1.523531e+00 1.212530e+00 0.000000e+00 -2.346092e-02
0.000000e+00 2.365000e+00 1.512122e+00 1.197177e+00 0.000000e+00 -2.151313e-02
0.000000e+00 2.420000e+00 1.501377e+00 1.182739e+00 0.000000e+00 -1.961369e-02
0.000000e+00 2.475000e+00 1.491169e+00 1.169142e+00 0.000000e+00 -1.780161e-02
0.000000e+00 2.530000e+00 1.481389e+00 1.156300e+00 0.000000e+00 -1.611235e-02
0.000000e+00 2.585000e+00 1.471993e+00 1.144161e+00 0.000000e+00 -1.454948e-02
0.000000e+00 2.640000e+00 1.462987e+00 1.132675e+00 0.000000e+00 -1.309203e-02
0.000000e+00 2.695000e+00 1.454370e+00 1.121746e+00 0.000000e+00 -1.172054e-02
0.000000e+00 2.750000e+00 1.446115e+00 1.111245e+00 0.000000e+00 -1.042626e-02
0.000000e+00 2.805000e+00 1.438191e+00 1.101071e+00 0.000000e+00 -9.201943e-03
0.000000e+00 2.860000e+00 1.430566e+00 1.091193e+00 0.000000e+00 -8.042520e-03
0.000000e+00 2.915000e+00 1.423191e+00 1.081605e+00 0.000000e+00 -6.960182e-03
0.000000e+00 2.970000e+00 1.415985e+00 1.072291e+00 0.000000e+00 -5.981404e-03
0.000000e+00 3.025000e+00 1.408885e+00 1.063243e+00 0.000000e+00 -5.111224e-03
0.000000e+00 3.080000e+00 1.401908e+00 1.054506e+00 0.000000e+00 -4.300644e-03
0.000000e+00 3.135000e+00 1.395160e+00 1.046183e+00 0.000000e+00 -3.464063e-03
0.000000e+00 3.190000e+00 1.388764e+00 1.038356e+00 0.000000e+00 -2.542583e-03
0.000000e+00 3.245000e+00 1.382777e+00 1.031014e+00 0.000000e+00 -1.556063e-03
0.000000e+00 3.300000e+00 1.377150e+00 1.024042e+00 0.000000e+00 -5.946479e-04
0.000000e+00 3.355000e+00 1.371752e+00 1.017265e+00 0.000000e+00 2.389205e-04
0.000000e+00 3.410000e+00 1.366415e+00 1.010508e+00 0.000000e+00 8.836363e-04
0.000000e+00 3.465000e+00 1.360994e+00 1.003658e+00 0.000000e+00 1.345716e-03
0.000000e+00 3.520000e+00 1.355476e+00 9.967640e-01 0.000000e+00 1.703504e-03
0.000000e+00 3.575000e+00 1.350022e+00 9.900590e-01 0.000000e+00 2.079361e-03
0.000000e+00 3.630000e+00 1.344909e+00 9.838750e-01 0.000000e+00 2.594573e-03
0.000000e+00 3.685000e+00 1.340397e+00 9.784886e-01 0.000000e+00 3.336844e-03
0.000000e+00 3.740000e+00 1.336545e+00 9.739142e-01 0.000000e+00 4.316663e-03
0.000000e+00 3.795000e+00 1.333118e+00 9.698136e-01 0.000000e+00 5.433163e-03
0.000000e+00 3.850000e+00 1.329705e+00 9.656618e-01 0.000000e+00 6.500305e-03
0.000000e+00 3.905000e+00 1.325923e+00 9.610001e-01 0.000000e+00 7.310851e-03
0.000000e+00 3.960000e+00 1.321610e+00 9.556697e-01 0.000000e+00 7.742140e-03
0.000000e+00 4.015000e+00 1.316951e+00 9.499385e-01 0.000000e+00 7.859745e-03
0.000000e+00 4.070000e+00 1.312367e+00 9.443567e-01 0.000000e+00 7.890236e-03
0.000000e+00 4.125000e+00 1.308266e+00 9.394315e-01 0.000000e+00 8.093103e-03
0.000000e+00 4.180000e+00 1.304850e+00 9.353934e-01 0.000000e+00 8.619893e-03
0.000000e+00 4.235000e+00 1.301969e+00 9.320289e-01 0.000000e+00 9.412990e-03
0.000000e+00 4.290000e+00 1.299217e+00 9.288122e-01 0.000000e+00 1.024290e-02
0.000000e+00 4.345000e+00 1.296187e+00 9.252267e-01 0.000000e+00 1.084595e-02
0.000000e+00 4.400000e+00 1.292692e+00 9.210363e-01 0.000000e+00 1.106958e-02
0.000000e+00 4.455000e+00 1.288888e+00 9.164413e-01 0.000000e+00 1.098923e-02
0.000000e+00 4.510000e+00 1.285158e+00 9.119286e-01 0.000000e+00 1.086633e-02
0.000000e+00 4.565000e+00 1.281833e+00 9.079295e-01 0.000000e+00 1.099108e-02
0.000000e+00 4.620000e+00 1.279033e+00 9.046100e-01 0.000000e+00 1.149121e-02
0.000000e+00 4.675000e+00 1.276591e+00 9.017696e-01 0.000000e+00 1.223207e-02
0.000000e+00 4.730000e+00 1.274221e+00 8.990455e-01 0.000000e+00 1.293978e-02
0.000000e+00 4.785000e+00 1.271733e+00 8.961761e-01 0.000000e+00 1.342964e-02
0.000000e+00 4.840000e+00 1.269149e+00 8.931556e-01 0.000000e+00 1.373820e-02
0.000000e+00 4.895000e+00 1.266647e+00 8.901849e-01 0.000000e+00 1.403854e-02
0.000000e+00 4.950000e+00 1.264367e+00 8.874440e-01 0.000000e+00 1.443541e-02
0.000000e+00 5.005000e+00 1.262232e+00 8.848771e-01 0.000000e+00 1.485562e-02
0.000000e+00 5.060000e+00 1.259995e+00 8.822251e-01 0.000000e+00 1.513957e-02
0.000000e+00 5.115000e+00 1.257470e+00 8.792843e-01 0.000000e+00 1.523555e-02
0.000000e+00 5.170000e+00 1.254734e+00 8.761383e-01 0.000000e+00 1.527270e-02
0.000000e+00 5.225000e+00 1.252053e+00 8.730775e-01 0.000000e+00 1.544791e-02
0.000000e+00 5.280000e+00 1.249634e+00 8.703142e-01 0.000000e+00 1.583480e-02
0.000000e+00 5.335000e+00 1.247409e+00 8.677495e-01 0.000000e+00 1.629653e-02
0.000000e+00 5.390000e+00 1.245186e+00 8.651532e-01 0.000000e+00 1.661052e-02
0.000000e+00 5.445000e+00 1.242920e+00 8.624807e-01 0.000000e+00 1.669843e-02
0.000000e+00 5.500000e+00 1.240816e+00 8.599865e-01 0.000000e+00 1.673589e-02
0.000000e+00 5.555000e+00 1.239094e+00 8.579491e-01 0.000000e+00 1.703300e-02
0.000000e+00 5.610000e+00 1.237716e+00 8.563401e-01 0.000000e+00 1.773424e-02
0.000000e+00 5.665000e+00 1.236295e+00 8.547169e-01 0.000000e+00 1.860810e-02
0.000000e+00 5.720000e+00 1.234361e+00 8.525277e-01 0.000000e+00 1.916974e-02
0.000000e+00 5.775000e+00 1.231647e+00 8.494455e-01 0.000000e+00 1.902375e-02
0.000000e+00 5.830000e+00 1.228308e+00 8.456330e-01 0.000000e+00 1.822080e-02
0.000000e+00 5.885000e+00 1.224888e+00 8.417107e-01 0.000000e+00 1.719296e-02
0.000000e+00 5.940000e+00 1.221999e+00 8.383701e-01 0.000000e+00 1.643270e-02
0.000000e+00 5.995000e+00 1.220249e+00 8.363131e-01 0.000000e+00 1.631369e-02
0.000000e+00 6.050000e+00 1.219932e+00 8.359014e-01 0.000000e+00 1.700151e-02
0.000000e+00 6.105000e+00 1.220821e+00 8.368855e-01 0.000000e+00 1.840332e-02
0.000000e+00 6.160000e+00 1.222503e+00 8.388015e-01 0.000000e+00 2.035969e-02
0.000000e+00 6.215000e+00 1.224437e+00 8.410420e-01 0.000000e+00 2.265223e-02
0.000000e+00 6.270000e+00 1.225808e+00 8.426561e-01 0.000000e+00 2.486008e-02
0.000000e+00 6.325000e+00 1.225872e+00 8.427688e-01 0.000000e+00 2.648710e-02
0.000000e+00 6.380000e+00 1.224066e+00 8.407214e-01 0.000000e+00 2.708122e-02
0.000000e+00 6.435000e+00 1.219237e+00 8.352010e-01 0.000000e+00 2.586095e-02
0.000000e+00 6.490000e+00 1.211742e+00 8.266332e-01 0.000000e+00 2.272503e-02
0.000000e+00 6.545000e+00 1.203135e+00 8.168211e-01 0.000000e+00 1.864556e-02
0.000000e+00 6.600000e+00 1.195543e+00 8.082154e-01 0.000000e+00 1.502314e-02
0.000000e+00 6.655000e+00 1.190971e+00 8.030639e-01 0.000000e+00 1.331430e-02
0.000000e+00 6.710000e+00 1.189973e+00 8.019504e-01 0.000000e+00 1.396398e-02
0.000000e+00 6.765000e+00 1.191566e+00 8.037531e-01 0.000000e+00 1.631261e-02
0.000000e+00 6.820000e+00 1.195169e+00 8.078141e-01 0.000000e+00 1.963587e-02
0.000000e+00 6.875000e+00 1.199161e+00 8.123205e-01 0.000000e+00 2.296382e-02
0.000000e+00 6.930000e+00 1.201740e+00 8.152217e-01 0.000000e+00 2.524996e-02
0.000000e+00 6.985000e+00 1.202037e+00 8.155327e-01 0.000000e+00 2.591877e-02
0.000000e+00 7.040000e+00 1.200685e+00 8.139757e-01 0.000000e+00 2.549990e-02
0.000000e+00 7.095000e+00 1.198578e+00 8.115736e-01 0.000000e+00 2.459850e-02
0.000000e+00 7.150000e+00 1.196404e+00 8.091131e-01 0.000000e+00 2.378875e-02
0.000000e+00 7.205000e+00 1.194521e+00 8.070026e-01 0.000000e+00 2.349228e-02
0.000000e+00 7.260000e+00 1.192945e+00 8.052558e-01 0.000000e+00 2.360933e-02
0.000000e+00 7.315000e+00 1.191458e+00 8.036111e-01 0.000000e+00 2.377892e-02
0.000000e+00 7.370000e+00 1.189803e+00 8.017716e-01 0.000000e+00 2.384421e-02
0.000000e+00 7.425000e+00 1.187907e+00 7.996484e-01 0.000000e+00 2.385730e-02
0.000000e+00 7.480000e+00 1.186130e+00 7.976418e-01 0.000000e+00 2.378487e-02
0.000000e+00 7.535000e+00 1.184819e+00 7.961459e-01 0.000000e+00 2.364968e-02
0.000000e+00 7.590000e+00 1.183859e+00 7.950408e-01 0.000000e+00 2.375764e-02
0.000000e+00 7.645000e+00 1.183028e+00 7.940891e-01 0.000000e+00 2.412921e-02
0.000000e+00 7.700000e+00 1.182254e+00 7.932213e-01 0.000000e+00 2.436065e-02
0.000000e+00 7.755000e+00 1.181350e+00 7.922211e-01 0.000000e+00 2.428176e-02
0.000000e+00 7.810000e+00 1.179981e+00 7.907110e-01 0.000000e+00 2.413842e-02
0.000000e+00 7.865000e+00 1.178395e+00 7.889575e-01 0.000000e+00 2.399550e-02
0.000000e+00 7.920000e+00 1.177085e+00 7.875065e-01 0.000000e+00 2.376675e-02
0.000000e+00 7.975000e+00 1.175891e+00 7.861717e-01 0.000000e+00 2.383846e-02
0.000000e+00 8.030000e+00 1.174605e+00 7.847208e-01 0.000000e+00 2.427473e-02
0.000000e+00 8.085000e+00 1.173734e+00 7.837299e-01 0.000000e+00 2.437327e-02
0.000000e+00 8.140000e+00 1.173172e+00 7.830816e-01 0.000000e+00 2.410168e-02
0.000000e+00 8.195000e+00 1.171569e+00 7.812976e-01 0.000000e+00 2.444296e-02
0.000000e+00 8.250000e+00 1.169680e+00 7.792100e-01 0.000000e+00 2.440118e-02
0.000000e+00 8.305000e+00 1.169725e+00 7.792711e-01 0.000000e+00 2.261415e-02
0.000000e+00 8.360000e+00 1.166457e+00 7.756624e-01 0.000000e+00 2.189760e-02
0.000000e+00 8.415000e+00 1.160887e+00 7.695080e-01 0.000000e+00 2.103560e-02
0.000000e+00 8.470000e+00 1.159988e+00 7.685227e-01 0.000000e+00 1.522849e-02
0.000000e+00 8.525000e+00 1.150847e+00 7.584409e-01 0.000000e+00 1.150925e-02
0.000000e+00 8.580000e+00 1.138337e+00 7.447085e-01 0.000000e+00 2.215108e-03
0.000000e+00 8.635000e+00 1.121784e+00 7.267278e-01 0.000000e+00 -1.382676e-02
0.000000e+00 8.690000e+00 1.099944e+00 7.032791e-01 0.000000e+00 -3.237136e-02
0.000000e+00 8.745000e+00 1.083095e+00 6.853922e-01 0.000000e+00 -4.708518e-02
0.000000e+00 8.800000e+00 1.076031e+00 6.779489e-01 0.000000e+00 -5.250069e-02
0.000000e+00 8.855000e+00 1.073038e+00 6.748064e-01 0.000000e+00 -5.406834e-02
0.000000e+00 8.910000e+00 1.071230e+00 6.729125e-01 0.000000e+00 -5.447410e-02
0.000000e+00 8.965000e+00 1.069810e+00 6.714257e-01 0.000000e+00 -5.451210e-02
0.000000e+00 9.020000e+00 1.068483e+00 6.700390e-01 0.000000e+00 -5.447260e-02
0.000000e+00 9.075000e+00 1.067191e+00 6.686889e-01 0.000000e+00 -5.440696e-02
0.000000e+00 9.130000e+00 1.065962e+00 6.674055e-01 0.000000e+00 -5.428480e-02
0.000000e+00 9.185000e+00 1.064811e+00 6.662052e-01 0.000000e+00 -5.408962e-02
0.000000e+00 9.240000e+00 1.063728e+00 6.650768e-01 0.000000e+00 -5.383050e-02
0.000000e+00 9.295000e+00 1.062700e+00 6.640057e-01 0.000000e+00 -5.351757e-02
0.000000e+00 9.350000e+00 1.061719e+00 6.629837e-01 0.000000e+00 -5.315200e-02
0.000000e+00 9.405000e+00 1.060784e+00 6.620112e-01 0.000000e+00 -5.272416e-02
0.000000e+00 9.460000e+00 1.059893e+00 6.610838e-01 0.000000e+00 -5.223016e-02
0.000000e+00 9.515000e+00 1.059049e+00 6.602058e-01 0.000000e+00 -5.166592e-02
0.000000e+00 9.570000e+00 1.058239e+00 6.593644e-01 0.000000e+00 -5.105688e-02
0.000000e+00 9.625000e+00 1.057475e+00 6.585753e-01 0.000000e+00 -5.041829e-02
0.000000e+00 9.680000e+00 1.056723e+00 6.578059e-01 0.000000e+00 -4.982280e-02
0.000000e+00 9.735000e+00 1.056029e+00 6.571075e-01 0.000000e+00 -4.926683e-02
0.000000e+00 9.790000e+00 1.055303e+00 6.563861e-01 0.000000e+00 -4.887395e-02
0.000000e+00 9.845000e+00 1.054696e+00 6.557964e-01 0.000000e+00 -4.851387e-02
0.000000e+00 9.900000e+00 1.053939e+00 6.550493e-01 0.000000e+00 -4.843038e-02
0.000000e+00 9.955000e+00 1.053673e+00 6.548094e-01 0.000000e+00 -4.802160e-02
0.000000e+00 1.001000e+01 1.101640e+00 7.050500e-01 -0.000000e+00 -2.260000e-03
0.000000e+00 1.006500e+01 1.101640e+00 7.050500e-01 -0.000000e+00 -2.260000e-03
0.000000e+00 1.012000e+01 1.101640e+00 7.050500e-01 -0.000000e+00 -2.260000e-03
0.000000e+00 1.017500e+01 1.101640e+00 7.050500e-01 -0.000000e+00 -2.260000e-03
0.000000e+00 1.023000e+01 1.101640e+00 7.050500e-01 -0.000000e+00 -2.260000e-03
0.000000e+00 1.028500e+01 1.101640e+00 7.050500e-01 -0.000000e+00 -2.260000e-03
0.000000e+00 1.034000e+01 1.101640e+00 7.050500e-01 -0.000000e+00 -2.260000e-03
0.000000e+00 1.039500e+01 1.101640e+00 7.050500e-01 -0.000000e+00 -2.260000e-03
0.000000e+00 1.045000e+01 1.101640e+00 7.050500e-01 -0.000000e+00 -2.260000e-03
0.000000e+00 1.050500e+01 1.101640e+00 7.050500e-01 -0.000000e+00 -2.260000e-03
0.000000e+00 1.056000e+01 1.101640e+00 7.050500e-01 -0.000000e+00 -2.260000e-03
0.000000e+00 1.061500e+01 1.101640e+00 7.050500e-01 -0.000000e+00 -2.260000e-03
0.000000e+00 1.067000e+01 1.101640e+00 7.050500e-01 -0.000000e+00 -2.260000e-03
0.000000e+00 1.072500e+01 1.101640e+00 7.050500e-01 -0.000000e+00 -2.260000e-03
0.000000e+00 1.078000e+01 1.101640e+00 7.050500e-01 -0.000000e+00 -2.260000e-03
0.000000e+00 1.083500e+01 1.101640e+00 7.050500e-01 -0.000000e+00 -2.260000e-03
0.000000e+00 1.089000e+01 1.101640e+00 7.050500e-01 -0.000000e+00 -2.260000e-03
0.000000e+00 1.094500e+01 1.101640e+00 7.050500e-01 -0.000000e+00 -2.260000e-03
0.000000e+00 1.100000e+01 1.101640e+00 7.050500e-01 -0.000000e+00 -2.260000e-03
