#############TIME##################
1.702956e+00 
###################################
0.000000e+00 0.000000e+00 1.196440e+01 4.214537e+01 0.000000e+00 -1.499576e+00
0.000000e+00 5.500000e-02 1.196440e+01 4.214537e+01 0.000000e+00 -1.499576e+00
0.000000e+00 1.100000e-01 1.196497e+01 4.214586e+01 0.000000e+00 -1.499478e+00
0.000000e+00 1.650000e-01 9.156423e+00 2.427387e+01 0.000000e+00 -9.921191e-01
0.000000e+00 2.200000e-01 7.103463e+00 1.585878e+01 0.000000e+00 -8.162614e-01
0.000000e+00 2.750000e-01 5.810664e+00 1.134945e+01 0.000000e+00 -6.779205e-01
0.000000e+00 3.300000e-01 4.960442e+00 8.707727e+00 0.000000e+00 -5.770570e-01
0.000000e+00 3.850000e-01 4.355874e+00 7.018787e+00 0.000000e+00 -4.988787e-01
0.000000e+00 4.400000e-01 3.902867e+00 5.846810e+00 0.000000e+00 -4.368882e-01
0.000000e+00 4.950000e-01 3.545750e+00 4.980581e+00 0.000000e+00 -3.861697e-01
0.000000e+00 5.500000e-01 3.264304e+00 4.337876e+00 0.000000e+00 -3.444371e-01
0.000000e+00 6.050000e-01 3.046447e+00 3.864759e+00 0.000000e+00 -3.108705e-01
0.000000e+00 6.600000e-01 2.865381e+00 3.489248e+00 0.000000e+00 -2.883630e-01
0.000000e+00 7.150000e-01 2.705425e+00 3.171651e+00 0.000000e+00 -2.706660e-01
0.000000e+00 7.700000e-01 2.558897e+00 2.890086e+00 0.000000e+00 -2.525440e-01
0.000000e+00 8.250000e-01 2.432709e+00 2.653777e+00 0.000000e+00 -2.321644e-01
0.000000e+00 8.800000e-01 2.326141e+00 2.461770e+00 0.000000e+00 -2.222531e-01
0.000000e+00 9.350000e-01 2.238752e+00 2.311613e+00 0.000000e+00 -2.395820e-01
0.000000e+00 9.900000e-01 2.009808e+00 1.931962e+00 0.000000e+00 -2.946799e-01
0.000000e+00 1.045000e+00 1.709942e+00 1.471788e+00 0.000000e+00 -4.394465e-01
0.000000e+00 1.100000e+00 1.555631e+00 1.253467e+00 0.000000e+00 -4.973231e-01
0.000000e+00 1.155000e+00 1.487408e+00 1.162703e+00 0.000000e+00 -4.995307e-01
0.000000e+00 1.210000e+00 1.435677e+00 1.096127e+00 0.000000e+00 -4.907150e-01
0.000000e+00 1.265000e+00 1.392819e+00 1.042143e+00 0.000000e+00 -4.804580e-01
0.000000e+00 1.320000e+00 1.355710e+00 9.962705e-01 0.000000e+00 -4.694452e-01
0.000000e+00 1.375000e+00 1.323726e+00 9.574068e-01 0.000000e+00 -4.578059e-01
0.000000e+00 1.430000e+00 1.296124e+00 9.243765e-01 0.000000e+00 -4.456661e-01
0.000000e+00 1.485000e+00 1.272179e+00 8.961057e-01 0.000000e+00 -4.332437e-01
0.000000e+00 1.540000e+00 1.251336e+00 8.717870e-01 0.000000e+00 -4.206928e-01
0.000000e+00 1.595000e+00 1.233157e+00 8.507949e-01 0.000000e+00 -4.081152e-01
0.000000e+00 1.650000e+00 1.217275e+00 8.326214e-01 0.000000e+00 -3.955928e-01
0.000000e+00 1.705000e+00 1.203380e+00 8.168502e-01 0.000000e+00 -3.831903e-01
0.000000e+00 1.760000e+00 1.191214e+00 8.031382e-01 0.000000e+00 -3.709576e-01
0.000000e+00 1.815000e+00 1.180553e+00 7.911988e-01 0.000000e+00 -3.589347e-01
0.000000e+00 1.870000e+00 1.171206e+00 7.807896e-01 0.000000e+00 -3.471543e-01
0.000000e+00 1.925000e+00 1.163008e+00 7.717041e-01 0.000000e+00 -3.356428e-01
0.000000e+00 1.980000e+00 1.155813e+00 7.637663e-01 0.000000e+00 -3.244213e-01
0.000000e+00 2.035000e+00 1.149497e+00 7.568249e-01 0.000000e+00 -3.135059e-01
0.000000e+00 2.090000e+00 1.143951e+00 7.507501e-01 0.000000e+00 -3.029087e-01
0.000000e+00 2.145000e+00 1.139079e+00 7.454294e-01 0.000000e+00 -2.926380e-01
0.000000e+00 2.200000e+00 1.134797e+00 7.407658e-01 0.000000e+00 -2.826990e-01
0.000000e+00 2.255000e+00 1.131032e+00 7.366752e-01 0.000000e+00 -2.730942e-01
0.000000e+00 2.310000e+00 1.127720e+00 7.330844e-01 0.000000e+00 -2.638234e-01
0.000000e+00 2.365000e+00 1.124806e+00 7.299300e-01 0.000000e+00 -2.548848e-01
0.000000e+00 2.420000e+00 1.122239e+00 7.271566e-01 0.000000e+00 -2.462744e-01
0.000000e+00 2.475000e+00 1.119977e+00 7.247162e-01 0.000000e+00 -2.379872e-01
0.000000e+00 2.530000e+00 1.117983e+00 7.225669e-01 0.000000e+00 -2.300165e-01
0.000000e+00 2.585000e+00 1.116223e+00 7.206723e-01 0.000000e+00 -2.223549e-01
0.000000e+00 2.640000e+00 1.114668e+00 7.190005e-01 0.000000e+00 -2.149943e-01
0.000000e+00 2.695000e+00 1.113294e+00 7.175238e-01 0.000000e+00 -2.079258e-01
0.000000e+00 2.750000e+00 1.112078e+00 7.162182e-01 0.000000e+00 -2.011400e-01
0.000000e+00 2.805000e+00 1.111001e+00 7.150624e-01 0.000000e+00 -1.946274e-01
0.000000e+00 2.860000e+00 1.110046e+00 7.140382e-01 0.000000e+00 -1.883783e-01
0.000000e+00 2.915000e+00 1.109198e+00 7.131296e-01 0.000000e+00 -1.823827e-01
0.000000e+00 2.970000e+00 1.108444e+00 7.123225e-01 0.000000e+00 -1.766308e-01
0.000000e+00 3.025000e+00 1.107774e+00 7.116047e-01 0.000000e+00 -1.711129e-01
0.000000e+00 3.080000e+00 1.107177e+00 7.109657e-01 0.000000e+00 -1.658193e-01
0.000000e+00 3.135000e+00 1.106645e+00 7.103959e-01 0.000000e+00 -1.607405e-01
0.000000e+00 3.190000e+00 1.106169e+00 7.098874e-01 0.000000e+00 -1.558674e-01
0.000000e+00 3.245000e+00 1.105744e+00 7.094329e-01 0.000000e+00 -1.511910e-01
0.000000e+00 3.300000e+00 1.105364e+00 7.090262e-01 0.000000e+00 -1.467026e-01
0.000000e+00 3.355000e+00 1.105023e+00 7.086618e-01 0.000000e+00 -1.423938e-01
0.000000e+00 3.410000e+00 1.104717e+00 7.083350e-01 0.000000e+00 -1.382567e-01
0.000000e+00 3.465000e+00 1.104442e+00 7.080414e-01 0.000000e+00 -1.342833e-01
0.000000e+00 3.520000e+00 1.104195e+00 7.077773e-01 0.000000e+00 -1.304663e-01
0.000000e+00 3.575000e+00 1.103972e+00 7.075396e-01 0.000000e+00 -1.267985e-01
0.000000e+00 3.630000e+00 1.103772e+00 7.073252e-01 0.000000e+00 -1.232732e-01
0.000000e+00 3.685000e+00 1.103591e+00 7.071317e-01 0.000000e+00 -1.198838e-01
0.000000e+00 3.740000e+00 1.103427e+00 7.069569e-01 0.000000e+00 -1.166241e-01
0.000000e+00 3.795000e+00 1.103279e+00 7.067987e-01 0.000000e+00 -1.134881e-01
0.000000e+00 3.850000e+00 1.103144e+00 7.066553e-01 0.000000e+00 -1.104703e-01
0.000000e+00 3.905000e+00 1.103023e+00 7.065254e-01 0.000000e+00 -1.075652e-01
0.000000e+00 3.960000e+00 1.102912e+00 7.064073e-01 0.000000e+00 -1.047678e-01
0.000000e+00 4.015000e+00 1.102812e+00 7.063001e-01 0.000000e+00 -1.020731e-01
0.000000e+00 4.070000e+00 1.102720e+00 7.062024e-01 0.000000e+00 -9.947658e-02
0.000000e+00 4.125000e+00 1.102637e+00 7.061135e-01 0.000000e+00 -9.697380e-02
0.000000e+00 4.180000e+00 1.102561e+00 7.060324e-01 0.000000e+00 -9.456058e-02
0.000000e+00 4.235000e+00 1.102491e+00 7.059583e-01 0.000000e+00 -9.223296e-02
0.000000e+00 4.290000e+00 1.102428e+00 7.058906e-01 0.000000e+00 -8.998715e-02
0.000000e+00 4.345000e+00 1.102370e+00 7.058287e-01 0.000000e+00 -8.781957e-02
0.000000e+00 4.400000e+00 1.102317e+00 7.057720e-01 0.000000e+00 -8.572681e-02
0.000000e+00 4.455000e+00 1.102268e+00 7.057200e-01 0.000000e+00 -8.370563e-02
0.000000e+00 4.510000e+00 1.102223e+00 7.056723e-01 0.000000e+00 -8.175295e-02
0.000000e+00 4.565000e+00 1.102182e+00 7.056285e-01 0.000000e+00 -7.986585e-02
0.000000e+00 4.620000e+00 1.102144e+00 7.055882e-01 0.000000e+00 -7.804155e-02
0.000000e+00 4.675000e+00 1.102110e+00 7.055511e-01 0.000000e+00 -7.627739e-02
0.000000e+00 4.730000e+00 1.102078e+00 7.055170e-01 0.000000e+00 -7.457087e-02
0.000000e+00 4.785000e+00 1.102048e+00 7.054855e-01 0.000000e+00 -7.291958e-02
0.000000e+00 4.840000e+00 1.102021e+00 7.054565e-01 0.000000e+00 -7.132127e-02
0.000000e+00 4.895000e+00 1.101996e+00 7.054297e-01 0.000000e+00 -6.977375e-02
0.000000e+00 4.950000e+00 1.101973e+00 7.054049e-01 0.000000e+00 -6.827497e-02
0.000000e+00 5.005000e+00 1.101951e+00 7.053820e-01 0.000000e+00 -6.682296e-02
0.000000e+00 5.060000e+00 1.101931e+00 7.053607e-01 0.000000e+00 -6.541586e-02
0.000000e+00 5.115000e+00 1.101913e+00 7.053411e-01 0.000000e+00 -6.405188e-02
0.000000e+00 5.170000e+00 1.101896e+00 7.053228e-01 0.000000e+00 -6.272933e-02
0.000000e+00 5.225000e+00 1.101880e+00 7.053059e-01 0.000000e+00 -6.144659e-02
0.000000e+00 5.280000e+00 1.101865e+00 7.052902e-01 0.000000e+00 -6.020211e-02
0.000000e+00 5.335000e+00 1.101851e+00 7.052756e-01 0.000000e+00 -5.899443e-02
0.000000e+00 5.390000e+00 1.101839e+00 7.052620e-01 0.000000e+00 -5.782215e-02
0.000000e+00 5.445000e+00 1.101827e+00 7.052494e-01 0.000000e+00 -5.668392e-02
0.000000e+00 5.500000e+00 1.101816e+00 7.052376e-01 0.000000e+00 -5.557847e-02
0.000000e+00 5.555000e+00 1.101806e+00 7.052266e-01 0.000000e+00 -5.450458e-02
0.000000e+00 5.610000e+00 1.101796e+00 7.052164e-01 0.000000e+00 -5.346107e-02
0.000000e+00 5.665000e+00 1.101787e+00 7.052069e-01 0.000000e+00 -5.244684e-02
0.000000e+00 5.720000e+00 1.101779e+00 7.051979e-01 0.000000e+00 -5.146083e-02
0.000000e+00 5.775000e+00 1.101771e+00 7.051896e-01 0.000000e+00 -5.050200e-02
0.000000e+00 5.830000e+00 1.101764e+00 7.051818e-01 0.000000e+00 -4.956940e-02
0.000000e+00 5.885000e+00 1.101757e+00 7.051745e-01 0.000000e+00 -4.866209e-02
0.000000e+00 5.940000e+00 1.101750e+00 7.051677e-01 0.000000e+00 -4.777917e-02
0.000000e+00 5.995000e+00 1.101744e+00 7.051613e-01 0.000000e+00 -4.691980e-02
0.000000e+00 6.050000e+00 1.101739e+00 7.051553e-01 0.000000e+00 -4.608315e-02
0.000000e+00 6.105000e+00 1.101733e+00 7.051497e-01 0.000000e+00 -4.526845e-02
0.000000e+00 6.160000e+00 1.101729e+00 7.051444e-01 0.000000e+00 -4.447494e-02
0.000000e+00 6.215000e+00 1.101724e+00 7.051395e-01 0.000000e+00 -4.370191e-02
0.000000e+00 6.270000e+00 1.101720e+00 7.051348e-01 0.000000e+00 -4.294867e-02
0.000000e+00 6.325000e+00 1.101715e+00 7.051305e-01 0.000000e+00 -4.221455e-02
0.000000e+00 6.380000e+00 1.101712e+00 7.051263e-01 0.000000e+00 -4.149892e-02
0.000000e+00 6.435000e+00 1.101708e+00 7.051225e-01 0.000000e+00 -4.080118e-02
0.000000e+00 6.490000e+00 1.101705e+00 7.051188e-01 0.000000e+00 -4.012073e-02
0.000000e+00 6.545000e+00 1.101701e+00 7.051154e-01 0.000000e+00 -3.945703e-02
0.000000e+00 6.600000e+00 1.101698e+00 7.051122e-01 0.000000e+00 -3.880952e-02
0.000000e+00 6.655000e+00 1.101695e+00 7.051091e-01 0.000000e+00 -3.817770e-02
0.000000e+00 6.710000e+00 1.101693e+00 7.051062e-01 0.000000e+00 -3.756107e-02
0.000000e+00 6.765000e+00 1.101690e+00 7.051035e-01 0.000000e+00 -3.695914e-02
0.000000e+00 6.820000e+00 1.101688e+00 7.051010e-01 0.000000e+00 -3.637146e-02
0.000000e+00 6.875000e+00 1.101686e+00 7.050985e-01 0.000000e+00 -3.579759e-02
0.000000e+00 6.930000e+00 1.101683e+00 7.050963e-01 0.000000e+00 -3.523710e-02
0.000000e+00 6.985000e+00 1.101681e+00 7.050941e-01 0.000000e+00 -3.468958e-02
0.000000e+00 7.040000e+00 1.101679e+00 7.050920e-01 0.000000e+00 -3.415464e-02
0.000000e+00 7.095000e+00 1.101678e+00 7.050901e-01 0.000000e+00 -3.363190e-02
0.000000e+00 7.150000e+00 1.101676e+00 7.050883e-01 0.000000e+00 -3.312100e-02
0.000000e+00 7.205000e+00 1.101674e+00 7.050865e-01 0.000000e+00 -3.262158e-02
0.000000e+00 7.260000e+00 1.101673e+00 7.050849e-01 0.000000e+00 -3.213330e-02
0.000000e+00 7.315000e+00 1.101671e+00 7.050833e-01 0.000000e+00 -3.165583e-02
0.000000e+00 7.370000e+00 1.101670e+00 7.050818e-01 0.000000e+00 -3.118886e-02
0.000000e+00 7.425000e+00 1.101669e+00 7.050805e-01 0.000000e+00 -3.073215e-02
0.000000e+00 7.480000e+00 1.101667e+00 7.050793e-01 0.000000e+00 -3.028542e-02
0.000000e+00 7.535000e+00 1.101666e+00 7.050780e-01 0.000000e+00 -2.984821e-02
0.000000e+00 7.590000e+00 1.101665e+00 7.050764e-01 0.000000e+00 -2.941996e-02
0.000000e+00 7.645000e+00 1.101663e+00 7.050745e-01 0.000000e+00 -2.900052e-02
0.000000e+00 7.700000e+00 1.101662e+00 7.050736e-01 0.000000e+00 -2.859071e-02
0.000000e+00 7.755000e+00 1.101664e+00 7.050753e-01 0.000000e+00 -2.819171e-02
0.000000e+00 7.810000e+00 1.101667e+00 7.050784e-01 0.000000e+00 -2.780234e-02
0.000000e+00 7.865000e+00 1.101665e+00 7.050768e-01 0.000000e+00 -2.741698e-02
0.000000e+00 7.920000e+00 1.101653e+00 7.050634e-01 0.000000e+00 -2.702887e-02
0.000000e+00 7.975000e+00 1.101632e+00 7.050419e-01 0.000000e+00 -2.664112e-02
0.000000e+00 8.030000e+00 1.101630e+00 7.050391e-01 0.000000e+00 -2.627730e-02
0.000000e+00 8.085000e+00 1.101686e+00 7.050994e-01 0.000000e+00 -2.597690e-02
0.000000e+00 8.140000e+00 1.101832e+00 7.052549e-01 0.000000e+00 -2.576838e-02
0.000000e+00 8.195000e+00 1.102051e+00 7.054889e-01 0.000000e+00 -2.563538e-02
0.000000e+00 8.250000e+00 1.102274e+00 7.057269e-01 0.000000e+00 -2.550902e-02
0.000000e+00 8.305000e+00 1.102406e+00 7.058677e-01 0.000000e+00 -2.529718e-02
0.000000e+00 8.360000e+00 1.102373e+00 7.058324e-01 0.000000e+00 -2.493159e-02
0.000000e+00 8.415000e+00 1.102157e+00 7.056018e-01 0.000000e+00 -2.440292e-02
0.000000e+00 8.470000e+00 1.101796e+00 7.052159e-01 0.000000e+00 -2.375572e-02
0.000000e+00 8.525000e+00 1.101359e+00 7.047503e-01 0.000000e+00 -2.305856e-02
0.000000e+00 8.580000e+00 1.100929e+00 7.042918e-01 0.000000e+00 -2.237854e-02
0.000000e+00 8.635000e+00 1.100570e+00 7.039090e-01 0.000000e+00 -2.176128e-02
0.000000e+00 8.690000e+00 1.100297e+00 7.036180e-01 0.000000e+00 -2.121333e-02
0.000000e+00 8.745000e+00 1.100067e+00 7.033728e-01 0.000000e+00 -2.070162e-02
0.000000e+00 8.800000e+00 1.099813e+00 7.031027e-01 0.000000e+00 -2.018034e-02
0.000000e+00 8.855000e+00 1.099500e+00 7.027683e-01 0.000000e+00 -1.962685e-02
0.000000e+00 8.910000e+00 1.099141e+00 7.023861e-01 0.000000e+00 -1.905430e-02
0.000000e+00 8.965000e+00 1.098779e+00 7.020011e-01 0.000000e+00 -1.849134e-02
0.000000e+00 9.020000e+00 1.098445e+00 7.016457e-01 0.000000e+00 -1.795494e-02
0.000000e+00 9.075000e+00 1.098143e+00 7.013237e-01 0.000000e+00 -1.744308e-02
0.000000e+00 9.130000e+00 1.097861e+00 7.010238e-01 0.000000e+00 -1.694613e-02
0.000000e+00 9.185000e+00 1.097590e+00 7.007352e-01 0.000000e+00 -1.645769e-02
0.000000e+00 9.240000e+00 1.097323e+00 7.004514e-01 0.000000e+00 -1.597526e-02
0.000000e+00 9.295000e+00 1.097056e+00 7.001675e-01 0.000000e+00 -1.549713e-02
0.000000e+00 9.350000e+00 1.096786e+00 6.998802e-01 0.000000e+00 -1.502190e-02
0.000000e+00 9.405000e+00 1.096512e+00 6.995890e-01 0.000000e+00 -1.454956e-02
0.000000e+00 9.460000e+00 1.096236e+00 6.992951e-01 0.000000e+00 -1.408074e-02
0.000000e+00 9.515000e+00 1.095958e+00 6.989999e-01 0.000000e+00 -1.361555e-02
0.000000e+00 9.570000e+00 1.095680e+00 6.987043e-01 0.000000e+00 -1.315347e-02
0.000000e+00 9.625000e+00 1.095402e+00 6.984090e-01 0.000000e+00 -1.269480e-02
0.000000e+00 9.680000e+00 1.095126e+00 6.981146e-01 0.000000e+00 -1.224011e-02
0.000000e+00 9.735000e+00 1.094851e+00 6.978215e-01 0.000000e+00 -1.178782e-02
0.000000e+00 9.790000e+00 1.094575e+00 6.975300e-01 0.000000e+00 -1.133231e-02
0.000000e+00 9.845000e+00 1.094298e+00 6.972405e-01 0.000000e+00 -1.087063e-02
0.000000e+00 9.900000e+00 1.094021e+00 6.969511e-01 0.000000e+00 -1.041716e-02
0.000000e+00 9.955000e+00 1.093748e+00 6.966618e-01 0.000000e+00 -1.000140e-02
0.000000e+00 1.001000e+01 1.101640e+00 7.050500e-01 -0.000000e+00 -2.260000e-03
0.000000e+00 1.006500e+01 1.101640e+00 7.050500e-01 -0.000000e+00 -2.260000e-03
0.000000e+00 1.012000e+01 1.101640e+00 7.050500e-01 -0.000000e+00 -2.260000e-03
0.000000e+00 1.017500e+01 1.101640e+00 7.050500e-01 -0.000000e+00 -2.260000e-03
0.000000e+00 1.023000e+01 1.101640e+00 7.050500e-01 -0.000000e+00 -2.260000e-03
0.000000e+00 1.028500e+01 1.101640e+00 7.050500e-01 -0.000000e+00 -2.260000e-03
0.000000e+00 1.034000e+01 1.101640e+00 7.050500e-01 -0.000000e+00 -2.260000e-03
0.000000e+00 1.039500e+01 1.101640e+00 7.050500e-01 -0.000000e+00 -2.260000e-03
0.000000e+00 1.045000e+01 1.101640e+00 7.050500e-01 -0.000000e+00 -2.260000e-03
0.000000e+00 1.050500e+01 1.101640e+00 7.050500e-01 -0.000000e+00 -2.260000e-03
0.000000e+00 1.056000e+01 1.101640e+00 7.050500e-01 -0.000000e+00 -2.260000e-03
0.000000e+00 1.061500e+01 1.101640e+00 7.050500e-01 -0.000000e+00 -2.260000e-03
0.000000e+00 1.067000e+01 1.101640e+00 7.050500e-01 -0.000000e+00 -2.260000e-03
0.000000e+00 1.072500e+01 1.101640e+00 7.050500e-01 -0.000000e+00 -2.260000e-03
0.000000e+00 1.078000e+01 1.101640e+00 7.050500e-01 -0.000000e+00 -2.260000e-03
0.000000e+00 1.083500e+01 1.101640e+00 7.050500e-01 -0.000000e+00 -2.260000e-03
0.000000e+00 1.089000e+01 1.101640e+00 7.050500e-01 -0.000000e+00 -2.260000e-03
0.000000e+00 1.094500e+01 1.101640e+00 7.050500e-01 -0.000000e+00 -2.260000e-03
0.000000e+00 1.100000e+01 1.101640e+00 7.050500e-01 -0.000000e+00 -2.260000e-03
