#############TIME##################
6.904241e+00 
###################################
0.000000e+00 0.000000e+00 1.210370e+01 4.271065e+01 0.000000e+00 -1.497040e+00
0.000000e+00 5.500000e-02 1.210370e+01 4.271065e+01 0.000000e+00 -1.497040e+00
0.000000e+00 1.100000e-01 1.210372e+01 4.271048e+01 0.000000e+00 -1.497066e+00
0.000000e+00 1.650000e-01 9.271571e+00 2.463829e+01 0.000000e+00 -9.910936e-01
0.000000e+00 2.200000e-01 7.200028e+00 1.611869e+01 0.000000e+00 -8.152392e-01
0.000000e+00 2.750000e-01 5.892275e+00 1.155037e+01 0.000000e+00 -6.741521e-01
0.000000e+00 3.300000e-01 5.023818e+00 8.853148e+00 0.000000e+00 -5.698724e-01
0.000000e+00 3.850000e-01 4.402148e+00 7.122018e+00 0.000000e+00 -4.887635e-01
0.000000e+00 4.400000e-01 3.944937e+00 5.945118e+00 0.000000e+00 -4.238660e-01
0.000000e+00 4.950000e-01 3.594723e+00 5.099183e+00 0.000000e+00 -3.710029e-01
0.000000e+00 5.500000e-01 3.318018e+00 4.468425e+00 0.000000e+00 -3.282436e-01
0.000000e+00 6.050000e-01 3.094644e+00 3.981973e+00 0.000000e+00 -2.930080e-01
0.000000e+00 6.600000e-01 2.912040e+00 3.598392e+00 0.000000e+00 -2.637388e-01
0.000000e+00 7.150000e-01 2.760549e+00 3.289795e+00 0.000000e+00 -2.389824e-01
0.000000e+00 7.700000e-01 2.633310e+00 3.037468e+00 0.000000e+00 -2.179258e-01
0.000000e+00 8.250000e-01 2.524804e+00 2.827438e+00 0.000000e+00 -1.999048e-01
0.000000e+00 8.800000e-01 2.430861e+00 2.649962e+00 0.000000e+00 -1.843896e-01
0.000000e+00 9.350000e-01 2.348278e+00 2.498080e+00 0.000000e+00 -1.707857e-01
0.000000e+00 9.900000e-01 2.274712e+00 2.366765e+00 0.000000e+00 -1.586249e-01
0.000000e+00 1.045000e+00 2.208501e+00 2.252171e+00 0.000000e+00 -1.475877e-01
0.000000e+00 1.100000e+00 2.148637e+00 2.151497e+00 0.000000e+00 -1.374688e-01
0.000000e+00 1.155000e+00 2.094470e+00 2.062617e+00 0.000000e+00 -1.281226e-01
0.000000e+00 1.210000e+00 2.045428e+00 1.983687e+00 0.000000e+00 -1.194995e-01
0.000000e+00 1.265000e+00 2.000956e+00 1.913057e+00 0.000000e+00 -1.116104e-01
0.000000e+00 1.320000e+00 1.960651e+00 1.849499e+00 0.000000e+00 -1.044231e-01
0.000000e+00 1.375000e+00 1.924205e+00 1.792196e+00 0.000000e+00 -9.783417e-02
0.000000e+00 1.430000e+00 1.891160e+00 1.740404e+00 0.000000e+00 -9.177127e-02
0.000000e+00 1.485000e+00 1.860833e+00 1.693249e+00 0.000000e+00 -8.625463e-02
0.000000e+00 1.540000e+00 1.832551e+00 1.649922e+00 0.000000e+00 -8.132254e-02
0.000000e+00 1.595000e+00 1.805918e+00 1.609911e+00 0.000000e+00 -7.694183e-02
0.000000e+00 1.650000e+00 1.780821e+00 1.572955e+00 0.000000e+00 -7.302133e-02
0.000000e+00 1.705000e+00 1.757295e+00 1.538858e+00 0.000000e+00 -6.946360e-02
0.000000e+00 1.760000e+00 1.735400e+00 1.507387e+00 0.000000e+00 -6.616086e-02
0.000000e+00 1.815000e+00 1.715135e+00 1.478270e+00 0.000000e+00 -6.298458e-02
0.000000e+00 1.870000e+00 1.696350e+00 1.451159e+00 0.000000e+00 -5.985487e-02
0.000000e+00 1.925000e+00 1.678731e+00 1.425647e+00 0.000000e+00 -5.682800e-02
0.000000e+00 1.980000e+00 1.661973e+00 1.401467e+00 0.000000e+00 -5.406275e-02
0.000000e+00 2.035000e+00 1.645965e+00 1.378645e+00 0.000000e+00 -5.167824e-02
0.000000e+00 2.090000e+00 1.630786e+00 1.357390e+00 0.000000e+00 -4.965671e-02
0.000000e+00 2.145000e+00 1.616550e+00 1.337828e+00 0.000000e+00 -4.789200e-02
0.000000e+00 2.200000e+00 1.603269e+00 1.319853e+00 0.000000e+00 -4.630099e-02
0.000000e+00 2.255000e+00 1.590871e+00 1.303188e+00 0.000000e+00 -4.485137e-02
0.000000e+00 2.310000e+00 1.579229e+00 1.287488e+00 0.000000e+00 -4.351209e-02
0.000000e+00 2.365000e+00 1.568121e+00 1.272356e+00 0.000000e+00 -4.221986e-02
0.000000e+00 2.420000e+00 1.557247e+00 1.257406e+00 0.000000e+00 -4.087868e-02
0.000000e+00 2.475000e+00 1.546414e+00 1.242502e+00 0.000000e+00 -3.936807e-02
0.000000e+00 2.530000e+00 1.535709e+00 1.227917e+00 0.000000e+00 -3.757417e-02
0.000000e+00 2.585000e+00 1.525427e+00 1.214136e+00 0.000000e+00 -3.543108e-02
0.000000e+00 2.640000e+00 1.515754e+00 1.201403e+00 0.000000e+00 -3.299647e-02
0.000000e+00 2.695000e+00 1.506567e+00 1.189478e+00 0.000000e+00 -3.049942e-02
0.000000e+00 2.750000e+00 1.497576e+00 1.177872e+00 0.000000e+00 -2.825325e-02
0.000000e+00 2.805000e+00 1.488603e+00 1.166229e+00 0.000000e+00 -2.650033e-02
0.000000e+00 2.860000e+00 1.479696e+00 1.154540e+00 0.000000e+00 -2.526844e-02
0.000000e+00 2.915000e+00 1.471127e+00 1.143180e+00 0.000000e+00 -2.430644e-02
0.000000e+00 2.970000e+00 1.463165e+00 1.132607e+00 0.000000e+00 -2.322446e-02
0.000000e+00 3.025000e+00 1.455864e+00 1.123007e+00 0.000000e+00 -2.178419e-02
0.000000e+00 3.080000e+00 1.448995e+00 1.114147e+00 0.000000e+00 -2.010146e-02
0.000000e+00 3.135000e+00 1.442177e+00 1.105530e+00 0.000000e+00 -1.854514e-02
0.000000e+00 3.190000e+00 1.435122e+00 1.096715e+00 0.000000e+00 -1.741600e-02
0.000000e+00 3.245000e+00 1.427797e+00 1.087561e+00 0.000000e+00 -1.668183e-02
0.000000e+00 3.300000e+00 1.420571e+00 1.078455e+00 0.000000e+00 -1.600016e-02
0.000000e+00 3.355000e+00 1.413899e+00 1.069944e+00 0.000000e+00 -1.503152e-02
0.000000e+00 3.410000e+00 1.407955e+00 1.062270e+00 0.000000e+00 -1.374626e-02
0.000000e+00 3.465000e+00 1.402404e+00 1.055088e+00 0.000000e+00 -1.241885e-02
0.000000e+00 3.520000e+00 1.396753e+00 1.047864e+00 0.000000e+00 -1.134345e-02
0.000000e+00 3.575000e+00 1.390877e+00 1.040489e+00 0.000000e+00 -1.055024e-02
0.000000e+00 3.630000e+00 1.385204e+00 1.033490e+00 0.000000e+00 -9.811111e-03
0.000000e+00 3.685000e+00 1.380275e+00 1.027491e+00 0.000000e+00 -8.875585e-03
0.000000e+00 3.740000e+00 1.376135e+00 1.022478e+00 0.000000e+00 -7.664334e-03
0.000000e+00 3.795000e+00 1.372239e+00 1.017720e+00 0.000000e+00 -6.350151e-03
0.000000e+00 3.850000e+00 1.367992e+00 1.012457e+00 0.000000e+00 -5.218653e-03
0.000000e+00 3.905000e+00 1.363303e+00 1.006583e+00 0.000000e+00 -4.469287e-03
0.000000e+00 3.960000e+00 1.358533e+00 1.000578e+00 0.000000e+00 -4.047689e-03
0.000000e+00 4.015000e+00 1.354054e+00 9.949507e-01 0.000000e+00 -3.719972e-03
0.000000e+00 4.070000e+00 1.349908e+00 9.897996e-01 0.000000e+00 -3.234936e-03
0.000000e+00 4.125000e+00 1.345905e+00 9.849150e-01 0.000000e+00 -2.499879e-03
0.000000e+00 4.180000e+00 1.341790e+00 9.799688e-01 0.000000e+00 -1.687659e-03
0.000000e+00 4.235000e+00 1.337327e+00 9.746334e-01 0.000000e+00 -1.192256e-03
0.000000e+00 4.290000e+00 1.332383e+00 9.687106e-01 0.000000e+00 -1.330086e-03
0.000000e+00 4.345000e+00 1.327078e+00 9.623122e-01 0.000000e+00 -1.981376e-03
0.000000e+00 4.400000e+00 1.322209e+00 9.563767e-01 0.000000e+00 -2.603326e-03
0.000000e+00 4.455000e+00 1.318802e+00 9.521466e-01 0.000000e+00 -2.507966e-03
0.000000e+00 4.510000e+00 1.318447e+00 9.515956e-01 0.000000e+00 -8.860118e-04
0.000000e+00 4.565000e+00 1.320889e+00 9.544766e-01 0.000000e+00 2.483741e-03
0.000000e+00 4.620000e+00 1.323842e+00 9.580339e-01 0.000000e+00 6.304616e-03
0.000000e+00 4.675000e+00 1.324201e+00 9.585380e-01 0.000000e+00 9.722286e-03
0.000000e+00 4.730000e+00 1.320885e+00 9.546293e-01 0.000000e+00 1.032427e-02
0.000000e+00 4.785000e+00 1.311554e+00 9.434734e-01 0.000000e+00 7.442362e-03
0.000000e+00 4.840000e+00 1.299323e+00 9.288394e-01 0.000000e+00 2.642574e-03
0.000000e+00 4.895000e+00 1.288273e+00 9.156334e-01 0.000000e+00 -1.293926e-03
0.000000e+00 4.950000e+00 1.282294e+00 9.084716e-01 0.000000e+00 -2.591328e-03
0.000000e+00 5.005000e+00 1.281153e+00 9.070574e-01 0.000000e+00 -1.007545e-03
0.000000e+00 5.060000e+00 1.283352e+00 9.096120e-01 0.000000e+00 2.363028e-03
0.000000e+00 5.115000e+00 1.286780e+00 9.136792e-01 0.000000e+00 6.293497e-03
0.000000e+00 5.170000e+00 1.289326e+00 9.167540e-01 0.000000e+00 9.342680e-03
0.000000e+00 5.225000e+00 1.288795e+00 9.161846e-01 0.000000e+00 1.094350e-02
0.000000e+00 5.280000e+00 1.285485e+00 9.123144e-01 0.000000e+00 1.094673e-02
0.000000e+00 5.335000e+00 1.280927e+00 9.069554e-01 0.000000e+00 9.960960e-03
0.000000e+00 5.390000e+00 1.276336e+00 9.015097e-01 0.000000e+00 8.523475e-03
0.000000e+00 5.445000e+00 1.271880e+00 8.961989e-01 0.000000e+00 7.745465e-03
0.000000e+00 5.500000e+00 1.268035e+00 8.915973e-01 0.000000e+00 7.730441e-03
0.000000e+00 5.555000e+00 1.265441e+00 8.885256e-01 0.000000e+00 7.439026e-03
0.000000e+00 5.610000e+00 1.263883e+00 8.867023e-01 0.000000e+00 7.336516e-03
0.000000e+00 5.665000e+00 1.261640e+00 8.841075e-01 0.000000e+00 7.949814e-03
0.000000e+00 5.720000e+00 1.258911e+00 8.809800e-01 0.000000e+00 8.834499e-03
0.000000e+00 5.775000e+00 1.257453e+00 8.793096e-01 0.000000e+00 8.008897e-03
0.000000e+00 5.830000e+00 1.255399e+00 8.769211e-01 0.000000e+00 6.616520e-03
0.000000e+00 5.885000e+00 1.250200e+00 8.708822e-01 0.000000e+00 8.325518e-03
0.000000e+00 5.940000e+00 1.245810e+00 8.657375e-01 0.000000e+00 5.355219e-03
0.000000e+00 5.995000e+00 1.241155e+00 8.602582e-01 0.000000e+00 -1.162297e-03
0.000000e+00 6.050000e+00 1.228854e+00 8.460182e-01 0.000000e+00 -1.572815e-03
0.000000e+00 6.105000e+00 1.220425e+00 8.363908e-01 0.000000e+00 -1.404158e-02
0.000000e+00 6.160000e+00 1.193618e+00 8.060357e-01 0.000000e+00 -3.268429e-02
0.000000e+00 6.215000e+00 1.158220e+00 7.665106e-01 0.000000e+00 -6.253500e-02
0.000000e+00 6.270000e+00 1.132280e+00 7.380587e-01 0.000000e+00 -8.361298e-02
0.000000e+00 6.325000e+00 1.121853e+00 7.267477e-01 0.000000e+00 -9.075978e-02
0.000000e+00 6.380000e+00 1.117025e+00 7.215370e-01 0.000000e+00 -9.277405e-02
0.000000e+00 6.435000e+00 1.113853e+00 7.181250e-01 0.000000e+00 -9.322280e-02
0.000000e+00 6.490000e+00 1.111198e+00 7.152750e-01 0.000000e+00 -9.320427e-02
0.000000e+00 6.545000e+00 1.108737e+00 7.126359e-01 0.000000e+00 -9.305777e-02
0.000000e+00 6.600000e+00 1.106404e+00 7.101386e-01 0.000000e+00 -9.283198e-02
0.000000e+00 6.655000e+00 1.104216e+00 7.077992e-01 0.000000e+00 -9.251074e-02
0.000000e+00 6.710000e+00 1.102171e+00 7.056158e-01 0.000000e+00 -9.209471e-02
0.000000e+00 6.765000e+00 1.100250e+00 7.035682e-01 0.000000e+00 -9.160032e-02
0.000000e+00 6.820000e+00 1.098440e+00 7.016394e-01 0.000000e+00 -9.104141e-02
0.000000e+00 6.875000e+00 1.096730e+00 6.998198e-01 0.000000e+00 -9.042542e-02
0.000000e+00 6.930000e+00 1.095114e+00 6.981023e-01 0.000000e+00 -8.975753e-02
0.000000e+00 6.985000e+00 1.093586e+00 6.964797e-01 0.000000e+00 -8.904315e-02
0.000000e+00 7.040000e+00 1.092139e+00 6.949447e-01 0.000000e+00 -8.828766e-02
0.000000e+00 7.095000e+00 1.090768e+00 6.934911e-01 0.000000e+00 -8.749589e-02
0.000000e+00 7.150000e+00 1.089467e+00 6.921131e-01 0.000000e+00 -8.667203e-02
0.000000e+00 7.205000e+00 1.088232e+00 6.908057e-01 0.000000e+00 -8.581989e-02
0.000000e+00 7.260000e+00 1.087058e+00 6.895642e-01 0.000000e+00 -8.494290e-02
0.000000e+00 7.315000e+00 1.085941e+00 6.883842e-01 0.000000e+00 -8.404420e-02
0.000000e+00 7.370000e+00 1.084878e+00 6.872616e-01 0.000000e+00 -8.312663e-02
0.000000e+00 7.425000e+00 1.083866e+00 6.861928e-01 0.000000e+00 -8.219275e-02
0.000000e+00 7.480000e+00 1.082900e+00 6.851743e-01 0.000000e+00 -8.124490e-02
0.000000e+00 7.535000e+00 1.081979e+00 6.842030e-01 0.000000e+00 -8.028523e-02
0.000000e+00 7.590000e+00 1.081099e+00 6.832759e-01 0.000000e+00 -7.931571e-02
0.000000e+00 7.645000e+00 1.080258e+00 6.823903e-01 0.000000e+00 -7.833815e-02
0.000000e+00 7.700000e+00 1.079454e+00 6.815438e-01 0.000000e+00 -7.735422e-02
0.000000e+00 7.755000e+00 1.078684e+00 6.807340e-01 0.000000e+00 -7.636540e-02
0.000000e+00 7.810000e+00 1.077947e+00 6.799587e-01 0.000000e+00 -7.537307e-02
0.000000e+00 7.865000e+00 1.077240e+00 6.792158e-01 0.000000e+00 -7.437846e-02
0.000000e+00 7.920000e+00 1.076562e+00 6.785035e-01 0.000000e+00 -7.338271e-02
0.000000e+00 7.975000e+00 1.075911e+00 6.778198e-01 0.000000e+00 -7.238686e-02
0.000000e+00 8.030000e+00 1.075285e+00 6.771632e-01 0.000000e+00 -7.139188e-02
0.000000e+00 8.085000e+00 1.074684e+00 6.765320e-01 0.000000e+00 -7.039862e-02
0.000000e+00 8.140000e+00 1.074105e+00 6.759248e-01 0.000000e+00 -6.940785e-02
0.000000e+00 8.195000e+00 1.073548e+00 6.753400e-01 0.000000e+00 -6.842028e-02
0.000000e+00 8.250000e+00 1.073010e+00 6.747764e-01 0.000000e+00 -6.743653e-02
0.000000e+00 8.305000e+00 1.072491e+00 6.742327e-01 0.000000e+00 -6.645718e-02
0.000000e+00 8.360000e+00 1.071990e+00 6.737077e-01 0.000000e+00 -6.548275e-02
0.000000e+00 8.415000e+00 1.071506e+00 6.732005e-01 0.000000e+00 -6.451372e-02
0.000000e+00 8.470000e+00 1.071037e+00 6.727101e-01 0.000000e+00 -6.355050e-02
0.000000e+00 8.525000e+00 1.070584e+00 6.722355e-01 0.000000e+00 -6.259343e-02
0.000000e+00 8.580000e+00 1.070145e+00 6.717760e-01 0.000000e+00 -6.164276e-02
0.000000e+00 8.635000e+00 1.069719e+00 6.713309e-01 0.000000e+00 -6.069867e-02
0.000000e+00 8.690000e+00 1.069307e+00 6.708994e-01 0.000000e+00 -5.976123e-02
0.000000e+00 8.745000e+00 1.068906e+00 6.704811e-01 0.000000e+00 -5.883044e-02
0.000000e+00 8.800000e+00 1.068518e+00 6.700754e-01 0.000000e+00 -5.790620e-02
0.000000e+00 8.855000e+00 1.068142e+00 6.696819e-01 0.000000e+00 -5.698829e-02
0.000000e+00 8.910000e+00 1.067777e+00 6.693003e-01 0.000000e+00 -5.607644e-02
0.000000e+00 8.965000e+00 1.067422e+00 6.689305e-01 0.000000e+00 -5.517033e-02
0.000000e+00 9.020000e+00 1.067079e+00 6.685721e-01 0.000000e+00 -5.426959e-02
0.000000e+00 9.075000e+00 1.066747e+00 6.682251e-01 0.000000e+00 -5.337356e-02
0.000000e+00 9.130000e+00 1.066425e+00 6.678892e-01 0.000000e+00 -5.248127e-02
0.000000e+00 9.185000e+00 1.066114e+00 6.675641e-01 0.000000e+00 -5.159111e-02
0.000000e+00 9.240000e+00 1.065812e+00 6.672491e-01 0.000000e+00 -5.070179e-02
0.000000e+00 9.295000e+00 1.065519e+00 6.669442e-01 0.000000e+00 -4.981193e-02
0.000000e+00 9.350000e+00 1.065235e+00 6.666477e-01 0.000000e+00 -4.892217e-02
0.000000e+00 9.405000e+00 1.064960e+00 6.663603e-01 0.000000e+00 -4.803110e-02
0.000000e+00 9.460000e+00 1.064690e+00 6.660788e-01 0.000000e+00 -4.713892e-02
0.000000e+00 9.515000e+00 1.064429e+00 6.658065e-01 0.000000e+00 -4.623615e-02
0.000000e+00 9.570000e+00 1.064169e+00 6.655354e-01 0.000000e+00 -4.532147e-02
0.000000e+00 9.625000e+00 1.063922e+00 6.652771e-01 0.000000e+00 -4.437870e-02
0.000000e+00 9.680000e+00 1.063664e+00 6.650092e-01 0.000000e+00 -4.343544e-02
0.000000e+00 9.735000e+00 1.063430e+00 6.647689e-01 0.000000e+00 -4.248321e-02
0.000000e+00 9.790000e+00 1.063153e+00 6.644904e-01 0.000000e+00 -4.162888e-02
0.000000e+00 9.845000e+00 1.062943e+00 6.642907e-01 0.000000e+00 -4.081509e-02
0.000000e+00 9.900000e+00 1.062595e+00 6.639563e-01 0.000000e+00 -4.025252e-02
0.000000e+00 9.955000e+00 1.062545e+00 6.639462e-01 0.000000e+00 -3.958098e-02
0.000000e+00 1.001000e+01 1.101640e+00 7.050500e-01 -0.000000e+00 -2.260000e-03
0.000000e+00 1.006500e+01 1.101640e+00 7.050500e-01 -0.000000e+00 -2.260000e-03
0.000000e+00 1.012000e+01 1.101640e+00 7.050500e-01 -0.000000e+00 -2.260000e-03
0.000000e+00 1.017500e+01 1.101640e+00 7.050500e-01 -0.000000e+00 -2.260000e-03
0.000000e+00 1.023000e+01 1.101640e+00 7.050500e-01 -0.000000e+00 -2.260000e-03
0.000000e+00 1.028500e+01 1.101640e+00 7.050500e-01 -0.000000e+00 -2.260000e-03
0.000000e+00 1.034000e+01 1.101640e+00 7.050500e-01 -0.000000e+00 -2.260000e-03
0.000000e+00 1.039500e+01 1.101640e+00 7.050500e-01 -0.000000e+00 -2.260000e-03
0.000000e+00 1.045000e+01 1.101640e+00 7.050500e-01 -0.000000e+00 -2.260000e-03
0.000000e+00 1.050500e+01 1.101640e+00 7.050500e-01 -0.000000e+00 -2.260000e-03
0.000000e+00 1.056000e+01 1.101640e+00 7.050500e-01 -0.000000e+00 -2.260000e-03
0.000000e+00 1.061500e+01 1.101640e+00 7.050500e-01 -0.000000e+00 -2.260000e-03
0.000000e+00 1.067000e+01 1.101640e+00 7.050500e-01 -0.000000e+00 -2.260000e-03
0.000000e+00 1.072500e+01 1.101640e+00 7.050500e-01 -0.000000e+00 -2.260000e-03
0.000000e+00 1.078000e+01 1.101640e+00 7.050500e-01 -0.000000e+00 -2.260000e-03
0.000000e+00 1.083500e+01 1.101640e+00 7.050500e-01 -0.000000e+00 -2.260000e-03
0.000000e+00 1.089000e+01 1.101640e+00 7.050500e-01 -0.000000e+00 -2.260000e-03
0.000000e+00 1.094500e+01 1.101640e+00 7.050500e-01 -0.000000e+00 -2.260000e-03
0.000000e+00 1.100000e+01 1.101640e+00 7.050500e-01 -0.000000e+00 -2.260000e-03
