#############TIME##################
1.500299e+01 
###################################
0.000000e+00 0.000000e+00 1.182427e+01 4.100466e+01 0.000000e+00 -1.506143e+00
0.000000e+00 5.500000e-02 1.182427e+01 4.100466e+01 0.000000e+00 -1.506143e+00
0.000000e+00 1.100000e-01 1.182421e+01 4.100419e+01 0.000000e+00 -1.506145e+00
0.000000e+00 1.650000e-01 8.998025e+00 2.341248e+01 0.000000e+00 -1.000774e+00
0.000000e+00 2.200000e-01 6.932163e+00 1.516571e+01 0.000000e+00 -8.245140e-01
0.000000e+00 2.750000e-01 5.635392e+00 1.077285e+01 0.000000e+00 -6.824232e-01
0.000000e+00 3.300000e-01 4.777837e+00 8.196256e+00 0.000000e+00 -5.783175e-01
0.000000e+00 3.850000e-01 4.171585e+00 6.552714e+00 0.000000e+00 -4.986133e-01
0.000000e+00 4.400000e-01 3.732217e+00 5.440439e+00 0.000000e+00 -4.356814e-01
0.000000e+00 4.950000e-01 3.398911e+00 4.643759e+00 0.000000e+00 -3.848366e-01
0.000000e+00 5.500000e-01 3.136912e+00 4.051866e+00 0.000000e+00 -3.435780e-01
0.000000e+00 6.050000e-01 2.925024e+00 3.596969e+00 0.000000e+00 -3.089786e-01
0.000000e+00 6.600000e-01 2.749705e+00 3.238936e+00 0.000000e+00 -2.794805e-01
0.000000e+00 7.150000e-01 2.601271e+00 2.950659e+00 0.000000e+00 -2.538032e-01
0.000000e+00 7.700000e-01 2.473936e+00 2.714552e+00 0.000000e+00 -2.313034e-01
0.000000e+00 8.250000e-01 2.363722e+00 2.518037e+00 0.000000e+00 -2.114570e-01
0.000000e+00 8.800000e-01 2.267810e+00 2.352375e+00 0.000000e+00 -1.939708e-01
0.000000e+00 9.350000e-01 2.183932e+00 2.211067e+00 0.000000e+00 -1.785563e-01
0.000000e+00 9.900000e-01 2.110314e+00 2.089325e+00 0.000000e+00 -1.649701e-01
0.000000e+00 1.045000e+00 2.045437e+00 1.983458e+00 0.000000e+00 -1.529558e-01
0.000000e+00 1.100000e+00 1.987940e+00 1.890643e+00 0.000000e+00 -1.422751e-01
0.000000e+00 1.155000e+00 1.936536e+00 1.808679e+00 0.000000e+00 -1.326954e-01
0.000000e+00 1.210000e+00 1.890043e+00 1.735848e+00 0.000000e+00 -1.240148e-01
0.000000e+00 1.265000e+00 1.847449e+00 1.670775e+00 0.000000e+00 -1.160794e-01
0.000000e+00 1.320000e+00 1.808058e+00 1.612336e+00 0.000000e+00 -1.088043e-01
0.000000e+00 1.375000e+00 1.771619e+00 1.559589e+00 0.000000e+00 -1.021618e-01
0.000000e+00 1.430000e+00 1.738214e+00 1.511751e+00 0.000000e+00 -9.614118e-02
0.000000e+00 1.485000e+00 1.707859e+00 1.468176e+00 0.000000e+00 -9.070135e-02
0.000000e+00 1.540000e+00 1.680237e+00 1.428339e+00 0.000000e+00 -8.575741e-02
0.000000e+00 1.595000e+00 1.654819e+00 1.391798e+00 0.000000e+00 -8.120671e-02
0.000000e+00 1.650000e+00 1.631107e+00 1.358164e+00 0.000000e+00 -7.696775e-02
0.000000e+00 1.705000e+00 1.608781e+00 1.327093e+00 0.000000e+00 -7.299616e-02
0.000000e+00 1.760000e+00 1.587704e+00 1.298296e+00 0.000000e+00 -6.926594e-02
0.000000e+00 1.815000e+00 1.567846e+00 1.271547e+00 0.000000e+00 -6.574594e-02
0.000000e+00 1.870000e+00 1.549194e+00 1.246656e+00 0.000000e+00 -6.240277e-02
0.000000e+00 1.925000e+00 1.531699e+00 1.223449e+00 0.000000e+00 -5.921829e-02
0.000000e+00 1.980000e+00 1.515283e+00 1.201753e+00 0.000000e+00 -5.619726e-02
0.000000e+00 2.035000e+00 1.499858e+00 1.181408e+00 0.000000e+00 -5.335806e-02
0.000000e+00 2.090000e+00 1.485346e+00 1.162293e+00 0.000000e+00 -5.071419e-02
0.000000e+00 2.145000e+00 1.471683e+00 1.144333e+00 0.000000e+00 -4.826171e-02
0.000000e+00 2.200000e+00 1.458804e+00 1.127468e+00 0.000000e+00 -4.598263e-02
0.000000e+00 2.255000e+00 1.446624e+00 1.111620e+00 0.000000e+00 -4.385870e-02
0.000000e+00 2.310000e+00 1.435029e+00 1.096677e+00 0.000000e+00 -4.188025e-02
0.000000e+00 2.365000e+00 1.423914e+00 1.082515e+00 0.000000e+00 -4.004194e-02
0.000000e+00 2.420000e+00 1.413211e+00 1.069035e+00 0.000000e+00 -3.833113e-02
0.000000e+00 2.475000e+00 1.402916e+00 1.056193e+00 0.000000e+00 -3.672243e-02
0.000000e+00 2.530000e+00 1.393068e+00 1.043986e+00 0.000000e+00 -3.518503e-02
0.000000e+00 2.585000e+00 1.383712e+00 1.032412e+00 0.000000e+00 -3.369652e-02
0.000000e+00 2.640000e+00 1.374864e+00 1.021447e+00 0.000000e+00 -3.225084e-02
0.000000e+00 2.695000e+00 1.366491e+00 1.011032e+00 0.000000e+00 -3.085464e-02
0.000000e+00 2.750000e+00 1.358530e+00 1.001098e+00 0.000000e+00 -2.951786e-02
0.000000e+00 2.805000e+00 1.350902e+00 9.915841e-01 0.000000e+00 -2.824772e-02
0.000000e+00 2.860000e+00 1.343537e+00 9.824476e-01 0.000000e+00 -2.704820e-02
0.000000e+00 2.915000e+00 1.336386e+00 9.736643e-01 0.000000e+00 -2.591939e-02
0.000000e+00 2.970000e+00 1.329428e+00 9.652256e-01 0.000000e+00 -2.485274e-02
0.000000e+00 3.025000e+00 1.322677e+00 9.571354e-01 0.000000e+00 -2.382753e-02
0.000000e+00 3.080000e+00 1.316166e+00 9.494006e-01 0.000000e+00 -2.281790e-02
0.000000e+00 3.135000e+00 1.309930e+00 9.420154e-01 0.000000e+00 -2.181048e-02
0.000000e+00 3.190000e+00 1.303981e+00 9.349512e-01 0.000000e+00 -2.081800e-02
0.000000e+00 3.245000e+00 1.298305e+00 9.281644e-01 0.000000e+00 -1.987332e-02
0.000000e+00 3.300000e+00 1.292872e+00 9.216173e-01 0.000000e+00 -1.900483e-02
0.000000e+00 3.355000e+00 1.287649e+00 9.152931e-01 0.000000e+00 -1.821320e-02
0.000000e+00 3.410000e+00 1.282604e+00 9.091904e-01 0.000000e+00 -1.746971e-02
0.000000e+00 3.465000e+00 1.277699e+00 9.033038e-01 0.000000e+00 -1.673744e-02
0.000000e+00 3.520000e+00 1.272897e+00 8.976134e-01 0.000000e+00 -1.599605e-02
0.000000e+00 3.575000e+00 1.268175e+00 8.920948e-01 0.000000e+00 -1.525002e-02
0.000000e+00 3.630000e+00 1.263538e+00 8.867373e-01 0.000000e+00 -1.451797e-02
0.000000e+00 3.685000e+00 1.259024e+00 8.815487e-01 0.000000e+00 -1.381680e-02
0.000000e+00 3.740000e+00 1.254672e+00 8.765417e-01 0.000000e+00 -1.315359e-02
0.000000e+00 3.795000e+00 1.250508e+00 8.717181e-01 0.000000e+00 -1.252654e-02
0.000000e+00 3.850000e+00 1.246533e+00 8.670690e-01 0.000000e+00 -1.192840e-02
0.000000e+00 3.905000e+00 1.242735e+00 8.625878e-01 0.000000e+00 -1.134893e-02
0.000000e+00 3.960000e+00 1.239094e+00 8.582779e-01 0.000000e+00 -1.077849e-02
0.000000e+00 4.015000e+00 1.235587e+00 8.541410e-01 0.000000e+00 -1.021366e-02
0.000000e+00 4.070000e+00 1.232175e+00 8.501596e-01 0.000000e+00 -9.660663e-03
0.000000e+00 4.125000e+00 1.228817e+00 8.462944e-01 0.000000e+00 -9.131217e-03
0.000000e+00 4.180000e+00 1.225483e+00 8.425068e-01 0.000000e+00 -8.632366e-03
0.000000e+00 4.235000e+00 1.222185e+00 8.387872e-01 0.000000e+00 -8.158859e-03
0.000000e+00 4.290000e+00 1.218971e+00 8.351631e-01 0.000000e+00 -7.695466e-03
0.000000e+00 4.345000e+00 1.215897e+00 8.316751e-01 0.000000e+00 -7.227234e-03
0.000000e+00 4.400000e+00 1.212990e+00 8.283420e-01 0.000000e+00 -6.748282e-03
0.000000e+00 4.455000e+00 1.210228e+00 8.251436e-01 0.000000e+00 -6.262307e-03
0.000000e+00 4.510000e+00 1.207553e+00 8.220347e-01 0.000000e+00 -5.777108e-03
0.000000e+00 4.565000e+00 1.204909e+00 8.189753e-01 0.000000e+00 -5.300742e-03
0.000000e+00 4.620000e+00 1.202264e+00 8.159506e-01 0.000000e+00 -4.843111e-03
0.000000e+00 4.675000e+00 1.199615e+00 8.129650e-01 0.000000e+00 -4.418992e-03
0.000000e+00 4.730000e+00 1.196975e+00 8.100239e-01 0.000000e+00 -4.045294e-03
0.000000e+00 4.785000e+00 1.194361e+00 8.071230e-01 0.000000e+00 -3.730817e-03
0.000000e+00 4.840000e+00 1.191786e+00 8.042551e-01 0.000000e+00 -3.465850e-03
0.000000e+00 4.895000e+00 1.189272e+00 8.014280e-01 0.000000e+00 -3.221887e-03
0.000000e+00 4.950000e+00 1.186847e+00 7.986711e-01 0.000000e+00 -2.964209e-03
0.000000e+00 5.005000e+00 1.184535e+00 7.960249e-01 0.000000e+00 -2.668811e-03
0.000000e+00 5.060000e+00 1.182344e+00 7.935193e-01 0.000000e+00 -2.332141e-03
0.000000e+00 5.115000e+00 1.180260e+00 7.911590e-01 0.000000e+00 -1.969281e-03
0.000000e+00 5.170000e+00 1.178261e+00 7.889273e-01 0.000000e+00 -1.604599e-03
0.000000e+00 5.225000e+00 1.176328e+00 7.868016e-01 0.000000e+00 -1.261392e-03
0.000000e+00 5.280000e+00 1.174460e+00 7.847639e-01 0.000000e+00 -9.529890e-04
0.000000e+00 5.335000e+00 1.172654e+00 7.827923e-01 0.000000e+00 -6.750507e-04
0.000000e+00 5.390000e+00 1.170888e+00 7.808457e-01 0.000000e+00 -4.033030e-04
0.000000e+00 5.445000e+00 1.169115e+00 7.788639e-01 0.000000e+00 -1.055079e-04
0.000000e+00 5.500000e+00 1.167289e+00 7.768003e-01 0.000000e+00 2.320823e-04
0.000000e+00 5.555000e+00 1.165407e+00 7.746656e-01 0.000000e+00 5.825975e-04
0.000000e+00 5.610000e+00 1.163531e+00 7.725452e-01 0.000000e+00 8.842307e-04
0.000000e+00 5.665000e+00 1.161764e+00 7.705669e-01 0.000000e+00 1.075903e-03
0.000000e+00 5.720000e+00 1.160191e+00 7.688305e-01 0.000000e+00 1.142856e-03
0.000000e+00 5.775000e+00 1.158822e+00 7.673422e-01 0.000000e+00 1.141696e-03
0.000000e+00 5.830000e+00 1.157589e+00 7.660141e-01 0.000000e+00 1.173180e-03
0.000000e+00 5.885000e+00 1.156403e+00 7.647330e-01 0.000000e+00 1.312082e-03
0.000000e+00 5.940000e+00 1.155223e+00 7.634399e-01 0.000000e+00 1.555872e-03
0.000000e+00 5.995000e+00 1.154068e+00 7.621523e-01 0.000000e+00 1.830265e-03
0.000000e+00 6.050000e+00 1.152981e+00 7.609241e-01 0.000000e+00 2.043158e-03
0.000000e+00 6.105000e+00 1.151983e+00 7.597892e-01 0.000000e+00 2.137563e-03
0.000000e+00 6.160000e+00 1.151051e+00 7.587355e-01 0.000000e+00 2.109216e-03
0.000000e+00 6.215000e+00 1.150141e+00 7.577243e-01 0.000000e+00 1.990153e-03
0.000000e+00 6.270000e+00 1.149223e+00 7.567246e-01 0.000000e+00 1.825645e-03
0.000000e+00 6.325000e+00 1.148292e+00 7.557268e-01 0.000000e+00 1.666223e-03
0.000000e+00 6.380000e+00 1.147360e+00 7.547319e-01 0.000000e+00 1.568722e-03
0.000000e+00 6.435000e+00 1.146438e+00 7.537397e-01 0.000000e+00 1.586108e-03
0.000000e+00 6.490000e+00 1.145536e+00 7.527524e-01 0.000000e+00 1.740531e-03
0.000000e+00 6.545000e+00 1.144670e+00 7.517856e-01 0.000000e+00 2.001557e-03
0.000000e+00 6.600000e+00 1.143860e+00 7.508697e-01 0.000000e+00 2.294003e-03
0.000000e+00 6.655000e+00 1.143128e+00 7.500369e-01 0.000000e+00 2.536140e-03
0.000000e+00 6.710000e+00 1.142478e+00 7.493033e-01 0.000000e+00 2.682481e-03
0.000000e+00 6.765000e+00 1.141894e+00 7.486577e-01 0.000000e+00 2.745020e-03
0.000000e+00 6.820000e+00 1.141345e+00 7.480672e-01 0.000000e+00 2.781865e-03
0.000000e+00 6.875000e+00 1.140804e+00 7.474966e-01 0.000000e+00 2.862416e-03
0.000000e+00 6.930000e+00 1.140265e+00 7.469282e-01 0.000000e+00 3.031552e-03
0.000000e+00 6.985000e+00 1.139743e+00 7.463697e-01 0.000000e+00 3.292985e-03
0.000000e+00 7.040000e+00 1.139264e+00 7.458429e-01 0.000000e+00 3.618234e-03
0.000000e+00 7.095000e+00 1.138838e+00 7.453601e-01 0.000000e+00 3.971268e-03
0.000000e+00 7.150000e+00 1.138444e+00 7.449048e-01 0.000000e+00 4.329156e-03
0.000000e+00 7.205000e+00 1.138035e+00 7.444346e-01 0.000000e+00 4.684907e-03
0.000000e+00 7.260000e+00 1.137562e+00 7.439050e-01 0.000000e+00 5.035633e-03
0.000000e+00 7.315000e+00 1.137005e+00 7.432979e-01 0.000000e+00 5.371061e-03
0.000000e+00 7.370000e+00 1.136385e+00 7.426338e-01 0.000000e+00 5.675603e-03
0.000000e+00 7.425000e+00 1.135752e+00 7.419614e-01 0.000000e+00 5.941381e-03
0.000000e+00 7.480000e+00 1.135161e+00 7.413329e-01 0.000000e+00 6.177102e-03
0.000000e+00 7.535000e+00 1.134647e+00 7.407794e-01 0.000000e+00 6.402424e-03
0.000000e+00 7.590000e+00 1.134213e+00 7.403003e-01 0.000000e+00 6.631585e-03
0.000000e+00 7.645000e+00 1.133830e+00 7.398674e-01 0.000000e+00 6.860699e-03
0.000000e+00 7.700000e+00 1.133455e+00 7.394404e-01 0.000000e+00 7.070616e-03
0.000000e+00 7.755000e+00 1.133053e+00 7.389887e-01 0.000000e+00 7.243616e-03
0.000000e+00 7.810000e+00 1.132615e+00 7.385065e-01 0.000000e+00 7.380622e-03
0.000000e+00 7.865000e+00 1.132161e+00 7.380169e-01 0.000000e+00 7.505237e-03
0.000000e+00 7.920000e+00 1.131732e+00 7.375607e-01 0.000000e+00 7.651770e-03
0.000000e+00 7.975000e+00 1.131367e+00 7.371756e-01 0.000000e+00 7.846117e-03
0.000000e+00 8.030000e+00 1.131084e+00 7.368747e-01 0.000000e+00 8.091730e-03
0.000000e+00 8.085000e+00 1.130863e+00 7.366339e-01 0.000000e+00 8.368835e-03
0.000000e+00 8.140000e+00 1.130651e+00 7.363939e-01 0.000000e+00 8.647136e-03
0.000000e+00 8.195000e+00 1.130373e+00 7.360773e-01 0.000000e+00 8.903315e-03
0.000000e+00 8.250000e+00 1.129963e+00 7.356180e-01 0.000000e+00 9.130719e-03
0.000000e+00 8.305000e+00 1.129394e+00 7.349930e-01 0.000000e+00 9.334824e-03
0.000000e+00 8.360000e+00 1.128700e+00 7.342436e-01 0.000000e+00 9.520156e-03
0.000000e+00 8.415000e+00 1.127975e+00 7.334675e-01 0.000000e+00 9.680564e-03
0.000000e+00 8.470000e+00 1.127333e+00 7.327831e-01 0.000000e+00 9.801356e-03
0.000000e+00 8.525000e+00 1.126862e+00 7.322806e-01 0.000000e+00 9.871505e-03
0.000000e+00 8.580000e+00 1.126592e+00 7.319866e-01 0.000000e+00 9.895336e-03
0.000000e+00 8.635000e+00 1.126488e+00 7.318647e-01 0.000000e+00 9.890733e-03
0.000000e+00 8.690000e+00 1.126484e+00 7.318465e-01 0.000000e+00 9.875481e-03
0.000000e+00 8.745000e+00 1.126511e+00 7.318647e-01 0.000000e+00 9.857674e-03
0.000000e+00 8.800000e+00 1.126517e+00 7.318642e-01 0.000000e+00 9.839351e-03
0.000000e+00 8.855000e+00 1.126449e+00 7.317917e-01 0.000000e+00 9.831886e-03
0.000000e+00 8.910000e+00 1.126249e+00 7.315809e-01 0.000000e+00 9.869433e-03
0.000000e+00 8.965000e+00 1.125842e+00 7.311488e-01 0.000000e+00 1.000971e-02
0.000000e+00 9.020000e+00 1.125152e+00 7.304080e-01 0.000000e+00 1.031996e-02
0.000000e+00 9.075000e+00 1.124125e+00 7.292985e-01 0.000000e+00 1.084286e-02
0.000000e+00 9.130000e+00 1.122768e+00 7.278273e-01 0.000000e+00 1.155775e-02
0.000000e+00 9.185000e+00 1.121156e+00 7.260766e-01 0.000000e+00 1.236410e-02
0.000000e+00 9.240000e+00 1.119461e+00 7.242386e-01 0.000000e+00 1.308182e-02
0.000000e+00 9.295000e+00 1.117945e+00 7.226028e-01 0.000000e+00 1.351926e-02
0.000000e+00 9.350000e+00 1.116800e+00 7.213744e-01 0.000000e+00 1.359761e-02
0.000000e+00 9.405000e+00 1.116124e+00 7.206542e-01 0.000000e+00 1.335844e-02
0.000000e+00 9.460000e+00 1.116037e+00 7.205709e-01 0.000000e+00 1.290104e-02
0.000000e+00 9.515000e+00 1.116575e+00 7.211555e-01 0.000000e+00 1.238705e-02
0.000000e+00 9.570000e+00 1.117627e+00 7.222858e-01 0.000000e+00 1.201543e-02
0.000000e+00 9.625000e+00 1.118976e+00 7.237338e-01 0.000000e+00 1.193484e-02
0.000000e+00 9.680000e+00 1.120330e+00 7.251956e-01 0.000000e+00 1.216699e-02
0.000000e+00 9.735000e+00 1.121362e+00 7.263262e-01 0.000000e+00 1.257719e-02
0.000000e+00 9.790000e+00 1.121776e+00 7.268052e-01 0.000000e+00 1.293726e-02
0.000000e+00 9.845000e+00 1.121421e+00 7.264551e-01 0.000000e+00 1.306684e-02
0.000000e+00 9.900000e+00 1.120175e+00 7.251035e-01 0.000000e+00 1.287441e-02
0.000000e+00 9.955000e+00 1.118187e+00 7.228782e-01 0.000000e+00 1.259763e-02
0.000000e+00 1.001000e+01 1.101640e+00 7.050500e-01 -0.000000e+00 -2.260000e-03
0.000000e+00 1.006500e+01 1.101640e+00 7.050500e-01 -0.000000e+00 -2.260000e-03
0.000000e+00 1.012000e+01 1.101640e+00 7.050500e-01 -0.000000e+00 -2.260000e-03
0.000000e+00 1.017500e+01 1.101640e+00 7.050500e-01 -0.000000e+00 -2.260000e-03
0.000000e+00 1.023000e+01 1.101640e+00 7.050500e-01 -0.000000e+00 -2.260000e-03
0.000000e+00 1.028500e+01 1.101640e+00 7.050500e-01 -0.000000e+00 -2.260000e-03
0.000000e+00 1.034000e+01 1.101640e+00 7.050500e-01 -0.000000e+00 -2.260000e-03
0.000000e+00 1.039500e+01 1.101640e+00 7.050500e-01 -0.000000e+00 -2.260000e-03
0.000000e+00 1.045000e+01 1.101640e+00 7.050500e-01 -0.000000e+00 -2.260000e-03
0.000000e+00 1.050500e+01 1.101640e+00 7.050500e-01 -0.000000e+00 -2.260000e-03
0.000000e+00 1.056000e+01 1.101640e+00 7.050500e-01 -0.000000e+00 -2.260000e-03
0.000000e+00 1.061500e+01 1.101640e+00 7.050500e-01 -0.000000e+00 -2.260000e-03
0.000000e+00 1.067000e+01 1.101640e+00 7.050500e-01 -0.000000e+00 -2.260000e-03
0.000000e+00 1.072500e+01 1.101640e+00 7.050500e-01 -0.000000e+00 -2.260000e-03
0.000000e+00 1.078000e+01 1.101640e+00 7.050500e-01 -0.000000e+00 -2.260000e-03
0.000000e+00 1.083500e+01 1.101640e+00 7.050500e-01 -0.000000e+00 -2.260000e-03
0.000000e+00 1.089000e+01 1.101640e+00 7.050500e-01 -0.000000e+00 -2.260000e-03
0.000000e+00 1.094500e+01 1.101640e+00 7.050500e-01 -0.000000e+00 -2.260000e-03
0.000000e+00 1.100000e+01 1.101640e+00 7.050500e-01 -0.000000e+00 -2.260000e-03
