#############TIME##################
2.290091e+01 
###################################
0.000000e+00 0.000000e+00 1.193730e+01 4.164093e+01 0.000000e+00 -1.501904e+00
0.000000e+00 5.500000e-02 1.193730e+01 4.164093e+01 0.000000e+00 -1.501904e+00
0.000000e+00 1.100000e-01 1.193727e+01 4.164072e+01 0.000000e+00 -1.501905e+00
0.000000e+00 1.650000e-01 9.097795e+00 2.385141e+01 0.000000e+00 -9.955971e-01
0.000000e+00 2.200000e-01 7.021882e+00 1.550042e+01 0.000000e+00 -8.181949e-01
0.000000e+00 2.750000e-01 5.712867e+00 1.103989e+01 0.000000e+00 -6.747843e-01
0.000000e+00 3.300000e-01 4.845640e+00 8.418878e+00 0.000000e+00 -5.695210e-01
0.000000e+00 3.850000e-01 4.231072e+00 6.744391e+00 0.000000e+00 -4.889785e-01
0.000000e+00 4.400000e-01 3.784684e+00 5.609752e+00 0.000000e+00 -4.253664e-01
0.000000e+00 4.950000e-01 3.445224e+00 4.796134e+00 0.000000e+00 -3.740187e-01
0.000000e+00 5.500000e-01 3.178039e+00 4.191078e+00 0.000000e+00 -3.325825e-01
0.000000e+00 6.050000e-01 2.962688e+00 3.725667e+00 0.000000e+00 -2.982770e-01
0.000000e+00 6.600000e-01 2.786371e+00 3.359073e+00 0.000000e+00 -2.696379e-01
0.000000e+00 7.150000e-01 2.639562e+00 3.063725e+00 0.000000e+00 -2.453809e-01
0.000000e+00 7.700000e-01 2.516082e+00 2.821726e+00 0.000000e+00 -2.247296e-01
0.000000e+00 8.250000e-01 2.411139e+00 2.620227e+00 0.000000e+00 -2.069031e-01
0.000000e+00 8.800000e-01 2.320684e+00 2.450262e+00 0.000000e+00 -1.912994e-01
0.000000e+00 9.350000e-01 2.240995e+00 2.305162e+00 0.000000e+00 -1.773681e-01
0.000000e+00 9.900000e-01 2.169265e+00 2.180051e+00 0.000000e+00 -1.647299e-01
0.000000e+00 1.045000e+00 2.104030e+00 2.071198e+00 0.000000e+00 -1.531402e-01
0.000000e+00 1.100000e+00 2.044861e+00 1.975738e+00 0.000000e+00 -1.424796e-01
0.000000e+00 1.155000e+00 1.991322e+00 1.891405e+00 0.000000e+00 -1.326782e-01
0.000000e+00 1.210000e+00 1.942612e+00 1.816422e+00 0.000000e+00 -1.236970e-01
0.000000e+00 1.265000e+00 1.898061e+00 1.749368e+00 0.000000e+00 -1.155184e-01
0.000000e+00 1.320000e+00 1.857506e+00 1.689096e+00 0.000000e+00 -1.081321e-01
0.000000e+00 1.375000e+00 1.820905e+00 1.634650e+00 0.000000e+00 -1.014978e-01
0.000000e+00 1.430000e+00 1.787877e+00 1.585243e+00 0.000000e+00 -9.553301e-02
0.000000e+00 1.485000e+00 1.757752e+00 1.540226e+00 0.000000e+00 -9.013313e-02
0.000000e+00 1.540000e+00 1.729906e+00 1.499056e+00 0.000000e+00 -8.520349e-02
0.000000e+00 1.595000e+00 1.703944e+00 1.461269e+00 0.000000e+00 -8.067904e-02
0.000000e+00 1.650000e+00 1.679681e+00 1.426464e+00 0.000000e+00 -7.652385e-02
0.000000e+00 1.705000e+00 1.657016e+00 1.394296e+00 0.000000e+00 -7.271576e-02
0.000000e+00 1.760000e+00 1.635832e+00 1.364479e+00 0.000000e+00 -6.922811e-02
0.000000e+00 1.815000e+00 1.615981e+00 1.336779e+00 0.000000e+00 -6.602121e-02
0.000000e+00 1.870000e+00 1.597316e+00 1.310991e+00 0.000000e+00 -6.304898e-02
0.000000e+00 1.925000e+00 1.579715e+00 1.286937e+00 0.000000e+00 -6.026992e-02
0.000000e+00 1.980000e+00 1.563083e+00 1.264451e+00 0.000000e+00 -5.765108e-02
0.000000e+00 2.035000e+00 1.547345e+00 1.243382e+00 0.000000e+00 -5.516699e-02
0.000000e+00 2.090000e+00 1.532439e+00 1.223598e+00 0.000000e+00 -5.279833e-02
0.000000e+00 2.145000e+00 1.518313e+00 1.204981e+00 0.000000e+00 -5.053210e-02
0.000000e+00 2.200000e+00 1.504928e+00 1.187431e+00 0.000000e+00 -4.836260e-02
0.000000e+00 2.255000e+00 1.492246e+00 1.170860e+00 0.000000e+00 -4.629152e-02
0.000000e+00 2.310000e+00 1.480232e+00 1.155189e+00 0.000000e+00 -4.432632e-02
0.000000e+00 2.365000e+00 1.468838e+00 1.140345e+00 0.000000e+00 -4.247757e-02
0.000000e+00 2.420000e+00 1.458011e+00 1.126254e+00 0.000000e+00 -4.075658e-02
0.000000e+00 2.475000e+00 1.447683e+00 1.112846e+00 0.000000e+00 -3.917279e-02
0.000000e+00 2.530000e+00 1.437787e+00 1.100055e+00 0.000000e+00 -3.772918e-02
0.000000e+00 2.585000e+00 1.428268e+00 1.087832e+00 0.000000e+00 -3.641589e-02
0.000000e+00 2.640000e+00 1.419097e+00 1.076155e+00 0.000000e+00 -3.520695e-02
0.000000e+00 2.695000e+00 1.410268e+00 1.065023e+00 0.000000e+00 -3.406605e-02
0.000000e+00 2.750000e+00 1.401788e+00 1.054427e+00 0.000000e+00 -3.296191e-02
0.000000e+00 2.805000e+00 1.393652e+00 1.044336e+00 0.000000e+00 -3.188379e-02
0.000000e+00 2.860000e+00 1.385840e+00 1.034690e+00 0.000000e+00 -3.084496e-02
0.000000e+00 2.915000e+00 1.378324e+00 1.025420e+00 0.000000e+00 -2.986998e-02
0.000000e+00 2.970000e+00 1.371088e+00 1.016479e+00 0.000000e+00 -2.897589e-02
0.000000e+00 3.025000e+00 1.364124e+00 1.007848e+00 0.000000e+00 -2.816317e-02
0.000000e+00 3.080000e+00 1.357422e+00 9.995177e-01 0.000000e+00 -2.742312e-02
0.000000e+00 3.135000e+00 1.350952e+00 9.914713e-01 0.000000e+00 -2.675036e-02
0.000000e+00 3.190000e+00 1.344668e+00 9.836802e-01 0.000000e+00 -2.614365e-02
0.000000e+00 3.245000e+00 1.338538e+00 9.761313e-01 0.000000e+00 -2.559232e-02
0.000000e+00 3.300000e+00 1.332564e+00 9.688440e-01 0.000000e+00 -2.506640e-02
0.000000e+00 3.355000e+00 1.326771e+00 9.618496e-01 0.000000e+00 -2.453171e-02
0.000000e+00 3.410000e+00 1.321159e+00 9.551364e-01 0.000000e+00 -2.398653e-02
0.000000e+00 3.465000e+00 1.315680e+00 9.486180e-01 0.000000e+00 -2.348344e-02
0.000000e+00 3.520000e+00 1.310255e+00 9.421736e-01 0.000000e+00 -2.310232e-02
0.000000e+00 3.575000e+00 1.304857e+00 9.357451e-01 0.000000e+00 -2.288177e-02
0.000000e+00 3.630000e+00 1.299561e+00 9.294114e-01 0.000000e+00 -2.276529e-02
0.000000e+00 3.685000e+00 1.294516e+00 9.233479e-01 0.000000e+00 -2.262446e-02
0.000000e+00 3.740000e+00 1.289826e+00 9.176921e-01 0.000000e+00 -2.235057e-02
0.000000e+00 3.795000e+00 1.285450e+00 9.124163e-01 0.000000e+00 -2.194599e-02
0.000000e+00 3.850000e+00 1.281200e+00 9.073201e-01 0.000000e+00 -2.153512e-02
0.000000e+00 3.905000e+00 1.276860e+00 9.021657e-01 0.000000e+00 -2.127875e-02
0.000000e+00 3.960000e+00 1.272335e+00 8.968462e-01 0.000000e+00 -2.125139e-02
0.000000e+00 4.015000e+00 1.267721e+00 8.914676e-01 0.000000e+00 -2.138129e-02
0.000000e+00 4.070000e+00 1.263223e+00 8.862496e-01 0.000000e+00 -2.151118e-02
0.000000e+00 4.125000e+00 1.259000e+00 8.813568e-01 0.000000e+00 -2.151405e-02
0.000000e+00 4.180000e+00 1.255071e+00 8.767893e-01 0.000000e+00 -2.137668e-02
0.000000e+00 4.235000e+00 1.251321e+00 8.724053e-01 0.000000e+00 -2.119188e-02
0.000000e+00 4.290000e+00 1.247621e+00 8.680595e-01 0.000000e+00 -2.106894e-02
0.000000e+00 4.345000e+00 1.243933e+00 8.637244e-01 0.000000e+00 -2.104350e-02
0.000000e+00 4.400000e+00 1.240333e+00 8.595079e-01 0.000000e+00 -2.105577e-02
0.000000e+00 4.455000e+00 1.236939e+00 8.555608e-01 0.000000e+00 -2.100206e-02
0.000000e+00 4.510000e+00 1.233813e+00 8.519617e-01 0.000000e+00 -2.080959e-02
0.000000e+00 4.565000e+00 1.230919e+00 8.486601e-01 0.000000e+00 -2.048190e-02
0.000000e+00 4.620000e+00 1.228146e+00 8.455137e-01 0.000000e+00 -2.008782e-02
0.000000e+00 4.675000e+00 1.225387e+00 8.423807e-01 0.000000e+00 -1.971233e-02
0.000000e+00 4.730000e+00 1.222597e+00 8.391932e-01 0.000000e+00 -1.940991e-02
0.000000e+00 4.785000e+00 1.219797e+00 8.359713e-01 0.000000e+00 -1.918669e-02
0.000000e+00 4.840000e+00 1.217039e+00 8.327805e-01 0.000000e+00 -1.901484e-02
0.000000e+00 4.895000e+00 1.214355e+00 8.296720e-01 0.000000e+00 -1.886092e-02
0.000000e+00 4.950000e+00 1.211732e+00 8.266496e-01 0.000000e+00 -1.870708e-02
0.000000e+00 5.005000e+00 1.209130e+00 8.236788e-01 0.000000e+00 -1.855469e-02
0.000000e+00 5.060000e+00 1.206514e+00 8.207230e-01 0.000000e+00 -1.841351e-02
0.000000e+00 5.115000e+00 1.203883e+00 8.177742e-01 0.000000e+00 -1.828847e-02
0.000000e+00 5.170000e+00 1.201271e+00 8.148565e-01 0.000000e+00 -1.817488e-02
0.000000e+00 5.225000e+00 1.198722e+00 8.120040e-01 0.000000e+00 -1.806401e-02
0.000000e+00 5.280000e+00 1.196261e+00 8.092330e-01 0.000000e+00 -1.795274e-02
0.000000e+00 5.335000e+00 1.193880e+00 8.065303e-01 0.000000e+00 -1.784825e-02
0.000000e+00 5.390000e+00 1.191545e+00 8.038657e-01 0.000000e+00 -1.776268e-02
0.000000e+00 5.445000e+00 1.189229e+00 8.012190e-01 0.000000e+00 -1.770122e-02
0.000000e+00 5.500000e+00 1.186927e+00 7.986012e-01 0.000000e+00 -1.765248e-02
0.000000e+00 5.555000e+00 1.184668e+00 7.960549e-01 0.000000e+00 -1.758948e-02
0.000000e+00 5.610000e+00 1.182499e+00 7.936330e-01 0.000000e+00 -1.748186e-02
0.000000e+00 5.665000e+00 1.180452e+00 7.913681e-01 0.000000e+00 -1.731227e-02
0.000000e+00 5.720000e+00 1.178532e+00 7.892514e-01 0.000000e+00 -1.708768e-02
0.000000e+00 5.775000e+00 1.176704e+00 7.872318e-01 0.000000e+00 -1.683896e-02
0.000000e+00 5.830000e+00 1.174911e+00 7.852356e-01 0.000000e+00 -1.660902e-02
0.000000e+00 5.885000e+00 1.173094e+00 7.831963e-01 0.000000e+00 -1.643577e-02
0.000000e+00 5.940000e+00 1.171217e+00 7.810794e-01 0.000000e+00 -1.633768e-02
0.000000e+00 5.995000e+00 1.169281e+00 7.788942e-01 0.000000e+00 -1.630735e-02
0.000000e+00 6.050000e+00 1.167317e+00 7.766891e-01 0.000000e+00 -1.631485e-02
0.000000e+00 6.105000e+00 1.165381e+00 7.745339e-01 0.000000e+00 -1.631822e-02
0.000000e+00 6.160000e+00 1.163537e+00 7.724995e-01 0.000000e+00 -1.627615e-02
0.000000e+00 6.215000e+00 1.161838e+00 7.706408e-01 0.000000e+00 -1.615883e-02
0.000000e+00 6.270000e+00 1.160318e+00 7.689842e-01 0.000000e+00 -1.595472e-02
0.000000e+00 6.325000e+00 1.158977e+00 7.675202e-01 0.000000e+00 -1.567286e-02
0.000000e+00 6.380000e+00 1.157781e+00 7.662019e-01 0.000000e+00 -1.534101e-02
0.000000e+00 6.435000e+00 1.156661e+00 7.649517e-01 0.000000e+00 -1.500016e-02
0.000000e+00 6.490000e+00 1.155528e+00 7.636776e-01 0.000000e+00 -1.469565e-02
0.000000e+00 6.545000e+00 1.154298e+00 7.622947e-01 0.000000e+00 -1.446710e-02
0.000000e+00 6.600000e+00 1.152913e+00 7.607490e-01 0.000000e+00 -1.433855e-02
0.000000e+00 6.655000e+00 1.151363e+00 7.590359e-01 0.000000e+00 -1.430982e-02
0.000000e+00 6.710000e+00 1.149694e+00 7.572084e-01 0.000000e+00 -1.435277e-02
0.000000e+00 6.765000e+00 1.147998e+00 7.553628e-01 0.000000e+00 -1.441679e-02
0.000000e+00 6.820000e+00 1.146380e+00 7.536072e-01 0.000000e+00 -1.444391e-02
0.000000e+00 6.875000e+00 1.144923e+00 7.520237e-01 0.000000e+00 -1.438819e-02
0.000000e+00 6.930000e+00 1.143659e+00 7.506398e-01 0.000000e+00 -1.423166e-02
0.000000e+00 6.985000e+00 1.142557e+00 7.494226e-01 0.000000e+00 -1.398979e-02
0.000000e+00 7.040000e+00 1.141545e+00 7.482959e-01 0.000000e+00 -1.370348e-02
0.000000e+00 7.095000e+00 1.140538e+00 7.471738e-01 0.000000e+00 -1.342177e-02
0.000000e+00 7.150000e+00 1.139471e+00 7.459935e-01 0.000000e+00 -1.318381e-02
0.000000e+00 7.205000e+00 1.138322e+00 7.447350e-01 0.000000e+00 -1.300720e-02
0.000000e+00 7.260000e+00 1.137111e+00 7.434200e-01 0.000000e+00 -1.288636e-02
0.000000e+00 7.315000e+00 1.135880e+00 7.420929e-01 0.000000e+00 -1.279979e-02
0.000000e+00 7.370000e+00 1.134676e+00 7.407963e-01 0.000000e+00 -1.272106e-02
0.000000e+00 7.425000e+00 1.133525e+00 7.395529e-01 0.000000e+00 -1.262902e-02
0.000000e+00 7.480000e+00 1.132430e+00 7.383607e-01 0.000000e+00 -1.251416e-02
0.000000e+00 7.535000e+00 1.131373e+00 7.372022e-01 0.000000e+00 -1.238005e-02
0.000000e+00 7.590000e+00 1.130334e+00 7.360584e-01 0.000000e+00 -1.223999e-02
0.000000e+00 7.645000e+00 1.129299e+00 7.349200e-01 0.000000e+00 -1.211016e-02
0.000000e+00 7.700000e+00 1.128266e+00 7.337892e-01 0.000000e+00 -1.200167e-02
0.000000e+00 7.755000e+00 1.127240e+00 7.326760e-01 0.000000e+00 -1.191467e-02
0.000000e+00 7.810000e+00 1.126232e+00 7.315905e-01 0.000000e+00 -1.183802e-02
0.000000e+00 7.865000e+00 1.125251e+00 7.305378e-01 0.000000e+00 -1.175528e-02
0.000000e+00 7.920000e+00 1.124296e+00 7.295139e-01 0.000000e+00 -1.165478e-02
0.000000e+00 7.975000e+00 1.123359e+00 7.285040e-01 0.000000e+00 -1.153830e-02
0.000000e+00 8.030000e+00 1.122417e+00 7.274819e-01 0.000000e+00 -1.142347e-02
0.000000e+00 8.085000e+00 1.121436e+00 7.264120e-01 0.000000e+00 -1.133809e-02
0.000000e+00 8.140000e+00 1.120378e+00 7.252578e-01 0.000000e+00 -1.130920e-02
0.000000e+00 8.195000e+00 1.119217e+00 7.239956e-01 0.000000e+00 -1.135206e-02
0.000000e+00 8.250000e+00 1.117953e+00 7.226296e-01 0.000000e+00 -1.146308e-02
0.000000e+00 8.305000e+00 1.116623e+00 7.212004e-01 0.000000e+00 -1.161867e-02
0.000000e+00 8.360000e+00 1.115296e+00 7.197797e-01 0.000000e+00 -1.178011e-02
0.000000e+00 8.415000e+00 1.114052e+00 7.184509e-01 0.000000e+00 -1.190238e-02
0.000000e+00 8.470000e+00 1.112963e+00 7.172854e-01 0.000000e+00 -1.194327e-02
0.000000e+00 8.525000e+00 1.112070e+00 7.163243e-01 0.000000e+00 -1.187099e-02
0.000000e+00 8.580000e+00 1.111375e+00 7.155713e-01 0.000000e+00 -1.167039e-02
0.000000e+00 8.635000e+00 1.110848e+00 7.149943e-01 0.000000e+00 -1.134843e-02
0.000000e+00 8.690000e+00 1.110428e+00 7.145341e-01 0.000000e+00 -1.093673e-02
0.000000e+00 8.745000e+00 1.110042e+00 7.141152e-01 0.000000e+00 -1.048708e-02
0.000000e+00 8.800000e+00 1.109612e+00 7.136566e-01 0.000000e+00 -1.006117e-02
0.000000e+00 8.855000e+00 1.109068e+00 7.130802e-01 0.000000e+00 -9.716752e-03
0.000000e+00 8.910000e+00 1.108351e+00 7.123214e-01 0.000000e+00 -9.493855e-03
0.000000e+00 8.965000e+00 1.107427e+00 7.113393e-01 0.000000e+00 -9.408587e-03
0.000000e+00 9.020000e+00 1.106297e+00 7.101339e-01 0.000000e+00 -9.453960e-03
0.000000e+00 9.075000e+00 1.105023e+00 7.087693e-01 0.000000e+00 -9.598584e-03
0.000000e+00 9.130000e+00 1.103723e+00 7.073748e-01 0.000000e+00 -9.790881e-03
0.000000e+00 9.185000e+00 1.102546e+00 7.061098e-01 0.000000e+00 -9.979939e-03
0.000000e+00 9.240000e+00 1.101622e+00 7.051169e-01 0.000000e+00 -1.013203e-02
0.000000e+00 9.295000e+00 1.101027e+00 7.044765e-01 0.000000e+00 -1.022364e-02
0.000000e+00 9.350000e+00 1.100749e+00 7.041783e-01 0.000000e+00 -1.022660e-02
0.000000e+00 9.405000e+00 1.100682e+00 7.041076e-01 0.000000e+00 -1.012237e-02
0.000000e+00 9.460000e+00 1.100635e+00 7.040594e-01 0.000000e+00 -9.928162e-03
0.000000e+00 9.515000e+00 1.100391e+00 7.038030e-01 0.000000e+00 -9.690193e-03
0.000000e+00 9.570000e+00 1.099796e+00 7.031752e-01 0.000000e+00 -9.471983e-03
0.000000e+00 9.625000e+00 1.098823e+00 7.021495e-01 0.000000e+00 -9.321181e-03
0.000000e+00 9.680000e+00 1.097595e+00 7.008542e-01 0.000000e+00 -9.245102e-03
0.000000e+00 9.735000e+00 1.096349e+00 6.995392e-01 0.000000e+00 -9.203630e-03
0.000000e+00 9.790000e+00 1.095375e+00 6.985035e-01 0.000000e+00 -9.118933e-03
0.000000e+00 9.845000e+00 1.094843e+00 6.979235e-01 0.000000e+00 -8.953793e-03
0.000000e+00 9.900000e+00 1.094846e+00 6.978965e-01 0.000000e+00 -8.613176e-03
0.000000e+00 9.955000e+00 1.095171e+00 6.981964e-01 0.000000e+00 -8.331518e-03
0.000000e+00 1.001000e+01 1.101640e+00 7.050500e-01 -0.000000e+00 -2.260000e-03
0.000000e+00 1.006500e+01 1.101640e+00 7.050500e-01 -0.000000e+00 -2.260000e-03
0.000000e+00 1.012000e+01 1.101640e+00 7.050500e-01 -0.000000e+00 -2.260000e-03
0.000000e+00 1.017500e+01 1.101640e+00 7.050500e-01 -0.000000e+00 -2.260000e-03
0.000000e+00 1.023000e+01 1.101640e+00 7.050500e-01 -0.000000e+00 -2.260000e-03
0.000000e+00 1.028500e+01 1.101640e+00 7.050500e-01 -0.000000e+00 -2.260000e-03
0.000000e+00 1.034000e+01 1.101640e+00 7.050500e-01 -0.000000e+00 -2.260000e-03
0.000000e+00 1.039500e+01 1.101640e+00 7.050500e-01 -0.000000e+00 -2.260000e-03
0.000000e+00 1.045000e+01 1.101640e+00 7.050500e-01 -0.000000e+00 -2.260000e-03
0.000000e+00 1.050500e+01 1.101640e+00 7.050500e-01 -0.000000e+00 -2.260000e-03
0.000000e+00 1.056000e+01 1.101640e+00 7.050500e-01 -0.000000e+00 -2.260000e-03
0.000000e+00 1.061500e+01 1.101640e+00 7.050500e-01 -0.000000e+00 -2.260000e-03
0.000000e+00 1.067000e+01 1.101640e+00 7.050500e-01 -0.000000e+00 -2.260000e-03
0.000000e+00 1.072500e+01 1.101640e+00 7.050500e-01 -0.000000e+00 -2.260000e-03
0.000000e+00 1.078000e+01 1.101640e+00 7.050500e-01 -0.000000e+00 -2.260000e-03
0.000000e+00 1.083500e+01 1.101640e+00 7.050500e-01 -0.000000e+00 -2.260000e-03
0.000000e+00 1.089000e+01 1.101640e+00 7.050500e-01 -0.000000e+00 -2.260000e-03
0.000000e+00 1.094500e+01 1.101640e+00 7.050500e-01 -0.000000e+00 -2.260000e-03
0.000000e+00 1.100000e+01 1.101640e+00 7.050500e-01 -0.000000e+00 -2.260000e-03
