#############TIME##################
6.029887e-01 
###################################
0.000000e+00 0.000000e+00 1.041852e+01 3.531054e+01 0.000000e+00 -1.420314e+00
0.000000e+00 5.500000e-02 1.041852e+01 3.531054e+01 0.000000e+00 -1.420314e+00
0.000000e+00 1.100000e-01 1.040969e+01 3.524769e+01 0.000000e+00 -1.419863e+00
0.000000e+00 1.650000e-01 7.266323e+00 1.631973e+01 0.000000e+00 -9.188062e-01
0.000000e+00 2.200000e-01 4.135612e+00 6.931878e+00 0.000000e+00 -1.434101e+00
0.000000e+00 2.750000e-01 2.649974e+00 3.071252e+00 0.000000e+00 -1.572229e+00
0.000000e+00 3.300000e-01 2.189102e+00 2.201169e+00 0.000000e+00 -1.386225e+00
0.000000e+00 3.850000e-01 1.893151e+00 1.735775e+00 0.000000e+00 -1.261987e+00
0.000000e+00 4.400000e-01 1.684882e+00 1.428896e+00 0.000000e+00 -1.144432e+00
0.000000e+00 4.950000e-01 1.541140e+00 1.232240e+00 0.000000e+00 -1.044196e+00
0.000000e+00 5.500000e-01 1.433917e+00 1.093143e+00 0.000000e+00 -9.537918e-01
0.000000e+00 6.050000e-01 1.355708e+00 9.957443e-01 0.000000e+00 -8.732124e-01
0.000000e+00 6.600000e-01 1.296648e+00 9.246895e-01 0.000000e+00 -8.003297e-01
0.000000e+00 7.150000e-01 1.252003e+00 8.723266e-01 0.000000e+00 -7.344292e-01
0.000000e+00 7.700000e-01 1.218047e+00 8.333228e-01 0.000000e+00 -6.747395e-01
0.000000e+00 8.250000e-01 1.192024e+00 8.039078e-01 0.000000e+00 -6.205102e-01
0.000000e+00 8.800000e-01 1.172087e+00 7.816602e-01 0.000000e+00 -5.712887e-01
0.000000e+00 9.350000e-01 1.156720e+00 7.646879e-01 0.000000e+00 -5.265745e-01
0.000000e+00 9.900000e-01 1.144849e+00 7.516798e-01 0.000000e+00 -4.859854e-01
0.000000e+00 1.045000e+00 1.135652e+00 7.416604e-01 0.000000e+00 -4.491391e-01
0.000000e+00 1.100000e+00 1.128513e+00 7.339186e-01 0.000000e+00 -4.156820e-01
0.000000e+00 1.155000e+00 1.122962e+00 7.279198e-01 0.000000e+00 -3.852916e-01
0.000000e+00 1.210000e+00 1.118633e+00 7.232539e-01 0.000000e+00 -3.576724e-01
0.000000e+00 1.265000e+00 1.115245e+00 7.196110e-01 0.000000e+00 -3.325570e-01
0.000000e+00 1.320000e+00 1.112584e+00 7.167542e-01 0.000000e+00 -3.097000e-01
0.000000e+00 1.375000e+00 1.110485e+00 7.145045e-01 0.000000e+00 -2.888791e-01
0.000000e+00 1.430000e+00 1.108823e+00 7.127249e-01 0.000000e+00 -2.698921e-01
0.000000e+00 1.485000e+00 1.107502e+00 7.113109e-01 0.000000e+00 -2.525571e-01
0.000000e+00 1.540000e+00 1.106447e+00 7.101824e-01 0.000000e+00 -2.367097e-01
0.000000e+00 1.595000e+00 1.105600e+00 7.092778e-01 0.000000e+00 -2.222026e-01
0.000000e+00 1.650000e+00 1.104919e+00 7.085494e-01 0.000000e+00 -2.089035e-01
0.000000e+00 1.705000e+00 1.104367e+00 7.079602e-01 0.000000e+00 -1.966940e-01
0.000000e+00 1.760000e+00 1.103918e+00 7.074813e-01 0.000000e+00 -1.854678e-01
0.000000e+00 1.815000e+00 1.103552e+00 7.070903e-01 0.000000e+00 -1.751298e-01
0.000000e+00 1.870000e+00 1.103252e+00 7.067696e-01 0.000000e+00 -1.655950e-01
0.000000e+00 1.925000e+00 1.103004e+00 7.065053e-01 0.000000e+00 -1.567871e-01
0.000000e+00 1.980000e+00 1.102799e+00 7.062865e-01 0.000000e+00 -1.486381e-01
0.000000e+00 2.035000e+00 1.102629e+00 7.061047e-01 0.000000e+00 -1.410871e-01
0.000000e+00 2.090000e+00 1.102486e+00 7.059530e-01 0.000000e+00 -1.340796e-01
0.000000e+00 2.145000e+00 1.102367e+00 7.058258e-01 0.000000e+00 -1.275666e-01
0.000000e+00 2.200000e+00 1.102267e+00 7.057189e-01 0.000000e+00 -1.215046e-01
0.000000e+00 2.255000e+00 1.102182e+00 7.056286e-01 0.000000e+00 -1.158541e-01
0.000000e+00 2.310000e+00 1.102111e+00 7.055520e-01 0.000000e+00 -1.105800e-01
0.000000e+00 2.365000e+00 1.102050e+00 7.054870e-01 0.000000e+00 -1.056505e-01
0.000000e+00 2.420000e+00 1.101998e+00 7.054315e-01 0.000000e+00 -1.010370e-01
0.000000e+00 2.475000e+00 1.101953e+00 7.053840e-01 0.000000e+00 -9.671381e-02
0.000000e+00 2.530000e+00 1.101915e+00 7.053432e-01 0.000000e+00 -9.265757e-02
0.000000e+00 2.585000e+00 1.101882e+00 7.053080e-01 0.000000e+00 -8.884722e-02
0.000000e+00 2.640000e+00 1.101853e+00 7.052777e-01 0.000000e+00 -8.526370e-02
0.000000e+00 2.695000e+00 1.101829e+00 7.052514e-01 0.000000e+00 -8.188968e-02
0.000000e+00 2.750000e+00 1.101807e+00 7.052286e-01 0.000000e+00 -7.870944e-02
0.000000e+00 2.805000e+00 1.101789e+00 7.052087e-01 0.000000e+00 -7.570866e-02
0.000000e+00 2.860000e+00 1.101772e+00 7.051913e-01 0.000000e+00 -7.287429e-02
0.000000e+00 2.915000e+00 1.101758e+00 7.051761e-01 0.000000e+00 -7.019443e-02
0.000000e+00 2.970000e+00 1.101746e+00 7.051628e-01 0.000000e+00 -6.765820e-02
0.000000e+00 3.025000e+00 1.101735e+00 7.051511e-01 0.000000e+00 -6.525566e-02
0.000000e+00 3.080000e+00 1.101725e+00 7.051408e-01 0.000000e+00 -6.297768e-02
0.000000e+00 3.135000e+00 1.101717e+00 7.051316e-01 0.000000e+00 -6.081589e-02
0.000000e+00 3.190000e+00 1.101709e+00 7.051236e-01 0.000000e+00 -5.876263e-02
0.000000e+00 3.245000e+00 1.101702e+00 7.051164e-01 0.000000e+00 -5.681080e-02
0.000000e+00 3.300000e+00 1.101696e+00 7.051100e-01 0.000000e+00 -5.495391e-02
0.000000e+00 3.355000e+00 1.101691e+00 7.051044e-01 0.000000e+00 -5.318595e-02
0.000000e+00 3.410000e+00 1.101686e+00 7.050993e-01 0.000000e+00 -5.150139e-02
0.000000e+00 3.465000e+00 1.101682e+00 7.050948e-01 0.000000e+00 -4.989510e-02
0.000000e+00 3.520000e+00 1.101678e+00 7.050908e-01 0.000000e+00 -4.836235e-02
0.000000e+00 3.575000e+00 1.101675e+00 7.050871e-01 0.000000e+00 -4.689875e-02
0.000000e+00 3.630000e+00 1.101672e+00 7.050839e-01 0.000000e+00 -4.550022e-02
0.000000e+00 3.685000e+00 1.101669e+00 7.050810e-01 0.000000e+00 -4.416301e-02
0.000000e+00 3.740000e+00 1.101667e+00 7.050783e-01 0.000000e+00 -4.288359e-02
0.000000e+00 3.795000e+00 1.101664e+00 7.050759e-01 0.000000e+00 -4.165871e-02
0.000000e+00 3.850000e+00 1.101662e+00 7.050738e-01 0.000000e+00 -4.048532e-02
0.000000e+00 3.905000e+00 1.101660e+00 7.050718e-01 0.000000e+00 -3.936060e-02
0.000000e+00 3.960000e+00 1.101659e+00 7.050701e-01 0.000000e+00 -3.828191e-02
0.000000e+00 4.015000e+00 1.101657e+00 7.050685e-01 0.000000e+00 -3.724678e-02
0.000000e+00 4.070000e+00 1.101656e+00 7.050670e-01 0.000000e+00 -3.625291e-02
0.000000e+00 4.125000e+00 1.101655e+00 7.050657e-01 0.000000e+00 -3.529815e-02
0.000000e+00 4.180000e+00 1.101654e+00 7.050645e-01 0.000000e+00 -3.438048e-02
0.000000e+00 4.235000e+00 1.101653e+00 7.050634e-01 0.000000e+00 -3.349801e-02
0.000000e+00 4.290000e+00 1.101652e+00 7.050624e-01 0.000000e+00 -3.264897e-02
0.000000e+00 4.345000e+00 1.101651e+00 7.050615e-01 0.000000e+00 -3.183171e-02
0.000000e+00 4.400000e+00 1.101650e+00 7.050607e-01 0.000000e+00 -3.104466e-02
0.000000e+00 4.455000e+00 1.101649e+00 7.050599e-01 0.000000e+00 -3.028635e-02
0.000000e+00 4.510000e+00 1.101649e+00 7.050592e-01 0.000000e+00 -2.955541e-02
0.000000e+00 4.565000e+00 1.101648e+00 7.050585e-01 0.000000e+00 -2.885055e-02
0.000000e+00 4.620000e+00 1.101647e+00 7.050579e-01 0.000000e+00 -2.817054e-02
0.000000e+00 4.675000e+00 1.101647e+00 7.050574e-01 0.000000e+00 -2.751423e-02
0.000000e+00 4.730000e+00 1.101646e+00 7.050569e-01 0.000000e+00 -2.688053e-02
0.000000e+00 4.785000e+00 1.101646e+00 7.050564e-01 0.000000e+00 -2.626842e-02
0.000000e+00 4.840000e+00 1.101646e+00 7.050560e-01 0.000000e+00 -2.567694e-02
0.000000e+00 4.895000e+00 1.101645e+00 7.050556e-01 0.000000e+00 -2.510517e-02
0.000000e+00 4.950000e+00 1.101645e+00 7.050552e-01 0.000000e+00 -2.455224e-02
0.000000e+00 5.005000e+00 1.101645e+00 7.050549e-01 0.000000e+00 -2.401734e-02
0.000000e+00 5.060000e+00 1.101644e+00 7.050546e-01 0.000000e+00 -2.349970e-02
0.000000e+00 5.115000e+00 1.101644e+00 7.050543e-01 0.000000e+00 -2.299859e-02
0.000000e+00 5.170000e+00 1.101644e+00 7.050540e-01 0.000000e+00 -2.251330e-02
0.000000e+00 5.225000e+00 1.101644e+00 7.050538e-01 0.000000e+00 -2.204319e-02
0.000000e+00 5.280000e+00 1.101643e+00 7.050536e-01 0.000000e+00 -2.158762e-02
0.000000e+00 5.335000e+00 1.101643e+00 7.050533e-01 0.000000e+00 -2.114600e-02
0.000000e+00 5.390000e+00 1.101643e+00 7.050531e-01 0.000000e+00 -2.071778e-02
0.000000e+00 5.445000e+00 1.101643e+00 7.050530e-01 0.000000e+00 -2.030241e-02
0.000000e+00 5.500000e+00 1.101643e+00 7.050528e-01 0.000000e+00 -1.989939e-02
0.000000e+00 5.555000e+00 1.101642e+00 7.050526e-01 0.000000e+00 -1.950824e-02
0.000000e+00 5.610000e+00 1.101642e+00 7.050525e-01 0.000000e+00 -1.912848e-02
0.000000e+00 5.665000e+00 1.101642e+00 7.050523e-01 0.000000e+00 -1.875970e-02
0.000000e+00 5.720000e+00 1.101642e+00 7.050522e-01 0.000000e+00 -1.840146e-02
0.000000e+00 5.775000e+00 1.101642e+00 7.050521e-01 0.000000e+00 -1.805337e-02
0.000000e+00 5.830000e+00 1.101642e+00 7.050520e-01 0.000000e+00 -1.771506e-02
0.000000e+00 5.885000e+00 1.101642e+00 7.050518e-01 0.000000e+00 -1.738615e-02
0.000000e+00 5.940000e+00 1.101642e+00 7.050517e-01 0.000000e+00 -1.706631e-02
0.000000e+00 5.995000e+00 1.101642e+00 7.050517e-01 0.000000e+00 -1.675520e-02
0.000000e+00 6.050000e+00 1.101641e+00 7.050516e-01 0.000000e+00 -1.645251e-02
0.000000e+00 6.105000e+00 1.101641e+00 7.050515e-01 0.000000e+00 -1.615794e-02
0.000000e+00 6.160000e+00 1.101641e+00 7.050514e-01 0.000000e+00 -1.587120e-02
0.000000e+00 6.215000e+00 1.101641e+00 7.050513e-01 0.000000e+00 -1.559202e-02
0.000000e+00 6.270000e+00 1.101641e+00 7.050513e-01 0.000000e+00 -1.532014e-02
0.000000e+00 6.325000e+00 1.101641e+00 7.050512e-01 0.000000e+00 -1.505530e-02
0.000000e+00 6.380000e+00 1.101641e+00 7.050511e-01 0.000000e+00 -1.479726e-02
0.000000e+00 6.435000e+00 1.101641e+00 7.050511e-01 0.000000e+00 -1.454579e-02
0.000000e+00 6.490000e+00 1.101641e+00 7.050510e-01 0.000000e+00 -1.430067e-02
0.000000e+00 6.545000e+00 1.101641e+00 7.050510e-01 0.000000e+00 -1.406168e-02
0.000000e+00 6.600000e+00 1.101641e+00 7.050509e-01 0.000000e+00 -1.382864e-02
0.000000e+00 6.655000e+00 1.101641e+00 7.050509e-01 0.000000e+00 -1.360133e-02
0.000000e+00 6.710000e+00 1.101641e+00 7.050508e-01 0.000000e+00 -1.337958e-02
0.000000e+00 6.765000e+00 1.101641e+00 7.050508e-01 0.000000e+00 -1.316320e-02
0.000000e+00 6.820000e+00 1.101641e+00 7.050508e-01 0.000000e+00 -1.295203e-02
0.000000e+00 6.875000e+00 1.101641e+00 7.050507e-01 0.000000e+00 -1.274589e-02
0.000000e+00 6.930000e+00 1.101641e+00 7.050507e-01 0.000000e+00 -1.254463e-02
0.000000e+00 6.985000e+00 1.101641e+00 7.050507e-01 0.000000e+00 -1.234810e-02
0.000000e+00 7.040000e+00 1.101641e+00 7.050506e-01 0.000000e+00 -1.215615e-02
0.000000e+00 7.095000e+00 1.101641e+00 7.050506e-01 0.000000e+00 -1.196863e-02
0.000000e+00 7.150000e+00 1.101641e+00 7.050506e-01 0.000000e+00 -1.178542e-02
0.000000e+00 7.205000e+00 1.101641e+00 7.050505e-01 0.000000e+00 -1.160638e-02
0.000000e+00 7.260000e+00 1.101640e+00 7.050505e-01 0.000000e+00 -1.143138e-02
0.000000e+00 7.315000e+00 1.101640e+00 7.050505e-01 0.000000e+00 -1.126031e-02
0.000000e+00 7.370000e+00 1.101640e+00 7.050505e-01 0.000000e+00 -1.109305e-02
0.000000e+00 7.425000e+00 1.101640e+00 7.050505e-01 0.000000e+00 -1.092949e-02
0.000000e+00 7.480000e+00 1.101640e+00 7.050504e-01 0.000000e+00 -1.076951e-02
0.000000e+00 7.535000e+00 1.101640e+00 7.050504e-01 0.000000e+00 -1.061302e-02
0.000000e+00 7.590000e+00 1.101640e+00 7.050504e-01 0.000000e+00 -1.045992e-02
0.000000e+00 7.645000e+00 1.101640e+00 7.050504e-01 0.000000e+00 -1.031010e-02
0.000000e+00 7.700000e+00 1.101640e+00 7.050504e-01 0.000000e+00 -1.016347e-02
0.000000e+00 7.755000e+00 1.101640e+00 7.050503e-01 0.000000e+00 -1.001995e-02
0.000000e+00 7.810000e+00 1.101640e+00 7.050503e-01 0.000000e+00 -9.879448e-03
0.000000e+00 7.865000e+00 1.101640e+00 7.050503e-01 0.000000e+00 -9.741878e-03
0.000000e+00 7.920000e+00 1.101640e+00 7.050503e-01 0.000000e+00 -9.607159e-03
0.000000e+00 7.975000e+00 1.101640e+00 7.050503e-01 0.000000e+00 -9.475215e-03
0.000000e+00 8.030000e+00 1.101640e+00 7.050503e-01 0.000000e+00 -9.345968e-03
0.000000e+00 8.085000e+00 1.101640e+00 7.050503e-01 0.000000e+00 -9.219347e-03
0.000000e+00 8.140000e+00 1.101640e+00 7.050503e-01 0.000000e+00 -9.095281e-03
0.000000e+00 8.195000e+00 1.101640e+00 7.050503e-01 0.000000e+00 -8.973701e-03
0.000000e+00 8.250000e+00 1.101640e+00 7.050502e-01 0.000000e+00 -8.854541e-03
0.000000e+00 8.305000e+00 1.101640e+00 7.050502e-01 0.000000e+00 -8.737738e-03
0.000000e+00 8.360000e+00 1.101640e+00 7.050502e-01 0.000000e+00 -8.623230e-03
0.000000e+00 8.415000e+00 1.101640e+00 7.050502e-01 0.000000e+00 -8.510957e-03
0.000000e+00 8.470000e+00 1.101640e+00 7.050502e-01 0.000000e+00 -8.400863e-03
0.000000e+00 8.525000e+00 1.101640e+00 7.050502e-01 0.000000e+00 -8.292891e-03
0.000000e+00 8.580000e+00 1.101640e+00 7.050502e-01 0.000000e+00 -8.186979e-03
0.000000e+00 8.635000e+00 1.101640e+00 7.050502e-01 0.000000e+00 -8.083078e-03
0.000000e+00 8.690000e+00 1.101640e+00 7.050502e-01 0.000000e+00 -7.981172e-03
0.000000e+00 8.745000e+00 1.101640e+00 7.050503e-01 0.000000e+00 -7.881231e-03
0.000000e+00 8.800000e+00 1.101640e+00 7.050502e-01 0.000000e+00 -7.783059e-03
0.000000e+00 8.855000e+00 1.101640e+00 7.050498e-01 0.000000e+00 -7.686358e-03
0.000000e+00 8.910000e+00 1.101639e+00 7.050494e-01 0.000000e+00 -7.591513e-03
0.000000e+00 8.965000e+00 1.101641e+00 7.050510e-01 0.000000e+00 -7.500057e-03
0.000000e+00 9.020000e+00 1.101644e+00 7.050546e-01 0.000000e+00 -7.412149e-03
0.000000e+00 9.075000e+00 1.101643e+00 7.050536e-01 0.000000e+00 -7.321742e-03
0.000000e+00 9.130000e+00 1.101629e+00 7.050384e-01 0.000000e+00 -7.220562e-03
0.000000e+00 9.185000e+00 1.101613e+00 7.050215e-01 0.000000e+00 -7.119375e-03
0.000000e+00 9.240000e+00 1.101648e+00 7.050589e-01 0.000000e+00 -7.067561e-03
0.000000e+00 9.295000e+00 1.101799e+00 7.052194e-01 0.000000e+00 -7.125280e-03
0.000000e+00 9.350000e+00 1.102057e+00 7.054946e-01 0.000000e+00 -7.285071e-03
0.000000e+00 9.405000e+00 1.102300e+00 7.057542e-01 0.000000e+00 -7.433240e-03
0.000000e+00 9.460000e+00 1.102367e+00 7.058256e-01 0.000000e+00 -7.415649e-03
0.000000e+00 9.515000e+00 1.102191e+00 7.056383e-01 0.000000e+00 -7.177128e-03
0.000000e+00 9.570000e+00 1.101875e+00 7.053001e-01 0.000000e+00 -6.796974e-03
0.000000e+00 9.625000e+00 1.101531e+00 7.049333e-01 0.000000e+00 -6.410465e-03
0.000000e+00 9.680000e+00 1.101240e+00 7.046239e-01 0.000000e+00 -6.047536e-03
0.000000e+00 9.735000e+00 1.100951e+00 7.043154e-01 0.000000e+00 -5.726064e-03
0.000000e+00 9.790000e+00 1.100688e+00 7.040336e-01 0.000000e+00 -5.373801e-03
0.000000e+00 9.845000e+00 1.100368e+00 7.036923e-01 0.000000e+00 -5.057630e-03
0.000000e+00 9.900000e+00 1.100107e+00 7.034243e-01 0.000000e+00 -4.666918e-03
0.000000e+00 9.955000e+00 1.099693e+00 7.029969e-01 0.000000e+00 -4.408407e-03
0.000000e+00 1.001000e+01 1.101640e+00 7.050500e-01 -0.000000e+00 -2.260000e-03
0.000000e+00 1.006500e+01 1.101640e+00 7.050500e-01 -0.000000e+00 -2.260000e-03
0.000000e+00 1.012000e+01 1.101640e+00 7.050500e-01 -0.000000e+00 -2.260000e-03
0.000000e+00 1.017500e+01 1.101640e+00 7.050500e-01 -0.000000e+00 -2.260000e-03
0.000000e+00 1.023000e+01 1.101640e+00 7.050500e-01 -0.000000e+00 -2.260000e-03
0.000000e+00 1.028500e+01 1.101640e+00 7.050500e-01 -0.000000e+00 -2.260000e-03
0.000000e+00 1.034000e+01 1.101640e+00 7.050500e-01 -0.000000e+00 -2.260000e-03
0.000000e+00 1.039500e+01 1.101640e+00 7.050500e-01 -0.000000e+00 -2.260000e-03
0.000000e+00 1.045000e+01 1.101640e+00 7.050500e-01 -0.000000e+00 -2.260000e-03
0.000000e+00 1.050500e+01 1.101640e+00 7.050500e-01 -0.000000e+00 -2.260000e-03
0.000000e+00 1.056000e+01 1.101640e+00 7.050500e-01 -0.000000e+00 -2.260000e-03
0.000000e+00 1.061500e+01 1.101640e+00 7.050500e-01 -0.000000e+00 -2.260000e-03
0.000000e+00 1.067000e+01 1.101640e+00 7.050500e-01 -0.000000e+00 -2.260000e-03
0.000000e+00 1.072500e+01 1.101640e+00 7.050500e-01 -0.000000e+00 -2.260000e-03
0.000000e+00 1.078000e+01 1.101640e+00 7.050500e-01 -0.000000e+00 -2.260000e-03
0.000000e+00 1.083500e+01 1.101640e+00 7.050500e-01 -0.000000e+00 -2.260000e-03
0.000000e+00 1.089000e+01 1.101640e+00 7.050500e-01 -0.000000e+00 -2.260000e-03
0.000000e+00 1.094500e+01 1.101640e+00 7.050500e-01 -0.000000e+00 -2.260000e-03
0.000000e+00 1.100000e+01 1.101640e+00 7.050500e-01 -0.000000e+00 -2.260000e-03
