#############TIME##################
1.200111e+01 
###################################
0.000000e+00 0.000000e+00 1.185760e+01 4.124546e+01 0.000000e+00 -1.504536e+00
0.000000e+00 5.500000e-02 1.185760e+01 4.124546e+01 0.000000e+00 -1.504536e+00
0.000000e+00 1.100000e-01 1.185745e+01 4.124456e+01 0.000000e+00 -1.504544e+00
0.000000e+00 1.650000e-01 9.041040e+00 2.359615e+01 0.000000e+00 -1.000291e+00
0.000000e+00 2.200000e-01 6.983034e+00 1.531040e+01 0.000000e+00 -8.257696e-01
0.000000e+00 2.750000e-01 5.692094e+00 1.089646e+01 0.000000e+00 -6.853316e-01
0.000000e+00 3.300000e-01 4.834156e+00 8.303221e+00 0.000000e+00 -5.807443e-01
0.000000e+00 3.850000e-01 4.220225e+00 6.646211e+00 0.000000e+00 -4.985756e-01
0.000000e+00 4.400000e-01 3.768568e+00 5.523487e+00 0.000000e+00 -4.324689e-01
0.000000e+00 4.950000e-01 3.422825e+00 4.718852e+00 0.000000e+00 -3.786219e-01
0.000000e+00 5.500000e-01 3.150830e+00 4.120745e+00 0.000000e+00 -3.350671e-01
0.000000e+00 6.050000e-01 2.932474e+00 3.660838e+00 0.000000e+00 -2.990887e-01
0.000000e+00 6.600000e-01 2.754389e+00 3.298609e+00 0.000000e+00 -2.691245e-01
0.000000e+00 7.150000e-01 2.606392e+00 3.006847e+00 0.000000e+00 -2.437876e-01
0.000000e+00 7.700000e-01 2.481635e+00 2.767882e+00 0.000000e+00 -2.222386e-01
0.000000e+00 8.250000e-01 2.374968e+00 2.569025e+00 0.000000e+00 -2.037104e-01
0.000000e+00 8.800000e-01 2.282675e+00 2.401372e+00 0.000000e+00 -1.876836e-01
0.000000e+00 9.350000e-01 2.202033e+00 2.258297e+00 0.000000e+00 -1.737089e-01
0.000000e+00 9.900000e-01 2.131193e+00 2.134963e+00 0.000000e+00 -1.614310e-01
0.000000e+00 1.045000e+00 2.068715e+00 2.027696e+00 0.000000e+00 -1.505080e-01
0.000000e+00 1.100000e+00 2.013184e+00 1.933679e+00 0.000000e+00 -1.406420e-01
0.000000e+00 1.155000e+00 1.963076e+00 1.850657e+00 0.000000e+00 -1.315920e-01
0.000000e+00 1.210000e+00 1.917059e+00 1.776828e+00 0.000000e+00 -1.232047e-01
0.000000e+00 1.265000e+00 1.874361e+00 1.710764e+00 0.000000e+00 -1.153976e-01
0.000000e+00 1.320000e+00 1.834821e+00 1.651362e+00 0.000000e+00 -1.081258e-01
0.000000e+00 1.375000e+00 1.798460e+00 1.597756e+00 0.000000e+00 -1.013493e-01
0.000000e+00 1.430000e+00 1.765126e+00 1.549216e+00 0.000000e+00 -9.503322e-02
0.000000e+00 1.485000e+00 1.734496e+00 1.505075e+00 0.000000e+00 -8.916399e-02
0.000000e+00 1.540000e+00 1.706242e+00 1.464732e+00 0.000000e+00 -8.375028e-02
0.000000e+00 1.595000e+00 1.680134e+00 1.427693e+00 0.000000e+00 -7.879775e-02
0.000000e+00 1.650000e+00 1.656012e+00 1.393593e+00 0.000000e+00 -7.428496e-02
0.000000e+00 1.705000e+00 1.633688e+00 1.362143e+00 0.000000e+00 -7.016761e-02
0.000000e+00 1.760000e+00 1.612905e+00 1.333059e+00 0.000000e+00 -6.640081e-02
0.000000e+00 1.815000e+00 1.593388e+00 1.306044e+00 0.000000e+00 -6.294744e-02
0.000000e+00 1.870000e+00 1.574929e+00 1.280845e+00 0.000000e+00 -5.976450e-02
0.000000e+00 1.925000e+00 1.557432e+00 1.257296e+00 0.000000e+00 -5.679164e-02
0.000000e+00 1.980000e+00 1.540885e+00 1.235298e+00 0.000000e+00 -5.396529e-02
0.000000e+00 2.035000e+00 1.525291e+00 1.214750e+00 0.000000e+00 -5.124778e-02
0.000000e+00 2.090000e+00 1.510617e+00 1.195508e+00 0.000000e+00 -4.863818e-02
0.000000e+00 2.145000e+00 1.496802e+00 1.177409e+00 0.000000e+00 -4.615155e-02
0.000000e+00 2.200000e+00 1.483782e+00 1.160325e+00 0.000000e+00 -4.379052e-02
0.000000e+00 2.255000e+00 1.471500e+00 1.144183e+00 0.000000e+00 -4.153906e-02
0.000000e+00 2.310000e+00 1.459896e+00 1.128944e+00 0.000000e+00 -3.938111e-02
0.000000e+00 2.365000e+00 1.448896e+00 1.114570e+00 0.000000e+00 -3.732097e-02
0.000000e+00 2.420000e+00 1.438413e+00 1.101003e+00 0.000000e+00 -3.538448e-02
0.000000e+00 2.475000e+00 1.428370e+00 1.088172e+00 0.000000e+00 -3.359979e-02
0.000000e+00 2.530000e+00 1.418714e+00 1.076000e+00 0.000000e+00 -3.197289e-02
0.000000e+00 2.585000e+00 1.409430e+00 1.064418e+00 0.000000e+00 -3.047652e-02
0.000000e+00 2.640000e+00 1.400532e+00 1.053376e+00 0.000000e+00 -2.906199e-02
0.000000e+00 2.695000e+00 1.392044e+00 1.042835e+00 0.000000e+00 -2.768639e-02
0.000000e+00 2.750000e+00 1.383982e+00 1.032768e+00 0.000000e+00 -2.633501e-02
0.000000e+00 2.805000e+00 1.376329e+00 1.023148e+00 0.000000e+00 -2.502112e-02
0.000000e+00 2.860000e+00 1.369033e+00 1.013944e+00 0.000000e+00 -2.376497e-02
0.000000e+00 2.915000e+00 1.362020e+00 1.005121e+00 0.000000e+00 -2.257078e-02
0.000000e+00 2.970000e+00 1.355217e+00 9.966443e-01 0.000000e+00 -2.141996e-02
0.000000e+00 3.025000e+00 1.348583e+00 9.884968e-01 0.000000e+00 -2.028246e-02
0.000000e+00 3.080000e+00 1.342131e+00 9.806893e-01 0.000000e+00 -1.913418e-02
0.000000e+00 3.135000e+00 1.335923e+00 9.732591e-01 0.000000e+00 -1.796793e-02
0.000000e+00 3.190000e+00 1.330038e+00 9.662433e-01 0.000000e+00 -1.679481e-02
0.000000e+00 3.245000e+00 1.324525e+00 9.596447e-01 0.000000e+00 -1.563874e-02
0.000000e+00 3.300000e+00 1.319368e+00 9.534103e-01 0.000000e+00 -1.452714e-02
0.000000e+00 3.355000e+00 1.314489e+00 9.474433e-01 0.000000e+00 -1.347924e-02
0.000000e+00 3.410000e+00 1.309778e+00 9.416422e-01 0.000000e+00 -1.249550e-02
0.000000e+00 3.465000e+00 1.305142e+00 9.359459e-01 0.000000e+00 -1.155402e-02
0.000000e+00 3.520000e+00 1.300545e+00 9.303589e-01 0.000000e+00 -1.061939e-02
0.000000e+00 3.575000e+00 1.296015e+00 9.249399e-01 0.000000e+00 -9.660638e-03
0.000000e+00 3.630000e+00 1.291619e+00 9.197644e-01 0.000000e+00 -8.665291e-03
0.000000e+00 3.685000e+00 1.287427e+00 9.148869e-01 0.000000e+00 -7.638521e-03
0.000000e+00 3.740000e+00 1.283496e+00 9.103293e-01 0.000000e+00 -6.588615e-03
0.000000e+00 3.795000e+00 1.279861e+00 9.060915e-01 0.000000e+00 -5.513957e-03
0.000000e+00 3.850000e+00 1.276533e+00 9.021620e-01 0.000000e+00 -4.406335e-03
0.000000e+00 3.905000e+00 1.273490e+00 8.985129e-01 0.000000e+00 -3.266685e-03
0.000000e+00 3.960000e+00 1.270668e+00 8.950888e-01 0.000000e+00 -2.115342e-03
0.000000e+00 4.015000e+00 1.267963e+00 8.918037e-01 0.000000e+00 -9.870624e-04
0.000000e+00 4.070000e+00 1.265260e+00 8.885573e-01 0.000000e+00 8.281872e-05
0.000000e+00 4.125000e+00 1.262471e+00 8.852678e-01 0.000000e+00 1.070190e-03
0.000000e+00 4.180000e+00 1.259566e+00 8.819022e-01 0.000000e+00 1.967420e-03
0.000000e+00 4.235000e+00 1.256582e+00 8.784831e-01 0.000000e+00 2.782864e-03
0.000000e+00 4.290000e+00 1.253596e+00 8.750693e-01 0.000000e+00 3.536710e-03
0.000000e+00 4.345000e+00 1.250694e+00 8.717288e-01 0.000000e+00 4.254444e-03
0.000000e+00 4.400000e+00 1.247936e+00 8.685145e-01 0.000000e+00 4.956388e-03
0.000000e+00 4.455000e+00 1.245338e+00 8.654446e-01 0.000000e+00 5.645875e-03
0.000000e+00 4.510000e+00 1.242858e+00 8.624911e-01 0.000000e+00 6.306737e-03
0.000000e+00 4.565000e+00 1.240414e+00 8.595924e-01 0.000000e+00 6.916385e-03
0.000000e+00 4.620000e+00 1.237932e+00 8.566889e-01 0.000000e+00 7.466403e-03
0.000000e+00 4.675000e+00 1.235390e+00 8.537673e-01 0.000000e+00 7.974433e-03
0.000000e+00 4.730000e+00 1.232841e+00 8.508789e-01 0.000000e+00 8.476317e-03
0.000000e+00 4.785000e+00 1.230386e+00 8.481105e-01 0.000000e+00 9.003559e-03
0.000000e+00 4.840000e+00 1.228104e+00 8.455248e-01 0.000000e+00 9.564250e-03
0.000000e+00 4.895000e+00 1.226010e+00 8.431185e-01 0.000000e+00 1.014195e-02
0.000000e+00 4.950000e+00 1.224051e+00 8.408292e-01 0.000000e+00 1.071146e-02
0.000000e+00 5.005000e+00 1.222145e+00 8.385840e-01 0.000000e+00 1.125695e-02
0.000000e+00 5.060000e+00 1.220237e+00 8.363446e-01 0.000000e+00 1.177783e-02
0.000000e+00 5.115000e+00 1.218306e+00 8.341134e-01 0.000000e+00 1.227891e-02
0.000000e+00 5.170000e+00 1.216357e+00 8.319010e-01 0.000000e+00 1.275666e-02
0.000000e+00 5.225000e+00 1.214385e+00 8.296958e-01 0.000000e+00 1.319722e-02
0.000000e+00 5.280000e+00 1.212383e+00 8.274680e-01 0.000000e+00 1.358843e-02
0.000000e+00 5.335000e+00 1.210359e+00 8.252046e-01 0.000000e+00 1.393383e-02
0.000000e+00 5.390000e+00 1.208357e+00 8.229394e-01 0.000000e+00 1.425633e-02
0.000000e+00 5.445000e+00 1.206445e+00 8.207463e-01 0.000000e+00 1.458910e-02
0.000000e+00 5.500000e+00 1.204678e+00 8.186947e-01 0.000000e+00 1.496010e-02
0.000000e+00 5.555000e+00 1.203054e+00 8.168007e-01 0.000000e+00 1.537840e-02
0.000000e+00 5.610000e+00 1.201505e+00 8.150079e-01 0.000000e+00 1.582682e-02
0.000000e+00 5.665000e+00 1.199927e+00 8.132117e-01 0.000000e+00 1.626435e-02
0.000000e+00 5.720000e+00 1.198232e+00 8.113128e-01 0.000000e+00 1.663970e-02
0.000000e+00 5.775000e+00 1.196394e+00 8.092728e-01 0.000000e+00 1.691382e-02
0.000000e+00 5.830000e+00 1.194472e+00 8.071420e-01 0.000000e+00 1.708236e-02
0.000000e+00 5.885000e+00 1.192589e+00 8.050418e-01 0.000000e+00 1.718522e-02
0.000000e+00 5.940000e+00 1.190875e+00 8.031086e-01 0.000000e+00 1.729852e-02
0.000000e+00 5.995000e+00 1.189409e+00 8.014319e-01 0.000000e+00 1.750970e-02
0.000000e+00 6.050000e+00 1.188190e+00 8.000219e-01 0.000000e+00 1.787816e-02
0.000000e+00 6.105000e+00 1.187150e+00 7.988164e-01 0.000000e+00 1.839940e-02
0.000000e+00 6.160000e+00 1.186188e+00 7.977171e-01 0.000000e+00 1.900273e-02
0.000000e+00 6.215000e+00 1.185211e+00 7.966243e-01 0.000000e+00 1.958597e-02
0.000000e+00 6.270000e+00 1.184144e+00 7.954524e-01 0.000000e+00 2.006486e-02
0.000000e+00 6.325000e+00 1.182942e+00 7.941384e-01 0.000000e+00 2.040389e-02
0.000000e+00 6.380000e+00 1.181598e+00 7.926591e-01 0.000000e+00 2.061313e-02
0.000000e+00 6.435000e+00 1.180148e+00 7.910446e-01 0.000000e+00 2.072642e-02
0.000000e+00 6.490000e+00 1.178663e+00 7.893711e-01 0.000000e+00 2.078634e-02
0.000000e+00 6.545000e+00 1.177221e+00 7.877305e-01 0.000000e+00 2.084276e-02
0.000000e+00 6.600000e+00 1.175872e+00 7.861908e-01 0.000000e+00 2.094843e-02
0.000000e+00 6.655000e+00 1.174617e+00 7.847641e-01 0.000000e+00 2.113517e-02
0.000000e+00 6.710000e+00 1.173398e+00 7.833970e-01 0.000000e+00 2.138376e-02
0.000000e+00 6.765000e+00 1.172132e+00 7.819969e-01 0.000000e+00 2.162153e-02
0.000000e+00 6.820000e+00 1.170762e+00 7.804950e-01 0.000000e+00 2.176374e-02
0.000000e+00 6.875000e+00 1.169315e+00 7.789108e-01 0.000000e+00 2.177932e-02
0.000000e+00 6.930000e+00 1.167909e+00 7.773647e-01 0.000000e+00 2.173221e-02
0.000000e+00 6.985000e+00 1.166693e+00 7.760143e-01 0.000000e+00 2.176329e-02
0.000000e+00 7.040000e+00 1.165767e+00 7.749695e-01 0.000000e+00 2.202072e-02
0.000000e+00 7.095000e+00 1.165117e+00 7.742218e-01 0.000000e+00 2.254746e-02
0.000000e+00 7.150000e+00 1.164608e+00 7.736309e-01 0.000000e+00 2.323297e-02
0.000000e+00 7.205000e+00 1.164046e+00 7.729924e-01 0.000000e+00 2.387282e-02
0.000000e+00 7.260000e+00 1.163242e+00 7.721014e-01 0.000000e+00 2.428259e-02
0.000000e+00 7.315000e+00 1.162070e+00 7.708172e-01 0.000000e+00 2.438944e-02
0.000000e+00 7.370000e+00 1.160530e+00 7.691342e-01 0.000000e+00 2.423925e-02
0.000000e+00 7.425000e+00 1.158745e+00 7.671808e-01 0.000000e+00 2.393084e-02
0.000000e+00 7.480000e+00 1.156909e+00 7.651620e-01 0.000000e+00 2.355314e-02
0.000000e+00 7.535000e+00 1.155226e+00 7.633002e-01 0.000000e+00 2.318695e-02
0.000000e+00 7.590000e+00 1.153889e+00 7.618074e-01 0.000000e+00 2.293898e-02
0.000000e+00 7.645000e+00 1.153093e+00 7.609060e-01 0.000000e+00 2.296293e-02
0.000000e+00 7.700000e+00 1.153031e+00 7.608165e-01 0.000000e+00 2.343146e-02
0.000000e+00 7.755000e+00 1.153756e+00 7.616023e-01 0.000000e+00 2.444541e-02
0.000000e+00 7.810000e+00 1.155086e+00 7.630658e-01 0.000000e+00 2.593030e-02
0.000000e+00 7.865000e+00 1.156560e+00 7.647029e-01 0.000000e+00 2.762704e-02
0.000000e+00 7.920000e+00 1.157513e+00 7.657746e-01 0.000000e+00 2.912588e-02
0.000000e+00 7.975000e+00 1.157268e+00 7.655268e-01 0.000000e+00 2.997173e-02
0.000000e+00 8.030000e+00 1.155212e+00 7.632687e-01 0.000000e+00 2.966865e-02
0.000000e+00 8.085000e+00 1.151508e+00 7.591858e-01 0.000000e+00 2.825023e-02
0.000000e+00 8.140000e+00 1.147140e+00 7.543777e-01 0.000000e+00 2.628131e-02
0.000000e+00 8.195000e+00 1.143192e+00 7.500378e-01 0.000000e+00 2.441109e-02
0.000000e+00 8.250000e+00 1.140566e+00 7.471563e-01 0.000000e+00 2.328394e-02
0.000000e+00 8.305000e+00 1.139653e+00 7.461573e-01 0.000000e+00 2.336762e-02
0.000000e+00 8.360000e+00 1.140021e+00 7.465665e-01 0.000000e+00 2.431948e-02
0.000000e+00 8.415000e+00 1.141033e+00 7.476831e-01 0.000000e+00 2.557083e-02
0.000000e+00 8.470000e+00 1.142212e+00 7.489801e-01 0.000000e+00 2.652961e-02
0.000000e+00 8.525000e+00 1.143078e+00 7.499293e-01 0.000000e+00 2.686935e-02
0.000000e+00 8.580000e+00 1.143251e+00 7.501096e-01 0.000000e+00 2.673217e-02
0.000000e+00 8.635000e+00 1.142775e+00 7.495711e-01 0.000000e+00 2.662497e-02
0.000000e+00 8.690000e+00 1.141895e+00 7.485916e-01 0.000000e+00 2.692054e-02
0.000000e+00 8.745000e+00 1.141198e+00 7.478239e-01 0.000000e+00 2.758655e-02
0.000000e+00 8.800000e+00 1.140976e+00 7.475871e-01 0.000000e+00 2.836069e-02
0.000000e+00 8.855000e+00 1.141083e+00 7.477124e-01 0.000000e+00 2.900663e-02
0.000000e+00 8.910000e+00 1.141008e+00 7.476433e-01 0.000000e+00 2.940557e-02
0.000000e+00 8.965000e+00 1.140319e+00 7.469034e-01 0.000000e+00 2.938327e-02
0.000000e+00 9.020000e+00 1.138967e+00 7.454324e-01 0.000000e+00 2.869921e-02
0.000000e+00 9.075000e+00 1.137256e+00 7.435618e-01 0.000000e+00 2.746592e-02
0.000000e+00 9.130000e+00 1.135542e+00 7.416802e-01 0.000000e+00 2.603745e-02
0.000000e+00 9.185000e+00 1.134083e+00 7.400762e-01 0.000000e+00 2.489398e-02
0.000000e+00 9.240000e+00 1.133140e+00 7.390408e-01 0.000000e+00 2.435333e-02
0.000000e+00 9.295000e+00 1.132879e+00 7.387545e-01 0.000000e+00 2.443695e-02
0.000000e+00 9.350000e+00 1.133185e+00 7.390923e-01 0.000000e+00 2.498687e-02
0.000000e+00 9.405000e+00 1.133797e+00 7.397652e-01 0.000000e+00 2.580094e-02
0.000000e+00 9.460000e+00 1.134405e+00 7.404345e-01 0.000000e+00 2.669207e-02
0.000000e+00 9.515000e+00 1.134765e+00 7.408332e-01 0.000000e+00 2.744400e-02
0.000000e+00 9.570000e+00 1.134722e+00 7.407894e-01 0.000000e+00 2.785612e-02
0.000000e+00 9.625000e+00 1.134213e+00 7.402360e-01 0.000000e+00 2.784636e-02
0.000000e+00 9.680000e+00 1.133321e+00 7.392702e-01 0.000000e+00 2.746113e-02
0.000000e+00 9.735000e+00 1.132208e+00 7.380802e-01 0.000000e+00 2.678497e-02
0.000000e+00 9.790000e+00 1.131166e+00 7.369888e-01 0.000000e+00 2.597457e-02
0.000000e+00 9.845000e+00 1.130390e+00 7.361936e-01 0.000000e+00 2.514020e-02
0.000000e+00 9.900000e+00 1.130174e+00 7.359691e-01 0.000000e+00 2.463673e-02
0.000000e+00 9.955000e+00 1.130295e+00 7.360326e-01 0.000000e+00 2.438973e-02
0.000000e+00 1.001000e+01 1.101640e+00 7.050500e-01 -0.000000e+00 -2.260000e-03
0.000000e+00 1.006500e+01 1.101640e+00 7.050500e-01 -0.000000e+00 -2.260000e-03
0.000000e+00 1.012000e+01 1.101640e+00 7.050500e-01 -0.000000e+00 -2.260000e-03
0.000000e+00 1.017500e+01 1.101640e+00 7.050500e-01 -0.000000e+00 -2.260000e-03
0.000000e+00 1.023000e+01 1.101640e+00 7.050500e-01 -0.000000e+00 -2.260000e-03
0.000000e+00 1.028500e+01 1.101640e+00 7.050500e-01 -0.000000e+00 -2.260000e-03
0.000000e+00 1.034000e+01 1.101640e+00 7.050500e-01 -0.000000e+00 -2.260000e-03
0.000000e+00 1.039500e+01 1.101640e+00 7.050500e-01 -0.000000e+00 -2.260000e-03
0.000000e+00 1.045000e+01 1.101640e+00 7.050500e-01 -0.000000e+00 -2.260000e-03
0.000000e+00 1.050500e+01 1.101640e+00 7.050500e-01 -0.000000e+00 -2.260000e-03
0.000000e+00 1.056000e+01 1.101640e+00 7.050500e-01 -0.000000e+00 -2.260000e-03
0.000000e+00 1.061500e+01 1.101640e+00 7.050500e-01 -0.000000e+00 -2.260000e-03
0.000000e+00 1.067000e+01 1.101640e+00 7.050500e-01 -0.000000e+00 -2.260000e-03
0.000000e+00 1.072500e+01 1.101640e+00 7.050500e-01 -0.000000e+00 -2.260000e-03
0.000000e+00 1.078000e+01 1.101640e+00 7.050500e-01 -0.000000e+00 -2.260000e-03
0.000000e+00 1.083500e+01 1.101640e+00 7.050500e-01 -0.000000e+00 -2.260000e-03
0.000000e+00 1.089000e+01 1.101640e+00 7.050500e-01 -0.000000e+00 -2.260000e-03
0.000000e+00 1.094500e+01 1.101640e+00 7.050500e-01 -0.000000e+00 -2.260000e-03
0.000000e+00 1.100000e+01 1.101640e+00 7.050500e-01 -0.000000e+00 -2.260000e-03
