#############TIME##################
2.650651e+01 
###################################
0.000000e+00 0.000000e+00 1.190555e+01 4.147152e+01 0.000000e+00 -1.502274e+00
0.000000e+00 5.500000e-02 1.190555e+01 4.147152e+01 0.000000e+00 -1.502274e+00
0.000000e+00 1.100000e-01 1.190541e+01 4.147065e+01 0.000000e+00 -1.502278e+00
0.000000e+00 1.650000e-01 9.080593e+00 2.374009e+01 0.000000e+00 -9.988302e-01
0.000000e+00 2.200000e-01 7.016619e+00 1.540880e+01 0.000000e+00 -8.251881e-01
0.000000e+00 2.750000e-01 5.722614e+00 1.097017e+01 0.000000e+00 -6.856375e-01
0.000000e+00 3.300000e-01 4.863919e+00 8.360827e+00 0.000000e+00 -5.824094e-01
0.000000e+00 3.850000e-01 4.252251e+00 6.693205e+00 0.000000e+00 -5.021576e-01
0.000000e+00 4.400000e-01 3.804491e+00 5.563114e+00 0.000000e+00 -4.379221e-01
0.000000e+00 4.950000e-01 3.462123e+00 4.753028e+00 0.000000e+00 -3.854057e-01
0.000000e+00 5.500000e-01 3.191354e+00 4.150979e+00 0.000000e+00 -3.424127e-01
0.000000e+00 6.050000e-01 2.971151e+00 3.688182e+00 0.000000e+00 -3.061732e-01
0.000000e+00 6.600000e-01 2.788172e+00 3.323842e+00 0.000000e+00 -2.752600e-01
0.000000e+00 7.150000e-01 2.633264e+00 3.030329e+00 0.000000e+00 -2.485278e-01
0.000000e+00 7.700000e-01 2.501482e+00 2.789769e+00 0.000000e+00 -2.254254e-01
0.000000e+00 8.250000e-01 2.389483e+00 2.589481e+00 0.000000e+00 -2.054547e-01
0.000000e+00 8.800000e-01 2.294214e+00 2.420609e+00 0.000000e+00 -1.882784e-01
0.000000e+00 9.350000e-01 2.212209e+00 2.276502e+00 0.000000e+00 -1.734546e-01
0.000000e+00 9.900000e-01 2.140367e+00 2.152292e+00 0.000000e+00 -1.605538e-01
0.000000e+00 1.045000e+00 2.076517e+00 2.044262e+00 0.000000e+00 -1.491904e-01
0.000000e+00 1.100000e+00 2.019323e+00 1.949565e+00 0.000000e+00 -1.390841e-01
0.000000e+00 1.155000e+00 1.967843e+00 1.865951e+00 0.000000e+00 -1.300242e-01
0.000000e+00 1.210000e+00 1.921308e+00 1.791644e+00 0.000000e+00 -1.218508e-01
0.000000e+00 1.265000e+00 1.879032e+00 1.725215e+00 0.000000e+00 -1.144334e-01
0.000000e+00 1.320000e+00 1.840430e+00 1.665510e+00 0.000000e+00 -1.076701e-01
0.000000e+00 1.375000e+00 1.805028e+00 1.611590e+00 0.000000e+00 -1.014820e-01
0.000000e+00 1.430000e+00 1.772465e+00 1.562678e+00 0.000000e+00 -9.580698e-02
0.000000e+00 1.485000e+00 1.742461e+00 1.518125e+00 0.000000e+00 -9.058981e-02
0.000000e+00 1.540000e+00 1.714760e+00 1.477385e+00 0.000000e+00 -8.577551e-02
0.000000e+00 1.595000e+00 1.689089e+00 1.439995e+00 0.000000e+00 -8.130946e-02
0.000000e+00 1.650000e+00 1.665158e+00 1.405561e+00 0.000000e+00 -7.714392e-02
0.000000e+00 1.705000e+00 1.642710e+00 1.373753e+00 0.000000e+00 -7.324272e-02
0.000000e+00 1.760000e+00 1.621577e+00 1.344294e+00 0.000000e+00 -6.957620e-02
0.000000e+00 1.815000e+00 1.601677e+00 1.316948e+00 0.000000e+00 -6.611500e-02
0.000000e+00 1.870000e+00 1.582955e+00 1.291502e+00 0.000000e+00 -6.283442e-02
0.000000e+00 1.925000e+00 1.565348e+00 1.267770e+00 0.000000e+00 -5.971992e-02
0.000000e+00 1.980000e+00 1.548776e+00 1.245589e+00 0.000000e+00 -5.676546e-02
0.000000e+00 2.035000e+00 1.533160e+00 1.224811e+00 0.000000e+00 -5.397040e-02
0.000000e+00 2.090000e+00 1.518430e+00 1.205307e+00 0.000000e+00 -5.133784e-02
0.000000e+00 2.145000e+00 1.504521e+00 1.186963e+00 0.000000e+00 -4.887247e-02
0.000000e+00 2.200000e+00 1.491377e+00 1.169678e+00 0.000000e+00 -4.657713e-02
0.000000e+00 2.255000e+00 1.478938e+00 1.153367e+00 0.000000e+00 -4.444960e-02
0.000000e+00 2.310000e+00 1.467148e+00 1.137956e+00 0.000000e+00 -4.248169e-02
0.000000e+00 2.365000e+00 1.455948e+00 1.123376e+00 0.000000e+00 -4.066064e-02
0.000000e+00 2.420000e+00 1.445278e+00 1.109564e+00 0.000000e+00 -3.897143e-02
0.000000e+00 2.475000e+00 1.435080e+00 1.096457e+00 0.000000e+00 -3.739827e-02
0.000000e+00 2.530000e+00 1.425307e+00 1.083999e+00 0.000000e+00 -3.592446e-02
0.000000e+00 2.585000e+00 1.415923e+00 1.072142e+00 0.000000e+00 -3.453197e-02
0.000000e+00 2.640000e+00 1.406909e+00 1.060848e+00 0.000000e+00 -3.320243e-02
0.000000e+00 2.695000e+00 1.398260e+00 1.050084e+00 0.000000e+00 -3.192039e-02
0.000000e+00 2.750000e+00 1.389972e+00 1.039818e+00 0.000000e+00 -3.067737e-02
0.000000e+00 2.805000e+00 1.382042e+00 1.030016e+00 0.000000e+00 -2.947381e-02
0.000000e+00 2.860000e+00 1.374460e+00 1.020641e+00 0.000000e+00 -2.831696e-02
0.000000e+00 2.915000e+00 1.367211e+00 1.011662e+00 0.000000e+00 -2.721544e-02
0.000000e+00 2.970000e+00 1.360276e+00 1.003054e+00 0.000000e+00 -2.617366e-02
0.000000e+00 3.025000e+00 1.353631e+00 9.947981e-01 0.000000e+00 -2.518940e-02
0.000000e+00 3.080000e+00 1.347248e+00 9.868798e-01 0.000000e+00 -2.425547e-02
0.000000e+00 3.135000e+00 1.341094e+00 9.792816e-01 0.000000e+00 -2.336366e-02
0.000000e+00 3.190000e+00 1.335138e+00 9.719831e-01 0.000000e+00 -2.250789e-02
0.000000e+00 3.245000e+00 1.329356e+00 9.649628e-01 0.000000e+00 -2.168477e-02
0.000000e+00 3.300000e+00 1.323734e+00 9.582013e-01 0.000000e+00 -2.089210e-02
0.000000e+00 3.355000e+00 1.318274e+00 9.516831e-01 0.000000e+00 -2.012737e-02
0.000000e+00 3.410000e+00 1.312985e+00 9.453966e-01 0.000000e+00 -1.938781e-02
0.000000e+00 3.465000e+00 1.307880e+00 9.393319e-01 0.000000e+00 -1.867200e-02
0.000000e+00 3.520000e+00 1.302966e+00 9.334795e-01 0.000000e+00 -1.798132e-02
0.000000e+00 3.575000e+00 1.298246e+00 9.278300e-01 0.000000e+00 -1.731950e-02
0.000000e+00 3.630000e+00 1.293710e+00 9.223744e-01 0.000000e+00 -1.669028e-02
0.000000e+00 3.685000e+00 1.289339e+00 9.171038e-01 0.000000e+00 -1.609446e-02
0.000000e+00 3.740000e+00 1.285109e+00 9.120090e-01 0.000000e+00 -1.552859e-02
0.000000e+00 3.795000e+00 1.280994e+00 9.070798e-01 0.000000e+00 -1.498628e-02
0.000000e+00 3.850000e+00 1.276974e+00 9.023054e-01 0.000000e+00 -1.446130e-02
0.000000e+00 3.905000e+00 1.273038e+00 8.976762e-01 0.000000e+00 -1.395045e-02
0.000000e+00 3.960000e+00 1.269187e+00 8.931849e-01 0.000000e+00 -1.345443e-02
0.000000e+00 4.015000e+00 1.265430e+00 8.888266e-01 0.000000e+00 -1.297609e-02
0.000000e+00 4.070000e+00 1.261783e+00 8.845979e-01 0.000000e+00 -1.251765e-02
0.000000e+00 4.125000e+00 1.258257e+00 8.804953e-01 0.000000e+00 -1.207864e-02
0.000000e+00 4.180000e+00 1.254856e+00 8.765150e-01 0.000000e+00 -1.165588e-02
0.000000e+00 4.235000e+00 1.251573e+00 8.726521e-01 0.000000e+00 -1.124527e-02
0.000000e+00 4.290000e+00 1.248392e+00 8.689013e-01 0.000000e+00 -1.084364e-02
0.000000e+00 4.345000e+00 1.245295e+00 8.652570e-01 0.000000e+00 -1.044963e-02
0.000000e+00 4.400000e+00 1.242260e+00 8.617126e-01 0.000000e+00 -1.006316e-02
0.000000e+00 4.455000e+00 1.239277e+00 8.582609e-01 0.000000e+00 -9.684633e-03
0.000000e+00 4.510000e+00 1.236342e+00 8.548950e-01 0.000000e+00 -9.314989e-03
0.000000e+00 4.565000e+00 1.233461e+00 8.516103e-01 0.000000e+00 -8.956569e-03
0.000000e+00 4.620000e+00 1.230647e+00 8.484058e-01 0.000000e+00 -8.613742e-03
0.000000e+00 4.675000e+00 1.227917e+00 8.452837e-01 0.000000e+00 -8.291882e-03
0.000000e+00 4.730000e+00 1.225280e+00 8.422467e-01 0.000000e+00 -7.994523e-03
0.000000e+00 4.785000e+00 1.222732e+00 8.392946e-01 0.000000e+00 -7.720143e-03
0.000000e+00 4.840000e+00 1.220259e+00 8.364224e-01 0.000000e+00 -7.460856e-03
0.000000e+00 4.895000e+00 1.217841e+00 8.336210e-01 0.000000e+00 -7.204446e-03
0.000000e+00 4.950000e+00 1.215458e+00 8.308816e-01 0.000000e+00 -6.939227e-03
0.000000e+00 5.005000e+00 1.213100e+00 8.281993e-01 0.000000e+00 -6.659355e-03
0.000000e+00 5.060000e+00 1.210770e+00 8.255746e-01 0.000000e+00 -6.367724e-03
0.000000e+00 5.115000e+00 1.208482e+00 8.230109e-01 0.000000e+00 -6.074768e-03
0.000000e+00 5.170000e+00 1.206251e+00 8.205105e-01 0.000000e+00 -5.793631e-03
0.000000e+00 5.225000e+00 1.204087e+00 8.180713e-01 0.000000e+00 -5.534107e-03
0.000000e+00 5.280000e+00 1.201990e+00 8.156878e-01 0.000000e+00 -5.298484e-03
0.000000e+00 5.335000e+00 1.199953e+00 8.133542e-01 0.000000e+00 -5.081429e-03
0.000000e+00 5.390000e+00 1.197964e+00 8.110680e-01 0.000000e+00 -4.873720e-03
0.000000e+00 5.445000e+00 1.196014e+00 8.088309e-01 0.000000e+00 -4.667416e-03
0.000000e+00 5.500000e+00 1.194094e+00 8.066454e-01 0.000000e+00 -4.459331e-03
0.000000e+00 5.555000e+00 1.192200e+00 8.045111e-01 0.000000e+00 -4.251112e-03
0.000000e+00 5.610000e+00 1.190328e+00 8.024229e-01 0.000000e+00 -4.046776e-03
0.000000e+00 5.665000e+00 1.188480e+00 8.003728e-01 0.000000e+00 -3.850262e-03
0.000000e+00 5.720000e+00 1.186660e+00 7.983539e-01 0.000000e+00 -3.664866e-03
0.000000e+00 5.775000e+00 1.184875e+00 7.963635e-01 0.000000e+00 -3.493974e-03
0.000000e+00 5.830000e+00 1.183132e+00 7.944034e-01 0.000000e+00 -3.340732e-03
0.000000e+00 5.885000e+00 1.181433e+00 7.924787e-01 0.000000e+00 -3.205374e-03
0.000000e+00 5.940000e+00 1.179776e+00 7.905948e-01 0.000000e+00 -3.081999e-03
0.000000e+00 5.995000e+00 1.178154e+00 7.887551e-01 0.000000e+00 -2.958630e-03
0.000000e+00 6.050000e+00 1.176559e+00 7.869594e-01 0.000000e+00 -2.822626e-03
0.000000e+00 6.105000e+00 1.174983e+00 7.852034e-01 0.000000e+00 -2.668747e-03
0.000000e+00 6.160000e+00 1.173422e+00 7.834804e-01 0.000000e+00 -2.503771e-03
0.000000e+00 6.215000e+00 1.171878e+00 7.817843e-01 0.000000e+00 -2.343148e-03
0.000000e+00 6.270000e+00 1.170356e+00 7.801121e-01 0.000000e+00 -2.201409e-03
0.000000e+00 6.325000e+00 1.168865e+00 7.784644e-01 0.000000e+00 -2.083376e-03
0.000000e+00 6.380000e+00 1.167410e+00 7.768423e-01 0.000000e+00 -1.982889e-03
0.000000e+00 6.435000e+00 1.165987e+00 7.752445e-01 0.000000e+00 -1.889679e-03
0.000000e+00 6.490000e+00 1.164589e+00 7.736671e-01 0.000000e+00 -1.798364e-03
0.000000e+00 6.545000e+00 1.163202e+00 7.721068e-01 0.000000e+00 -1.711975e-03
0.000000e+00 6.600000e+00 1.161820e+00 7.705644e-01 0.000000e+00 -1.637427e-03
0.000000e+00 6.655000e+00 1.160447e+00 7.690456e-01 0.000000e+00 -1.577412e-03
0.000000e+00 6.710000e+00 1.159088e+00 7.675563e-01 0.000000e+00 -1.526285e-03
0.000000e+00 6.765000e+00 1.157749e+00 7.660953e-01 0.000000e+00 -1.474225e-03
0.000000e+00 6.820000e+00 1.156425e+00 7.646505e-01 0.000000e+00 -1.417029e-03
0.000000e+00 6.875000e+00 1.155105e+00 7.632017e-01 0.000000e+00 -1.363483e-03
0.000000e+00 6.930000e+00 1.153776e+00 7.617316e-01 0.000000e+00 -1.332699e-03
0.000000e+00 6.985000e+00 1.152434e+00 7.602388e-01 0.000000e+00 -1.341061e-03
0.000000e+00 7.040000e+00 1.151094e+00 7.587446e-01 0.000000e+00 -1.387785e-03
0.000000e+00 7.095000e+00 1.149782e+00 7.572845e-01 0.000000e+00 -1.451210e-03
0.000000e+00 7.150000e+00 1.148517e+00 7.558868e-01 0.000000e+00 -1.501736e-03
0.000000e+00 7.205000e+00 1.147296e+00 7.545483e-01 0.000000e+00 -1.525454e-03
0.000000e+00 7.260000e+00 1.146079e+00 7.532249e-01 0.000000e+00 -1.541454e-03
0.000000e+00 7.315000e+00 1.144811e+00 7.518498e-01 0.000000e+00 -1.595579e-03
0.000000e+00 7.370000e+00 1.143453e+00 7.503756e-01 0.000000e+00 -1.729668e-03
0.000000e+00 7.425000e+00 1.142020e+00 7.488120e-01 0.000000e+00 -1.947122e-03
0.000000e+00 7.480000e+00 1.140577e+00 7.472284e-01 0.000000e+00 -2.203415e-03
0.000000e+00 7.535000e+00 1.139205e+00 7.457181e-01 0.000000e+00 -2.429149e-03
0.000000e+00 7.590000e+00 1.137960e+00 7.443448e-01 0.000000e+00 -2.570834e-03
0.000000e+00 7.645000e+00 1.136831e+00 7.431013e-01 0.000000e+00 -2.626889e-03
0.000000e+00 7.700000e+00 1.135743e+00 7.419111e-01 0.000000e+00 -2.651135e-03
0.000000e+00 7.755000e+00 1.134609e+00 7.406790e-01 0.000000e+00 -2.716187e-03
0.000000e+00 7.810000e+00 1.133384e+00 7.393550e-01 0.000000e+00 -2.863199e-03
0.000000e+00 7.865000e+00 1.132100e+00 7.379680e-01 0.000000e+00 -3.073603e-03
0.000000e+00 7.920000e+00 1.130840e+00 7.366048e-01 0.000000e+00 -3.283413e-03
0.000000e+00 7.975000e+00 1.129687e+00 7.353534e-01 0.000000e+00 -3.425484e-03
0.000000e+00 8.030000e+00 1.128674e+00 7.342462e-01 0.000000e+00 -3.472618e-03
0.000000e+00 8.085000e+00 1.127752e+00 7.332357e-01 0.000000e+00 -3.457471e-03
0.000000e+00 8.140000e+00 1.126826e+00 7.322213e-01 0.000000e+00 -3.453399e-03
0.000000e+00 8.195000e+00 1.125805e+00 7.311097e-01 0.000000e+00 -3.530516e-03
0.000000e+00 8.250000e+00 1.124655e+00 7.298660e-01 0.000000e+00 -3.716209e-03
0.000000e+00 8.305000e+00 1.123415e+00 7.285300e-01 0.000000e+00 -3.983048e-03
0.000000e+00 8.360000e+00 1.122166e+00 7.271896e-01 0.000000e+00 -4.268139e-03
0.000000e+00 8.415000e+00 1.120999e+00 7.259354e-01 0.000000e+00 -4.505728e-03
0.000000e+00 8.470000e+00 1.119967e+00 7.248234e-01 0.000000e+00 -4.654762e-03
0.000000e+00 8.525000e+00 1.119076e+00 7.238577e-01 0.000000e+00 -4.710741e-03
0.000000e+00 8.580000e+00 1.118287e+00 7.229978e-01 0.000000e+00 -4.699783e-03
0.000000e+00 8.635000e+00 1.117536e+00 7.221784e-01 0.000000e+00 -4.663435e-03
0.000000e+00 8.690000e+00 1.116755e+00 7.213304e-01 0.000000e+00 -4.644760e-03
0.000000e+00 8.745000e+00 1.115888e+00 7.203967e-01 0.000000e+00 -4.678920e-03
0.000000e+00 8.800000e+00 1.114908e+00 7.193463e-01 0.000000e+00 -4.785637e-03
0.000000e+00 8.855000e+00 1.113822e+00 7.181870e-01 0.000000e+00 -4.961526e-03
0.000000e+00 8.910000e+00 1.112682e+00 7.169702e-01 0.000000e+00 -5.175839e-03
0.000000e+00 8.965000e+00 1.111569e+00 7.157796e-01 0.000000e+00 -5.376155e-03
0.000000e+00 9.020000e+00 1.110568e+00 7.147048e-01 0.000000e+00 -5.505171e-03
0.000000e+00 9.075000e+00 1.109738e+00 7.138085e-01 0.000000e+00 -5.522397e-03
0.000000e+00 9.130000e+00 1.109086e+00 7.131014e-01 0.000000e+00 -5.421337e-03
0.000000e+00 9.185000e+00 1.108567e+00 7.125377e-01 0.000000e+00 -5.232026e-03
0.000000e+00 9.240000e+00 1.108103e+00 7.120357e-01 0.000000e+00 -5.005113e-03
0.000000e+00 9.295000e+00 1.107616e+00 7.115124e-01 0.000000e+00 -4.788330e-03
0.000000e+00 9.350000e+00 1.107057e+00 7.109136e-01 0.000000e+00 -4.608249e-03
0.000000e+00 9.405000e+00 1.106413e+00 7.102267e-01 0.000000e+00 -4.467152e-03
0.000000e+00 9.460000e+00 1.105706e+00 7.094727e-01 0.000000e+00 -4.354649e-03
0.000000e+00 9.515000e+00 1.104960e+00 7.086820e-01 0.000000e+00 -4.266970e-03
0.000000e+00 9.570000e+00 1.104196e+00 7.078748e-01 0.000000e+00 -4.216068e-03
0.000000e+00 9.625000e+00 1.103409e+00 7.070471e-01 0.000000e+00 -4.230815e-03
0.000000e+00 9.680000e+00 1.102592e+00 7.061855e-01 0.000000e+00 -4.335529e-03
0.000000e+00 9.735000e+00 1.101731e+00 7.052713e-01 0.000000e+00 -4.543322e-03
0.000000e+00 9.790000e+00 1.100844e+00 7.043199e-01 0.000000e+00 -4.825381e-03
0.000000e+00 9.845000e+00 1.099950e+00 7.033493e-01 0.000000e+00 -5.147637e-03
0.000000e+00 9.900000e+00 1.099110e+00 7.024277e-01 0.000000e+00 -5.437439e-03
0.000000e+00 9.955000e+00 1.098336e+00 7.015638e-01 0.000000e+00 -5.682703e-03
0.000000e+00 1.001000e+01 1.101640e+00 7.050500e-01 -0.000000e+00 -2.260000e-03
0.000000e+00 1.006500e+01 1.101640e+00 7.050500e-01 -0.000000e+00 -2.260000e-03
0.000000e+00 1.012000e+01 1.101640e+00 7.050500e-01 -0.000000e+00 -2.260000e-03
0.000000e+00 1.017500e+01 1.101640e+00 7.050500e-01 -0.000000e+00 -2.260000e-03
0.000000e+00 1.023000e+01 1.101640e+00 7.050500e-01 -0.000000e+00 -2.260000e-03
0.000000e+00 1.028500e+01 1.101640e+00 7.050500e-01 -0.000000e+00 -2.260000e-03
0.000000e+00 1.034000e+01 1.101640e+00 7.050500e-01 -0.000000e+00 -2.260000e-03
0.000000e+00 1.039500e+01 1.101640e+00 7.050500e-01 -0.000000e+00 -2.260000e-03
0.000000e+00 1.045000e+01 1.101640e+00 7.050500e-01 -0.000000e+00 -2.260000e-03
0.000000e+00 1.050500e+01 1.101640e+00 7.050500e-01 -0.000000e+00 -2.260000e-03
0.000000e+00 1.056000e+01 1.101640e+00 7.050500e-01 -0.000000e+00 -2.260000e-03
0.000000e+00 1.061500e+01 1.101640e+00 7.050500e-01 -0.000000e+00 -2.260000e-03
0.000000e+00 1.067000e+01 1.101640e+00 7.050500e-01 -0.000000e+00 -2.260000e-03
0.000000e+00 1.072500e+01 1.101640e+00 7.050500e-01 -0.000000e+00 -2.260000e-03
0.000000e+00 1.078000e+01 1.101640e+00 7.050500e-01 -0.000000e+00 -2.260000e-03
0.000000e+00 1.083500e+01 1.101640e+00 7.050500e-01 -0.000000e+00 -2.260000e-03
0.000000e+00 1.089000e+01 1.101640e+00 7.050500e-01 -0.000000e+00 -2.260000e-03
0.000000e+00 1.094500e+01 1.101640e+00 7.050500e-01 -0.000000e+00 -2.260000e-03
0.000000e+00 1.100000e+01 1.101640e+00 7.050500e-01 -0.000000e+00 -2.260000e-03
