#############TIME##################
1.401745e+00 
###################################
0.000000e+00 0.000000e+00 1.185123e+01 4.166265e+01 0.000000e+00 -1.504445e+00
0.000000e+00 5.500000e-02 1.185123e+01 4.166265e+01 0.000000e+00 -1.504445e+00
0.000000e+00 1.100000e-01 1.184669e+01 4.162661e+01 0.000000e+00 -1.506031e+00
0.000000e+00 1.650000e-01 9.069045e+00 2.397018e+01 0.000000e+00 -1.001243e+00
0.000000e+00 2.200000e-01 7.005928e+00 1.555280e+01 0.000000e+00 -8.302097e-01
0.000000e+00 2.750000e-01 5.716790e+00 1.107139e+01 0.000000e+00 -6.934136e-01
0.000000e+00 3.300000e-01 4.870629e+00 8.464568e+00 0.000000e+00 -5.916065e-01
0.000000e+00 3.850000e-01 4.255369e+00 6.765723e+00 0.000000e+00 -5.170266e-01
0.000000e+00 4.400000e-01 3.793102e+00 5.585703e+00 0.000000e+00 -4.592569e-01
0.000000e+00 4.950000e-01 3.443420e+00 4.750031e+00 0.000000e+00 -4.085911e-01
0.000000e+00 5.500000e-01 3.170008e+00 4.135540e+00 0.000000e+00 -3.754504e-01
0.000000e+00 6.050000e-01 2.929367e+00 3.625283e+00 0.000000e+00 -3.576331e-01
0.000000e+00 6.600000e-01 2.713304e+00 3.188584e+00 0.000000e+00 -3.398599e-01
0.000000e+00 7.150000e-01 2.455933e+00 2.700714e+00 0.000000e+00 -3.748719e-01
0.000000e+00 7.700000e-01 2.023923e+00 1.953287e+00 0.000000e+00 -5.295514e-01
0.000000e+00 8.250000e-01 1.744231e+00 1.517806e+00 0.000000e+00 -6.235003e-01
0.000000e+00 8.800000e-01 1.629689e+00 1.353654e+00 0.000000e+00 -6.251283e-01
0.000000e+00 9.350000e-01 1.547418e+00 1.241860e+00 0.000000e+00 -6.087977e-01
0.000000e+00 9.900000e-01 1.481931e+00 1.155565e+00 0.000000e+00 -5.906063e-01
0.000000e+00 1.045000e+00 1.426488e+00 1.084418e+00 0.000000e+00 -5.720595e-01
0.000000e+00 1.100000e+00 1.379821e+00 1.025947e+00 0.000000e+00 -5.532635e-01
0.000000e+00 1.155000e+00 1.340469e+00 9.776505e-01 0.000000e+00 -5.342569e-01
0.000000e+00 1.210000e+00 1.307064e+00 9.373886e-01 0.000000e+00 -5.152824e-01
0.000000e+00 1.265000e+00 1.278599e+00 9.036223e-01 0.000000e+00 -4.964984e-01
0.000000e+00 1.320000e+00 1.254279e+00 8.751736e-01 0.000000e+00 -4.779967e-01
0.000000e+00 1.375000e+00 1.233449e+00 8.511030e-01 0.000000e+00 -4.598614e-01
0.000000e+00 1.430000e+00 1.215570e+00 8.306586e-01 0.000000e+00 -4.421619e-01
0.000000e+00 1.485000e+00 1.200200e+00 8.132408e-01 0.000000e+00 -4.249470e-01
0.000000e+00 1.540000e+00 1.186972e+00 7.983674e-01 0.000000e+00 -4.082493e-01
0.000000e+00 1.595000e+00 1.175580e+00 7.856440e-01 0.000000e+00 -3.920908e-01
0.000000e+00 1.650000e+00 1.165762e+00 7.747443e-01 0.000000e+00 -3.764862e-01
0.000000e+00 1.705000e+00 1.157297e+00 7.653955e-01 0.000000e+00 -3.614449e-01
0.000000e+00 1.760000e+00 1.149996e+00 7.573680e-01 0.000000e+00 -3.469717e-01
0.000000e+00 1.815000e+00 1.143696e+00 7.504679e-01 0.000000e+00 -3.330673e-01
0.000000e+00 1.870000e+00 1.138257e+00 7.445309e-01 0.000000e+00 -3.197285e-01
0.000000e+00 1.925000e+00 1.133559e+00 7.394175e-01 0.000000e+00 -3.069490e-01
0.000000e+00 1.980000e+00 1.129498e+00 7.350091e-01 0.000000e+00 -2.947192e-01
0.000000e+00 2.035000e+00 1.125985e+00 7.312045e-01 0.000000e+00 -2.830272e-01
0.000000e+00 2.090000e+00 1.122945e+00 7.279177e-01 0.000000e+00 -2.718589e-01
0.000000e+00 2.145000e+00 1.120311e+00 7.250751e-01 0.000000e+00 -2.611989e-01
0.000000e+00 2.200000e+00 1.118027e+00 7.226137e-01 0.000000e+00 -2.510300e-01
0.000000e+00 2.255000e+00 1.116045e+00 7.204800e-01 0.000000e+00 -2.413345e-01
0.000000e+00 2.310000e+00 1.114322e+00 7.186279e-01 0.000000e+00 -2.320939e-01
0.000000e+00 2.365000e+00 1.112824e+00 7.170181e-01 0.000000e+00 -2.232895e-01
0.000000e+00 2.420000e+00 1.111518e+00 7.156170e-01 0.000000e+00 -2.149023e-01
0.000000e+00 2.475000e+00 1.110380e+00 7.143958e-01 0.000000e+00 -2.069135e-01
0.000000e+00 2.530000e+00 1.109385e+00 7.133299e-01 0.000000e+00 -1.993044e-01
0.000000e+00 2.585000e+00 1.108515e+00 7.123980e-01 0.000000e+00 -1.920569e-01
0.000000e+00 2.640000e+00 1.107753e+00 7.115820e-01 0.000000e+00 -1.851531e-01
0.000000e+00 2.695000e+00 1.107085e+00 7.108665e-01 0.000000e+00 -1.785757e-01
0.000000e+00 2.750000e+00 1.106497e+00 7.102381e-01 0.000000e+00 -1.723082e-01
0.000000e+00 2.805000e+00 1.105980e+00 7.096853e-01 0.000000e+00 -1.663344e-01
0.000000e+00 2.860000e+00 1.105525e+00 7.091981e-01 0.000000e+00 -1.606391e-01
0.000000e+00 2.915000e+00 1.105122e+00 7.087682e-01 0.000000e+00 -1.552077e-01
0.000000e+00 2.970000e+00 1.104767e+00 7.083882e-01 0.000000e+00 -1.500262e-01
0.000000e+00 3.025000e+00 1.104452e+00 7.080518e-01 0.000000e+00 -1.450813e-01
0.000000e+00 3.080000e+00 1.104173e+00 7.077535e-01 0.000000e+00 -1.403605e-01
0.000000e+00 3.135000e+00 1.103925e+00 7.074885e-01 0.000000e+00 -1.358518e-01
0.000000e+00 3.190000e+00 1.103704e+00 7.072528e-01 0.000000e+00 -1.315439e-01
0.000000e+00 3.245000e+00 1.103507e+00 7.070428e-01 0.000000e+00 -1.274262e-01
0.000000e+00 3.300000e+00 1.103332e+00 7.068554e-01 0.000000e+00 -1.234886e-01
0.000000e+00 3.355000e+00 1.103175e+00 7.066879e-01 0.000000e+00 -1.197216e-01
0.000000e+00 3.410000e+00 1.103035e+00 7.065381e-01 0.000000e+00 -1.161161e-01
0.000000e+00 3.465000e+00 1.102909e+00 7.064038e-01 0.000000e+00 -1.126638e-01
0.000000e+00 3.520000e+00 1.102796e+00 7.062832e-01 0.000000e+00 -1.093567e-01
0.000000e+00 3.575000e+00 1.102694e+00 7.061748e-01 0.000000e+00 -1.061872e-01
0.000000e+00 3.630000e+00 1.102603e+00 7.060773e-01 0.000000e+00 -1.031482e-01
0.000000e+00 3.685000e+00 1.102520e+00 7.059894e-01 0.000000e+00 -1.002332e-01
0.000000e+00 3.740000e+00 1.102446e+00 7.059100e-01 0.000000e+00 -9.743568e-02
0.000000e+00 3.795000e+00 1.102379e+00 7.058383e-01 0.000000e+00 -9.474985e-02
0.000000e+00 3.850000e+00 1.102318e+00 7.057734e-01 0.000000e+00 -9.217010e-02
0.000000e+00 3.905000e+00 1.102263e+00 7.057146e-01 0.000000e+00 -8.969115e-02
0.000000e+00 3.960000e+00 1.102213e+00 7.056613e-01 0.000000e+00 -8.730804e-02
0.000000e+00 4.015000e+00 1.102168e+00 7.056128e-01 0.000000e+00 -8.501610e-02
0.000000e+00 4.070000e+00 1.102126e+00 7.055688e-01 0.000000e+00 -8.281091e-02
0.000000e+00 4.125000e+00 1.102089e+00 7.055286e-01 0.000000e+00 -8.068831e-02
0.000000e+00 4.180000e+00 1.102054e+00 7.054921e-01 0.000000e+00 -7.864436e-02
0.000000e+00 4.235000e+00 1.102023e+00 7.054587e-01 0.000000e+00 -7.667534e-02
0.000000e+00 4.290000e+00 1.101995e+00 7.054282e-01 0.000000e+00 -7.477777e-02
0.000000e+00 4.345000e+00 1.101968e+00 7.054004e-01 0.000000e+00 -7.294832e-02
0.000000e+00 4.400000e+00 1.101945e+00 7.053748e-01 0.000000e+00 -7.118387e-02
0.000000e+00 4.455000e+00 1.101923e+00 7.053514e-01 0.000000e+00 -6.948145e-02
0.000000e+00 4.510000e+00 1.101902e+00 7.053300e-01 0.000000e+00 -6.783827e-02
0.000000e+00 4.565000e+00 1.101884e+00 7.053103e-01 0.000000e+00 -6.625168e-02
0.000000e+00 4.620000e+00 1.101867e+00 7.052922e-01 0.000000e+00 -6.471917e-02
0.000000e+00 4.675000e+00 1.101851e+00 7.052755e-01 0.000000e+00 -6.323838e-02
0.000000e+00 4.730000e+00 1.101837e+00 7.052602e-01 0.000000e+00 -6.180703e-02
0.000000e+00 4.785000e+00 1.101824e+00 7.052460e-01 0.000000e+00 -6.042302e-02
0.000000e+00 4.840000e+00 1.101812e+00 7.052330e-01 0.000000e+00 -5.908431e-02
0.000000e+00 4.895000e+00 1.101800e+00 7.052209e-01 0.000000e+00 -5.778899e-02
0.000000e+00 4.950000e+00 1.101790e+00 7.052098e-01 0.000000e+00 -5.653523e-02
0.000000e+00 5.005000e+00 1.101780e+00 7.051995e-01 0.000000e+00 -5.532132e-02
0.000000e+00 5.060000e+00 1.101771e+00 7.051899e-01 0.000000e+00 -5.414560e-02
0.000000e+00 5.115000e+00 1.101763e+00 7.051811e-01 0.000000e+00 -5.300652e-02
0.000000e+00 5.170000e+00 1.101755e+00 7.051729e-01 0.000000e+00 -5.190259e-02
0.000000e+00 5.225000e+00 1.101748e+00 7.051653e-01 0.000000e+00 -5.083242e-02
0.000000e+00 5.280000e+00 1.101741e+00 7.051582e-01 0.000000e+00 -4.979464e-02
0.000000e+00 5.335000e+00 1.101735e+00 7.051517e-01 0.000000e+00 -4.878800e-02
0.000000e+00 5.390000e+00 1.101730e+00 7.051456e-01 0.000000e+00 -4.781127e-02
0.000000e+00 5.445000e+00 1.101724e+00 7.051399e-01 0.000000e+00 -4.686330e-02
0.000000e+00 5.500000e+00 1.101719e+00 7.051346e-01 0.000000e+00 -4.594297e-02
0.000000e+00 5.555000e+00 1.101715e+00 7.051296e-01 0.000000e+00 -4.504925e-02
0.000000e+00 5.610000e+00 1.101710e+00 7.051250e-01 0.000000e+00 -4.418112e-02
0.000000e+00 5.665000e+00 1.101706e+00 7.051207e-01 0.000000e+00 -4.333764e-02
0.000000e+00 5.720000e+00 1.101703e+00 7.051167e-01 0.000000e+00 -4.251788e-02
0.000000e+00 5.775000e+00 1.101699e+00 7.051130e-01 0.000000e+00 -4.172098e-02
0.000000e+00 5.830000e+00 1.101696e+00 7.051095e-01 0.000000e+00 -4.094610e-02
0.000000e+00 5.885000e+00 1.101693e+00 7.051062e-01 0.000000e+00 -4.019244e-02
0.000000e+00 5.940000e+00 1.101690e+00 7.051031e-01 0.000000e+00 -3.945925e-02
0.000000e+00 5.995000e+00 1.101687e+00 7.051002e-01 0.000000e+00 -3.874580e-02
0.000000e+00 6.050000e+00 1.101685e+00 7.050975e-01 0.000000e+00 -3.805140e-02
0.000000e+00 6.105000e+00 1.101682e+00 7.050950e-01 0.000000e+00 -3.737536e-02
0.000000e+00 6.160000e+00 1.101680e+00 7.050926e-01 0.000000e+00 -3.671707e-02
0.000000e+00 6.215000e+00 1.101678e+00 7.050904e-01 0.000000e+00 -3.607591e-02
0.000000e+00 6.270000e+00 1.101676e+00 7.050883e-01 0.000000e+00 -3.545130e-02
0.000000e+00 6.325000e+00 1.101674e+00 7.050863e-01 0.000000e+00 -3.484267e-02
0.000000e+00 6.380000e+00 1.101672e+00 7.050845e-01 0.000000e+00 -3.424949e-02
0.000000e+00 6.435000e+00 1.101671e+00 7.050828e-01 0.000000e+00 -3.367125e-02
0.000000e+00 6.490000e+00 1.101669e+00 7.050811e-01 0.000000e+00 -3.310744e-02
0.000000e+00 6.545000e+00 1.101668e+00 7.050796e-01 0.000000e+00 -3.255761e-02
0.000000e+00 6.600000e+00 1.101666e+00 7.050781e-01 0.000000e+00 -3.202128e-02
0.000000e+00 6.655000e+00 1.101665e+00 7.050767e-01 0.000000e+00 -3.149804e-02
0.000000e+00 6.710000e+00 1.101664e+00 7.050754e-01 0.000000e+00 -3.098745e-02
0.000000e+00 6.765000e+00 1.101663e+00 7.050742e-01 0.000000e+00 -3.048912e-02
0.000000e+00 6.820000e+00 1.101662e+00 7.050731e-01 0.000000e+00 -3.000265e-02
0.000000e+00 6.875000e+00 1.101661e+00 7.050720e-01 0.000000e+00 -2.952768e-02
0.000000e+00 6.930000e+00 1.101660e+00 7.050709e-01 0.000000e+00 -2.906386e-02
0.000000e+00 6.985000e+00 1.101659e+00 7.050700e-01 0.000000e+00 -2.861083e-02
0.000000e+00 7.040000e+00 1.101658e+00 7.050690e-01 0.000000e+00 -2.816826e-02
0.000000e+00 7.095000e+00 1.101657e+00 7.050682e-01 0.000000e+00 -2.773584e-02
0.000000e+00 7.150000e+00 1.101656e+00 7.050673e-01 0.000000e+00 -2.731327e-02
0.000000e+00 7.205000e+00 1.101656e+00 7.050665e-01 0.000000e+00 -2.690024e-02
0.000000e+00 7.260000e+00 1.101655e+00 7.050658e-01 0.000000e+00 -2.649647e-02
0.000000e+00 7.315000e+00 1.101654e+00 7.050651e-01 0.000000e+00 -2.610169e-02
0.000000e+00 7.370000e+00 1.101654e+00 7.050644e-01 0.000000e+00 -2.571564e-02
0.000000e+00 7.425000e+00 1.101653e+00 7.050638e-01 0.000000e+00 -2.533806e-02
0.000000e+00 7.480000e+00 1.101652e+00 7.050632e-01 0.000000e+00 -2.496870e-02
0.000000e+00 7.535000e+00 1.101652e+00 7.050626e-01 0.000000e+00 -2.460734e-02
0.000000e+00 7.590000e+00 1.101651e+00 7.050621e-01 0.000000e+00 -2.425374e-02
0.000000e+00 7.645000e+00 1.101651e+00 7.050616e-01 0.000000e+00 -2.390766e-02
0.000000e+00 7.700000e+00 1.101650e+00 7.050610e-01 0.000000e+00 -2.356892e-02
0.000000e+00 7.755000e+00 1.101650e+00 7.050606e-01 0.000000e+00 -2.323734e-02
0.000000e+00 7.810000e+00 1.101650e+00 7.050603e-01 0.000000e+00 -2.291277e-02
0.000000e+00 7.865000e+00 1.101649e+00 7.050599e-01 0.000000e+00 -2.259489e-02
0.000000e+00 7.920000e+00 1.101649e+00 7.050592e-01 0.000000e+00 -2.228321e-02
0.000000e+00 7.975000e+00 1.101648e+00 7.050580e-01 0.000000e+00 -2.197752e-02
0.000000e+00 8.030000e+00 1.101647e+00 7.050577e-01 0.000000e+00 -2.167871e-02
0.000000e+00 8.085000e+00 1.101649e+00 7.050599e-01 0.000000e+00 -2.138822e-02
0.000000e+00 8.140000e+00 1.101653e+00 7.050640e-01 0.000000e+00 -2.110516e-02
0.000000e+00 8.195000e+00 1.101652e+00 7.050629e-01 0.000000e+00 -2.082339e-02
0.000000e+00 8.250000e+00 1.101638e+00 7.050483e-01 0.000000e+00 -2.053525e-02
0.000000e+00 8.305000e+00 1.101617e+00 7.050257e-01 0.000000e+00 -2.024545e-02
0.000000e+00 8.360000e+00 1.101621e+00 7.050298e-01 0.000000e+00 -1.998401e-02
0.000000e+00 8.415000e+00 1.101699e+00 7.051130e-01 0.000000e+00 -1.979717e-02
0.000000e+00 8.470000e+00 1.101875e+00 7.053006e-01 0.000000e+00 -1.970780e-02
0.000000e+00 8.525000e+00 1.102105e+00 7.055456e-01 0.000000e+00 -1.967506e-02
0.000000e+00 8.580000e+00 1.102286e+00 7.057391e-01 0.000000e+00 -1.960228e-02
0.000000e+00 8.635000e+00 1.102324e+00 7.057796e-01 0.000000e+00 -1.939615e-02
0.000000e+00 8.690000e+00 1.102202e+00 7.056501e-01 0.000000e+00 -1.903594e-02
0.000000e+00 8.745000e+00 1.101982e+00 7.054146e-01 0.000000e+00 -1.857696e-02
0.000000e+00 8.800000e+00 1.101721e+00 7.051359e-01 0.000000e+00 -1.808253e-02
0.000000e+00 8.855000e+00 1.101422e+00 7.048172e-01 0.000000e+00 -1.757000e-02
0.000000e+00 8.910000e+00 1.101056e+00 7.044275e-01 0.000000e+00 -1.702319e-02
0.000000e+00 8.965000e+00 1.100630e+00 7.039728e-01 0.000000e+00 -1.644440e-02
0.000000e+00 9.020000e+00 1.100203e+00 7.035177e-01 0.000000e+00 -1.587392e-02
0.000000e+00 9.075000e+00 1.099842e+00 7.031328e-01 0.000000e+00 -1.535506e-02
0.000000e+00 9.130000e+00 1.099562e+00 7.028347e-01 0.000000e+00 -1.489424e-02
0.000000e+00 9.185000e+00 1.099329e+00 7.025864e-01 0.000000e+00 -1.446360e-02
0.000000e+00 9.240000e+00 1.099100e+00 7.023425e-01 0.000000e+00 -1.403413e-02
0.000000e+00 9.295000e+00 1.098854e+00 7.020810e-01 0.000000e+00 -1.359586e-02
0.000000e+00 9.350000e+00 1.098591e+00 7.018008e-01 0.000000e+00 -1.315176e-02
0.000000e+00 9.405000e+00 1.098314e+00 7.015060e-01 0.000000e+00 -1.270598e-02
0.000000e+00 9.460000e+00 1.098027e+00 7.012007e-01 0.000000e+00 -1.226049e-02
0.000000e+00 9.515000e+00 1.097735e+00 7.008895e-01 0.000000e+00 -1.181742e-02
0.000000e+00 9.570000e+00 1.097442e+00 7.005776e-01 0.000000e+00 -1.137791e-02
0.000000e+00 9.625000e+00 1.097149e+00 7.002672e-01 0.000000e+00 -1.094314e-02
0.000000e+00 9.680000e+00 1.096862e+00 6.999604e-01 0.000000e+00 -1.051257e-02
0.000000e+00 9.735000e+00 1.096577e+00 6.996560e-01 0.000000e+00 -1.008669e-02
0.000000e+00 9.790000e+00 1.096295e+00 6.993566e-01 0.000000e+00 -9.659029e-03
0.000000e+00 9.845000e+00 1.096009e+00 6.990580e-01 0.000000e+00 -9.228674e-03
0.000000e+00 9.900000e+00 1.095727e+00 6.987650e-01 0.000000e+00 -8.797861e-03
0.000000e+00 9.955000e+00 1.095443e+00 6.984629e-01 0.000000e+00 -8.402298e-03
0.000000e+00 1.001000e+01 1.101640e+00 7.050500e-01 -0.000000e+00 -2.260000e-03
0.000000e+00 1.006500e+01 1.101640e+00 7.050500e-01 -0.000000e+00 -2.260000e-03
0.000000e+00 1.012000e+01 1.101640e+00 7.050500e-01 -0.000000e+00 -2.260000e-03
0.000000e+00 1.017500e+01 1.101640e+00 7.050500e-01 -0.000000e+00 -2.260000e-03
0.000000e+00 1.023000e+01 1.101640e+00 7.050500e-01 -0.000000e+00 -2.260000e-03
0.000000e+00 1.028500e+01 1.101640e+00 7.050500e-01 -0.000000e+00 -2.260000e-03
0.000000e+00 1.034000e+01 1.101640e+00 7.050500e-01 -0.000000e+00 -2.260000e-03
0.000000e+00 1.039500e+01 1.101640e+00 7.050500e-01 -0.000000e+00 -2.260000e-03
0.000000e+00 1.045000e+01 1.101640e+00 7.050500e-01 -0.000000e+00 -2.260000e-03
0.000000e+00 1.050500e+01 1.101640e+00 7.050500e-01 -0.000000e+00 -2.260000e-03
0.000000e+00 1.056000e+01 1.101640e+00 7.050500e-01 -0.000000e+00 -2.260000e-03
0.000000e+00 1.061500e+01 1.101640e+00 7.050500e-01 -0.000000e+00 -2.260000e-03
0.000000e+00 1.067000e+01 1.101640e+00 7.050500e-01 -0.000000e+00 -2.260000e-03
0.000000e+00 1.072500e+01 1.101640e+00 7.050500e-01 -0.000000e+00 -2.260000e-03
0.000000e+00 1.078000e+01 1.101640e+00 7.050500e-01 -0.000000e+00 -2.260000e-03
0.000000e+00 1.083500e+01 1.101640e+00 7.050500e-01 -0.000000e+00 -2.260000e-03
0.000000e+00 1.089000e+01 1.101640e+00 7.050500e-01 -0.000000e+00 -2.260000e-03
0.000000e+00 1.094500e+01 1.101640e+00 7.050500e-01 -0.000000e+00 -2.260000e-03
0.000000e+00 1.100000e+01 1.101640e+00 7.050500e-01 -0.000000e+00 -2.260000e-03
