#############TIME##################
3.405997e+00 
###################################
0.000000e+00 0.000000e+00 1.208769e+01 4.267036e+01 0.000000e+00 -1.497988e+00
0.000000e+00 5.500000e-02 1.208769e+01 4.267036e+01 0.000000e+00 -1.497988e+00
0.000000e+00 1.100000e-01 1.209124e+01 4.269249e+01 0.000000e+00 -1.497599e+00
0.000000e+00 1.650000e-01 9.256947e+00 2.460357e+01 0.000000e+00 -9.914763e-01
0.000000e+00 2.200000e-01 7.181958e+00 1.607239e+01 0.000000e+00 -8.165483e-01
0.000000e+00 2.750000e-01 5.876578e+00 1.151093e+01 0.000000e+00 -6.767975e-01
0.000000e+00 3.300000e-01 5.017646e+00 8.838028e+00 0.000000e+00 -5.726697e-01
0.000000e+00 3.850000e-01 4.409577e+00 7.136799e+00 0.000000e+00 -4.904221e-01
0.000000e+00 4.400000e-01 3.963287e+00 5.978852e+00 0.000000e+00 -4.240695e-01
0.000000e+00 4.950000e-01 3.616391e+00 5.132763e+00 0.000000e+00 -3.707358e-01
0.000000e+00 5.500000e-01 3.335649e+00 4.487834e+00 0.000000e+00 -3.290801e-01
0.000000e+00 6.050000e-01 3.106311e+00 3.987438e+00 0.000000e+00 -2.953920e-01
0.000000e+00 6.600000e-01 2.921024e+00 3.600179e+00 0.000000e+00 -2.665302e-01
0.000000e+00 7.150000e-01 2.770173e+00 3.296000e+00 0.000000e+00 -2.407130e-01
0.000000e+00 7.700000e-01 2.643784e+00 3.048597e+00 0.000000e+00 -2.180231e-01
0.000000e+00 8.250000e-01 2.534560e+00 2.840305e+00 0.000000e+00 -1.988798e-01
0.000000e+00 8.800000e-01 2.438545e+00 2.661985e+00 0.000000e+00 -1.833473e-01
0.000000e+00 9.350000e-01 2.352895e+00 2.507418e+00 0.000000e+00 -1.704480e-01
0.000000e+00 9.900000e-01 2.275494e+00 2.371792e+00 0.000000e+00 -1.585838e-01
0.000000e+00 1.045000e+00 2.205864e+00 2.253010e+00 0.000000e+00 -1.468388e-01
0.000000e+00 1.100000e+00 2.145519e+00 2.152233e+00 0.000000e+00 -1.353307e-01
0.000000e+00 1.155000e+00 2.094642e+00 2.068390e+00 0.000000e+00 -1.246007e-01
0.000000e+00 1.210000e+00 2.049722e+00 1.994793e+00 0.000000e+00 -1.149787e-01
0.000000e+00 1.265000e+00 2.005454e+00 1.922581e+00 0.000000e+00 -1.072057e-01
0.000000e+00 1.320000e+00 1.960600e+00 1.849986e+00 0.000000e+00 -1.020962e-01
0.000000e+00 1.375000e+00 1.920237e+00 1.785582e+00 0.000000e+00 -9.867282e-02
0.000000e+00 1.430000e+00 1.889400e+00 1.737551e+00 0.000000e+00 -9.449711e-02
0.000000e+00 1.485000e+00 1.865175e+00 1.700889e+00 0.000000e+00 -8.764039e-02
0.000000e+00 1.540000e+00 1.839413e+00 1.662574e+00 0.000000e+00 -8.083370e-02
0.000000e+00 1.595000e+00 1.809266e+00 1.617806e+00 0.000000e+00 -7.652738e-02
0.000000e+00 1.650000e+00 1.779736e+00 1.573716e+00 0.000000e+00 -7.355735e-02
0.000000e+00 1.705000e+00 1.758032e+00 1.541019e+00 0.000000e+00 -7.030836e-02
0.000000e+00 1.760000e+00 1.740743e+00 1.514988e+00 0.000000e+00 -6.471787e-02
0.000000e+00 1.815000e+00 1.721094e+00 1.486156e+00 0.000000e+00 -5.935134e-02
0.000000e+00 1.870000e+00 1.695895e+00 1.450218e+00 0.000000e+00 -5.907686e-02
0.000000e+00 1.925000e+00 1.669285e+00 1.412939e+00 0.000000e+00 -6.255465e-02
0.000000e+00 1.980000e+00 1.647437e+00 1.382632e+00 0.000000e+00 -6.387558e-02
0.000000e+00 2.035000e+00 1.630570e+00 1.359172e+00 0.000000e+00 -6.009859e-02
0.000000e+00 2.090000e+00 1.622193e+00 1.347233e+00 0.000000e+00 -5.522382e-02
0.000000e+00 2.145000e+00 1.620573e+00 1.344360e+00 0.000000e+00 -5.169880e-02
0.000000e+00 2.200000e+00 1.611829e+00 1.331722e+00 0.000000e+00 -4.737629e-02
0.000000e+00 2.255000e+00 1.594056e+00 1.307019e+00 0.000000e+00 -4.254023e-02
0.000000e+00 2.310000e+00 1.574858e+00 1.281085e+00 0.000000e+00 -4.292535e-02
0.000000e+00 2.365000e+00 1.564219e+00 1.267033e+00 0.000000e+00 -4.969483e-02
0.000000e+00 2.420000e+00 1.548355e+00 1.245933e+00 0.000000e+00 -5.447464e-02
0.000000e+00 2.475000e+00 1.517988e+00 1.205410e+00 0.000000e+00 -4.571579e-02
0.000000e+00 2.530000e+00 1.500629e+00 1.182603e+00 0.000000e+00 -6.271640e-02
0.000000e+00 2.585000e+00 1.463359e+00 1.133823e+00 0.000000e+00 -9.373700e-02
0.000000e+00 2.640000e+00 1.390040e+00 1.040066e+00 0.000000e+00 -1.240653e-01
0.000000e+00 2.695000e+00 1.312961e+00 9.451615e-01 0.000000e+00 -1.848530e-01
0.000000e+00 2.750000e+00 1.254834e+00 8.760191e-01 0.000000e+00 -2.228365e-01
0.000000e+00 2.805000e+00 1.233878e+00 8.516750e-01 0.000000e+00 -2.310612e-01
0.000000e+00 2.860000e+00 1.221657e+00 8.376556e-01 0.000000e+00 -2.320759e-01
0.000000e+00 2.915000e+00 1.211429e+00 8.260020e-01 0.000000e+00 -2.312270e-01
0.000000e+00 2.970000e+00 1.202239e+00 8.155846e-01 0.000000e+00 -2.299722e-01
0.000000e+00 3.025000e+00 1.193907e+00 8.061871e-01 0.000000e+00 -2.283149e-01
0.000000e+00 3.080000e+00 1.186361e+00 7.977125e-01 0.000000e+00 -2.263137e-01
0.000000e+00 3.135000e+00 1.179493e+00 7.900307e-01 0.000000e+00 -2.240420e-01
0.000000e+00 3.190000e+00 1.173222e+00 7.830433e-01 0.000000e+00 -2.215540e-01
0.000000e+00 3.245000e+00 1.167491e+00 7.766793e-01 0.000000e+00 -2.188856e-01
0.000000e+00 3.300000e+00 1.162251e+00 7.708776e-01 0.000000e+00 -2.160663e-01
0.000000e+00 3.355000e+00 1.157454e+00 7.655828e-01 0.000000e+00 -2.131236e-01
0.000000e+00 3.410000e+00 1.153060e+00 7.607456e-01 0.000000e+00 -2.100815e-01
0.000000e+00 3.465000e+00 1.149033e+00 7.563228e-01 0.000000e+00 -2.069604e-01
0.000000e+00 3.520000e+00 1.145341e+00 7.522762e-01 0.000000e+00 -2.037783e-01
0.000000e+00 3.575000e+00 1.141953e+00 7.485715e-01 0.000000e+00 -2.005508e-01
0.000000e+00 3.630000e+00 1.138844e+00 7.451779e-01 0.000000e+00 -1.972917e-01
0.000000e+00 3.685000e+00 1.135989e+00 7.420678e-01 0.000000e+00 -1.940131e-01
0.000000e+00 3.740000e+00 1.133368e+00 7.392160e-01 0.000000e+00 -1.907255e-01
0.000000e+00 3.795000e+00 1.130960e+00 7.366001e-01 0.000000e+00 -1.874385e-01
0.000000e+00 3.850000e+00 1.128747e+00 7.341994e-01 0.000000e+00 -1.841602e-01
0.000000e+00 3.905000e+00 1.126712e+00 7.319955e-01 0.000000e+00 -1.808979e-01
0.000000e+00 3.960000e+00 1.124842e+00 7.299713e-01 0.000000e+00 -1.776579e-01
0.000000e+00 4.015000e+00 1.123121e+00 7.281115e-01 0.000000e+00 -1.744456e-01
0.000000e+00 4.070000e+00 1.121538e+00 7.264020e-01 0.000000e+00 -1.712659e-01
0.000000e+00 4.125000e+00 1.120082e+00 7.248301e-01 0.000000e+00 -1.681229e-01
0.000000e+00 4.180000e+00 1.118740e+00 7.233841e-01 0.000000e+00 -1.650201e-01
0.000000e+00 4.235000e+00 1.117505e+00 7.220533e-01 0.000000e+00 -1.619605e-01
0.000000e+00 4.290000e+00 1.116367e+00 7.208281e-01 0.000000e+00 -1.589466e-01
0.000000e+00 4.345000e+00 1.115318e+00 7.196996e-01 0.000000e+00 -1.559806e-01
0.000000e+00 4.400000e+00 1.114351e+00 7.186596e-01 0.000000e+00 -1.530641e-01
0.000000e+00 4.455000e+00 1.113458e+00 7.177009e-01 0.000000e+00 -1.501985e-01
0.000000e+00 4.510000e+00 1.112635e+00 7.168166e-01 0.000000e+00 -1.473848e-01
0.000000e+00 4.565000e+00 1.111875e+00 7.160006e-01 0.000000e+00 -1.446239e-01
0.000000e+00 4.620000e+00 1.111173e+00 7.152472e-01 0.000000e+00 -1.419163e-01
0.000000e+00 4.675000e+00 1.110524e+00 7.145513e-01 0.000000e+00 -1.392622e-01
0.000000e+00 4.730000e+00 1.109924e+00 7.139082e-01 0.000000e+00 -1.366618e-01
0.000000e+00 4.785000e+00 1.109369e+00 7.133135e-01 0.000000e+00 -1.341150e-01
0.000000e+00 4.840000e+00 1.108856e+00 7.127634e-01 0.000000e+00 -1.316217e-01
0.000000e+00 4.895000e+00 1.108380e+00 7.122541e-01 0.000000e+00 -1.291816e-01
0.000000e+00 4.950000e+00 1.107940e+00 7.117825e-01 0.000000e+00 -1.267941e-01
0.000000e+00 5.005000e+00 1.107532e+00 7.113455e-01 0.000000e+00 -1.244587e-01
0.000000e+00 5.060000e+00 1.107153e+00 7.109403e-01 0.000000e+00 -1.221748e-01
0.000000e+00 5.115000e+00 1.106802e+00 7.105644e-01 0.000000e+00 -1.199418e-01
0.000000e+00 5.170000e+00 1.106476e+00 7.102155e-01 0.000000e+00 -1.177587e-01
0.000000e+00 5.225000e+00 1.106173e+00 7.098915e-01 0.000000e+00 -1.156250e-01
0.000000e+00 5.280000e+00 1.105891e+00 7.095905e-01 0.000000e+00 -1.135395e-01
0.000000e+00 5.335000e+00 1.105630e+00 7.093106e-01 0.000000e+00 -1.115016e-01
0.000000e+00 5.390000e+00 1.105386e+00 7.090501e-01 0.000000e+00 -1.095102e-01
0.000000e+00 5.445000e+00 1.105159e+00 7.088077e-01 0.000000e+00 -1.075645e-01
0.000000e+00 5.500000e+00 1.104948e+00 7.085822e-01 0.000000e+00 -1.056636e-01
0.000000e+00 5.555000e+00 1.104752e+00 7.083721e-01 0.000000e+00 -1.038066e-01
0.000000e+00 5.610000e+00 1.104568e+00 7.081761e-01 0.000000e+00 -1.019921e-01
0.000000e+00 5.665000e+00 1.104396e+00 7.079926e-01 0.000000e+00 -1.002189e-01
0.000000e+00 5.720000e+00 1.104235e+00 7.078205e-01 0.000000e+00 -9.848584e-02
0.000000e+00 5.775000e+00 1.104085e+00 7.076601e-01 0.000000e+00 -9.679304e-02
0.000000e+00 5.830000e+00 1.103947e+00 7.075130e-01 0.000000e+00 -9.514165e-02
0.000000e+00 5.885000e+00 1.103823e+00 7.073797e-01 0.000000e+00 -9.353187e-02
0.000000e+00 5.940000e+00 1.103707e+00 7.072563e-01 0.000000e+00 -9.195975e-02
0.000000e+00 5.995000e+00 1.103591e+00 7.071325e-01 0.000000e+00 -9.041608e-02
0.000000e+00 6.050000e+00 1.103465e+00 7.069980e-01 0.000000e+00 -8.889152e-02
0.000000e+00 6.105000e+00 1.103332e+00 7.068555e-01 0.000000e+00 -8.738824e-02
0.000000e+00 6.160000e+00 1.103217e+00 7.067334e-01 0.000000e+00 -8.593082e-02
0.000000e+00 6.215000e+00 1.103171e+00 7.066838e-01 0.000000e+00 -8.456438e-02
0.000000e+00 6.270000e+00 1.103240e+00 7.067575e-01 0.000000e+00 -8.333189e-02
0.000000e+00 6.325000e+00 1.103429e+00 7.069596e-01 0.000000e+00 -8.223572e-02
0.000000e+00 6.380000e+00 1.103672e+00 7.072188e-01 0.000000e+00 -8.121192e-02
0.000000e+00 6.435000e+00 1.103845e+00 7.074033e-01 0.000000e+00 -8.014545e-02
0.000000e+00 6.490000e+00 1.103822e+00 7.073790e-01 0.000000e+00 -7.892038e-02
0.000000e+00 6.545000e+00 1.103548e+00 7.070864e-01 0.000000e+00 -7.748673e-02
0.000000e+00 6.600000e+00 1.103071e+00 7.065769e-01 0.000000e+00 -7.589172e-02
0.000000e+00 6.655000e+00 1.102504e+00 7.059719e-01 0.000000e+00 -7.424066e-02
0.000000e+00 6.710000e+00 1.101962e+00 7.053934e-01 0.000000e+00 -7.263732e-02
0.000000e+00 6.765000e+00 1.101507e+00 7.049080e-01 0.000000e+00 -7.113729e-02
0.000000e+00 6.820000e+00 1.101130e+00 7.045065e-01 0.000000e+00 -6.973131e-02
0.000000e+00 6.875000e+00 1.100778e+00 7.041305e-01 0.000000e+00 -6.837025e-02
0.000000e+00 6.930000e+00 1.100397e+00 7.037251e-01 0.000000e+00 -6.700977e-02
0.000000e+00 6.985000e+00 1.099975e+00 7.032752e-01 0.000000e+00 -6.563881e-02
0.000000e+00 7.040000e+00 1.099533e+00 7.028036e-01 0.000000e+00 -6.427591e-02
0.000000e+00 7.095000e+00 1.099102e+00 7.023450e-01 0.000000e+00 -6.294668e-02
0.000000e+00 7.150000e+00 1.098704e+00 7.019212e-01 0.000000e+00 -6.166479e-02
0.000000e+00 7.205000e+00 1.098339e+00 7.015322e-01 0.000000e+00 -6.042757e-02
0.000000e+00 7.260000e+00 1.097993e+00 7.011639e-01 0.000000e+00 -5.922330e-02
0.000000e+00 7.315000e+00 1.097650e+00 7.007996e-01 0.000000e+00 -5.804070e-02
0.000000e+00 7.370000e+00 1.097302e+00 7.004292e-01 0.000000e+00 -5.687375e-02
0.000000e+00 7.425000e+00 1.096946e+00 7.000499e-01 0.000000e+00 -5.572156e-02
0.000000e+00 7.480000e+00 1.096583e+00 6.996640e-01 0.000000e+00 -5.458591e-02
0.000000e+00 7.535000e+00 1.096218e+00 6.992756e-01 0.000000e+00 -5.346907e-02
0.000000e+00 7.590000e+00 1.095854e+00 6.988887e-01 0.000000e+00 -5.237273e-02
0.000000e+00 7.645000e+00 1.095494e+00 6.985063e-01 0.000000e+00 -5.129778e-02
0.000000e+00 7.700000e+00 1.095140e+00 6.981303e-01 0.000000e+00 -5.024456e-02
0.000000e+00 7.755000e+00 1.094793e+00 6.977621e-01 0.000000e+00 -4.921293e-02
0.000000e+00 7.810000e+00 1.094454e+00 6.974017e-01 0.000000e+00 -4.820234e-02
0.000000e+00 7.865000e+00 1.094121e+00 6.970484e-01 0.000000e+00 -4.721187e-02
0.000000e+00 7.920000e+00 1.093794e+00 6.967010e-01 0.000000e+00 -4.624055e-02
0.000000e+00 7.975000e+00 1.093472e+00 6.963587e-01 0.000000e+00 -4.528752e-02
0.000000e+00 8.030000e+00 1.093153e+00 6.960206e-01 0.000000e+00 -4.435211e-02
0.000000e+00 8.085000e+00 1.092838e+00 6.956864e-01 0.000000e+00 -4.343375e-02
0.000000e+00 8.140000e+00 1.092527e+00 6.953558e-01 0.000000e+00 -4.253194e-02
0.000000e+00 8.195000e+00 1.092218e+00 6.950288e-01 0.000000e+00 -4.164628e-02
0.000000e+00 8.250000e+00 1.091913e+00 6.947055e-01 0.000000e+00 -4.077646e-02
0.000000e+00 8.305000e+00 1.091612e+00 6.943858e-01 0.000000e+00 -3.992212e-02
0.000000e+00 8.360000e+00 1.091314e+00 6.940699e-01 0.000000e+00 -3.908287e-02
0.000000e+00 8.415000e+00 1.091019e+00 6.937574e-01 0.000000e+00 -3.825824e-02
0.000000e+00 8.470000e+00 1.090727e+00 6.934484e-01 0.000000e+00 -3.744782e-02
0.000000e+00 8.525000e+00 1.090439e+00 6.931427e-01 0.000000e+00 -3.665126e-02
0.000000e+00 8.580000e+00 1.090153e+00 6.928404e-01 0.000000e+00 -3.586823e-02
0.000000e+00 8.635000e+00 1.089871e+00 6.925413e-01 0.000000e+00 -3.509840e-02
0.000000e+00 8.690000e+00 1.089592e+00 6.922454e-01 0.000000e+00 -3.434137e-02
0.000000e+00 8.745000e+00 1.089315e+00 6.919525e-01 0.000000e+00 -3.359672e-02
0.000000e+00 8.800000e+00 1.089041e+00 6.916625e-01 0.000000e+00 -3.286406e-02
0.000000e+00 8.855000e+00 1.088770e+00 6.913752e-01 0.000000e+00 -3.214301e-02
0.000000e+00 8.910000e+00 1.088501e+00 6.910906e-01 0.000000e+00 -3.143321e-02
0.000000e+00 8.965000e+00 1.088234e+00 6.908087e-01 0.000000e+00 -3.073428e-02
0.000000e+00 9.020000e+00 1.087970e+00 6.905294e-01 0.000000e+00 -3.004579e-02
0.000000e+00 9.075000e+00 1.087709e+00 6.902525e-01 0.000000e+00 -2.936725e-02
0.000000e+00 9.130000e+00 1.087449e+00 6.899781e-01 0.000000e+00 -2.869814e-02
0.000000e+00 9.185000e+00 1.087192e+00 6.897060e-01 0.000000e+00 -2.803788e-02
0.000000e+00 9.240000e+00 1.086936e+00 6.894360e-01 0.000000e+00 -2.738596e-02
0.000000e+00 9.295000e+00 1.086683e+00 6.891683e-01 0.000000e+00 -2.674170e-02
0.000000e+00 9.350000e+00 1.086432e+00 6.889025e-01 0.000000e+00 -2.610433e-02
0.000000e+00 9.405000e+00 1.086182e+00 6.886388e-01 0.000000e+00 -2.547243e-02
0.000000e+00 9.460000e+00 1.085934e+00 6.883766e-01 0.000000e+00 -2.484537e-02
0.000000e+00 9.515000e+00 1.085687e+00 6.881166e-01 0.000000e+00 -2.422242e-02
0.000000e+00 9.570000e+00 1.085442e+00 6.878573e-01 0.000000e+00 -2.360556e-02
0.000000e+00 9.625000e+00 1.085200e+00 6.876009e-01 0.000000e+00 -2.299216e-02
0.000000e+00 9.680000e+00 1.084957e+00 6.873432e-01 0.000000e+00 -2.238116e-02
0.000000e+00 9.735000e+00 1.084717e+00 6.870911e-01 0.000000e+00 -2.175816e-02
0.000000e+00 9.790000e+00 1.084469e+00 6.868321e-01 0.000000e+00 -2.113251e-02
0.000000e+00 9.845000e+00 1.084235e+00 6.865882e-01 0.000000e+00 -2.050134e-02
0.000000e+00 9.900000e+00 1.083976e+00 6.863202e-01 0.000000e+00 -1.994067e-02
0.000000e+00 9.955000e+00 1.083767e+00 6.861100e-01 0.000000e+00 -1.942318e-02
0.000000e+00 1.001000e+01 1.101640e+00 7.050500e-01 -0.000000e+00 -2.260000e-03
0.000000e+00 1.006500e+01 1.101640e+00 7.050500e-01 -0.000000e+00 -2.260000e-03
0.000000e+00 1.012000e+01 1.101640e+00 7.050500e-01 -0.000000e+00 -2.260000e-03
0.000000e+00 1.017500e+01 1.101640e+00 7.050500e-01 -0.000000e+00 -2.260000e-03
0.000000e+00 1.023000e+01 1.101640e+00 7.050500e-01 -0.000000e+00 -2.260000e-03
0.000000e+00 1.028500e+01 1.101640e+00 7.050500e-01 -0.000000e+00 -2.260000e-03
0.000000e+00 1.034000e+01 1.101640e+00 7.050500e-01 -0.000000e+00 -2.260000e-03
0.000000e+00 1.039500e+01 1.101640e+00 7.050500e-01 -0.000000e+00 -2.260000e-03
0.000000e+00 1.045000e+01 1.101640e+00 7.050500e-01 -0.000000e+00 -2.260000e-03
0.000000e+00 1.050500e+01 1.101640e+00 7.050500e-01 -0.000000e+00 -2.260000e-03
0.000000e+00 1.056000e+01 1.101640e+00 7.050500e-01 -0.000000e+00 -2.260000e-03
0.000000e+00 1.061500e+01 1.101640e+00 7.050500e-01 -0.000000e+00 -2.260000e-03
0.000000e+00 1.067000e+01 1.101640e+00 7.050500e-01 -0.000000e+00 -2.260000e-03
0.000000e+00 1.072500e+01 1.101640e+00 7.050500e-01 -0.000000e+00 -2.260000e-03
0.000000e+00 1.078000e+01 1.101640e+00 7.050500e-01 -0.000000e+00 -2.260000e-03
0.000000e+00 1.083500e+01 1.101640e+00 7.050500e-01 -0.000000e+00 -2.260000e-03
0.000000e+00 1.089000e+01 1.101640e+00 7.050500e-01 -0.000000e+00 -2.260000e-03
0.000000e+00 1.094500e+01 1.101640e+00 7.050500e-01 -0.000000e+00 -2.260000e-03
0.000000e+00 1.100000e+01 1.101640e+00 7.050500e-01 -0.000000e+00 -2.260000e-03
