#############TIME##################
2.600024e+00 
###################################
0.000000e+00 0.000000e+00 1.212529e+01 4.292835e+01 0.000000e+00 -1.491309e+00
0.000000e+00 5.500000e-02 1.212529e+01 4.292835e+01 0.000000e+00 -1.491309e+00
0.000000e+00 1.100000e-01 1.211736e+01 4.287820e+01 0.000000e+00 -1.492384e+00
0.000000e+00 1.650000e-01 9.306448e+00 2.484589e+01 0.000000e+00 -9.853043e-01
0.000000e+00 2.200000e-01 7.238049e+00 1.629714e+01 0.000000e+00 -8.099031e-01
0.000000e+00 2.750000e-01 5.921826e+00 1.167037e+01 0.000000e+00 -6.698115e-01
0.000000e+00 3.300000e-01 5.021257e+00 8.858833e+00 0.000000e+00 -5.710598e-01
0.000000e+00 3.850000e-01 4.363968e+00 7.023025e+00 0.000000e+00 -4.967004e-01
0.000000e+00 4.400000e-01 3.901500e+00 5.830998e+00 0.000000e+00 -4.331806e-01
0.000000e+00 4.950000e-01 3.578275e+00 5.047520e+00 0.000000e+00 -3.765575e-01
0.000000e+00 5.500000e-01 3.336669e+00 4.492118e+00 0.000000e+00 -3.302115e-01
0.000000e+00 6.050000e-01 3.133755e+00 4.045923e+00 0.000000e+00 -2.932423e-01
0.000000e+00 6.600000e-01 2.948539e+00 3.655204e+00 0.000000e+00 -2.625705e-01
0.000000e+00 7.150000e-01 2.776307e+00 3.306539e+00 0.000000e+00 -2.372531e-01
0.000000e+00 7.700000e-01 2.628367e+00 3.018852e+00 0.000000e+00 -2.183274e-01
0.000000e+00 8.250000e-01 2.515961e+00 2.807851e+00 0.000000e+00 -2.043631e-01
0.000000e+00 8.800000e-01 2.432076e+00 2.653892e+00 0.000000e+00 -1.890326e-01
0.000000e+00 9.350000e-01 2.353195e+00 2.511198e+00 0.000000e+00 -1.718508e-01
0.000000e+00 9.900000e-01 2.270933e+00 2.365158e+00 0.000000e+00 -1.556163e-01
0.000000e+00 1.045000e+00 2.196755e+00 2.236261e+00 0.000000e+00 -1.453771e-01
0.000000e+00 1.100000e+00 2.140548e+00 2.141283e+00 0.000000e+00 -1.407426e-01
0.000000e+00 1.155000e+00 2.095100e+00 2.066800e+00 0.000000e+00 -1.341457e-01
0.000000e+00 1.210000e+00 2.044571e+00 1.985811e+00 0.000000e+00 -1.231061e-01
0.000000e+00 1.265000e+00 1.989449e+00 1.898527e+00 0.000000e+00 -1.121441e-01
0.000000e+00 1.320000e+00 1.948147e+00 1.833435e+00 0.000000e+00 -1.075414e-01
0.000000e+00 1.375000e+00 1.915837e+00 1.782238e+00 0.000000e+00 -1.072046e-01
0.000000e+00 1.430000e+00 1.886076e+00 1.734595e+00 0.000000e+00 -1.024683e-01
0.000000e+00 1.485000e+00 1.846603e+00 1.672809e+00 0.000000e+00 -9.081144e-02
0.000000e+00 1.540000e+00 1.814836e+00 1.624486e+00 0.000000e+00 -8.617046e-02
0.000000e+00 1.595000e+00 1.796112e+00 1.597198e+00 0.000000e+00 -9.450114e-02
0.000000e+00 1.650000e+00 1.769595e+00 1.559045e+00 0.000000e+00 -9.958869e-02
0.000000e+00 1.705000e+00 1.714123e+00 1.478493e+00 0.000000e+00 -8.295013e-02
0.000000e+00 1.760000e+00 1.672776e+00 1.419327e+00 0.000000e+00 -1.032567e-01
0.000000e+00 1.815000e+00 1.607330e+00 1.327327e+00 0.000000e+00 -1.511734e-01
0.000000e+00 1.870000e+00 1.483402e+00 1.159509e+00 0.000000e+00 -2.076794e-01
0.000000e+00 1.925000e+00 1.369329e+00 1.013701e+00 0.000000e+00 -2.821924e-01
0.000000e+00 1.980000e+00 1.316059e+00 9.483236e-01 0.000000e+00 -3.073649e-01
0.000000e+00 2.035000e+00 1.291290e+00 9.186975e-01 0.000000e+00 -3.101519e-01
0.000000e+00 2.090000e+00 1.272197e+00 8.961813e-01 0.000000e+00 -3.081957e-01
0.000000e+00 2.145000e+00 1.255495e+00 8.766658e-01 0.000000e+00 -3.053479e-01
0.000000e+00 2.200000e+00 1.240554e+00 8.593504e-01 0.000000e+00 -3.018974e-01
0.000000e+00 2.255000e+00 1.227216e+00 8.440091e-01 0.000000e+00 -2.979386e-01
0.000000e+00 2.310000e+00 1.215269e+00 8.303622e-01 0.000000e+00 -2.935720e-01
0.000000e+00 2.365000e+00 1.204532e+00 8.181726e-01 0.000000e+00 -2.888985e-01
0.000000e+00 2.420000e+00 1.194864e+00 8.072593e-01 0.000000e+00 -2.839866e-01
0.000000e+00 2.475000e+00 1.186152e+00 7.974745e-01 0.000000e+00 -2.788886e-01
0.000000e+00 2.530000e+00 1.178294e+00 7.886900e-01 0.000000e+00 -2.736501e-01
0.000000e+00 2.585000e+00 1.171201e+00 7.807938e-01 0.000000e+00 -2.683108e-01
0.000000e+00 2.640000e+00 1.164794e+00 7.736888e-01 0.000000e+00 -2.629040e-01
0.000000e+00 2.695000e+00 1.159004e+00 7.672902e-01 0.000000e+00 -2.574585e-01
0.000000e+00 2.750000e+00 1.153769e+00 7.615234e-01 0.000000e+00 -2.519988e-01
0.000000e+00 2.805000e+00 1.149035e+00 7.563225e-01 0.000000e+00 -2.465460e-01
0.000000e+00 2.860000e+00 1.144751e+00 7.516292e-01 0.000000e+00 -2.411184e-01
0.000000e+00 2.915000e+00 1.140874e+00 7.473916e-01 0.000000e+00 -2.357315e-01
0.000000e+00 2.970000e+00 1.137364e+00 7.435637e-01 0.000000e+00 -2.303985e-01
0.000000e+00 3.025000e+00 1.134186e+00 7.401041e-01 0.000000e+00 -2.251308e-01
0.000000e+00 3.080000e+00 1.131307e+00 7.369759e-01 0.000000e+00 -2.199380e-01
0.000000e+00 3.135000e+00 1.128698e+00 7.341462e-01 0.000000e+00 -2.148280e-01
0.000000e+00 3.190000e+00 1.126334e+00 7.315853e-01 0.000000e+00 -2.098076e-01
0.000000e+00 3.245000e+00 1.124191e+00 7.292665e-01 0.000000e+00 -2.048822e-01
0.000000e+00 3.300000e+00 1.122246e+00 7.271659e-01 0.000000e+00 -2.000561e-01
0.000000e+00 3.355000e+00 1.120483e+00 7.252622e-01 0.000000e+00 -1.953327e-01
0.000000e+00 3.410000e+00 1.118881e+00 7.235359e-01 0.000000e+00 -1.907146e-01
0.000000e+00 3.465000e+00 1.117428e+00 7.219696e-01 0.000000e+00 -1.862036e-01
0.000000e+00 3.520000e+00 1.116107e+00 7.205479e-01 0.000000e+00 -1.818007e-01
0.000000e+00 3.575000e+00 1.114906e+00 7.192565e-01 0.000000e+00 -1.775065e-01
0.000000e+00 3.630000e+00 1.113814e+00 7.180829e-01 0.000000e+00 -1.733211e-01
0.000000e+00 3.685000e+00 1.112820e+00 7.170156e-01 0.000000e+00 -1.692440e-01
0.000000e+00 3.740000e+00 1.111916e+00 7.160444e-01 0.000000e+00 -1.652745e-01
0.000000e+00 3.795000e+00 1.111092e+00 7.151601e-01 0.000000e+00 -1.614114e-01
0.000000e+00 3.850000e+00 1.110340e+00 7.143544e-01 0.000000e+00 -1.576534e-01
0.000000e+00 3.905000e+00 1.109655e+00 7.136197e-01 0.000000e+00 -1.539988e-01
0.000000e+00 3.960000e+00 1.109029e+00 7.129494e-01 0.000000e+00 -1.504459e-01
0.000000e+00 4.015000e+00 1.108458e+00 7.123374e-01 0.000000e+00 -1.469925e-01
0.000000e+00 4.070000e+00 1.107936e+00 7.117782e-01 0.000000e+00 -1.436367e-01
0.000000e+00 4.125000e+00 1.107458e+00 7.112668e-01 0.000000e+00 -1.403763e-01
0.000000e+00 4.180000e+00 1.107021e+00 7.107989e-01 0.000000e+00 -1.372089e-01
0.000000e+00 4.235000e+00 1.106621e+00 7.103705e-01 0.000000e+00 -1.341323e-01
0.000000e+00 4.290000e+00 1.106253e+00 7.099778e-01 0.000000e+00 -1.311440e-01
0.000000e+00 4.345000e+00 1.105917e+00 7.096177e-01 0.000000e+00 -1.282417e-01
0.000000e+00 4.400000e+00 1.105608e+00 7.092872e-01 0.000000e+00 -1.254230e-01
0.000000e+00 4.455000e+00 1.105324e+00 7.089836e-01 0.000000e+00 -1.226856e-01
0.000000e+00 4.510000e+00 1.105063e+00 7.087045e-01 0.000000e+00 -1.200269e-01
0.000000e+00 4.565000e+00 1.104822e+00 7.084478e-01 0.000000e+00 -1.174447e-01
0.000000e+00 4.620000e+00 1.104601e+00 7.082115e-01 0.000000e+00 -1.149367e-01
0.000000e+00 4.675000e+00 1.104398e+00 7.079938e-01 0.000000e+00 -1.125007e-01
0.000000e+00 4.730000e+00 1.104210e+00 7.077931e-01 0.000000e+00 -1.101342e-01
0.000000e+00 4.785000e+00 1.104036e+00 7.076079e-01 0.000000e+00 -1.078353e-01
0.000000e+00 4.840000e+00 1.103876e+00 7.074369e-01 0.000000e+00 -1.056017e-01
0.000000e+00 4.895000e+00 1.103728e+00 7.072789e-01 0.000000e+00 -1.034314e-01
0.000000e+00 4.950000e+00 1.103592e+00 7.071328e-01 0.000000e+00 -1.013222e-01
0.000000e+00 5.005000e+00 1.103465e+00 7.069976e-01 0.000000e+00 -9.927239e-02
0.000000e+00 5.060000e+00 1.103348e+00 7.068724e-01 0.000000e+00 -9.727986e-02
0.000000e+00 5.115000e+00 1.103239e+00 7.067564e-01 0.000000e+00 -9.534281e-02
0.000000e+00 5.170000e+00 1.103138e+00 7.066488e-01 0.000000e+00 -9.345942e-02
0.000000e+00 5.225000e+00 1.103045e+00 7.065489e-01 0.000000e+00 -9.162794e-02
0.000000e+00 5.280000e+00 1.102958e+00 7.064562e-01 0.000000e+00 -8.984667e-02
0.000000e+00 5.335000e+00 1.102877e+00 7.063700e-01 0.000000e+00 -8.811398e-02
0.000000e+00 5.390000e+00 1.102802e+00 7.062899e-01 0.000000e+00 -8.642828e-02
0.000000e+00 5.445000e+00 1.102732e+00 7.062153e-01 0.000000e+00 -8.478803e-02
0.000000e+00 5.500000e+00 1.102667e+00 7.061459e-01 0.000000e+00 -8.319176e-02
0.000000e+00 5.555000e+00 1.102607e+00 7.060812e-01 0.000000e+00 -8.163802e-02
0.000000e+00 5.610000e+00 1.102550e+00 7.060209e-01 0.000000e+00 -8.012544e-02
0.000000e+00 5.665000e+00 1.102497e+00 7.059647e-01 0.000000e+00 -7.865269e-02
0.000000e+00 5.720000e+00 1.102448e+00 7.059121e-01 0.000000e+00 -7.721847e-02
0.000000e+00 5.775000e+00 1.102402e+00 7.058631e-01 0.000000e+00 -7.582154e-02
0.000000e+00 5.830000e+00 1.102359e+00 7.058172e-01 0.000000e+00 -7.446071e-02
0.000000e+00 5.885000e+00 1.102319e+00 7.057744e-01 0.000000e+00 -7.313481e-02
0.000000e+00 5.940000e+00 1.102281e+00 7.057342e-01 0.000000e+00 -7.184274e-02
0.000000e+00 5.995000e+00 1.102246e+00 7.056967e-01 0.000000e+00 -7.058341e-02
0.000000e+00 6.050000e+00 1.102213e+00 7.056615e-01 0.000000e+00 -6.935579e-02
0.000000e+00 6.105000e+00 1.102182e+00 7.056285e-01 0.000000e+00 -6.815889e-02
0.000000e+00 6.160000e+00 1.102153e+00 7.055975e-01 0.000000e+00 -6.699174e-02
0.000000e+00 6.215000e+00 1.102126e+00 7.055685e-01 0.000000e+00 -6.585339e-02
0.000000e+00 6.270000e+00 1.102100e+00 7.055412e-01 0.000000e+00 -6.474295e-02
0.000000e+00 6.325000e+00 1.102076e+00 7.055156e-01 0.000000e+00 -6.365955e-02
0.000000e+00 6.380000e+00 1.102054e+00 7.054915e-01 0.000000e+00 -6.260239e-02
0.000000e+00 6.435000e+00 1.102033e+00 7.054690e-01 0.000000e+00 -6.157076e-02
0.000000e+00 6.490000e+00 1.102013e+00 7.054479e-01 0.000000e+00 -6.056384e-02
0.000000e+00 6.545000e+00 1.101994e+00 7.054278e-01 0.000000e+00 -5.958063e-02
0.000000e+00 6.600000e+00 1.101976e+00 7.054083e-01 0.000000e+00 -5.862005e-02
0.000000e+00 6.655000e+00 1.101958e+00 7.053895e-01 0.000000e+00 -5.768157e-02
0.000000e+00 6.710000e+00 1.101942e+00 7.053726e-01 0.000000e+00 -5.676577e-02
0.000000e+00 6.765000e+00 1.101930e+00 7.053597e-01 0.000000e+00 -5.587375e-02
0.000000e+00 6.820000e+00 1.101922e+00 7.053505e-01 0.000000e+00 -5.500465e-02
0.000000e+00 6.875000e+00 1.101911e+00 7.053391e-01 0.000000e+00 -5.415281e-02
0.000000e+00 6.930000e+00 1.101889e+00 7.053159e-01 0.000000e+00 -5.330918e-02
0.000000e+00 6.985000e+00 1.101853e+00 7.052774e-01 0.000000e+00 -5.247045e-02
0.000000e+00 7.040000e+00 1.101820e+00 7.052416e-01 0.000000e+00 -5.165203e-02
0.000000e+00 7.095000e+00 1.101830e+00 7.052529e-01 0.000000e+00 -5.089243e-02
0.000000e+00 7.150000e+00 1.101934e+00 7.053641e-01 0.000000e+00 -5.023681e-02
0.000000e+00 7.205000e+00 1.102149e+00 7.055931e-01 0.000000e+00 -4.969936e-02
0.000000e+00 7.260000e+00 1.102423e+00 7.058857e-01 0.000000e+00 -4.923112e-02
0.000000e+00 7.315000e+00 1.102646e+00 7.061232e-01 0.000000e+00 -4.872769e-02
0.000000e+00 7.370000e+00 1.102696e+00 7.061770e-01 0.000000e+00 -4.807685e-02
0.000000e+00 7.425000e+00 1.102518e+00 7.059867e-01 0.000000e+00 -4.722635e-02
0.000000e+00 7.480000e+00 1.102155e+00 7.055990e-01 0.000000e+00 -4.621865e-02
0.000000e+00 7.535000e+00 1.101709e+00 7.051233e-01 0.000000e+00 -4.515022e-02
0.000000e+00 7.590000e+00 1.101272e+00 7.046579e-01 0.000000e+00 -4.410796e-02
0.000000e+00 7.645000e+00 1.100882e+00 7.042417e-01 0.000000e+00 -4.312691e-02
0.000000e+00 7.700000e+00 1.100520e+00 7.038555e-01 0.000000e+00 -4.219044e-02
0.000000e+00 7.755000e+00 1.100154e+00 7.034653e-01 0.000000e+00 -4.126780e-02
0.000000e+00 7.810000e+00 1.099778e+00 7.030651e-01 0.000000e+00 -4.035019e-02
0.000000e+00 7.865000e+00 1.099415e+00 7.026785e-01 0.000000e+00 -3.945369e-02
0.000000e+00 7.920000e+00 1.099088e+00 7.023302e-01 0.000000e+00 -3.859617e-02
0.000000e+00 7.975000e+00 1.098797e+00 7.020206e-01 0.000000e+00 -3.777755e-02
0.000000e+00 8.030000e+00 1.098521e+00 7.017262e-01 0.000000e+00 -3.698099e-02
0.000000e+00 8.085000e+00 1.098233e+00 7.014195e-01 0.000000e+00 -3.618816e-02
0.000000e+00 8.140000e+00 1.097920e+00 7.010864e-01 0.000000e+00 -3.539147e-02
0.000000e+00 8.195000e+00 1.097585e+00 7.007304e-01 0.000000e+00 -3.459471e-02
0.000000e+00 8.250000e+00 1.097242e+00 7.003651e-01 0.000000e+00 -3.380655e-02
0.000000e+00 8.305000e+00 1.096903e+00 7.000042e-01 0.000000e+00 -3.303433e-02
0.000000e+00 8.360000e+00 1.096575e+00 6.996560e-01 0.000000e+00 -3.228131e-02
0.000000e+00 8.415000e+00 1.096260e+00 6.993211e-01 0.000000e+00 -3.154677e-02
0.000000e+00 8.470000e+00 1.095954e+00 6.989954e-01 0.000000e+00 -3.082784e-02
0.000000e+00 8.525000e+00 1.095652e+00 6.986742e-01 0.000000e+00 -3.012169e-02
0.000000e+00 8.580000e+00 1.095351e+00 6.983548e-01 0.000000e+00 -2.942686e-02
0.000000e+00 8.635000e+00 1.095052e+00 6.980367e-01 0.000000e+00 -2.874305e-02
0.000000e+00 8.690000e+00 1.094754e+00 6.977205e-01 0.000000e+00 -2.807030e-02
0.000000e+00 8.745000e+00 1.094459e+00 6.974067e-01 0.000000e+00 -2.740856e-02
0.000000e+00 8.800000e+00 1.094166e+00 6.970962e-01 0.000000e+00 -2.675773e-02
0.000000e+00 8.855000e+00 1.093877e+00 6.967894e-01 0.000000e+00 -2.611773e-02
0.000000e+00 8.910000e+00 1.093592e+00 6.964867e-01 0.000000e+00 -2.548835e-02
0.000000e+00 8.965000e+00 1.093311e+00 6.961879e-01 0.000000e+00 -2.486919e-02
0.000000e+00 9.020000e+00 1.093033e+00 6.958926e-01 0.000000e+00 -2.425969e-02
0.000000e+00 9.075000e+00 1.092757e+00 6.956003e-01 0.000000e+00 -2.365929e-02
0.000000e+00 9.130000e+00 1.092484e+00 6.953105e-01 0.000000e+00 -2.306745e-02
0.000000e+00 9.185000e+00 1.092213e+00 6.950229e-01 0.000000e+00 -2.248364e-02
0.000000e+00 9.240000e+00 1.091943e+00 6.947373e-01 0.000000e+00 -2.190739e-02
0.000000e+00 9.295000e+00 1.091676e+00 6.944535e-01 0.000000e+00 -2.133821e-02
0.000000e+00 9.350000e+00 1.091410e+00 6.941715e-01 0.000000e+00 -2.077567e-02
0.000000e+00 9.405000e+00 1.091145e+00 6.938913e-01 0.000000e+00 -2.021896e-02
0.000000e+00 9.460000e+00 1.090882e+00 6.936127e-01 0.000000e+00 -1.966723e-02
0.000000e+00 9.515000e+00 1.090621e+00 6.933358e-01 0.000000e+00 -1.911946e-02
0.000000e+00 9.570000e+00 1.090360e+00 6.930600e-01 0.000000e+00 -1.857635e-02
0.000000e+00 9.625000e+00 1.090103e+00 6.927862e-01 0.000000e+00 -1.803768e-02
0.000000e+00 9.680000e+00 1.089845e+00 6.925125e-01 0.000000e+00 -1.750359e-02
0.000000e+00 9.735000e+00 1.089590e+00 6.922422e-01 0.000000e+00 -1.696531e-02
0.000000e+00 9.790000e+00 1.089330e+00 6.919693e-01 0.000000e+00 -1.642169e-02
0.000000e+00 9.845000e+00 1.089075e+00 6.917041e-01 0.000000e+00 -1.586948e-02
0.000000e+00 9.900000e+00 1.088811e+00 6.914280e-01 0.000000e+00 -1.535419e-02
0.000000e+00 9.955000e+00 1.088571e+00 6.911782e-01 0.000000e+00 -1.488413e-02
0.000000e+00 1.001000e+01 1.101640e+00 7.050500e-01 -0.000000e+00 -2.260000e-03
0.000000e+00 1.006500e+01 1.101640e+00 7.050500e-01 -0.000000e+00 -2.260000e-03
0.000000e+00 1.012000e+01 1.101640e+00 7.050500e-01 -0.000000e+00 -2.260000e-03
0.000000e+00 1.017500e+01 1.101640e+00 7.050500e-01 -0.000000e+00 -2.260000e-03
0.000000e+00 1.023000e+01 1.101640e+00 7.050500e-01 -0.000000e+00 -2.260000e-03
0.000000e+00 1.028500e+01 1.101640e+00 7.050500e-01 -0.000000e+00 -2.260000e-03
0.000000e+00 1.034000e+01 1.101640e+00 7.050500e-01 -0.000000e+00 -2.260000e-03
0.000000e+00 1.039500e+01 1.101640e+00 7.050500e-01 -0.000000e+00 -2.260000e-03
0.000000e+00 1.045000e+01 1.101640e+00 7.050500e-01 -0.000000e+00 -2.260000e-03
0.000000e+00 1.050500e+01 1.101640e+00 7.050500e-01 -0.000000e+00 -2.260000e-03
0.000000e+00 1.056000e+01 1.101640e+00 7.050500e-01 -0.000000e+00 -2.260000e-03
0.000000e+00 1.061500e+01 1.101640e+00 7.050500e-01 -0.000000e+00 -2.260000e-03
0.000000e+00 1.067000e+01 1.101640e+00 7.050500e-01 -0.000000e+00 -2.260000e-03
0.000000e+00 1.072500e+01 1.101640e+00 7.050500e-01 -0.000000e+00 -2.260000e-03
0.000000e+00 1.078000e+01 1.101640e+00 7.050500e-01 -0.000000e+00 -2.260000e-03
0.000000e+00 1.083500e+01 1.101640e+00 7.050500e-01 -0.000000e+00 -2.260000e-03
0.000000e+00 1.089000e+01 1.101640e+00 7.050500e-01 -0.000000e+00 -2.260000e-03
0.000000e+00 1.094500e+01 1.101640e+00 7.050500e-01 -0.000000e+00 -2.260000e-03
0.000000e+00 1.100000e+01 1.101640e+00 7.050500e-01 -0.000000e+00 -2.260000e-03
