#############TIME##################
2.210680e+01 
###################################
0.000000e+00 0.000000e+00 1.194031e+01 4.165725e+01 0.000000e+00 -1.501894e+00
0.000000e+00 5.500000e-02 1.194031e+01 4.165725e+01 0.000000e+00 -1.501894e+00
0.000000e+00 1.100000e-01 1.194030e+01 4.165719e+01 0.000000e+00 -1.501895e+00
0.000000e+00 1.650000e-01 9.100216e+00 2.386252e+01 0.000000e+00 -9.955293e-01
0.000000e+00 2.200000e-01 7.023947e+00 1.550881e+01 0.000000e+00 -8.181060e-01
0.000000e+00 2.750000e-01 5.714838e+00 1.104647e+01 0.000000e+00 -6.747334e-01
0.000000e+00 3.300000e-01 4.847761e+00 8.424296e+00 0.000000e+00 -5.695873e-01
0.000000e+00 3.850000e-01 4.233348e+00 6.748980e+00 0.000000e+00 -4.891581e-01
0.000000e+00 4.400000e-01 3.786976e+00 5.613718e+00 0.000000e+00 -4.256107e-01
0.000000e+00 4.950000e-01 3.447424e+00 4.799628e+00 0.000000e+00 -3.742767e-01
0.000000e+00 5.500000e-01 3.180063e+00 4.194225e+00 0.000000e+00 -3.327901e-01
0.000000e+00 6.050000e-01 2.964374e+00 3.728562e+00 0.000000e+00 -2.983438e-01
0.000000e+00 6.600000e-01 2.787398e+00 3.361764e+00 0.000000e+00 -2.694539e-01
0.000000e+00 7.150000e-01 2.639407e+00 3.066213e+00 0.000000e+00 -2.448433e-01
0.000000e+00 7.700000e-01 2.514076e+00 2.824005e+00 0.000000e+00 -2.237934e-01
0.000000e+00 8.250000e-01 2.406799e+00 2.622312e+00 0.000000e+00 -2.056371e-01
0.000000e+00 8.800000e-01 2.314351e+00 2.452192e+00 0.000000e+00 -1.899116e-01
0.000000e+00 9.350000e-01 2.234210e+00 2.306984e+00 0.000000e+00 -1.761599e-01
0.000000e+00 9.900000e-01 2.164146e+00 2.181785e+00 0.000000e+00 -1.639840e-01
0.000000e+00 1.045000e+00 2.101823e+00 2.072825e+00 0.000000e+00 -1.530072e-01
0.000000e+00 1.100000e+00 2.045167e+00 1.977236e+00 0.000000e+00 -1.429425e-01
0.000000e+00 1.155000e+00 1.992913e+00 1.892768e+00 0.000000e+00 -1.336053e-01
0.000000e+00 1.210000e+00 1.944708e+00 1.817655e+00 0.000000e+00 -1.249166e-01
0.000000e+00 1.265000e+00 1.900420e+00 1.750478e+00 0.000000e+00 -1.168623e-01
0.000000e+00 1.320000e+00 1.859798e+00 1.690094e+00 0.000000e+00 -1.094599e-01
0.000000e+00 1.375000e+00 1.822673e+00 1.635558e+00 0.000000e+00 -1.027235e-01
0.000000e+00 1.430000e+00 1.788943e+00 1.586072e+00 0.000000e+00 -9.663754e-02
0.000000e+00 1.485000e+00 1.758297e+00 1.540961e+00 0.000000e+00 -9.114778e-02
0.000000e+00 1.540000e+00 1.730202e+00 1.499667e+00 0.000000e+00 -8.617715e-02
0.000000e+00 1.595000e+00 1.704148e+00 1.461728e+00 0.000000e+00 -8.165068e-02
0.000000e+00 1.650000e+00 1.679812e+00 1.426762e+00 0.000000e+00 -7.751257e-02
0.000000e+00 1.705000e+00 1.657044e+00 1.394442e+00 0.000000e+00 -7.372722e-02
0.000000e+00 1.760000e+00 1.635746e+00 1.364489e+00 0.000000e+00 -7.026783e-02
0.000000e+00 1.815000e+00 1.615800e+00 1.336662e+00 0.000000e+00 -6.710505e-02
0.000000e+00 1.870000e+00 1.597060e+00 1.310743e+00 0.000000e+00 -6.420559e-02
0.000000e+00 1.925000e+00 1.579386e+00 1.286536e+00 0.000000e+00 -6.153615e-02
0.000000e+00 1.980000e+00 1.562658e+00 1.263863e+00 0.000000e+00 -5.906481e-02
0.000000e+00 2.035000e+00 1.546785e+00 1.242571e+00 0.000000e+00 -5.675975e-02
0.000000e+00 2.090000e+00 1.531701e+00 1.222531e+00 0.000000e+00 -5.458877e-02
0.000000e+00 2.145000e+00 1.517367e+00 1.203642e+00 0.000000e+00 -5.252287e-02
0.000000e+00 2.200000e+00 1.503754e+00 1.185819e+00 0.000000e+00 -5.054496e-02
0.000000e+00 2.255000e+00 1.490827e+00 1.168971e+00 0.000000e+00 -4.865852e-02
0.000000e+00 2.310000e+00 1.478540e+00 1.152997e+00 0.000000e+00 -4.688519e-02
0.000000e+00 2.365000e+00 1.466844e+00 1.137811e+00 0.000000e+00 -4.524638e-02
0.000000e+00 2.420000e+00 1.455709e+00 1.123365e+00 0.000000e+00 -4.374203e-02
0.000000e+00 2.475000e+00 1.445115e+00 1.109642e+00 0.000000e+00 -4.235046e-02
0.000000e+00 2.530000e+00 1.435020e+00 1.096605e+00 0.000000e+00 -4.105703e-02
0.000000e+00 2.585000e+00 1.425321e+00 1.084147e+00 0.000000e+00 -3.988587e-02
0.000000e+00 2.640000e+00 1.415874e+00 1.072109e+00 0.000000e+00 -3.889368e-02
0.000000e+00 2.695000e+00 1.406581e+00 1.060379e+00 0.000000e+00 -3.811138e-02
0.000000e+00 2.750000e+00 1.397482e+00 1.049002e+00 0.000000e+00 -3.748007e-02
0.000000e+00 2.805000e+00 1.388741e+00 1.038166e+00 0.000000e+00 -3.685826e-02
0.000000e+00 2.860000e+00 1.380526e+00 1.028046e+00 0.000000e+00 -3.611470e-02
0.000000e+00 2.915000e+00 1.372856e+00 1.018625e+00 0.000000e+00 -3.523832e-02
0.000000e+00 2.970000e+00 1.365556e+00 1.009655e+00 0.000000e+00 -3.436376e-02
0.000000e+00 3.025000e+00 1.358377e+00 1.000807e+00 0.000000e+00 -3.368312e-02
0.000000e+00 3.080000e+00 1.351156e+00 9.918847e-01 0.000000e+00 -3.330587e-02
0.000000e+00 3.135000e+00 1.343940e+00 9.829602e-01 0.000000e+00 -3.317008e-02
0.000000e+00 3.190000e+00 1.336915e+00 9.742906e-01 0.000000e+00 -3.309620e-02
0.000000e+00 3.245000e+00 1.330250e+00 9.661066e-01 0.000000e+00 -3.291835e-02
0.000000e+00 3.300000e+00 1.323989e+00 9.584822e-01 0.000000e+00 -3.257569e-02
0.000000e+00 3.355000e+00 1.318059e+00 9.513337e-01 0.000000e+00 -3.211307e-02
0.000000e+00 3.410000e+00 1.312364e+00 9.445359e-01 0.000000e+00 -3.160736e-02
0.000000e+00 3.465000e+00 1.306866e+00 9.380207e-01 0.000000e+00 -3.109912e-02
0.000000e+00 3.520000e+00 1.301588e+00 9.317882e-01 0.000000e+00 -3.058177e-02
0.000000e+00 3.575000e+00 1.296567e+00 9.258524e-01 0.000000e+00 -3.003653e-02
0.000000e+00 3.630000e+00 1.291801e+00 9.201912e-01 0.000000e+00 -2.946743e-02
0.000000e+00 3.685000e+00 1.287244e+00 9.147459e-01 0.000000e+00 -2.890368e-02
0.000000e+00 3.740000e+00 1.282841e+00 9.094576e-01 0.000000e+00 -2.837590e-02
0.000000e+00 3.795000e+00 1.278546e+00 9.042952e-01 0.000000e+00 -2.789588e-02
0.000000e+00 3.850000e+00 1.274332e+00 8.992494e-01 0.000000e+00 -2.745872e-02
0.000000e+00 3.905000e+00 1.270168e+00 8.943064e-01 0.000000e+00 -2.706064e-02
0.000000e+00 3.960000e+00 1.266021e+00 8.894342e-01 0.000000e+00 -2.671079e-02
0.000000e+00 4.015000e+00 1.261865e+00 8.845990e-01 0.000000e+00 -2.642446e-02
0.000000e+00 4.070000e+00 1.257710e+00 8.797962e-01 0.000000e+00 -2.620466e-02
0.000000e+00 4.125000e+00 1.253610e+00 8.750670e-01 0.000000e+00 -2.603020e-02
0.000000e+00 4.180000e+00 1.249648e+00 8.704847e-01 0.000000e+00 -2.586149e-02
0.000000e+00 4.235000e+00 1.245893e+00 8.661198e-01 0.000000e+00 -2.565866e-02
0.000000e+00 4.290000e+00 1.242378e+00 8.620087e-01 0.000000e+00 -2.539818e-02
0.000000e+00 4.345000e+00 1.239085e+00 8.581426e-01 0.000000e+00 -2.507855e-02
0.000000e+00 4.400000e+00 1.235957e+00 8.544754e-01 0.000000e+00 -2.471575e-02
0.000000e+00 4.455000e+00 1.232923e+00 8.509415e-01 0.000000e+00 -2.433501e-02
0.000000e+00 4.510000e+00 1.229912e+00 8.474722e-01 0.000000e+00 -2.396462e-02
0.000000e+00 4.565000e+00 1.226876e+00 8.440092e-01 0.000000e+00 -2.363229e-02
0.000000e+00 4.620000e+00 1.223794e+00 8.405153e-01 0.000000e+00 -2.336111e-02
0.000000e+00 4.675000e+00 1.220678e+00 8.369857e-01 0.000000e+00 -2.316257e-02
0.000000e+00 4.730000e+00 1.217572e+00 8.334544e-01 0.000000e+00 -2.302926e-02
0.000000e+00 4.785000e+00 1.214544e+00 8.299895e-01 0.000000e+00 -2.293264e-02
0.000000e+00 4.840000e+00 1.211664e+00 8.266743e-01 0.000000e+00 -2.282892e-02
0.000000e+00 4.895000e+00 1.208987e+00 8.235823e-01 0.000000e+00 -2.267102e-02
0.000000e+00 4.950000e+00 1.206531e+00 8.207520e-01 0.000000e+00 -2.242333e-02
0.000000e+00 5.005000e+00 1.204272e+00 8.181704e-01 0.000000e+00 -2.207542e-02
0.000000e+00 5.060000e+00 1.202149e+00 8.157730e-01 0.000000e+00 -2.164854e-02
0.000000e+00 5.115000e+00 1.200083e+00 8.134647e-01 0.000000e+00 -2.119038e-02
0.000000e+00 5.170000e+00 1.197998e+00 8.111500e-01 0.000000e+00 -2.076106e-02
0.000000e+00 5.225000e+00 1.195847e+00 8.087558e-01 0.000000e+00 -2.041603e-02
0.000000e+00 5.280000e+00 1.193608e+00 8.062461e-01 0.000000e+00 -2.018992e-02
0.000000e+00 5.335000e+00 1.191289e+00 8.036251e-01 0.000000e+00 -2.008498e-02
0.000000e+00 5.390000e+00 1.188926e+00 8.009351e-01 0.000000e+00 -2.006899e-02
0.000000e+00 5.445000e+00 1.186568e+00 7.982460e-01 0.000000e+00 -2.008494e-02
0.000000e+00 5.500000e+00 1.184277e+00 7.956398e-01 0.000000e+00 -2.006957e-02
0.000000e+00 5.555000e+00 1.182111e+00 7.931947e-01 0.000000e+00 -1.997214e-02
0.000000e+00 5.610000e+00 1.180119e+00 7.909682e-01 0.000000e+00 -1.976677e-02
0.000000e+00 5.665000e+00 1.178318e+00 7.889778e-01 0.000000e+00 -1.945700e-02
0.000000e+00 5.720000e+00 1.176689e+00 7.871881e-01 0.000000e+00 -1.907279e-02
0.000000e+00 5.775000e+00 1.175170e+00 7.855185e-01 0.000000e+00 -1.866064e-02
0.000000e+00 5.830000e+00 1.173682e+00 7.838688e-01 0.000000e+00 -1.827014e-02
0.000000e+00 5.885000e+00 1.172147e+00 7.821498e-01 0.000000e+00 -1.794212e-02
0.000000e+00 5.940000e+00 1.170515e+00 7.803078e-01 0.000000e+00 -1.769948e-02
0.000000e+00 5.995000e+00 1.168771e+00 7.783370e-01 0.000000e+00 -1.754169e-02
0.000000e+00 6.050000e+00 1.166940e+00 7.762760e-01 0.000000e+00 -1.744568e-02
0.000000e+00 6.105000e+00 1.165071e+00 7.741911e-01 0.000000e+00 -1.737463e-02
0.000000e+00 6.160000e+00 1.163228e+00 7.721548e-01 0.000000e+00 -1.729114e-02
0.000000e+00 6.215000e+00 1.161470e+00 7.702287e-01 0.000000e+00 -1.716811e-02
0.000000e+00 6.270000e+00 1.159841e+00 7.684528e-01 0.000000e+00 -1.699307e-02
0.000000e+00 6.325000e+00 1.158363e+00 7.668403e-01 0.000000e+00 -1.676708e-02
0.000000e+00 6.380000e+00 1.157030e+00 7.653749e-01 0.000000e+00 -1.650154e-02
0.000000e+00 6.435000e+00 1.155805e+00 7.640135e-01 0.000000e+00 -1.621552e-02
0.000000e+00 6.490000e+00 1.154629e+00 7.626943e-01 0.000000e+00 -1.593322e-02
0.000000e+00 6.545000e+00 1.153434e+00 7.613499e-01 0.000000e+00 -1.568044e-02
0.000000e+00 6.600000e+00 1.152153e+00 7.599170e-01 0.000000e+00 -1.548108e-02
0.000000e+00 6.655000e+00 1.150733e+00 7.583441e-01 0.000000e+00 -1.535435e-02
0.000000e+00 6.710000e+00 1.149140e+00 7.565989e-01 0.000000e+00 -1.531236e-02
0.000000e+00 6.765000e+00 1.147375e+00 7.546772e-01 0.000000e+00 -1.535695e-02
0.000000e+00 6.820000e+00 1.145475e+00 7.526138e-01 0.000000e+00 -1.547507e-02
0.000000e+00 6.875000e+00 1.143517e+00 7.504848e-01 0.000000e+00 -1.563633e-02
0.000000e+00 6.930000e+00 1.141601e+00 7.483935e-01 0.000000e+00 -1.579725e-02
0.000000e+00 6.985000e+00 1.139828e+00 7.464472e-01 0.000000e+00 -1.591025e-02
0.000000e+00 7.040000e+00 1.138280e+00 7.447382e-01 0.000000e+00 -1.593232e-02
0.000000e+00 7.095000e+00 1.137008e+00 7.433275e-01 0.000000e+00 -1.583332e-02
0.000000e+00 7.150000e+00 1.136017e+00 7.422298e-01 0.000000e+00 -1.560370e-02
0.000000e+00 7.205000e+00 1.135266e+00 7.414044e-01 0.000000e+00 -1.525956e-02
0.000000e+00 7.260000e+00 1.134670e+00 7.407589e-01 0.000000e+00 -1.484068e-02
0.000000e+00 7.315000e+00 1.134121e+00 7.401739e-01 0.000000e+00 -1.439847e-02
0.000000e+00 7.370000e+00 1.133518e+00 7.395331e-01 0.000000e+00 -1.398264e-02
0.000000e+00 7.425000e+00 1.132780e+00 7.387411e-01 0.000000e+00 -1.363413e-02
0.000000e+00 7.480000e+00 1.131855e+00 7.377378e-01 0.000000e+00 -1.338150e-02
0.000000e+00 7.535000e+00 1.130732e+00 7.365095e-01 0.000000e+00 -1.323691e-02
0.000000e+00 7.590000e+00 1.129442e+00 7.350949e-01 0.000000e+00 -1.319231e-02
0.000000e+00 7.645000e+00 1.128056e+00 7.335757e-01 0.000000e+00 -1.322020e-02
0.000000e+00 7.700000e+00 1.126659e+00 7.320504e-01 0.000000e+00 -1.328159e-02
0.000000e+00 7.755000e+00 1.125331e+00 7.306088e-01 0.000000e+00 -1.333538e-02
0.000000e+00 7.810000e+00 1.124131e+00 7.293149e-01 0.000000e+00 -1.334641e-02
0.000000e+00 7.865000e+00 1.123082e+00 7.281904e-01 0.000000e+00 -1.329472e-02
0.000000e+00 7.920000e+00 1.122162e+00 7.272057e-01 0.000000e+00 -1.318269e-02
0.000000e+00 7.975000e+00 1.121311e+00 7.262911e-01 0.000000e+00 -1.303304e-02
0.000000e+00 8.030000e+00 1.120453e+00 7.253628e-01 0.000000e+00 -1.287898e-02
0.000000e+00 8.085000e+00 1.119521e+00 7.243483e-01 0.000000e+00 -1.275420e-02
0.000000e+00 8.140000e+00 1.118476e+00 7.232096e-01 0.000000e+00 -1.268322e-02
0.000000e+00 8.195000e+00 1.117330e+00 7.219641e-01 0.000000e+00 -1.267005e-02
0.000000e+00 8.250000e+00 1.116148e+00 7.206860e-01 0.000000e+00 -1.269283e-02
0.000000e+00 8.305000e+00 1.115025e+00 7.194799e-01 0.000000e+00 -1.271002e-02
0.000000e+00 8.360000e+00 1.114060e+00 7.184490e-01 0.000000e+00 -1.267099e-02
0.000000e+00 8.415000e+00 1.113328e+00 7.176703e-01 0.000000e+00 -1.252737e-02
0.000000e+00 8.470000e+00 1.112851e+00 7.171635e-01 0.000000e+00 -1.225259e-02
0.000000e+00 8.525000e+00 1.112569e+00 7.168594e-01 0.000000e+00 -1.186600e-02
0.000000e+00 8.580000e+00 1.112348e+00 7.166155e-01 0.000000e+00 -1.143277e-02
0.000000e+00 8.635000e+00 1.112028e+00 7.162618e-01 0.000000e+00 -1.104063e-02
0.000000e+00 8.690000e+00 1.111453e+00 7.156356e-01 0.000000e+00 -1.077818e-02
0.000000e+00 8.745000e+00 1.110509e+00 7.146184e-01 0.000000e+00 -1.071346e-02
0.000000e+00 8.800000e+00 1.109178e+00 7.131927e-01 0.000000e+00 -1.086140e-02
0.000000e+00 8.855000e+00 1.107586e+00 7.114943e-01 0.000000e+00 -1.115872e-02
0.000000e+00 8.910000e+00 1.105954e+00 7.097573e-01 0.000000e+00 -1.148792e-02
0.000000e+00 8.965000e+00 1.104525e+00 7.082365e-01 0.000000e+00 -1.171866e-02
0.000000e+00 9.020000e+00 1.103506e+00 7.071493e-01 0.000000e+00 -1.173512e-02
0.000000e+00 9.075000e+00 1.103017e+00 7.066204e-01 0.000000e+00 -1.146642e-02
0.000000e+00 9.130000e+00 1.103018e+00 7.066130e-01 0.000000e+00 -1.092879e-02
0.000000e+00 9.185000e+00 1.103309e+00 7.069150e-01 0.000000e+00 -1.023591e-02
0.000000e+00 9.240000e+00 1.103624e+00 7.072457e-01 0.000000e+00 -9.536148e-03
0.000000e+00 9.295000e+00 1.103710e+00 7.073361e-01 0.000000e+00 -8.975365e-03
0.000000e+00 9.350000e+00 1.103356e+00 7.069602e-01 0.000000e+00 -8.684505e-03
0.000000e+00 9.405000e+00 1.102462e+00 7.060099e-01 0.000000e+00 -8.735743e-03
0.000000e+00 9.460000e+00 1.101144e+00 7.046084e-01 0.000000e+00 -9.067054e-03
0.000000e+00 9.515000e+00 1.099643e+00 7.030108e-01 0.000000e+00 -9.524836e-03
0.000000e+00 9.570000e+00 1.098211e+00 7.014893e-01 0.000000e+00 -9.949805e-03
0.000000e+00 9.625000e+00 1.097068e+00 7.002801e-01 0.000000e+00 -1.020642e-02
0.000000e+00 9.680000e+00 1.096347e+00 6.995247e-01 0.000000e+00 -1.019783e-02
0.000000e+00 9.735000e+00 1.096083e+00 6.992535e-01 0.000000e+00 -9.873422e-03
0.000000e+00 9.790000e+00 1.096140e+00 6.993161e-01 0.000000e+00 -9.297537e-03
0.000000e+00 9.845000e+00 1.096302e+00 6.994744e-01 0.000000e+00 -8.615536e-03
0.000000e+00 9.900000e+00 1.096387e+00 6.995355e-01 0.000000e+00 -7.964588e-03
0.000000e+00 9.955000e+00 1.096119e+00 6.992049e-01 0.000000e+00 -7.590095e-03
0.000000e+00 1.001000e+01 1.101640e+00 7.050500e-01 -0.000000e+00 -2.260000e-03
0.000000e+00 1.006500e+01 1.101640e+00 7.050500e-01 -0.000000e+00 -2.260000e-03
0.000000e+00 1.012000e+01 1.101640e+00 7.050500e-01 -0.000000e+00 -2.260000e-03
0.000000e+00 1.017500e+01 1.101640e+00 7.050500e-01 -0.000000e+00 -2.260000e-03
0.000000e+00 1.023000e+01 1.101640e+00 7.050500e-01 -0.000000e+00 -2.260000e-03
0.000000e+00 1.028500e+01 1.101640e+00 7.050500e-01 -0.000000e+00 -2.260000e-03
0.000000e+00 1.034000e+01 1.101640e+00 7.050500e-01 -0.000000e+00 -2.260000e-03
0.000000e+00 1.039500e+01 1.101640e+00 7.050500e-01 -0.000000e+00 -2.260000e-03
0.000000e+00 1.045000e+01 1.101640e+00 7.050500e-01 -0.000000e+00 -2.260000e-03
0.000000e+00 1.050500e+01 1.101640e+00 7.050500e-01 -0.000000e+00 -2.260000e-03
0.000000e+00 1.056000e+01 1.101640e+00 7.050500e-01 -0.000000e+00 -2.260000e-03
0.000000e+00 1.061500e+01 1.101640e+00 7.050500e-01 -0.000000e+00 -2.260000e-03
0.000000e+00 1.067000e+01 1.101640e+00 7.050500e-01 -0.000000e+00 -2.260000e-03
0.000000e+00 1.072500e+01 1.101640e+00 7.050500e-01 -0.000000e+00 -2.260000e-03
0.000000e+00 1.078000e+01 1.101640e+00 7.050500e-01 -0.000000e+00 -2.260000e-03
0.000000e+00 1.083500e+01 1.101640e+00 7.050500e-01 -0.000000e+00 -2.260000e-03
0.000000e+00 1.089000e+01 1.101640e+00 7.050500e-01 -0.000000e+00 -2.260000e-03
0.000000e+00 1.094500e+01 1.101640e+00 7.050500e-01 -0.000000e+00 -2.260000e-03
0.000000e+00 1.100000e+01 1.101640e+00 7.050500e-01 -0.000000e+00 -2.260000e-03
