#############TIME##################
4.604697e+00 
###################################
0.000000e+00 0.000000e+00 1.209319e+01 4.267839e+01 0.000000e+00 -1.497581e+00
0.000000e+00 5.500000e-02 1.209319e+01 4.267839e+01 0.000000e+00 -1.497581e+00
0.000000e+00 1.100000e-01 1.209298e+01 4.267748e+01 0.000000e+00 -1.497587e+00
0.000000e+00 1.650000e-01 9.263384e+00 2.462095e+01 0.000000e+00 -9.914331e-01
0.000000e+00 2.200000e-01 7.194760e+00 1.611116e+01 0.000000e+00 -8.154968e-01
0.000000e+00 2.750000e-01 5.890438e+00 1.155084e+01 0.000000e+00 -6.744333e-01
0.000000e+00 3.300000e-01 5.026197e+00 8.860941e+00 0.000000e+00 -5.702961e-01
0.000000e+00 3.850000e-01 4.408305e+00 7.132960e+00 0.000000e+00 -4.897793e-01
0.000000e+00 4.400000e-01 3.953779e+00 5.954732e+00 0.000000e+00 -4.261042e-01
0.000000e+00 4.950000e-01 3.605572e+00 5.105888e+00 0.000000e+00 -3.746600e-01
0.000000e+00 5.500000e-01 3.330707e+00 4.473646e+00 0.000000e+00 -3.328978e-01
0.000000e+00 6.050000e-01 3.108633e+00 3.987342e+00 0.000000e+00 -2.980406e-01
0.000000e+00 6.600000e-01 2.925949e+00 3.604010e+00 0.000000e+00 -2.687417e-01
0.000000e+00 7.150000e-01 2.772858e+00 3.295199e+00 0.000000e+00 -2.436061e-01
0.000000e+00 7.700000e-01 2.643174e+00 3.042975e+00 0.000000e+00 -2.215560e-01
0.000000e+00 8.250000e-01 2.532084e+00 2.833922e+00 0.000000e+00 -2.017577e-01
0.000000e+00 8.800000e-01 2.435717e+00 2.657835e+00 0.000000e+00 -1.839222e-01
0.000000e+00 9.350000e-01 2.350942e+00 2.506808e+00 0.000000e+00 -1.680215e-01
0.000000e+00 9.900000e-01 2.275460e+00 2.375020e+00 0.000000e+00 -1.542250e-01
0.000000e+00 1.045000e+00 2.207687e+00 2.258383e+00 0.000000e+00 -1.426170e-01
0.000000e+00 1.100000e+00 2.146874e+00 2.154778e+00 0.000000e+00 -1.329180e-01
0.000000e+00 1.155000e+00 2.092755e+00 2.063471e+00 0.000000e+00 -1.245102e-01
0.000000e+00 1.210000e+00 2.044817e+00 1.983691e+00 0.000000e+00 -1.168665e-01
0.000000e+00 1.265000e+00 2.002036e+00 1.913906e+00 0.000000e+00 -1.097659e-01
0.000000e+00 1.320000e+00 1.963378e+00 1.852417e+00 0.000000e+00 -1.031116e-01
0.000000e+00 1.375000e+00 1.928080e+00 1.797613e+00 0.000000e+00 -9.682582e-02
0.000000e+00 1.430000e+00 1.895430e+00 1.747715e+00 0.000000e+00 -9.095850e-02
0.000000e+00 1.485000e+00 1.864520e+00 1.700705e+00 0.000000e+00 -8.571000e-02
0.000000e+00 1.540000e+00 1.834736e+00 1.655345e+00 0.000000e+00 -8.114694e-02
0.000000e+00 1.595000e+00 1.806595e+00 1.612496e+00 0.000000e+00 -7.694033e-02
0.000000e+00 1.650000e+00 1.781203e+00 1.574047e+00 0.000000e+00 -7.270923e-02
0.000000e+00 1.705000e+00 1.758948e+00 1.540838e+00 0.000000e+00 -6.851120e-02
0.000000e+00 1.760000e+00 1.738993e+00 1.511741e+00 0.000000e+00 -6.464948e-02
0.000000e+00 1.815000e+00 1.719409e+00 1.483835e+00 0.000000e+00 -6.154227e-02
0.000000e+00 1.870000e+00 1.698895e+00 1.454970e+00 0.000000e+00 -5.931185e-02
0.000000e+00 1.925000e+00 1.678710e+00 1.426611e+00 0.000000e+00 -5.754524e-02
0.000000e+00 1.980000e+00 1.661170e+00 1.401768e+00 0.000000e+00 -5.546122e-02
0.000000e+00 2.035000e+00 1.646650e+00 1.380915e+00 0.000000e+00 -5.254079e-02
0.000000e+00 2.090000e+00 1.633318e+00 1.361708e+00 0.000000e+00 -4.930193e-02
0.000000e+00 2.145000e+00 1.619113e+00 1.341575e+00 0.000000e+00 -4.671753e-02
0.000000e+00 2.200000e+00 1.604359e+00 1.321105e+00 0.000000e+00 -4.514867e-02
0.000000e+00 2.255000e+00 1.591036e+00 1.303024e+00 0.000000e+00 -4.384683e-02
0.000000e+00 2.310000e+00 1.579851e+00 1.288124e+00 0.000000e+00 -4.184841e-02
0.000000e+00 2.365000e+00 1.569711e+00 1.274683e+00 0.000000e+00 -3.943006e-02
0.000000e+00 2.420000e+00 1.558652e+00 1.259881e+00 0.000000e+00 -3.758303e-02
0.000000e+00 2.475000e+00 1.546422e+00 1.243304e+00 0.000000e+00 -3.653310e-02
0.000000e+00 2.530000e+00 1.534194e+00 1.226607e+00 0.000000e+00 -3.572404e-02
0.000000e+00 2.585000e+00 1.523059e+00 1.211387e+00 0.000000e+00 -3.499922e-02
0.000000e+00 2.640000e+00 1.513525e+00 1.198492e+00 0.000000e+00 -3.468886e-02
0.000000e+00 2.695000e+00 1.505223e+00 1.187500e+00 0.000000e+00 -3.428132e-02
0.000000e+00 2.750000e+00 1.497005e+00 1.176870e+00 0.000000e+00 -3.319710e-02
0.000000e+00 2.805000e+00 1.488381e+00 1.165858e+00 0.000000e+00 -3.182714e-02
0.000000e+00 2.860000e+00 1.480243e+00 1.155435e+00 0.000000e+00 -3.127015e-02
0.000000e+00 2.915000e+00 1.472771e+00 1.145684e+00 0.000000e+00 -3.148177e-02
0.000000e+00 2.970000e+00 1.465595e+00 1.136170e+00 0.000000e+00 -3.048882e-02
0.000000e+00 3.025000e+00 1.460072e+00 1.128671e+00 0.000000e+00 -2.803248e-02
0.000000e+00 3.080000e+00 1.456609e+00 1.123905e+00 0.000000e+00 -2.539808e-02
0.000000e+00 3.135000e+00 1.454133e+00 1.120689e+00 0.000000e+00 -2.402424e-02
0.000000e+00 3.190000e+00 1.449220e+00 1.114493e+00 0.000000e+00 -2.258996e-02
0.000000e+00 3.245000e+00 1.441180e+00 1.104383e+00 0.000000e+00 -2.196524e-02
0.000000e+00 3.300000e+00 1.432863e+00 1.093929e+00 0.000000e+00 -2.242885e-02
0.000000e+00 3.355000e+00 1.426278e+00 1.085629e+00 0.000000e+00 -2.414033e-02
0.000000e+00 3.410000e+00 1.418493e+00 1.075727e+00 0.000000e+00 -2.500800e-02
0.000000e+00 3.465000e+00 1.410203e+00 1.065085e+00 0.000000e+00 -2.458796e-02
0.000000e+00 3.520000e+00 1.404717e+00 1.057953e+00 0.000000e+00 -2.589628e-02
0.000000e+00 3.575000e+00 1.401184e+00 1.053308e+00 0.000000e+00 -2.901198e-02
0.000000e+00 3.630000e+00 1.388969e+00 1.038008e+00 0.000000e+00 -2.414994e-02
0.000000e+00 3.685000e+00 1.376199e+00 1.022308e+00 0.000000e+00 -3.052288e-02
0.000000e+00 3.740000e+00 1.368613e+00 1.013072e+00 0.000000e+00 -5.083331e-02
0.000000e+00 3.795000e+00 1.329706e+00 9.655786e-01 0.000000e+00 -5.485834e-02
0.000000e+00 3.850000e+00 1.287648e+00 9.150882e-01 0.000000e+00 -9.608961e-02
0.000000e+00 3.905000e+00 1.225024e+00 8.417550e-01 0.000000e+00 -1.434696e-01
0.000000e+00 3.960000e+00 1.195486e+00 8.080032e-01 0.000000e+00 -1.642148e-01
0.000000e+00 4.015000e+00 1.184649e+00 7.957993e-01 0.000000e+00 -1.687764e-01
0.000000e+00 4.070000e+00 1.177987e+00 7.883521e-01 0.000000e+00 -1.697272e-01
0.000000e+00 4.125000e+00 1.172427e+00 7.821614e-01 0.000000e+00 -1.696208e-01
0.000000e+00 4.180000e+00 1.167387e+00 7.765655e-01 0.000000e+00 -1.692391e-01
0.000000e+00 4.235000e+00 1.162753e+00 7.714341e-01 0.000000e+00 -1.686232e-01
0.000000e+00 4.290000e+00 1.158500e+00 7.667379e-01 0.000000e+00 -1.677933e-01
0.000000e+00 4.345000e+00 1.154589e+00 7.624277e-01 0.000000e+00 -1.667852e-01
0.000000e+00 4.400000e+00 1.150979e+00 7.584589e-01 0.000000e+00 -1.656341e-01
0.000000e+00 4.455000e+00 1.147644e+00 7.548000e-01 0.000000e+00 -1.643630e-01
0.000000e+00 4.510000e+00 1.144559e+00 7.514218e-01 0.000000e+00 -1.629850e-01
0.000000e+00 4.565000e+00 1.141695e+00 7.482900e-01 0.000000e+00 -1.615059e-01
0.000000e+00 4.620000e+00 1.139020e+00 7.453704e-01 0.000000e+00 -1.599294e-01
0.000000e+00 4.675000e+00 1.136515e+00 7.426405e-01 0.000000e+00 -1.582650e-01
0.000000e+00 4.730000e+00 1.134183e+00 7.401031e-01 0.000000e+00 -1.565401e-01
0.000000e+00 4.785000e+00 1.132054e+00 7.377888e-01 0.000000e+00 -1.548032e-01
0.000000e+00 4.840000e+00 1.130169e+00 7.357427e-01 0.000000e+00 -1.531124e-01
0.000000e+00 4.895000e+00 1.128554e+00 7.339905e-01 0.000000e+00 -1.515074e-01
0.000000e+00 4.950000e+00 1.127177e+00 7.324988e-01 0.000000e+00 -1.499759e-01
0.000000e+00 5.005000e+00 1.125938e+00 7.311577e-01 0.000000e+00 -1.484388e-01
0.000000e+00 5.060000e+00 1.124696e+00 7.298142e-01 0.000000e+00 -1.467800e-01
0.000000e+00 5.115000e+00 1.123333e+00 7.283403e-01 0.000000e+00 -1.449036e-01
0.000000e+00 5.170000e+00 1.121808e+00 7.266933e-01 0.000000e+00 -1.427858e-01
0.000000e+00 5.225000e+00 1.120169e+00 7.249252e-01 0.000000e+00 -1.404827e-01
0.000000e+00 5.280000e+00 1.118515e+00 7.231420e-01 0.000000e+00 -1.380949e-01
0.000000e+00 5.335000e+00 1.116942e+00 7.214470e-01 0.000000e+00 -1.357195e-01
0.000000e+00 5.390000e+00 1.115500e+00 7.198963e-01 0.000000e+00 -1.334125e-01
0.000000e+00 5.445000e+00 1.114186e+00 7.184832e-01 0.000000e+00 -1.311760e-01
0.000000e+00 5.500000e+00 1.112953e+00 7.171588e-01 0.000000e+00 -1.289757e-01
0.000000e+00 5.555000e+00 1.111755e+00 7.158718e-01 0.000000e+00 -1.267758e-01
0.000000e+00 5.610000e+00 1.110569e+00 7.145994e-01 0.000000e+00 -1.245637e-01
0.000000e+00 5.665000e+00 1.109404e+00 7.133515e-01 0.000000e+00 -1.223531e-01
0.000000e+00 5.720000e+00 1.108287e+00 7.121540e-01 0.000000e+00 -1.201682e-01
0.000000e+00 5.775000e+00 1.107236e+00 7.110294e-01 0.000000e+00 -1.180280e-01
0.000000e+00 5.830000e+00 1.106262e+00 7.099865e-01 0.000000e+00 -1.159393e-01
0.000000e+00 5.885000e+00 1.105359e+00 7.090214e-01 0.000000e+00 -1.138992e-01
0.000000e+00 5.940000e+00 1.104517e+00 7.081219e-01 0.000000e+00 -1.119003e-01
0.000000e+00 5.995000e+00 1.103722e+00 7.072719e-01 0.000000e+00 -1.099347e-01
0.000000e+00 6.050000e+00 1.102956e+00 7.064540e-01 0.000000e+00 -1.079950e-01
0.000000e+00 6.105000e+00 1.102206e+00 7.056534e-01 0.000000e+00 -1.060750e-01
0.000000e+00 6.160000e+00 1.101463e+00 7.048609e-01 0.000000e+00 -1.041714e-01
0.000000e+00 6.215000e+00 1.100727e+00 7.040758e-01 0.000000e+00 -1.022855e-01
0.000000e+00 6.270000e+00 1.100002e+00 7.033040e-01 0.000000e+00 -1.004220e-01
0.000000e+00 6.325000e+00 1.099299e+00 7.025548e-01 0.000000e+00 -9.858694e-02
0.000000e+00 6.380000e+00 1.098625e+00 7.018364e-01 0.000000e+00 -9.678503e-02
0.000000e+00 6.435000e+00 1.097983e+00 7.011535e-01 0.000000e+00 -9.501877e-02
0.000000e+00 6.490000e+00 1.097375e+00 7.005067e-01 0.000000e+00 -9.328825e-02
0.000000e+00 6.545000e+00 1.096798e+00 6.998926e-01 0.000000e+00 -9.159183e-02
0.000000e+00 6.600000e+00 1.096246e+00 6.993053e-01 0.000000e+00 -8.992687e-02
0.000000e+00 6.655000e+00 1.095712e+00 6.987381e-01 0.000000e+00 -8.829053e-02
0.000000e+00 6.710000e+00 1.095191e+00 6.981849e-01 0.000000e+00 -8.668042e-02
0.000000e+00 6.765000e+00 1.094680e+00 6.976414e-01 0.000000e+00 -8.509507e-02
0.000000e+00 6.820000e+00 1.094175e+00 6.971055e-01 0.000000e+00 -8.353385e-02
0.000000e+00 6.875000e+00 1.093677e+00 6.965765e-01 0.000000e+00 -8.199674e-02
0.000000e+00 6.930000e+00 1.093186e+00 6.960551e-01 0.000000e+00 -8.048409e-02
0.000000e+00 6.985000e+00 1.092703e+00 6.955428e-01 0.000000e+00 -7.899644e-02
0.000000e+00 7.040000e+00 1.092230e+00 6.950412e-01 0.000000e+00 -7.753434e-02
0.000000e+00 7.095000e+00 1.091769e+00 6.945520e-01 0.000000e+00 -7.609816e-02
0.000000e+00 7.150000e+00 1.091320e+00 6.940761e-01 0.000000e+00 -7.468799e-02
0.000000e+00 7.205000e+00 1.090884e+00 6.936139e-01 0.000000e+00 -7.330358e-02
0.000000e+00 7.260000e+00 1.090460e+00 6.931651e-01 0.000000e+00 -7.194445e-02
0.000000e+00 7.315000e+00 1.090048e+00 6.927291e-01 0.000000e+00 -7.061001e-02
0.000000e+00 7.370000e+00 1.089648e+00 6.923050e-01 0.000000e+00 -6.929959e-02
0.000000e+00 7.425000e+00 1.089258e+00 6.918919e-01 0.000000e+00 -6.801253e-02
0.000000e+00 7.480000e+00 1.088877e+00 6.914888e-01 0.000000e+00 -6.674820e-02
0.000000e+00 7.535000e+00 1.088505e+00 6.910949e-01 0.000000e+00 -6.550599e-02
0.000000e+00 7.590000e+00 1.088141e+00 6.907094e-01 0.000000e+00 -6.428535e-02
0.000000e+00 7.645000e+00 1.087783e+00 6.903316e-01 0.000000e+00 -6.308578e-02
0.000000e+00 7.700000e+00 1.087433e+00 6.899610e-01 0.000000e+00 -6.190683e-02
0.000000e+00 7.755000e+00 1.087089e+00 6.895972e-01 0.000000e+00 -6.074806e-02
0.000000e+00 7.810000e+00 1.086751e+00 6.892399e-01 0.000000e+00 -5.960909e-02
0.000000e+00 7.865000e+00 1.086418e+00 6.888886e-01 0.000000e+00 -5.848950e-02
0.000000e+00 7.920000e+00 1.086092e+00 6.885431e-01 0.000000e+00 -5.738891e-02
0.000000e+00 7.975000e+00 1.085770e+00 6.882032e-01 0.000000e+00 -5.630693e-02
0.000000e+00 8.030000e+00 1.085453e+00 6.878686e-01 0.000000e+00 -5.524317e-02
0.000000e+00 8.085000e+00 1.085141e+00 6.875391e-01 0.000000e+00 -5.419722e-02
0.000000e+00 8.140000e+00 1.084834e+00 6.872144e-01 0.000000e+00 -5.316868e-02
0.000000e+00 8.195000e+00 1.084530e+00 6.868943e-01 0.000000e+00 -5.215717e-02
0.000000e+00 8.250000e+00 1.084231e+00 6.865786e-01 0.000000e+00 -5.116235e-02
0.000000e+00 8.305000e+00 1.083936e+00 6.862674e-01 0.000000e+00 -5.018390e-02
0.000000e+00 8.360000e+00 1.083645e+00 6.859603e-01 0.000000e+00 -4.922148e-02
0.000000e+00 8.415000e+00 1.083358e+00 6.856574e-01 0.000000e+00 -4.827474e-02
0.000000e+00 8.470000e+00 1.083075e+00 6.853585e-01 0.000000e+00 -4.734328e-02
0.000000e+00 8.525000e+00 1.082795e+00 6.850632e-01 0.000000e+00 -4.642671e-02
0.000000e+00 8.580000e+00 1.082518e+00 6.847716e-01 0.000000e+00 -4.552463e-02
0.000000e+00 8.635000e+00 1.082245e+00 6.844834e-01 0.000000e+00 -4.463673e-02
0.000000e+00 8.690000e+00 1.081975e+00 6.841986e-01 0.000000e+00 -4.376266e-02
0.000000e+00 8.745000e+00 1.081708e+00 6.839172e-01 0.000000e+00 -4.290210e-02
0.000000e+00 8.800000e+00 1.081444e+00 6.836390e-01 0.000000e+00 -4.205467e-02
0.000000e+00 8.855000e+00 1.081182e+00 6.833640e-01 0.000000e+00 -4.121992e-02
0.000000e+00 8.910000e+00 1.080924e+00 6.830919e-01 0.000000e+00 -4.039739e-02
0.000000e+00 8.965000e+00 1.080669e+00 6.828226e-01 0.000000e+00 -3.958656e-02
0.000000e+00 9.020000e+00 1.080415e+00 6.825561e-01 0.000000e+00 -3.878688e-02
0.000000e+00 9.075000e+00 1.080165e+00 6.822922e-01 0.000000e+00 -3.799774e-02
0.000000e+00 9.130000e+00 1.079916e+00 6.820309e-01 0.000000e+00 -3.721861e-02
0.000000e+00 9.185000e+00 1.079671e+00 6.817721e-01 0.000000e+00 -3.644882e-02
0.000000e+00 9.240000e+00 1.079427e+00 6.815158e-01 0.000000e+00 -3.568767e-02
0.000000e+00 9.295000e+00 1.079186e+00 6.812620e-01 0.000000e+00 -3.493381e-02
0.000000e+00 9.350000e+00 1.078947e+00 6.810103e-01 0.000000e+00 -3.418604e-02
0.000000e+00 9.405000e+00 1.078709e+00 6.807611e-01 0.000000e+00 -3.344272e-02
0.000000e+00 9.460000e+00 1.078474e+00 6.805133e-01 0.000000e+00 -3.270466e-02
0.000000e+00 9.515000e+00 1.078241e+00 6.802685e-01 0.000000e+00 -3.197101e-02
0.000000e+00 9.570000e+00 1.078009e+00 6.800235e-01 0.000000e+00 -3.124366e-02
0.000000e+00 9.625000e+00 1.077781e+00 6.797834e-01 0.000000e+00 -3.051312e-02
0.000000e+00 9.680000e+00 1.077548e+00 6.795389e-01 0.000000e+00 -2.977912e-02
0.000000e+00 9.735000e+00 1.077325e+00 6.793056e-01 0.000000e+00 -2.902313e-02
0.000000e+00 9.790000e+00 1.077085e+00 6.790562e-01 0.000000e+00 -2.828149e-02
0.000000e+00 9.845000e+00 1.076873e+00 6.788383e-01 0.000000e+00 -2.754585e-02
0.000000e+00 9.900000e+00 1.076605e+00 6.785681e-01 0.000000e+00 -2.694198e-02
0.000000e+00 9.955000e+00 1.076448e+00 6.784232e-01 0.000000e+00 -2.635736e-02
0.000000e+00 1.001000e+01 1.101640e+00 7.050500e-01 -0.000000e+00 -2.260000e-03
0.000000e+00 1.006500e+01 1.101640e+00 7.050500e-01 -0.000000e+00 -2.260000e-03
0.000000e+00 1.012000e+01 1.101640e+00 7.050500e-01 -0.000000e+00 -2.260000e-03
0.000000e+00 1.017500e+01 1.101640e+00 7.050500e-01 -0.000000e+00 -2.260000e-03
0.000000e+00 1.023000e+01 1.101640e+00 7.050500e-01 -0.000000e+00 -2.260000e-03
0.000000e+00 1.028500e+01 1.101640e+00 7.050500e-01 -0.000000e+00 -2.260000e-03
0.000000e+00 1.034000e+01 1.101640e+00 7.050500e-01 -0.000000e+00 -2.260000e-03
0.000000e+00 1.039500e+01 1.101640e+00 7.050500e-01 -0.000000e+00 -2.260000e-03
0.000000e+00 1.045000e+01 1.101640e+00 7.050500e-01 -0.000000e+00 -2.260000e-03
0.000000e+00 1.050500e+01 1.101640e+00 7.050500e-01 -0.000000e+00 -2.260000e-03
0.000000e+00 1.056000e+01 1.101640e+00 7.050500e-01 -0.000000e+00 -2.260000e-03
0.000000e+00 1.061500e+01 1.101640e+00 7.050500e-01 -0.000000e+00 -2.260000e-03
0.000000e+00 1.067000e+01 1.101640e+00 7.050500e-01 -0.000000e+00 -2.260000e-03
0.000000e+00 1.072500e+01 1.101640e+00 7.050500e-01 -0.000000e+00 -2.260000e-03
0.000000e+00 1.078000e+01 1.101640e+00 7.050500e-01 -0.000000e+00 -2.260000e-03
0.000000e+00 1.083500e+01 1.101640e+00 7.050500e-01 -0.000000e+00 -2.260000e-03
0.000000e+00 1.089000e+01 1.101640e+00 7.050500e-01 -0.000000e+00 -2.260000e-03
0.000000e+00 1.094500e+01 1.101640e+00 7.050500e-01 -0.000000e+00 -2.260000e-03
0.000000e+00 1.100000e+01 1.101640e+00 7.050500e-01 -0.000000e+00 -2.260000e-03
