#############TIME##################
2.720253e+01 
###################################
0.000000e+00 0.000000e+00 1.189290e+01 4.139443e+01 0.000000e+00 -1.502772e+00
0.000000e+00 5.500000e-02 1.189290e+01 4.139443e+01 0.000000e+00 -1.502772e+00
0.000000e+00 1.100000e-01 1.189281e+01 4.139390e+01 0.000000e+00 -1.502772e+00
0.000000e+00 1.650000e-01 9.069479e+00 2.368677e+01 0.000000e+00 -9.995134e-01
0.000000e+00 2.200000e-01 7.006454e+00 1.536796e+01 0.000000e+00 -8.259925e-01
0.000000e+00 2.750000e-01 5.713776e+00 1.093875e+01 0.000000e+00 -6.863768e-01
0.000000e+00 3.300000e-01 4.855527e+00 8.336103e+00 0.000000e+00 -5.827082e-01
0.000000e+00 3.850000e-01 4.242838e+00 6.673324e+00 0.000000e+00 -5.015084e-01
0.000000e+00 4.400000e-01 3.791967e+00 5.546723e+00 0.000000e+00 -4.358325e-01
0.000000e+00 4.950000e-01 3.444694e+00 4.739123e+00 0.000000e+00 -3.816952e-01
0.000000e+00 5.500000e-01 3.169029e+00 4.138850e+00 0.000000e+00 -3.373974e-01
0.000000e+00 6.050000e-01 2.946404e+00 3.677341e+00 0.000000e+00 -3.005528e-01
0.000000e+00 6.600000e-01 2.764956e+00 3.313938e+00 0.000000e+00 -2.698261e-01
0.000000e+00 7.150000e-01 2.615013e+00 3.021231e+00 0.000000e+00 -2.438926e-01
0.000000e+00 7.700000e-01 2.489420e+00 2.781433e+00 0.000000e+00 -2.219298e-01
0.000000e+00 8.250000e-01 2.382387e+00 2.581747e+00 0.000000e+00 -2.031172e-01
0.000000e+00 8.800000e-01 2.289716e+00 2.413301e+00 0.000000e+00 -1.868488e-01
0.000000e+00 9.350000e-01 2.208454e+00 2.269541e+00 0.000000e+00 -1.725998e-01
0.000000e+00 9.900000e-01 2.136638e+00 2.145673e+00 0.000000e+00 -1.600045e-01
0.000000e+00 1.045000e+00 2.072778e+00 2.037993e+00 0.000000e+00 -1.487830e-01
0.000000e+00 1.100000e+00 2.015665e+00 1.943618e+00 0.000000e+00 -1.387412e-01
0.000000e+00 1.155000e+00 1.964261e+00 1.860246e+00 0.000000e+00 -1.297270e-01
0.000000e+00 1.210000e+00 1.917709e+00 1.786062e+00 0.000000e+00 -1.216174e-01
0.000000e+00 1.265000e+00 1.875327e+00 1.719644e+00 0.000000e+00 -1.142974e-01
0.000000e+00 1.320000e+00 1.836589e+00 1.659885e+00 0.000000e+00 -1.076587e-01
0.000000e+00 1.375000e+00 1.801092e+00 1.605902e+00 0.000000e+00 -1.016016e-01
0.000000e+00 1.430000e+00 1.768513e+00 1.556958e+00 0.000000e+00 -9.604138e-02
0.000000e+00 1.485000e+00 1.738555e+00 1.512411e+00 0.000000e+00 -9.090793e-02
0.000000e+00 1.540000e+00 1.710917e+00 1.471703e+00 0.000000e+00 -8.614257e-02
0.000000e+00 1.595000e+00 1.685271e+00 1.434355e+00 0.000000e+00 -8.169509e-02
0.000000e+00 1.650000e+00 1.661307e+00 1.399971e+00 0.000000e+00 -7.752539e-02
0.000000e+00 1.705000e+00 1.638794e+00 1.368225e+00 0.000000e+00 -7.360373e-02
0.000000e+00 1.760000e+00 1.617614e+00 1.338849e+00 0.000000e+00 -6.990399e-02
0.000000e+00 1.815000e+00 1.597715e+00 1.311605e+00 0.000000e+00 -6.640032e-02
0.000000e+00 1.870000e+00 1.579039e+00 1.286277e+00 0.000000e+00 -6.307419e-02
0.000000e+00 1.925000e+00 1.561501e+00 1.262668e+00 0.000000e+00 -5.991893e-02
0.000000e+00 1.980000e+00 1.545008e+00 1.240606e+00 0.000000e+00 -5.693549e-02
0.000000e+00 2.035000e+00 1.529473e+00 1.219943e+00 0.000000e+00 -5.412716e-02
0.000000e+00 2.090000e+00 1.514825e+00 1.200549e+00 0.000000e+00 -5.149716e-02
0.000000e+00 2.145000e+00 1.500999e+00 1.182311e+00 0.000000e+00 -4.904728e-02
0.000000e+00 2.200000e+00 1.487932e+00 1.165129e+00 0.000000e+00 -4.677638e-02
0.000000e+00 2.255000e+00 1.475562e+00 1.148914e+00 0.000000e+00 -4.467884e-02
0.000000e+00 2.310000e+00 1.463824e+00 1.133588e+00 0.000000e+00 -4.274400e-02
0.000000e+00 2.365000e+00 1.452658e+00 1.119082e+00 0.000000e+00 -4.095661e-02
0.000000e+00 2.420000e+00 1.442009e+00 1.105333e+00 0.000000e+00 -3.929805e-02
0.000000e+00 2.475000e+00 1.431826e+00 1.092287e+00 0.000000e+00 -3.774799e-02
0.000000e+00 2.530000e+00 1.422068e+00 1.079893e+00 0.000000e+00 -3.628615e-02
0.000000e+00 2.585000e+00 1.412706e+00 1.068101e+00 0.000000e+00 -3.489402e-02
0.000000e+00 2.640000e+00 1.403719e+00 1.056871e+00 0.000000e+00 -3.355657e-02
0.000000e+00 2.695000e+00 1.395099e+00 1.046164e+00 0.000000e+00 -3.226389e-02
0.000000e+00 2.750000e+00 1.386843e+00 1.035947e+00 0.000000e+00 -3.101222e-02
0.000000e+00 2.805000e+00 1.378949e+00 1.026190e+00 0.000000e+00 -2.980386e-02
0.000000e+00 2.860000e+00 1.371408e+00 1.016864e+00 0.000000e+00 -2.864539e-02
0.000000e+00 2.915000e+00 1.364205e+00 1.007938e+00 0.000000e+00 -2.754409e-02
0.000000e+00 2.970000e+00 1.357313e+00 9.993847e-01 0.000000e+00 -2.650402e-02
0.000000e+00 3.025000e+00 1.350701e+00 9.911776e-01 0.000000e+00 -2.552338e-02
0.000000e+00 3.080000e+00 1.344337e+00 9.832981e-01 0.000000e+00 -2.459480e-02
0.000000e+00 3.135000e+00 1.338192e+00 9.757320e-01 0.000000e+00 -2.370833e-02
0.000000e+00 3.190000e+00 1.332244e+00 9.684660e-01 0.000000e+00 -2.285544e-02
0.000000e+00 3.245000e+00 1.326474e+00 9.614839e-01 0.000000e+00 -2.203148e-02
0.000000e+00 3.300000e+00 1.320874e+00 9.547661e-01 0.000000e+00 -2.123539e-02
0.000000e+00 3.355000e+00 1.315441e+00 9.482932e-01 0.000000e+00 -2.046733e-02
0.000000e+00 3.410000e+00 1.310183e+00 9.420502e-01 0.000000e+00 -1.972670e-02
0.000000e+00 3.465000e+00 1.305112e+00 9.360285e-01 0.000000e+00 -1.901221e-02
0.000000e+00 3.520000e+00 1.300239e+00 9.302226e-01 0.000000e+00 -1.832371e-02
0.000000e+00 3.575000e+00 1.295563e+00 9.246252e-01 0.000000e+00 -1.766350e-02
0.000000e+00 3.630000e+00 1.291070e+00 9.192233e-01 0.000000e+00 -1.703519e-02
0.000000e+00 3.685000e+00 1.286735e+00 9.140007e-01 0.000000e+00 -1.644032e-02
0.000000e+00 3.740000e+00 1.282527e+00 9.089421e-01 0.000000e+00 -1.587555e-02
0.000000e+00 3.795000e+00 1.278423e+00 9.040386e-01 0.000000e+00 -1.533298e-02
0.000000e+00 3.850000e+00 1.274412e+00 8.992876e-01 0.000000e+00 -1.480420e-02
0.000000e+00 3.905000e+00 1.270491e+00 8.946889e-01 0.000000e+00 -1.428512e-02
0.000000e+00 3.960000e+00 1.266668e+00 8.902396e-01 0.000000e+00 -1.377824e-02
0.000000e+00 4.015000e+00 1.262950e+00 8.859314e-01 0.000000e+00 -1.329037e-02
0.000000e+00 4.070000e+00 1.259343e+00 8.817521e-01 0.000000e+00 -1.282749e-02
0.000000e+00 4.125000e+00 1.255852e+00 8.776900e-01 0.000000e+00 -1.239032e-02
0.000000e+00 4.180000e+00 1.252474e+00 8.737374e-01 0.000000e+00 -1.197364e-02
0.000000e+00 4.235000e+00 1.249203e+00 8.698919e-01 0.000000e+00 -1.156939e-02
0.000000e+00 4.290000e+00 1.246030e+00 8.661543e-01 0.000000e+00 -1.117106e-02
0.000000e+00 4.345000e+00 1.242938e+00 8.625247e-01 0.000000e+00 -1.077615e-02
0.000000e+00 4.400000e+00 1.239915e+00 8.590006e-01 0.000000e+00 -1.038587e-02
0.000000e+00 4.455000e+00 1.236948e+00 8.555760e-01 0.000000e+00 -1.000288e-02
0.000000e+00 4.510000e+00 1.234036e+00 8.522429e-01 0.000000e+00 -9.629620e-03
0.000000e+00 4.565000e+00 1.231183e+00 8.489943e-01 0.000000e+00 -9.268418e-03
0.000000e+00 4.620000e+00 1.228399e+00 8.458256e-01 0.000000e+00 -8.922601e-03
0.000000e+00 4.675000e+00 1.225696e+00 8.427350e-01 0.000000e+00 -8.596708e-03
0.000000e+00 4.730000e+00 1.223078e+00 8.397221e-01 0.000000e+00 -8.294440e-03
0.000000e+00 4.785000e+00 1.220542e+00 8.367863e-01 0.000000e+00 -8.015160e-03
0.000000e+00 4.840000e+00 1.218076e+00 8.339257e-01 0.000000e+00 -7.751567e-03
0.000000e+00 4.895000e+00 1.215665e+00 8.311374e-01 0.000000e+00 -7.490991e-03
0.000000e+00 4.950000e+00 1.213295e+00 8.284187e-01 0.000000e+00 -7.220555e-03
0.000000e+00 5.005000e+00 1.210960e+00 8.257679e-01 0.000000e+00 -6.933546e-03
0.000000e+00 5.060000e+00 1.208663e+00 8.231841e-01 0.000000e+00 -6.633057e-03
0.000000e+00 5.115000e+00 1.206413e+00 8.206658e-01 0.000000e+00 -6.330439e-03
0.000000e+00 5.170000e+00 1.204220e+00 8.182095e-01 0.000000e+00 -6.039397e-03
0.000000e+00 5.225000e+00 1.202090e+00 8.158100e-01 0.000000e+00 -5.769397e-03
0.000000e+00 5.280000e+00 1.200023e+00 8.134619e-01 0.000000e+00 -5.522287e-03
0.000000e+00 5.335000e+00 1.198014e+00 8.111619e-01 0.000000e+00 -5.293544e-03
0.000000e+00 5.390000e+00 1.196052e+00 8.089095e-01 0.000000e+00 -5.076339e-03
0.000000e+00 5.445000e+00 1.194129e+00 8.067061e-01 0.000000e+00 -4.865143e-03
0.000000e+00 5.500000e+00 1.192234e+00 8.045518e-01 0.000000e+00 -4.656811e-03
0.000000e+00 5.555000e+00 1.190360e+00 8.024439e-01 0.000000e+00 -4.449640e-03
0.000000e+00 5.610000e+00 1.188505e+00 8.003771e-01 0.000000e+00 -4.242549e-03
0.000000e+00 5.665000e+00 1.186672e+00 7.983464e-01 0.000000e+00 -4.035848e-03
0.000000e+00 5.720000e+00 1.184872e+00 7.963508e-01 0.000000e+00 -3.832871e-03
0.000000e+00 5.775000e+00 1.183116e+00 7.943936e-01 0.000000e+00 -3.640167e-03
0.000000e+00 5.830000e+00 1.181413e+00 7.924799e-01 0.000000e+00 -3.464744e-03
0.000000e+00 5.885000e+00 1.179764e+00 7.906116e-01 0.000000e+00 -3.309361e-03
0.000000e+00 5.940000e+00 1.178156e+00 7.887853e-01 0.000000e+00 -3.169114e-03
0.000000e+00 5.995000e+00 1.176575e+00 7.869928e-01 0.000000e+00 -3.032355e-03
0.000000e+00 6.050000e+00 1.175005e+00 7.852272e-01 0.000000e+00 -2.886292e-03
0.000000e+00 6.105000e+00 1.173442e+00 7.834877e-01 0.000000e+00 -2.724115e-03
0.000000e+00 6.160000e+00 1.171893e+00 7.817804e-01 0.000000e+00 -2.548956e-03
0.000000e+00 6.215000e+00 1.170374e+00 7.801136e-01 0.000000e+00 -2.371846e-03
0.000000e+00 6.270000e+00 1.168897e+00 7.784918e-01 0.000000e+00 -2.204808e-03
0.000000e+00 6.325000e+00 1.167466e+00 7.769113e-01 0.000000e+00 -2.053657e-03
0.000000e+00 6.380000e+00 1.166075e+00 7.753619e-01 0.000000e+00 -1.915515e-03
0.000000e+00 6.435000e+00 1.164713e+00 7.738320e-01 0.000000e+00 -1.782803e-03
0.000000e+00 6.490000e+00 1.163368e+00 7.723150e-01 0.000000e+00 -1.650592e-03
0.000000e+00 6.545000e+00 1.162030e+00 7.708103e-01 0.000000e+00 -1.521425e-03
0.000000e+00 6.600000e+00 1.160697e+00 7.693227e-01 0.000000e+00 -1.403515e-03
0.000000e+00 6.655000e+00 1.159371e+00 7.678579e-01 0.000000e+00 -1.303437e-03
0.000000e+00 6.710000e+00 1.158058e+00 7.664206e-01 0.000000e+00 -1.219055e-03
0.000000e+00 6.765000e+00 1.156766e+00 7.650126e-01 0.000000e+00 -1.138715e-03
0.000000e+00 6.820000e+00 1.155502e+00 7.636336e-01 0.000000e+00 -1.048095e-03
0.000000e+00 6.875000e+00 1.154269e+00 7.622813e-01 0.000000e+00 -9.400404e-04
0.000000e+00 6.930000e+00 1.153068e+00 7.609526e-01 0.000000e+00 -8.200709e-04
0.000000e+00 6.985000e+00 1.151894e+00 7.596442e-01 0.000000e+00 -7.034146e-04
0.000000e+00 7.040000e+00 1.150738e+00 7.583529e-01 0.000000e+00 -6.059243e-04
0.000000e+00 7.095000e+00 1.149591e+00 7.570756e-01 0.000000e+00 -5.355054e-04
0.000000e+00 7.150000e+00 1.148445e+00 7.558079e-01 0.000000e+00 -4.895936e-04
0.000000e+00 7.205000e+00 1.147292e+00 7.545448e-01 0.000000e+00 -4.591014e-04
0.000000e+00 7.260000e+00 1.146132e+00 7.532834e-01 0.000000e+00 -4.345407e-04
0.000000e+00 7.315000e+00 1.144972e+00 7.520269e-01 0.000000e+00 -4.093851e-04
0.000000e+00 7.370000e+00 1.143830e+00 7.507872e-01 0.000000e+00 -3.793529e-04
0.000000e+00 7.425000e+00 1.142725e+00 7.495818e-01 0.000000e+00 -3.405926e-04
0.000000e+00 7.480000e+00 1.141672e+00 7.484244e-01 0.000000e+00 -2.906747e-04
0.000000e+00 7.535000e+00 1.140667e+00 7.473133e-01 0.000000e+00 -2.330499e-04
0.000000e+00 7.590000e+00 1.139686e+00 7.462262e-01 0.000000e+00 -1.808676e-04
0.000000e+00 7.645000e+00 1.138690e+00 7.451279e-01 0.000000e+00 -1.543040e-04
0.000000e+00 7.700000e+00 1.137650e+00 7.439886e-01 0.000000e+00 -1.697087e-04
0.000000e+00 7.755000e+00 1.136561e+00 7.428040e-01 0.000000e+00 -2.265118e-04
0.000000e+00 7.810000e+00 1.135448e+00 7.416007e-01 0.000000e+00 -3.028755e-04
0.000000e+00 7.865000e+00 1.134355e+00 7.404201e-01 0.000000e+00 -3.669177e-04
0.000000e+00 7.920000e+00 1.133311e+00 7.392896e-01 0.000000e+00 -3.989755e-04
0.000000e+00 7.975000e+00 1.132307e+00 7.381972e-01 0.000000e+00 -4.107593e-04
0.000000e+00 8.030000e+00 1.131298e+00 7.370936e-01 0.000000e+00 -4.446713e-04
0.000000e+00 8.085000e+00 1.130230e+00 7.359228e-01 0.000000e+00 -5.487134e-04
0.000000e+00 8.140000e+00 1.129079e+00 7.346629e-01 0.000000e+00 -7.427962e-04
0.000000e+00 8.195000e+00 1.127870e+00 7.333461e-01 0.000000e+00 -1.001426e-03
0.000000e+00 8.250000e+00 1.126668e+00 7.320440e-01 0.000000e+00 -1.266028e-03
0.000000e+00 8.305000e+00 1.125539e+00 7.308281e-01 0.000000e+00 -1.477607e-03
0.000000e+00 8.360000e+00 1.124517e+00 7.297297e-01 0.000000e+00 -1.610301e-03
0.000000e+00 8.415000e+00 1.123579e+00 7.287225e-01 0.000000e+00 -1.685609e-03
0.000000e+00 8.470000e+00 1.122671e+00 7.277415e-01 0.000000e+00 -1.755717e-03
0.000000e+00 8.525000e+00 1.121733e+00 7.267239e-01 0.000000e+00 -1.867901e-03
0.000000e+00 8.580000e+00 1.120741e+00 7.256431e-01 0.000000e+00 -2.035848e-03
0.000000e+00 8.635000e+00 1.119704e+00 7.245149e-01 0.000000e+00 -2.236054e-03
0.000000e+00 8.690000e+00 1.118654e+00 7.233765e-01 0.000000e+00 -2.427844e-03
0.000000e+00 8.745000e+00 1.117617e+00 7.222576e-01 0.000000e+00 -2.580492e-03
0.000000e+00 8.800000e+00 1.116595e+00 7.211623e-01 0.000000e+00 -2.690768e-03
0.000000e+00 8.855000e+00 1.115575e+00 7.200719e-01 0.000000e+00 -2.780799e-03
0.000000e+00 8.910000e+00 1.114541e+00 7.189680e-01 0.000000e+00 -2.878021e-03
0.000000e+00 8.965000e+00 1.113505e+00 7.178583e-01 0.000000e+00 -2.992053e-03
0.000000e+00 9.020000e+00 1.112505e+00 7.167829e-01 0.000000e+00 -3.105934e-03
0.000000e+00 9.075000e+00 1.111591e+00 7.157956e-01 0.000000e+00 -3.187809e-03
0.000000e+00 9.130000e+00 1.110792e+00 7.149299e-01 0.000000e+00 -3.214280e-03
0.000000e+00 9.185000e+00 1.110089e+00 7.141688e-01 0.000000e+00 -3.191134e-03
0.000000e+00 9.240000e+00 1.109417e+00 7.134433e-01 0.000000e+00 -3.156304e-03
0.000000e+00 9.295000e+00 1.108689e+00 7.126612e-01 0.000000e+00 -3.162217e-03
0.000000e+00 9.350000e+00 1.107845e+00 7.117578e-01 0.000000e+00 -3.245220e-03
0.000000e+00 9.405000e+00 1.106888e+00 7.107340e-01 0.000000e+00 -3.403384e-03
0.000000e+00 9.460000e+00 1.105884e+00 7.096642e-01 0.000000e+00 -3.593721e-03
0.000000e+00 9.515000e+00 1.104938e+00 7.086589e-01 0.000000e+00 -3.757967e-03
0.000000e+00 9.570000e+00 1.104145e+00 7.078218e-01 0.000000e+00 -3.844703e-03
0.000000e+00 9.625000e+00 1.103543e+00 7.071903e-01 0.000000e+00 -3.843150e-03
0.000000e+00 9.680000e+00 1.103104e+00 7.067327e-01 0.000000e+00 -3.772817e-03
0.000000e+00 9.735000e+00 1.102727e+00 7.063335e-01 0.000000e+00 -3.696855e-03
0.000000e+00 9.790000e+00 1.102320e+00 7.058924e-01 0.000000e+00 -3.645344e-03
0.000000e+00 9.845000e+00 1.101736e+00 7.052523e-01 0.000000e+00 -3.703026e-03
0.000000e+00 9.900000e+00 1.101060e+00 7.045035e-01 0.000000e+00 -3.778968e-03
0.000000e+00 9.955000e+00 1.100062e+00 7.033993e-01 0.000000e+00 -4.196375e-03
0.000000e+00 1.001000e+01 1.101640e+00 7.050500e-01 -0.000000e+00 -2.260000e-03
0.000000e+00 1.006500e+01 1.101640e+00 7.050500e-01 -0.000000e+00 -2.260000e-03
0.000000e+00 1.012000e+01 1.101640e+00 7.050500e-01 -0.000000e+00 -2.260000e-03
0.000000e+00 1.017500e+01 1.101640e+00 7.050500e-01 -0.000000e+00 -2.260000e-03
0.000000e+00 1.023000e+01 1.101640e+00 7.050500e-01 -0.000000e+00 -2.260000e-03
0.000000e+00 1.028500e+01 1.101640e+00 7.050500e-01 -0.000000e+00 -2.260000e-03
0.000000e+00 1.034000e+01 1.101640e+00 7.050500e-01 -0.000000e+00 -2.260000e-03
0.000000e+00 1.039500e+01 1.101640e+00 7.050500e-01 -0.000000e+00 -2.260000e-03
0.000000e+00 1.045000e+01 1.101640e+00 7.050500e-01 -0.000000e+00 -2.260000e-03
0.000000e+00 1.050500e+01 1.101640e+00 7.050500e-01 -0.000000e+00 -2.260000e-03
0.000000e+00 1.056000e+01 1.101640e+00 7.050500e-01 -0.000000e+00 -2.260000e-03
0.000000e+00 1.061500e+01 1.101640e+00 7.050500e-01 -0.000000e+00 -2.260000e-03
0.000000e+00 1.067000e+01 1.101640e+00 7.050500e-01 -0.000000e+00 -2.260000e-03
0.000000e+00 1.072500e+01 1.101640e+00 7.050500e-01 -0.000000e+00 -2.260000e-03
0.000000e+00 1.078000e+01 1.101640e+00 7.050500e-01 -0.000000e+00 -2.260000e-03
0.000000e+00 1.083500e+01 1.101640e+00 7.050500e-01 -0.000000e+00 -2.260000e-03
0.000000e+00 1.089000e+01 1.101640e+00 7.050500e-01 -0.000000e+00 -2.260000e-03
0.000000e+00 1.094500e+01 1.101640e+00 7.050500e-01 -0.000000e+00 -2.260000e-03
0.000000e+00 1.100000e+01 1.101640e+00 7.050500e-01 -0.000000e+00 -2.260000e-03
