#############TIME##################
2.430649e+01 
###################################
0.000000e+00 0.000000e+00 1.192829e+01 4.158017e+01 0.000000e+00 -1.502708e+00
0.000000e+00 5.500000e-02 1.192829e+01 4.158017e+01 0.000000e+00 -1.502708e+00
0.000000e+00 1.100000e-01 1.192824e+01 4.157975e+01 0.000000e+00 -1.502720e+00
0.000000e+00 1.650000e-01 9.090810e+00 2.380900e+01 0.000000e+00 -9.967714e-01
0.000000e+00 2.200000e-01 7.016730e+00 1.546677e+01 0.000000e+00 -8.200442e-01
0.000000e+00 2.750000e-01 5.711484e+00 1.101312e+01 0.000000e+00 -6.776166e-01
0.000000e+00 3.300000e-01 4.848271e+00 8.396592e+00 0.000000e+00 -5.734378e-01
0.000000e+00 3.850000e-01 4.237653e+00 6.725183e+00 0.000000e+00 -4.939142e-01
0.000000e+00 4.400000e-01 3.794987e+00 5.592770e+00 0.000000e+00 -4.312447e-01
0.000000e+00 4.950000e-01 3.459229e+00 4.780878e+00 0.000000e+00 -3.806865e-01
0.000000e+00 5.500000e-01 3.195296e+00 4.177172e+00 0.000000e+00 -3.397376e-01
0.000000e+00 6.050000e-01 2.981810e+00 3.712848e+00 0.000000e+00 -3.054639e-01
0.000000e+00 6.600000e-01 2.805146e+00 3.347157e+00 0.000000e+00 -2.763073e-01
0.000000e+00 7.150000e-01 2.655579e+00 3.052551e+00 0.000000e+00 -2.510037e-01
0.000000e+00 7.700000e-01 2.527391e+00 2.811154e+00 0.000000e+00 -2.289234e-01
0.000000e+00 8.250000e-01 2.416720e+00 2.610153e+00 0.000000e+00 -2.095294e-01
0.000000e+00 8.800000e-01 2.320762e+00 2.440623e+00 0.000000e+00 -1.924716e-01
0.000000e+00 9.350000e-01 2.236970e+00 2.295918e+00 0.000000e+00 -1.773636e-01
0.000000e+00 9.900000e-01 2.162902e+00 2.171150e+00 0.000000e+00 -1.638587e-01
0.000000e+00 1.045000e+00 2.096326e+00 2.062581e+00 0.000000e+00 -1.516638e-01
0.000000e+00 1.100000e+00 2.035895e+00 1.967377e+00 0.000000e+00 -1.406286e-01
0.000000e+00 1.155000e+00 1.981347e+00 1.883314e+00 0.000000e+00 -1.307090e-01
0.000000e+00 1.210000e+00 1.932742e+00 1.808609e+00 0.000000e+00 -1.218761e-01
0.000000e+00 1.265000e+00 1.889603e+00 1.741815e+00 0.000000e+00 -1.140374e-01
0.000000e+00 1.320000e+00 1.850920e+00 1.681765e+00 0.000000e+00 -1.070471e-01
0.000000e+00 1.375000e+00 1.815735e+00 1.627514e+00 0.000000e+00 -1.007479e-01
0.000000e+00 1.430000e+00 1.783358e+00 1.578285e+00 0.000000e+00 -9.500838e-02
0.000000e+00 1.485000e+00 1.753328e+00 1.533430e+00 0.000000e+00 -8.973808e-02
0.000000e+00 1.540000e+00 1.725377e+00 1.492401e+00 0.000000e+00 -8.488301e-02
0.000000e+00 1.595000e+00 1.699364e+00 1.454735e+00 0.000000e+00 -8.041006e-02
0.000000e+00 1.650000e+00 1.675171e+00 1.420042e+00 0.000000e+00 -7.629111e-02
0.000000e+00 1.705000e+00 1.652634e+00 1.387997e+00 0.000000e+00 -7.249384e-02
0.000000e+00 1.760000e+00 1.631557e+00 1.358325e+00 0.000000e+00 -6.897840e-02
0.000000e+00 1.815000e+00 1.611759e+00 1.330787e+00 0.000000e+00 -6.569971e-02
0.000000e+00 1.870000e+00 1.593106e+00 1.305165e+00 0.000000e+00 -6.261669e-02
0.000000e+00 1.925000e+00 1.575503e+00 1.281258e+00 0.000000e+00 -5.969960e-02
0.000000e+00 1.980000e+00 1.558872e+00 1.258893e+00 0.000000e+00 -5.692813e-02
0.000000e+00 2.035000e+00 1.543151e+00 1.237924e+00 0.000000e+00 -5.428696e-02
0.000000e+00 2.090000e+00 1.528287e+00 1.218232e+00 0.000000e+00 -5.176494e-02
0.000000e+00 2.145000e+00 1.514238e+00 1.199716e+00 0.000000e+00 -4.935738e-02
0.000000e+00 2.200000e+00 1.500960e+00 1.182283e+00 0.000000e+00 -4.706762e-02
0.000000e+00 2.255000e+00 1.488407e+00 1.165841e+00 0.000000e+00 -4.490524e-02
0.000000e+00 2.310000e+00 1.476523e+00 1.150302e+00 0.000000e+00 -4.288104e-02
0.000000e+00 2.365000e+00 1.465248e+00 1.135585e+00 0.000000e+00 -4.100089e-02
0.000000e+00 2.420000e+00 1.454518e+00 1.121620e+00 0.000000e+00 -3.926151e-02
0.000000e+00 2.475000e+00 1.444277e+00 1.108349e+00 0.000000e+00 -3.765003e-02
0.000000e+00 2.530000e+00 1.434471e+00 1.095723e+00 0.000000e+00 -3.614733e-02
0.000000e+00 2.585000e+00 1.425058e+00 1.083702e+00 0.000000e+00 -3.473345e-02
0.000000e+00 2.640000e+00 1.416007e+00 1.072247e+00 0.000000e+00 -3.339277e-02
0.000000e+00 2.695000e+00 1.407301e+00 1.061329e+00 0.000000e+00 -3.211712e-02
0.000000e+00 2.750000e+00 1.398937e+00 1.050919e+00 0.000000e+00 -3.090537e-02
0.000000e+00 2.805000e+00 1.390921e+00 1.040994e+00 0.000000e+00 -2.975986e-02
0.000000e+00 2.860000e+00 1.383262e+00 1.031531e+00 0.000000e+00 -2.868142e-02
0.000000e+00 2.915000e+00 1.375958e+00 1.022501e+00 0.000000e+00 -2.766573e-02
0.000000e+00 2.970000e+00 1.368994e+00 1.013868e+00 0.000000e+00 -2.670364e-02
0.000000e+00 3.025000e+00 1.362337e+00 1.005590e+00 0.000000e+00 -2.578504e-02
0.000000e+00 3.080000e+00 1.355938e+00 9.976226e-01 0.000000e+00 -2.490338e-02
0.000000e+00 3.135000e+00 1.349751e+00 9.899297e-01 0.000000e+00 -2.405701e-02
0.000000e+00 3.190000e+00 1.343739e+00 9.824933e-01 0.000000e+00 -2.324603e-02
0.000000e+00 3.245000e+00 1.337886e+00 9.753127e-01 0.000000e+00 -2.246752e-02
0.000000e+00 3.300000e+00 1.332191e+00 9.683961e-01 0.000000e+00 -2.171379e-02
0.000000e+00 3.355000e+00 1.326662e+00 9.617464e-01 0.000000e+00 -2.097594e-02
0.000000e+00 3.410000e+00 1.321306e+00 9.553519e-01 0.000000e+00 -2.025019e-02
0.000000e+00 3.465000e+00 1.316125e+00 9.491875e-01 0.000000e+00 -1.954141e-02
0.000000e+00 3.520000e+00 1.311118e+00 9.432260e-01 0.000000e+00 -1.886019e-02
0.000000e+00 3.575000e+00 1.306286e+00 9.374497e-01 0.000000e+00 -1.821572e-02
0.000000e+00 3.630000e+00 1.301630e+00 9.318523e-01 0.000000e+00 -1.761056e-02
0.000000e+00 3.685000e+00 1.297141e+00 9.264301e-01 0.000000e+00 -1.704159e-02
0.000000e+00 3.740000e+00 1.292796e+00 9.211724e-01 0.000000e+00 -1.650504e-02
0.000000e+00 3.795000e+00 1.288559e+00 9.160611e-01 0.000000e+00 -1.599927e-02
0.000000e+00 3.850000e+00 1.284401e+00 9.110822e-01 0.000000e+00 -1.552208e-02
0.000000e+00 3.905000e+00 1.280315e+00 9.062372e-01 0.000000e+00 -1.506608e-02
0.000000e+00 3.960000e+00 1.276316e+00 9.015418e-01 0.000000e+00 -1.461931e-02
0.000000e+00 4.015000e+00 1.272427e+00 8.970096e-01 0.000000e+00 -1.417322e-02
0.000000e+00 4.070000e+00 1.268661e+00 8.926351e-01 0.000000e+00 -1.373139e-02
0.000000e+00 4.125000e+00 1.265015e+00 8.883921e-01 0.000000e+00 -1.330934e-02
0.000000e+00 4.180000e+00 1.261474e+00 8.842494e-01 0.000000e+00 -1.292333e-02
0.000000e+00 4.235000e+00 1.258026e+00 8.801910e-01 0.000000e+00 -1.257741e-02
0.000000e+00 4.290000e+00 1.254668e+00 8.762207e-01 0.000000e+00 -1.226038e-02
0.000000e+00 4.345000e+00 1.251392e+00 8.723496e-01 0.000000e+00 -1.195574e-02
0.000000e+00 4.400000e+00 1.248183e+00 8.685792e-01 0.000000e+00 -1.165491e-02
0.000000e+00 4.455000e+00 1.245021e+00 8.648965e-01 0.000000e+00 -1.136223e-02
0.000000e+00 4.510000e+00 1.241888e+00 8.612843e-01 0.000000e+00 -1.108919e-02
0.000000e+00 4.565000e+00 1.238785e+00 8.577328e-01 0.000000e+00 -1.084605e-02
0.000000e+00 4.620000e+00 1.235725e+00 8.542410e-01 0.000000e+00 -1.063908e-02
0.000000e+00 4.675000e+00 1.232728e+00 8.508112e-01 0.000000e+00 -1.047187e-02
0.000000e+00 4.730000e+00 1.229804e+00 8.474464e-01 0.000000e+00 -1.034391e-02
0.000000e+00 4.785000e+00 1.226961e+00 8.441539e-01 0.000000e+00 -1.024556e-02
0.000000e+00 4.840000e+00 1.224202e+00 8.409461e-01 0.000000e+00 -1.015786e-02
0.000000e+00 4.895000e+00 1.221516e+00 8.378271e-01 0.000000e+00 -1.006468e-02
0.000000e+00 4.950000e+00 1.218869e+00 8.347738e-01 0.000000e+00 -9.971104e-03
0.000000e+00 5.005000e+00 1.216209e+00 8.317345e-01 0.000000e+00 -9.908133e-03
0.000000e+00 5.060000e+00 1.213491e+00 8.286598e-01 0.000000e+00 -9.910709e-03
0.000000e+00 5.115000e+00 1.210723e+00 8.255471e-01 0.000000e+00 -9.983318e-03
0.000000e+00 5.170000e+00 1.207972e+00 8.224579e-01 0.000000e+00 -1.008380e-02
0.000000e+00 5.225000e+00 1.205337e+00 8.194886e-01 0.000000e+00 -1.014322e-02
0.000000e+00 5.280000e+00 1.202885e+00 8.167079e-01 0.000000e+00 -1.011219e-02
0.000000e+00 5.335000e+00 1.200604e+00 8.141010e-01 0.000000e+00 -1.000218e-02
0.000000e+00 5.390000e+00 1.198396e+00 8.115669e-01 0.000000e+00 -9.887069e-03
0.000000e+00 5.445000e+00 1.196136e+00 8.089758e-01 0.000000e+00 -9.860268e-03
0.000000e+00 5.500000e+00 1.193738e+00 8.062461e-01 0.000000e+00 -9.975323e-03
0.000000e+00 5.555000e+00 1.191210e+00 8.033960e-01 0.000000e+00 -1.021121e-02
0.000000e+00 5.610000e+00 1.188646e+00 8.005285e-01 0.000000e+00 -1.048816e-02
0.000000e+00 5.665000e+00 1.186168e+00 7.977739e-01 0.000000e+00 -1.071454e-02
0.000000e+00 5.720000e+00 1.183872e+00 7.952274e-01 0.000000e+00 -1.083228e-02
0.000000e+00 5.775000e+00 1.181787e+00 7.929083e-01 0.000000e+00 -1.084143e-02
0.000000e+00 5.830000e+00 1.179869e+00 7.907613e-01 0.000000e+00 -1.079101e-02
0.000000e+00 5.885000e+00 1.178039e+00 7.886954e-01 0.000000e+00 -1.074482e-02
0.000000e+00 5.940000e+00 1.176217e+00 7.866309e-01 0.000000e+00 -1.074715e-02
0.000000e+00 5.995000e+00 1.174360e+00 7.845307e-01 0.000000e+00 -1.080529e-02
0.000000e+00 6.050000e+00 1.172468e+00 7.824044e-01 0.000000e+00 -1.089353e-02
0.000000e+00 6.105000e+00 1.170569e+00 7.802905e-01 0.000000e+00 -1.097120e-02
0.000000e+00 6.160000e+00 1.168703e+00 7.782307e-01 0.000000e+00 -1.100289e-02
0.000000e+00 6.215000e+00 1.166897e+00 7.762497e-01 0.000000e+00 -1.097278e-02
0.000000e+00 6.270000e+00 1.165161e+00 7.743470e-01 0.000000e+00 -1.088949e-02
0.000000e+00 6.325000e+00 1.163483e+00 7.725015e-01 0.000000e+00 -1.078057e-02
0.000000e+00 6.380000e+00 1.161844e+00 7.706841e-01 0.000000e+00 -1.068001e-02
0.000000e+00 6.435000e+00 1.160219e+00 7.688701e-01 0.000000e+00 -1.061398e-02
0.000000e+00 6.490000e+00 1.158595e+00 7.670494e-01 0.000000e+00 -1.059039e-02
0.000000e+00 6.545000e+00 1.156971e+00 7.652309e-01 0.000000e+00 -1.059660e-02
0.000000e+00 6.600000e+00 1.155363e+00 7.634413e-01 0.000000e+00 -1.060633e-02
0.000000e+00 6.655000e+00 1.153802e+00 7.617183e-01 0.000000e+00 -1.059271e-02
0.000000e+00 6.710000e+00 1.152320e+00 7.600972e-01 0.000000e+00 -1.054063e-02
0.000000e+00 6.765000e+00 1.150940e+00 7.585970e-01 0.000000e+00 -1.045225e-02
0.000000e+00 6.820000e+00 1.149663e+00 7.572111e-01 0.000000e+00 -1.034285e-02
0.000000e+00 6.875000e+00 1.148469e+00 7.559094e-01 0.000000e+00 -1.023011e-02
0.000000e+00 6.930000e+00 1.147324e+00 7.546496e-01 0.000000e+00 -1.012404e-02
0.000000e+00 6.985000e+00 1.146190e+00 7.533920e-01 0.000000e+00 -1.002497e-02
0.000000e+00 7.040000e+00 1.145035e+00 7.521053e-01 0.000000e+00 -9.930863e-03
0.000000e+00 7.095000e+00 1.143829e+00 7.507651e-01 0.000000e+00 -9.847977e-03
0.000000e+00 7.150000e+00 1.142544e+00 7.493474e-01 0.000000e+00 -9.795911e-03
0.000000e+00 7.205000e+00 1.141156e+00 7.478289e-01 0.000000e+00 -9.801576e-03
0.000000e+00 7.260000e+00 1.139654e+00 7.461975e-01 0.000000e+00 -9.883785e-03
0.000000e+00 7.315000e+00 1.138056e+00 7.444681e-01 0.000000e+00 -1.003751e-02
0.000000e+00 7.370000e+00 1.136414e+00 7.426912e-01 0.000000e+00 -1.022926e-02
0.000000e+00 7.425000e+00 1.134803e+00 7.409433e-01 0.000000e+00 -1.040846e-02
0.000000e+00 7.480000e+00 1.133301e+00 7.393048e-01 0.000000e+00 -1.052796e-02
0.000000e+00 7.535000e+00 1.131959e+00 7.378346e-01 0.000000e+00 -1.056228e-02
0.000000e+00 7.590000e+00 1.130793e+00 7.365519e-01 0.000000e+00 -1.051475e-02
0.000000e+00 7.645000e+00 1.129777e+00 7.354352e-01 0.000000e+00 -1.041032e-02
0.000000e+00 7.700000e+00 1.128865e+00 7.344382e-01 0.000000e+00 -1.027881e-02
0.000000e+00 7.755000e+00 1.128012e+00 7.335136e-01 0.000000e+00 -1.013911e-02
0.000000e+00 7.810000e+00 1.127190e+00 7.326297e-01 0.000000e+00 -9.993935e-03
0.000000e+00 7.865000e+00 1.126388e+00 7.317708e-01 0.000000e+00 -9.837438e-03
0.000000e+00 7.920000e+00 1.125597e+00 7.309221e-01 0.000000e+00 -9.669778e-03
0.000000e+00 7.975000e+00 1.124792e+00 7.300521e-01 0.000000e+00 -9.508051e-03
0.000000e+00 8.030000e+00 1.123925e+00 7.291083e-01 0.000000e+00 -9.385561e-03
0.000000e+00 8.085000e+00 1.122940e+00 7.280328e-01 0.000000e+00 -9.338612e-03
0.000000e+00 8.140000e+00 1.121805e+00 7.267945e-01 0.000000e+00 -9.386896e-03
0.000000e+00 8.195000e+00 1.120538e+00 7.254191e-01 0.000000e+00 -9.517401e-03
0.000000e+00 8.250000e+00 1.119220e+00 7.239951e-01 0.000000e+00 -9.682982e-03
0.000000e+00 8.305000e+00 1.117963e+00 7.226453e-01 0.000000e+00 -9.818465e-03
0.000000e+00 8.360000e+00 1.116872e+00 7.214780e-01 0.000000e+00 -9.865577e-03
0.000000e+00 8.415000e+00 1.115994e+00 7.205412e-01 0.000000e+00 -9.795878e-03
0.000000e+00 8.470000e+00 1.115304e+00 7.198012e-01 0.000000e+00 -9.623763e-03
0.000000e+00 8.525000e+00 1.114709e+00 7.191583e-01 0.000000e+00 -9.401847e-03
0.000000e+00 8.580000e+00 1.114098e+00 7.184935e-01 0.000000e+00 -9.198840e-03
0.000000e+00 8.635000e+00 1.113390e+00 7.177213e-01 0.000000e+00 -9.072004e-03
0.000000e+00 8.690000e+00 1.112561e+00 7.168228e-01 0.000000e+00 -9.044125e-03
0.000000e+00 8.745000e+00 1.111654e+00 7.158460e-01 0.000000e+00 -9.096349e-03
0.000000e+00 8.800000e+00 1.110746e+00 7.148743e-01 0.000000e+00 -9.179285e-03
0.000000e+00 8.855000e+00 1.109909e+00 7.139847e-01 0.000000e+00 -9.234056e-03
0.000000e+00 8.910000e+00 1.109184e+00 7.132155e-01 0.000000e+00 -9.215306e-03
0.000000e+00 8.965000e+00 1.108562e+00 7.125555e-01 0.000000e+00 -9.108199e-03
0.000000e+00 9.020000e+00 1.108003e+00 7.119575e-01 0.000000e+00 -8.931814e-03
0.000000e+00 9.075000e+00 1.107453e+00 7.113637e-01 0.000000e+00 -8.728636e-03
0.000000e+00 9.130000e+00 1.106867e+00 7.107282e-01 0.000000e+00 -8.546226e-03
0.000000e+00 9.185000e+00 1.106221e+00 7.100281e-01 0.000000e+00 -8.418034e-03
0.000000e+00 9.240000e+00 1.105511e+00 7.092628e-01 0.000000e+00 -8.350481e-03
0.000000e+00 9.295000e+00 1.104750e+00 7.084477e-01 0.000000e+00 -8.321170e-03
0.000000e+00 9.350000e+00 1.103963e+00 7.076069e-01 0.000000e+00 -8.289076e-03
0.000000e+00 9.405000e+00 1.103176e+00 7.067668e-01 0.000000e+00 -8.213204e-03
0.000000e+00 9.460000e+00 1.102410e+00 7.059514e-01 0.000000e+00 -8.071613e-03
0.000000e+00 9.515000e+00 1.101681e+00 7.051777e-01 0.000000e+00 -7.873038e-03
0.000000e+00 9.570000e+00 1.100993e+00 7.044522e-01 0.000000e+00 -7.652962e-03
0.000000e+00 9.625000e+00 1.100340e+00 7.037677e-01 0.000000e+00 -7.458926e-03
0.000000e+00 9.680000e+00 1.099708e+00 7.031075e-01 0.000000e+00 -7.326672e-03
0.000000e+00 9.735000e+00 1.099079e+00 7.024458e-01 0.000000e+00 -7.271647e-03
0.000000e+00 9.790000e+00 1.098439e+00 7.017619e-01 0.000000e+00 -7.282071e-03
0.000000e+00 9.845000e+00 1.097780e+00 7.010435e-01 0.000000e+00 -7.333261e-03
0.000000e+00 9.900000e+00 1.097103e+00 7.002935e-01 0.000000e+00 -7.404239e-03
0.000000e+00 9.955000e+00 1.096428e+00 6.995318e-01 0.000000e+00 -7.478325e-03
0.000000e+00 1.001000e+01 1.101640e+00 7.050500e-01 -0.000000e+00 -2.260000e-03
0.000000e+00 1.006500e+01 1.101640e+00 7.050500e-01 -0.000000e+00 -2.260000e-03
0.000000e+00 1.012000e+01 1.101640e+00 7.050500e-01 -0.000000e+00 -2.260000e-03
0.000000e+00 1.017500e+01 1.101640e+00 7.050500e-01 -0.000000e+00 -2.260000e-03
0.000000e+00 1.023000e+01 1.101640e+00 7.050500e-01 -0.000000e+00 -2.260000e-03
0.000000e+00 1.028500e+01 1.101640e+00 7.050500e-01 -0.000000e+00 -2.260000e-03
0.000000e+00 1.034000e+01 1.101640e+00 7.050500e-01 -0.000000e+00 -2.260000e-03
0.000000e+00 1.039500e+01 1.101640e+00 7.050500e-01 -0.000000e+00 -2.260000e-03
0.000000e+00 1.045000e+01 1.101640e+00 7.050500e-01 -0.000000e+00 -2.260000e-03
0.000000e+00 1.050500e+01 1.101640e+00 7.050500e-01 -0.000000e+00 -2.260000e-03
0.000000e+00 1.056000e+01 1.101640e+00 7.050500e-01 -0.000000e+00 -2.260000e-03
0.000000e+00 1.061500e+01 1.101640e+00 7.050500e-01 -0.000000e+00 -2.260000e-03
0.000000e+00 1.067000e+01 1.101640e+00 7.050500e-01 -0.000000e+00 -2.260000e-03
0.000000e+00 1.072500e+01 1.101640e+00 7.050500e-01 -0.000000e+00 -2.260000e-03
0.000000e+00 1.078000e+01 1.101640e+00 7.050500e-01 -0.000000e+00 -2.260000e-03
0.000000e+00 1.083500e+01 1.101640e+00 7.050500e-01 -0.000000e+00 -2.260000e-03
0.000000e+00 1.089000e+01 1.101640e+00 7.050500e-01 -0.000000e+00 -2.260000e-03
0.000000e+00 1.094500e+01 1.101640e+00 7.050500e-01 -0.000000e+00 -2.260000e-03
0.000000e+00 1.100000e+01 1.101640e+00 7.050500e-01 -0.000000e+00 -2.260000e-03
