#############TIME##################
1.760607e+01 
###################################
0.000000e+00 0.000000e+00 1.178573e+01 4.080928e+01 0.000000e+00 -1.505420e+00
0.000000e+00 5.500000e-02 1.178573e+01 4.080928e+01 0.000000e+00 -1.505420e+00
0.000000e+00 1.100000e-01 1.178567e+01 4.080889e+01 0.000000e+00 -1.505424e+00
0.000000e+00 1.650000e-01 8.970647e+00 2.328087e+01 0.000000e+00 -1.002266e+00
0.000000e+00 2.200000e-01 6.914354e+00 1.506057e+01 0.000000e+00 -8.282974e-01
0.000000e+00 2.750000e-01 5.626931e+00 1.069170e+01 0.000000e+00 -6.877766e-01
0.000000e+00 3.300000e-01 4.771961e+00 8.128970e+00 0.000000e+00 -5.832602e-01
0.000000e+00 3.850000e-01 4.163077e+00 6.494243e+00 0.000000e+00 -5.016320e-01
0.000000e+00 4.400000e-01 3.717788e+00 5.388014e+00 0.000000e+00 -4.362076e-01
0.000000e+00 4.950000e-01 3.377960e+00 4.595789e+00 0.000000e+00 -3.829751e-01
0.000000e+00 5.500000e-01 3.110432e+00 4.007391e+00 0.000000e+00 -3.398926e-01
0.000000e+00 6.050000e-01 2.894906e+00 3.555383e+00 0.000000e+00 -3.042666e-01
0.000000e+00 6.600000e-01 2.718416e+00 3.199831e+00 0.000000e+00 -2.746142e-01
0.000000e+00 7.150000e-01 2.571280e+00 2.913741e+00 0.000000e+00 -2.495612e-01
0.000000e+00 7.700000e-01 2.447091e+00 2.679582e+00 0.000000e+00 -2.282313e-01
0.000000e+00 8.250000e-01 2.340916e+00 2.484799e+00 0.000000e+00 -2.097885e-01
0.000000e+00 8.800000e-01 2.248914e+00 2.320656e+00 0.000000e+00 -1.936252e-01
0.000000e+00 9.350000e-01 2.167847e+00 2.180661e+00 0.000000e+00 -1.791964e-01
0.000000e+00 9.900000e-01 2.095143e+00 2.060051e+00 0.000000e+00 -1.661165e-01
0.000000e+00 1.045000e+00 2.029080e+00 1.955182e+00 0.000000e+00 -1.541544e-01
0.000000e+00 1.100000e+00 1.969130e+00 1.863291e+00 0.000000e+00 -1.432672e-01
0.000000e+00 1.155000e+00 1.915497e+00 1.782196e+00 0.000000e+00 -1.334957e-01
0.000000e+00 1.210000e+00 1.868105e+00 1.710149e+00 0.000000e+00 -1.248382e-01
0.000000e+00 1.265000e+00 1.826033e+00 1.645744e+00 0.000000e+00 -1.171871e-01
0.000000e+00 1.320000e+00 1.788126e+00 1.587860e+00 0.000000e+00 -1.103668e-01
0.000000e+00 1.375000e+00 1.753603e+00 1.535589e+00 0.000000e+00 -1.041881e-01
0.000000e+00 1.430000e+00 1.721929e+00 1.488182e+00 0.000000e+00 -9.848825e-02
0.000000e+00 1.485000e+00 1.692591e+00 1.445016e+00 0.000000e+00 -9.314808e-02
0.000000e+00 1.540000e+00 1.665155e+00 1.405575e+00 0.000000e+00 -8.809823e-02
0.000000e+00 1.595000e+00 1.639380e+00 1.369418e+00 0.000000e+00 -8.331536e-02
0.000000e+00 1.650000e+00 1.615209e+00 1.336160e+00 0.000000e+00 -7.880629e-02
0.000000e+00 1.705000e+00 1.592628e+00 1.305458e+00 0.000000e+00 -7.458244e-02
0.000000e+00 1.760000e+00 1.571568e+00 1.277011e+00 0.000000e+00 -7.064138e-02
0.000000e+00 1.815000e+00 1.551897e+00 1.250564e+00 0.000000e+00 -6.696903e-02
0.000000e+00 1.870000e+00 1.533483e+00 1.225916e+00 0.000000e+00 -6.355193e-02
0.000000e+00 1.925000e+00 1.516226e+00 1.202915e+00 0.000000e+00 -6.038354e-02
0.000000e+00 1.980000e+00 1.500048e+00 1.181441e+00 0.000000e+00 -5.746260e-02
0.000000e+00 2.035000e+00 1.484866e+00 1.161380e+00 0.000000e+00 -5.478623e-02
0.000000e+00 2.090000e+00 1.470577e+00 1.142604e+00 0.000000e+00 -5.233894e-02
0.000000e+00 2.145000e+00 1.457057e+00 1.124971e+00 0.000000e+00 -5.008401e-02
0.000000e+00 2.200000e+00 1.444177e+00 1.108329e+00 0.000000e+00 -4.796682e-02
0.000000e+00 2.255000e+00 1.431833e+00 1.092548e+00 0.000000e+00 -4.593380e-02
0.000000e+00 2.310000e+00 1.419978e+00 1.077553e+00 0.000000e+00 -4.395819e-02
0.000000e+00 2.365000e+00 1.408639e+00 1.063345e+00 0.000000e+00 -4.205781e-02
0.000000e+00 2.420000e+00 1.397906e+00 1.049989e+00 0.000000e+00 -4.029293e-02
0.000000e+00 2.475000e+00 1.387882e+00 1.037564e+00 0.000000e+00 -3.873960e-02
0.000000e+00 2.530000e+00 1.378610e+00 1.026078e+00 0.000000e+00 -3.743962e-02
0.000000e+00 2.585000e+00 1.370004e+00 1.015395e+00 0.000000e+00 -3.634749e-02
0.000000e+00 2.640000e+00 1.361844e+00 1.005239e+00 0.000000e+00 -3.532369e-02
0.000000e+00 2.695000e+00 1.353876e+00 9.953163e-01 0.000000e+00 -3.420099e-02
0.000000e+00 2.750000e+00 1.345940e+00 9.854646e-01 0.000000e+00 -3.288668e-02
0.000000e+00 2.805000e+00 1.338049e+00 9.757399e-01 0.000000e+00 -3.142667e-02
0.000000e+00 2.860000e+00 1.330372e+00 9.663707e-01 0.000000e+00 -2.998569e-02
0.000000e+00 2.915000e+00 1.323140e+00 9.576425e-01 0.000000e+00 -2.877031e-02
0.000000e+00 2.970000e+00 1.316536e+00 9.497583e-01 0.000000e+00 -2.793246e-02
0.000000e+00 3.025000e+00 1.310567e+00 9.426881e-01 0.000000e+00 -2.747232e-02
0.000000e+00 3.080000e+00 1.305026e+00 9.361437e-01 0.000000e+00 -2.722124e-02
0.000000e+00 3.135000e+00 1.299634e+00 9.297527e-01 0.000000e+00 -2.695027e-02
0.000000e+00 3.190000e+00 1.294193e+00 9.232604e-01 0.000000e+00 -2.650611e-02
0.000000e+00 3.245000e+00 1.288717e+00 9.166815e-01 0.000000e+00 -2.589412e-02
0.000000e+00 3.300000e+00 1.283387e+00 9.102547e-01 0.000000e+00 -2.524878e-02
0.000000e+00 3.355000e+00 1.278405e+00 9.042478e-01 0.000000e+00 -2.471463e-02
0.000000e+00 3.410000e+00 1.273841e+00 8.987767e-01 0.000000e+00 -2.434416e-02
0.000000e+00 3.465000e+00 1.269589e+00 8.937366e-01 0.000000e+00 -2.406756e-02
0.000000e+00 3.520000e+00 1.265452e+00 8.889008e-01 0.000000e+00 -2.376005e-02
0.000000e+00 3.575000e+00 1.261296e+00 8.840991e-01 0.000000e+00 -2.335151e-02
0.000000e+00 3.630000e+00 1.257138e+00 8.793263e-01 0.000000e+00 -2.287845e-02
0.000000e+00 3.685000e+00 1.253111e+00 8.747056e-01 0.000000e+00 -2.244488e-02
0.000000e+00 3.740000e+00 1.249345e+00 8.703594e-01 0.000000e+00 -2.213495e-02
0.000000e+00 3.795000e+00 1.245854e+00 8.662912e-01 0.000000e+00 -2.194707e-02
0.000000e+00 3.850000e+00 1.242525e+00 8.623696e-01 0.000000e+00 -2.179664e-02
0.000000e+00 3.905000e+00 1.239189e+00 8.584201e-01 0.000000e+00 -2.158178e-02
0.000000e+00 3.960000e+00 1.235739e+00 8.543469e-01 0.000000e+00 -2.125612e-02
0.000000e+00 4.015000e+00 1.232187e+00 8.501912e-01 0.000000e+00 -2.085322e-02
0.000000e+00 4.070000e+00 1.228640e+00 8.460917e-01 0.000000e+00 -2.045297e-02
0.000000e+00 4.125000e+00 1.225228e+00 8.421974e-01 0.000000e+00 -2.012688e-02
0.000000e+00 4.180000e+00 1.222039e+00 8.385938e-01 0.000000e+00 -1.990170e-02
0.000000e+00 4.235000e+00 1.219093e+00 8.352800e-01 0.000000e+00 -1.975696e-02
0.000000e+00 4.290000e+00 1.216364e+00 8.321980e-01 0.000000e+00 -1.964883e-02
0.000000e+00 4.345000e+00 1.213806e+00 8.292801e-01 0.000000e+00 -1.953855e-02
0.000000e+00 4.400000e+00 1.211379e+00 8.264779e-01 0.000000e+00 -1.940719e-02
0.000000e+00 4.455000e+00 1.209048e+00 8.237647e-01 0.000000e+00 -1.925364e-02
0.000000e+00 4.510000e+00 1.206779e+00 8.211230e-01 0.000000e+00 -1.908398e-02
0.000000e+00 4.565000e+00 1.204537e+00 8.185368e-01 0.000000e+00 -1.890103e-02
0.000000e+00 4.620000e+00 1.202299e+00 8.159936e-01 0.000000e+00 -1.870077e-02
0.000000e+00 4.675000e+00 1.200064e+00 8.134895e-01 0.000000e+00 -1.847664e-02
0.000000e+00 4.730000e+00 1.197847e+00 8.110281e-01 0.000000e+00 -1.822830e-02
0.000000e+00 4.785000e+00 1.195671e+00 8.086113e-01 0.000000e+00 -1.796769e-02
0.000000e+00 4.840000e+00 1.193542e+00 8.062296e-01 0.000000e+00 -1.771711e-02
0.000000e+00 4.895000e+00 1.191452e+00 8.038613e-01 0.000000e+00 -1.749927e-02
0.000000e+00 4.950000e+00 1.189375e+00 8.014836e-01 0.000000e+00 -1.732519e-02
0.000000e+00 5.005000e+00 1.187289e+00 7.990887e-01 0.000000e+00 -1.718777e-02
0.000000e+00 5.060000e+00 1.185191e+00 7.966925e-01 0.000000e+00 -1.706542e-02
0.000000e+00 5.115000e+00 1.183097e+00 7.943296e-01 0.000000e+00 -1.693325e-02
0.000000e+00 5.170000e+00 1.181036e+00 7.920370e-01 0.000000e+00 -1.677408e-02
0.000000e+00 5.225000e+00 1.179034e+00 7.898358e-01 0.000000e+00 -1.658276e-02
0.000000e+00 5.280000e+00 1.177103e+00 7.877232e-01 0.000000e+00 -1.636305e-02
0.000000e+00 5.335000e+00 1.175243e+00 7.856796e-01 0.000000e+00 -1.612113e-02
0.000000e+00 5.390000e+00 1.173449e+00 7.836873e-01 0.000000e+00 -1.586167e-02
0.000000e+00 5.445000e+00 1.171724e+00 7.817464e-01 0.000000e+00 -1.558924e-02
0.000000e+00 5.500000e+00 1.170080e+00 7.798770e-01 0.000000e+00 -1.531324e-02
0.000000e+00 5.555000e+00 1.168525e+00 7.781041e-01 0.000000e+00 -1.505133e-02
0.000000e+00 5.610000e+00 1.167052e+00 7.764341e-01 0.000000e+00 -1.482596e-02
0.000000e+00 5.665000e+00 1.165625e+00 7.748388e-01 0.000000e+00 -1.465325e-02
0.000000e+00 5.720000e+00 1.164189e+00 7.732594e-01 0.000000e+00 -1.453098e-02
0.000000e+00 5.775000e+00 1.162695e+00 7.716329e-01 0.000000e+00 -1.443584e-02
0.000000e+00 5.830000e+00 1.161124e+00 7.699250e-01 0.000000e+00 -1.433517e-02
0.000000e+00 5.885000e+00 1.159500e+00 7.681509e-01 0.000000e+00 -1.420679e-02
0.000000e+00 5.940000e+00 1.157887e+00 7.663692e-01 0.000000e+00 -1.405285e-02
0.000000e+00 5.995000e+00 1.156350e+00 7.646539e-01 0.000000e+00 -1.389691e-02
0.000000e+00 6.050000e+00 1.154936e+00 7.630608e-01 0.000000e+00 -1.376611e-02
0.000000e+00 6.105000e+00 1.153645e+00 7.616047e-01 0.000000e+00 -1.367027e-02
0.000000e+00 6.160000e+00 1.152442e+00 7.602575e-01 0.000000e+00 -1.359238e-02
0.000000e+00 6.215000e+00 1.151268e+00 7.589635e-01 0.000000e+00 -1.349821e-02
0.000000e+00 6.270000e+00 1.150075e+00 7.576662e-01 0.000000e+00 -1.335832e-02
0.000000e+00 6.325000e+00 1.148836e+00 7.563315e-01 0.000000e+00 -1.316705e-02
0.000000e+00 6.380000e+00 1.147561e+00 7.549569e-01 0.000000e+00 -1.294597e-02
0.000000e+00 6.435000e+00 1.146280e+00 7.535655e-01 0.000000e+00 -1.273046e-02
0.000000e+00 6.490000e+00 1.145029e+00 7.521900e-01 0.000000e+00 -1.254993e-02
0.000000e+00 6.545000e+00 1.143829e+00 7.508555e-01 0.000000e+00 -1.241311e-02
0.000000e+00 6.600000e+00 1.142683e+00 7.495712e-01 0.000000e+00 -1.230551e-02
0.000000e+00 6.655000e+00 1.141577e+00 7.483334e-01 0.000000e+00 -1.219887e-02
0.000000e+00 6.710000e+00 1.140496e+00 7.471349e-01 0.000000e+00 -1.206643e-02
0.000000e+00 6.765000e+00 1.139434e+00 7.459735e-01 0.000000e+00 -1.189551e-02
0.000000e+00 6.820000e+00 1.138394e+00 7.448517e-01 0.000000e+00 -1.169207e-02
0.000000e+00 6.875000e+00 1.137384e+00 7.437704e-01 0.000000e+00 -1.147662e-02
0.000000e+00 6.930000e+00 1.136406e+00 7.427223e-01 0.000000e+00 -1.127465e-02
0.000000e+00 6.985000e+00 1.135453e+00 7.416908e-01 0.000000e+00 -1.110581e-02
0.000000e+00 7.040000e+00 1.134508e+00 7.406547e-01 0.000000e+00 -1.097645e-02
0.000000e+00 7.095000e+00 1.133553e+00 7.395967e-01 0.000000e+00 -1.087860e-02
0.000000e+00 7.150000e+00 1.132578e+00 7.385121e-01 0.000000e+00 -1.079596e-02
0.000000e+00 7.205000e+00 1.131587e+00 7.374142e-01 0.000000e+00 -1.071296e-02
0.000000e+00 7.260000e+00 1.130599e+00 7.363314e-01 0.000000e+00 -1.062100e-02
0.000000e+00 7.315000e+00 1.129642e+00 7.352953e-01 0.000000e+00 -1.051783e-02
0.000000e+00 7.370000e+00 1.128736e+00 7.343252e-01 0.000000e+00 -1.040235e-02
0.000000e+00 7.425000e+00 1.127884e+00 7.334173e-01 0.000000e+00 -1.027080e-02
0.000000e+00 7.480000e+00 1.127070e+00 7.325475e-01 0.000000e+00 -1.011889e-02
0.000000e+00 7.535000e+00 1.126270e+00 7.316845e-01 0.000000e+00 -9.947327e-03
0.000000e+00 7.590000e+00 1.125467e+00 7.308064e-01 0.000000e+00 -9.764504e-03
0.000000e+00 7.645000e+00 1.124652e+00 7.299091e-01 0.000000e+00 -9.582507e-03
0.000000e+00 7.700000e+00 1.123832e+00 7.290040e-01 0.000000e+00 -9.410059e-03
0.000000e+00 7.755000e+00 1.123018e+00 7.281107e-01 0.000000e+00 -9.248700e-03
0.000000e+00 7.810000e+00 1.122223e+00 7.272480e-01 0.000000e+00 -9.094644e-03
0.000000e+00 7.865000e+00 1.121460e+00 7.264280e-01 0.000000e+00 -8.942846e-03
0.000000e+00 7.920000e+00 1.120732e+00 7.256522e-01 0.000000e+00 -8.788744e-03
0.000000e+00 7.975000e+00 1.120035e+00 7.249111e-01 0.000000e+00 -8.627477e-03
0.000000e+00 8.030000e+00 1.119359e+00 7.241876e-01 0.000000e+00 -8.454377e-03
0.000000e+00 8.085000e+00 1.118691e+00 7.234644e-01 0.000000e+00 -8.268793e-03
0.000000e+00 8.140000e+00 1.118019e+00 7.227307e-01 0.000000e+00 -8.078165e-03
0.000000e+00 8.195000e+00 1.117340e+00 7.219851e-01 0.000000e+00 -7.897187e-03
0.000000e+00 8.250000e+00 1.116654e+00 7.212347e-01 0.000000e+00 -7.740719e-03
0.000000e+00 8.305000e+00 1.115970e+00 7.204920e-01 0.000000e+00 -7.614885e-03
0.000000e+00 8.360000e+00 1.115298e+00 7.197722e-01 0.000000e+00 -7.512563e-03
0.000000e+00 8.415000e+00 1.114656e+00 7.190898e-01 0.000000e+00 -7.416159e-03
0.000000e+00 8.470000e+00 1.114054e+00 7.184530e-01 0.000000e+00 -7.305595e-03
0.000000e+00 8.525000e+00 1.113495e+00 7.178584e-01 0.000000e+00 -7.166999e-03
0.000000e+00 8.580000e+00 1.112966e+00 7.172892e-01 0.000000e+00 -6.998018e-03
0.000000e+00 8.635000e+00 1.112445e+00 7.167216e-01 0.000000e+00 -6.807691e-03
0.000000e+00 8.690000e+00 1.111910e+00 7.161353e-01 0.000000e+00 -6.611150e-03
0.000000e+00 8.745000e+00 1.111350e+00 7.155236e-01 0.000000e+00 -6.421548e-03
0.000000e+00 8.800000e+00 1.110771e+00 7.148969e-01 0.000000e+00 -6.242795e-03
0.000000e+00 8.855000e+00 1.110192e+00 7.142779e-01 0.000000e+00 -6.066751e-03
0.000000e+00 8.910000e+00 1.109638e+00 7.136912e-01 0.000000e+00 -5.876530e-03
0.000000e+00 8.965000e+00 1.109126e+00 7.131531e-01 0.000000e+00 -5.654534e-03
0.000000e+00 9.020000e+00 1.108663e+00 7.126649e-01 0.000000e+00 -5.391264e-03
0.000000e+00 9.075000e+00 1.108238e+00 7.122130e-01 0.000000e+00 -5.090478e-03
0.000000e+00 9.130000e+00 1.107832e+00 7.117732e-01 0.000000e+00 -4.768508e-03
0.000000e+00 9.185000e+00 1.107416e+00 7.113189e-01 0.000000e+00 -4.448716e-03
0.000000e+00 9.240000e+00 1.106969e+00 7.108300e-01 0.000000e+00 -4.153948e-03
0.000000e+00 9.295000e+00 1.106480e+00 7.102987e-01 0.000000e+00 -3.898916e-03
0.000000e+00 9.350000e+00 1.105954e+00 7.097329e-01 0.000000e+00 -3.683877e-03
0.000000e+00 9.405000e+00 1.105408e+00 7.091535e-01 0.000000e+00 -3.490769e-03
0.000000e+00 9.460000e+00 1.104875e+00 7.085888e-01 0.000000e+00 -3.286492e-03
0.000000e+00 9.515000e+00 1.104384e+00 7.080686e-01 0.000000e+00 -3.035272e-03
0.000000e+00 9.570000e+00 1.103961e+00 7.076157e-01 0.000000e+00 -2.720606e-03
0.000000e+00 9.625000e+00 1.103614e+00 7.072439e-01 0.000000e+00 -2.361403e-03
0.000000e+00 9.680000e+00 1.103336e+00 7.069538e-01 0.000000e+00 -2.014514e-03
0.000000e+00 9.735000e+00 1.103124e+00 7.067481e-01 0.000000e+00 -1.739445e-03
0.000000e+00 9.790000e+00 1.102971e+00 7.066148e-01 0.000000e+00 -1.566979e-03
0.000000e+00 9.845000e+00 1.102927e+00 7.065838e-01 0.000000e+00 -1.420282e-03
0.000000e+00 9.900000e+00 1.102965e+00 7.065884e-01 0.000000e+00 -1.272007e-03
0.000000e+00 9.955000e+00 1.103339e+00 7.068891e-01 0.000000e+00 -8.886638e-04
0.000000e+00 1.001000e+01 1.101640e+00 7.050500e-01 -0.000000e+00 -2.260000e-03
0.000000e+00 1.006500e+01 1.101640e+00 7.050500e-01 -0.000000e+00 -2.260000e-03
0.000000e+00 1.012000e+01 1.101640e+00 7.050500e-01 -0.000000e+00 -2.260000e-03
0.000000e+00 1.017500e+01 1.101640e+00 7.050500e-01 -0.000000e+00 -2.260000e-03
0.000000e+00 1.023000e+01 1.101640e+00 7.050500e-01 -0.000000e+00 -2.260000e-03
0.000000e+00 1.028500e+01 1.101640e+00 7.050500e-01 -0.000000e+00 -2.260000e-03
0.000000e+00 1.034000e+01 1.101640e+00 7.050500e-01 -0.000000e+00 -2.260000e-03
0.000000e+00 1.039500e+01 1.101640e+00 7.050500e-01 -0.000000e+00 -2.260000e-03
0.000000e+00 1.045000e+01 1.101640e+00 7.050500e-01 -0.000000e+00 -2.260000e-03
0.000000e+00 1.050500e+01 1.101640e+00 7.050500e-01 -0.000000e+00 -2.260000e-03
0.000000e+00 1.056000e+01 1.101640e+00 7.050500e-01 -0.000000e+00 -2.260000e-03
0.000000e+00 1.061500e+01 1.101640e+00 7.050500e-01 -0.000000e+00 -2.260000e-03
0.000000e+00 1.067000e+01 1.101640e+00 7.050500e-01 -0.000000e+00 -2.260000e-03
0.000000e+00 1.072500e+01 1.101640e+00 7.050500e-01 -0.000000e+00 -2.260000e-03
0.000000e+00 1.078000e+01 1.101640e+00 7.050500e-01 -0.000000e+00 -2.260000e-03
0.000000e+00 1.083500e+01 1.101640e+00 7.050500e-01 -0.000000e+00 -2.260000e-03
0.000000e+00 1.089000e+01 1.101640e+00 7.050500e-01 -0.000000e+00 -2.260000e-03
0.000000e+00 1.094500e+01 1.101640e+00 7.050500e-01 -0.000000e+00 -2.260000e-03
0.000000e+00 1.100000e+01 1.101640e+00 7.050500e-01 -0.000000e+00 -2.260000e-03
