#############TIME##################
1.940045e+01 
###################################
0.000000e+00 0.000000e+00 1.179294e+01 4.082319e+01 0.000000e+00 -1.506806e+00
0.000000e+00 5.500000e-02 1.179294e+01 4.082319e+01 0.000000e+00 -1.506806e+00
0.000000e+00 1.100000e-01 1.179275e+01 4.082227e+01 0.000000e+00 -1.506764e+00
0.000000e+00 1.650000e-01 8.977418e+00 2.328667e+01 0.000000e+00 -1.003696e+00
0.000000e+00 2.200000e-01 6.918031e+00 1.505722e+01 0.000000e+00 -8.301616e-01
0.000000e+00 2.750000e-01 5.629279e+00 1.068162e+01 0.000000e+00 -6.904547e-01
0.000000e+00 3.300000e-01 4.774029e+00 8.114209e+00 0.000000e+00 -5.872491e-01
0.000000e+00 3.850000e-01 4.166372e+00 6.477653e+00 0.000000e+00 -5.071217e-01
0.000000e+00 4.400000e-01 3.723228e+00 5.372205e+00 0.000000e+00 -4.430247e-01
0.000000e+00 4.950000e-01 3.385809e+00 4.582904e+00 0.000000e+00 -3.907017e-01
0.000000e+00 5.500000e-01 3.120425e+00 3.998868e+00 0.000000e+00 -3.480075e-01
0.000000e+00 6.050000e-01 2.905989e+00 3.551823e+00 0.000000e+00 -3.122357e-01
0.000000e+00 6.600000e-01 2.728673e+00 3.201153e+00 0.000000e+00 -2.819543e-01
0.000000e+00 7.150000e-01 2.578481e+00 2.919356e+00 0.000000e+00 -2.559169e-01
0.000000e+00 7.700000e-01 2.449823e+00 2.688576e+00 0.000000e+00 -2.334564e-01
0.000000e+00 8.250000e-01 2.339512e+00 2.496161e+00 0.000000e+00 -2.139923e-01
0.000000e+00 8.800000e-01 2.245228e+00 2.333416e+00 0.000000e+00 -1.971861e-01
0.000000e+00 9.350000e-01 2.164128e+00 2.193962e+00 0.000000e+00 -1.826675e-01
0.000000e+00 9.900000e-01 2.093201e+00 2.073311e+00 0.000000e+00 -1.700784e-01
0.000000e+00 1.045000e+00 2.030183e+00 1.968207e+00 0.000000e+00 -1.590874e-01
0.000000e+00 1.100000e+00 1.973799e+00 1.876210e+00 0.000000e+00 -1.494491e-01
0.000000e+00 1.155000e+00 1.923267e+00 1.795315e+00 0.000000e+00 -1.409597e-01
0.000000e+00 1.210000e+00 1.877965e+00 1.723783e+00 0.000000e+00 -1.334202e-01
0.000000e+00 1.265000e+00 1.837258e+00 1.660069e+00 0.000000e+00 -1.266095e-01
0.000000e+00 1.320000e+00 1.800359e+00 1.602861e+00 0.000000e+00 -1.203063e-01
0.000000e+00 1.375000e+00 1.766348e+00 1.551116e+00 0.000000e+00 -1.143357e-01
0.000000e+00 1.430000e+00 1.734517e+00 1.504071e+00 0.000000e+00 -1.086163e-01
0.000000e+00 1.485000e+00 1.704612e+00 1.461184e+00 0.000000e+00 -1.031652e-01
0.000000e+00 1.540000e+00 1.676722e+00 1.422037e+00 0.000000e+00 -9.805553e-02
0.000000e+00 1.595000e+00 1.650959e+00 1.386257e+00 0.000000e+00 -9.335103e-02
0.000000e+00 1.650000e+00 1.627263e+00 1.353477e+00 0.000000e+00 -8.906193e-02
0.000000e+00 1.705000e+00 1.605408e+00 1.323335e+00 0.000000e+00 -8.514716e-02
0.000000e+00 1.760000e+00 1.585117e+00 1.295489e+00 0.000000e+00 -8.154829e-02
0.000000e+00 1.815000e+00 1.566161e+00 1.269635e+00 0.000000e+00 -7.821997e-02
0.000000e+00 1.870000e+00 1.548376e+00 1.245526e+00 0.000000e+00 -7.514092e-02
0.000000e+00 1.925000e+00 1.531646e+00 1.222977e+00 0.000000e+00 -7.230730e-02
0.000000e+00 1.980000e+00 1.515878e+00 1.201858e+00 0.000000e+00 -6.971612e-02
0.000000e+00 2.035000e+00 1.500984e+00 1.182058e+00 0.000000e+00 -6.735229e-02
0.000000e+00 2.090000e+00 1.486876e+00 1.163470e+00 0.000000e+00 -6.518735e-02
0.000000e+00 2.145000e+00 1.473471e+00 1.145986e+00 0.000000e+00 -6.318502e-02
0.000000e+00 2.200000e+00 1.460710e+00 1.129515e+00 0.000000e+00 -6.130723e-02
0.000000e+00 2.255000e+00 1.448565e+00 1.113989e+00 0.000000e+00 -5.951936e-02
0.000000e+00 2.310000e+00 1.437026e+00 1.099353e+00 0.000000e+00 -5.779603e-02
0.000000e+00 2.365000e+00 1.426083e+00 1.085545e+00 0.000000e+00 -5.612630e-02
0.000000e+00 2.420000e+00 1.415710e+00 1.072489e+00 0.000000e+00 -5.451371e-02
0.000000e+00 2.475000e+00 1.405866e+00 1.060100e+00 0.000000e+00 -5.296934e-02
0.000000e+00 2.530000e+00 1.396504e+00 1.048304e+00 0.000000e+00 -5.150188e-02
0.000000e+00 2.585000e+00 1.387580e+00 1.037050e+00 0.000000e+00 -5.011221e-02
0.000000e+00 2.640000e+00 1.379055e+00 1.026308e+00 0.000000e+00 -4.879552e-02
0.000000e+00 2.695000e+00 1.370886e+00 1.016055e+00 0.000000e+00 -4.754686e-02
0.000000e+00 2.750000e+00 1.363028e+00 1.006266e+00 0.000000e+00 -4.636370e-02
0.000000e+00 2.805000e+00 1.355445e+00 9.969119e-01 0.000000e+00 -4.524335e-02
0.000000e+00 2.860000e+00 1.348117e+00 9.879691e-01 0.000000e+00 -4.417928e-02
0.000000e+00 2.915000e+00 1.341044e+00 9.794206e-01 0.000000e+00 -4.316180e-02
0.000000e+00 2.970000e+00 1.334243e+00 9.712515e-01 0.000000e+00 -4.218351e-02
0.000000e+00 3.025000e+00 1.327727e+00 9.634428e-01 0.000000e+00 -4.124477e-02
0.000000e+00 3.080000e+00 1.321504e+00 9.559685e-01 0.000000e+00 -4.035368e-02
0.000000e+00 3.135000e+00 1.315566e+00 9.487997e-01 0.000000e+00 -3.951976e-02
0.000000e+00 3.190000e+00 1.309891e+00 9.419097e-01 0.000000e+00 -3.874608e-02
0.000000e+00 3.245000e+00 1.304447e+00 9.352773e-01 0.000000e+00 -3.802542e-02
0.000000e+00 3.300000e+00 1.299193e+00 9.288858e-01 0.000000e+00 -3.734283e-02
0.000000e+00 3.355000e+00 1.294094e+00 9.227220e-01 0.000000e+00 -3.668203e-02
0.000000e+00 3.410000e+00 1.289123e+00 9.167759e-01 0.000000e+00 -3.603134e-02
0.000000e+00 3.465000e+00 1.284269e+00 9.110409e-01 0.000000e+00 -3.538610e-02
0.000000e+00 3.520000e+00 1.279541e+00 9.055129e-01 0.000000e+00 -3.474774e-02
0.000000e+00 3.575000e+00 1.274953e+00 9.001853e-01 0.000000e+00 -3.412131e-02
0.000000e+00 3.630000e+00 1.270521e+00 8.950451e-01 0.000000e+00 -3.351282e-02
0.000000e+00 3.685000e+00 1.266254e+00 8.900739e-01 0.000000e+00 -3.292700e-02
0.000000e+00 3.740000e+00 1.262147e+00 8.852531e-01 0.000000e+00 -3.236577e-02
0.000000e+00 3.795000e+00 1.258191e+00 8.805724e-01 0.000000e+00 -3.182806e-02
0.000000e+00 3.850000e+00 1.254373e+00 8.760328e-01 0.000000e+00 -3.131100e-02
0.000000e+00 3.905000e+00 1.250679e+00 8.716433e-01 0.000000e+00 -3.081203e-02
0.000000e+00 3.960000e+00 1.247094e+00 8.674125e-01 0.000000e+00 -3.033036e-02
0.000000e+00 4.015000e+00 1.243604e+00 8.633388e-01 0.000000e+00 -2.986654e-02
0.000000e+00 4.070000e+00 1.240192e+00 8.594062e-01 0.000000e+00 -2.942070e-02
0.000000e+00 4.125000e+00 1.236846e+00 8.555873e-01 0.000000e+00 -2.899075e-02
0.000000e+00 4.180000e+00 1.233560e+00 8.518526e-01 0.000000e+00 -2.857262e-02
0.000000e+00 4.235000e+00 1.230336e+00 8.481820e-01 0.000000e+00 -2.816228e-02
0.000000e+00 4.290000e+00 1.227188e+00 8.445722e-01 0.000000e+00 -2.775852e-02
0.000000e+00 4.345000e+00 1.224131e+00 8.410363e-01 0.000000e+00 -2.736400e-02
0.000000e+00 4.400000e+00 1.221176e+00 8.375954e-01 0.000000e+00 -2.698388e-02
0.000000e+00 4.455000e+00 1.218320e+00 8.342676e-01 0.000000e+00 -2.662226e-02
0.000000e+00 4.510000e+00 1.215552e+00 8.310608e-01 0.000000e+00 -2.627889e-02
0.000000e+00 4.565000e+00 1.212856e+00 8.279714e-01 0.000000e+00 -2.594829e-02
0.000000e+00 4.620000e+00 1.210221e+00 8.249899e-01 0.000000e+00 -2.562245e-02
0.000000e+00 4.675000e+00 1.207649e+00 8.221064e-01 0.000000e+00 -2.529537e-02
0.000000e+00 4.730000e+00 1.205152e+00 8.193142e-01 0.000000e+00 -2.496626e-02
0.000000e+00 4.785000e+00 1.202743e+00 8.166097e-01 0.000000e+00 -2.463893e-02
0.000000e+00 4.840000e+00 1.200433e+00 8.139908e-01 0.000000e+00 -2.431793e-02
0.000000e+00 4.895000e+00 1.198218e+00 8.114534e-01 0.000000e+00 -2.400470e-02
0.000000e+00 4.950000e+00 1.196078e+00 8.089890e-01 0.000000e+00 -2.369667e-02
0.000000e+00 5.005000e+00 1.193984e+00 8.065817e-01 0.000000e+00 -2.338955e-02
0.000000e+00 5.060000e+00 1.191899e+00 8.042084e-01 0.000000e+00 -2.308070e-02
0.000000e+00 5.115000e+00 1.189794e+00 8.018439e-01 0.000000e+00 -2.277101e-02
0.000000e+00 5.170000e+00 1.187654e+00 7.994702e-01 0.000000e+00 -2.246473e-02
0.000000e+00 5.225000e+00 1.185492e+00 7.970850e-01 0.000000e+00 -2.216813e-02
0.000000e+00 5.280000e+00 1.183335e+00 7.947046e-01 0.000000e+00 -2.188801e-02
0.000000e+00 5.335000e+00 1.181222e+00 7.923564e-01 0.000000e+00 -2.163025e-02
0.000000e+00 5.390000e+00 1.179183e+00 7.900666e-01 0.000000e+00 -2.139776e-02
0.000000e+00 5.445000e+00 1.177228e+00 7.878498e-01 0.000000e+00 -2.118838e-02
0.000000e+00 5.500000e+00 1.175346e+00 7.857069e-01 0.000000e+00 -2.099373e-02
0.000000e+00 5.555000e+00 1.173518e+00 7.836305e-01 0.000000e+00 -2.080076e-02
0.000000e+00 5.610000e+00 1.171725e+00 7.816135e-01 0.000000e+00 -2.059590e-02
0.000000e+00 5.665000e+00 1.169961e+00 7.796535e-01 0.000000e+00 -2.037036e-02
0.000000e+00 5.720000e+00 1.168228e+00 7.777503e-01 0.000000e+00 -2.012402e-02
0.000000e+00 5.775000e+00 1.166536e+00 7.759021e-01 0.000000e+00 -1.986592e-02
0.000000e+00 5.830000e+00 1.164889e+00 7.741017e-01 0.000000e+00 -1.961084e-02
0.000000e+00 5.885000e+00 1.163289e+00 7.723389e-01 0.000000e+00 -1.937319e-02
0.000000e+00 5.940000e+00 1.161732e+00 7.706038e-01 0.000000e+00 -1.916125e-02
0.000000e+00 5.995000e+00 1.160208e+00 7.688905e-01 0.000000e+00 -1.897420e-02
0.000000e+00 6.050000e+00 1.158707e+00 7.671979e-01 0.000000e+00 -1.880363e-02
0.000000e+00 6.105000e+00 1.157220e+00 7.655280e-01 0.000000e+00 -1.863799e-02
0.000000e+00 6.160000e+00 1.155742e+00 7.638857e-01 0.000000e+00 -1.846739e-02
0.000000e+00 6.215000e+00 1.154278e+00 7.622786e-01 0.000000e+00 -1.828605e-02
0.000000e+00 6.270000e+00 1.152840e+00 7.607174e-01 0.000000e+00 -1.809196e-02
0.000000e+00 6.325000e+00 1.151451e+00 7.592147e-01 0.000000e+00 -1.788519e-02
0.000000e+00 6.380000e+00 1.150128e+00 7.577806e-01 0.000000e+00 -1.766677e-02
0.000000e+00 6.435000e+00 1.148884e+00 7.564181e-01 0.000000e+00 -1.743861e-02
0.000000e+00 6.490000e+00 1.147714e+00 7.551214e-01 0.000000e+00 -1.720353e-02
0.000000e+00 6.545000e+00 1.146604e+00 7.538773e-01 0.000000e+00 -1.696457e-02
0.000000e+00 6.600000e+00 1.145530e+00 7.526710e-01 0.000000e+00 -1.672401e-02
0.000000e+00 6.655000e+00 1.144473e+00 7.514892e-01 0.000000e+00 -1.648346e-02
0.000000e+00 6.710000e+00 1.143414e+00 7.503207e-01 0.000000e+00 -1.624563e-02
0.000000e+00 6.765000e+00 1.142343e+00 7.491543e-01 0.000000e+00 -1.601631e-02
0.000000e+00 6.820000e+00 1.141251e+00 7.479774e-01 0.000000e+00 -1.580396e-02
0.000000e+00 6.875000e+00 1.140136e+00 7.467797e-01 0.000000e+00 -1.561572e-02
0.000000e+00 6.930000e+00 1.139006e+00 7.455588e-01 0.000000e+00 -1.545188e-02
0.000000e+00 6.985000e+00 1.137874e+00 7.443254e-01 0.000000e+00 -1.530288e-02
0.000000e+00 7.040000e+00 1.136761e+00 7.430996e-01 0.000000e+00 -1.515235e-02
0.000000e+00 7.095000e+00 1.135682e+00 7.419019e-01 0.000000e+00 -1.498544e-02
0.000000e+00 7.150000e+00 1.134636e+00 7.407406e-01 0.000000e+00 -1.479769e-02
0.000000e+00 7.205000e+00 1.133608e+00 7.396061e-01 0.000000e+00 -1.459870e-02
0.000000e+00 7.260000e+00 1.132573e+00 7.384757e-01 0.000000e+00 -1.440733e-02
0.000000e+00 7.315000e+00 1.131509e+00 7.373267e-01 0.000000e+00 -1.424096e-02
0.000000e+00 7.370000e+00 1.130411e+00 7.361490e-01 0.000000e+00 -1.410534e-02
0.000000e+00 7.425000e+00 1.129293e+00 7.349505e-01 0.000000e+00 -1.399143e-02
0.000000e+00 7.480000e+00 1.128179e+00 7.337514e-01 0.000000e+00 -1.388092e-02
0.000000e+00 7.535000e+00 1.127095e+00 7.325745e-01 0.000000e+00 -1.375665e-02
0.000000e+00 7.590000e+00 1.126054e+00 7.314356e-01 0.000000e+00 -1.361122e-02
0.000000e+00 7.645000e+00 1.125059e+00 7.303414e-01 0.000000e+00 -1.344882e-02
0.000000e+00 7.700000e+00 1.124104e+00 7.292930e-01 0.000000e+00 -1.328015e-02
0.000000e+00 7.755000e+00 1.123187e+00 7.282910e-01 0.000000e+00 -1.311444e-02
0.000000e+00 7.810000e+00 1.122305e+00 7.273371e-01 0.000000e+00 -1.295398e-02
0.000000e+00 7.865000e+00 1.121460e+00 7.264322e-01 0.000000e+00 -1.279384e-02
0.000000e+00 7.920000e+00 1.120653e+00 7.255712e-01 0.000000e+00 -1.262644e-02
0.000000e+00 7.975000e+00 1.119876e+00 7.247414e-01 0.000000e+00 -1.244782e-02
0.000000e+00 8.030000e+00 1.119119e+00 7.239274e-01 0.000000e+00 -1.226251e-02
0.000000e+00 8.085000e+00 1.118373e+00 7.231184e-01 0.000000e+00 -1.208375e-02
0.000000e+00 8.140000e+00 1.117637e+00 7.223142e-01 0.000000e+00 -1.192749e-02
0.000000e+00 8.195000e+00 1.116914e+00 7.215215e-01 0.000000e+00 -1.180171e-02
0.000000e+00 8.250000e+00 1.116201e+00 7.207440e-01 0.000000e+00 -1.169805e-02
0.000000e+00 8.305000e+00 1.115488e+00 7.199750e-01 0.000000e+00 -1.159434e-02
0.000000e+00 8.360000e+00 1.114766e+00 7.192022e-01 0.000000e+00 -1.147022e-02
0.000000e+00 8.415000e+00 1.114028e+00 7.184185e-01 0.000000e+00 -1.132424e-02
0.000000e+00 8.470000e+00 1.113282e+00 7.176254e-01 0.000000e+00 -1.117556e-02
0.000000e+00 8.525000e+00 1.112532e+00 7.168241e-01 0.000000e+00 -1.104572e-02
0.000000e+00 8.580000e+00 1.111773e+00 7.160058e-01 0.000000e+00 -1.093702e-02
0.000000e+00 8.635000e+00 1.110992e+00 7.151584e-01 0.000000e+00 -1.083011e-02
0.000000e+00 8.690000e+00 1.110191e+00 7.142879e-01 0.000000e+00 -1.070346e-02
0.000000e+00 8.745000e+00 1.109400e+00 7.134298e-01 0.000000e+00 -1.055324e-02
0.000000e+00 8.800000e+00 1.108658e+00 7.126315e-01 0.000000e+00 -1.039184e-02
0.000000e+00 8.855000e+00 1.107989e+00 7.119184e-01 0.000000e+00 -1.022908e-02
0.000000e+00 8.910000e+00 1.107383e+00 7.112780e-01 0.000000e+00 -1.005970e-02
0.000000e+00 8.965000e+00 1.106810e+00 7.106751e-01 0.000000e+00 -9.870663e-03
0.000000e+00 9.020000e+00 1.106247e+00 7.100792e-01 0.000000e+00 -9.656817e-03
0.000000e+00 9.075000e+00 1.105684e+00 7.094775e-01 0.000000e+00 -9.426607e-03
0.000000e+00 9.130000e+00 1.105120e+00 7.088690e-01 0.000000e+00 -9.195077e-03
0.000000e+00 9.185000e+00 1.104556e+00 7.082555e-01 0.000000e+00 -8.975410e-03
0.000000e+00 9.240000e+00 1.103990e+00 7.076407e-01 0.000000e+00 -8.776123e-03
0.000000e+00 9.295000e+00 1.103426e+00 7.070323e-01 0.000000e+00 -8.600699e-03
0.000000e+00 9.350000e+00 1.102873e+00 7.064414e-01 0.000000e+00 -8.444105e-03
0.000000e+00 9.405000e+00 1.102340e+00 7.058761e-01 0.000000e+00 -8.289649e-03
0.000000e+00 9.460000e+00 1.101832e+00 7.053379e-01 0.000000e+00 -8.111715e-03
0.000000e+00 9.515000e+00 1.101347e+00 7.048201e-01 0.000000e+00 -7.890175e-03
0.000000e+00 9.570000e+00 1.100870e+00 7.043121e-01 0.000000e+00 -7.626352e-03
0.000000e+00 9.625000e+00 1.100385e+00 7.038003e-01 0.000000e+00 -7.353975e-03
0.000000e+00 9.680000e+00 1.099878e+00 7.032747e-01 0.000000e+00 -7.124270e-03
0.000000e+00 9.735000e+00 1.099345e+00 7.027260e-01 0.000000e+00 -6.979165e-03
0.000000e+00 9.790000e+00 1.098799e+00 7.021542e-01 0.000000e+00 -6.914664e-03
0.000000e+00 9.845000e+00 1.098244e+00 7.015561e-01 0.000000e+00 -6.893667e-03
0.000000e+00 9.900000e+00 1.097701e+00 7.009482e-01 0.000000e+00 -6.855921e-03
0.000000e+00 9.955000e+00 1.097154e+00 7.003134e-01 0.000000e+00 -6.788689e-03
0.000000e+00 1.001000e+01 1.101640e+00 7.050500e-01 -0.000000e+00 -2.260000e-03
0.000000e+00 1.006500e+01 1.101640e+00 7.050500e-01 -0.000000e+00 -2.260000e-03
0.000000e+00 1.012000e+01 1.101640e+00 7.050500e-01 -0.000000e+00 -2.260000e-03
0.000000e+00 1.017500e+01 1.101640e+00 7.050500e-01 -0.000000e+00 -2.260000e-03
0.000000e+00 1.023000e+01 1.101640e+00 7.050500e-01 -0.000000e+00 -2.260000e-03
0.000000e+00 1.028500e+01 1.101640e+00 7.050500e-01 -0.000000e+00 -2.260000e-03
0.000000e+00 1.034000e+01 1.101640e+00 7.050500e-01 -0.000000e+00 -2.260000e-03
0.000000e+00 1.039500e+01 1.101640e+00 7.050500e-01 -0.000000e+00 -2.260000e-03
0.000000e+00 1.045000e+01 1.101640e+00 7.050500e-01 -0.000000e+00 -2.260000e-03
0.000000e+00 1.050500e+01 1.101640e+00 7.050500e-01 -0.000000e+00 -2.260000e-03
0.000000e+00 1.056000e+01 1.101640e+00 7.050500e-01 -0.000000e+00 -2.260000e-03
0.000000e+00 1.061500e+01 1.101640e+00 7.050500e-01 -0.000000e+00 -2.260000e-03
0.000000e+00 1.067000e+01 1.101640e+00 7.050500e-01 -0.000000e+00 -2.260000e-03
0.000000e+00 1.072500e+01 1.101640e+00 7.050500e-01 -0.000000e+00 -2.260000e-03
0.000000e+00 1.078000e+01 1.101640e+00 7.050500e-01 -0.000000e+00 -2.260000e-03
0.000000e+00 1.083500e+01 1.101640e+00 7.050500e-01 -0.000000e+00 -2.260000e-03
0.000000e+00 1.089000e+01 1.101640e+00 7.050500e-01 -0.000000e+00 -2.260000e-03
0.000000e+00 1.094500e+01 1.101640e+00 7.050500e-01 -0.000000e+00 -2.260000e-03
0.000000e+00 1.100000e+01 1.101640e+00 7.050500e-01 -0.000000e+00 -2.260000e-03
