#############TIME##################
1.270407e+01 
###################################
0.000000e+00 0.000000e+00 1.184574e+01 4.117319e+01 0.000000e+00 -1.505006e+00
0.000000e+00 5.500000e-02 1.184574e+01 4.117319e+01 0.000000e+00 -1.505006e+00
0.000000e+00 1.100000e-01 1.184568e+01 4.117270e+01 0.000000e+00 -1.505014e+00
0.000000e+00 1.650000e-01 9.023788e+00 2.354205e+01 0.000000e+00 -9.993833e-01
0.000000e+00 2.200000e-01 6.960563e+00 1.527262e+01 0.000000e+00 -8.225960e-01
0.000000e+00 2.750000e-01 5.660743e+00 1.086233e+01 0.000000e+00 -6.795519e-01
0.000000e+00 3.300000e-01 4.797137e+00 8.272969e+00 0.000000e+00 -5.735256e-01
0.000000e+00 3.850000e-01 4.183333e+00 6.619754e+00 0.000000e+00 -4.916621e-01
0.000000e+00 4.400000e-01 3.737666e+00 5.500193e+00 0.000000e+00 -4.270853e-01
0.000000e+00 4.950000e-01 3.399732e+00 4.697901e+00 0.000000e+00 -3.751235e-01
0.000000e+00 5.500000e-01 3.134161e+00 4.101524e+00 0.000000e+00 -3.332083e-01
0.000000e+00 6.050000e-01 2.920089e+00 3.642933e+00 0.000000e+00 -2.984966e-01
0.000000e+00 6.600000e-01 2.744616e+00 3.281744e+00 0.000000e+00 -2.694885e-01
0.000000e+00 7.150000e-01 2.598048e+00 2.990803e+00 0.000000e+00 -2.448581e-01
0.000000e+00 7.700000e-01 2.473962e+00 2.752504e+00 0.000000e+00 -2.238052e-01
0.000000e+00 8.250000e-01 2.367705e+00 2.554254e+00 0.000000e+00 -2.056059e-01
0.000000e+00 8.800000e-01 2.276049e+00 2.387222e+00 0.000000e+00 -1.897747e-01
0.000000e+00 9.350000e-01 2.196506e+00 2.244783e+00 0.000000e+00 -1.758716e-01
0.000000e+00 9.900000e-01 2.126947e+00 2.122037e+00 0.000000e+00 -1.635303e-01
0.000000e+00 1.045000e+00 2.065199e+00 2.015257e+00 0.000000e+00 -1.524004e-01
0.000000e+00 1.100000e+00 2.009278e+00 1.921635e+00 0.000000e+00 -1.422052e-01
0.000000e+00 1.155000e+00 1.957830e+00 1.838974e+00 0.000000e+00 -1.327659e-01
0.000000e+00 1.210000e+00 1.910397e+00 1.765511e+00 0.000000e+00 -1.240109e-01
0.000000e+00 1.265000e+00 1.866965e+00 1.699815e+00 0.000000e+00 -1.159187e-01
0.000000e+00 1.320000e+00 1.827391e+00 1.640750e+00 0.000000e+00 -1.084629e-01
0.000000e+00 1.375000e+00 1.791273e+00 1.587416e+00 0.000000e+00 -1.015927e-01
0.000000e+00 1.430000e+00 1.758125e+00 1.539068e+00 0.000000e+00 -9.525602e-02
0.000000e+00 1.485000e+00 1.727549e+00 1.495060e+00 0.000000e+00 -8.942408e-02
0.000000e+00 1.540000e+00 1.699303e+00 1.454829e+00 0.000000e+00 -8.408948e-02
0.000000e+00 1.595000e+00 1.673239e+00 1.417901e+00 0.000000e+00 -7.924176e-02
0.000000e+00 1.650000e+00 1.649180e+00 1.383893e+00 0.000000e+00 -7.484847e-02
0.000000e+00 1.705000e+00 1.626862e+00 1.352486e+00 0.000000e+00 -7.085517e-02
0.000000e+00 1.760000e+00 1.606006e+00 1.323408e+00 0.000000e+00 -6.719546e-02
0.000000e+00 1.815000e+00 1.586393e+00 1.296431e+00 0.000000e+00 -6.380095e-02
0.000000e+00 1.870000e+00 1.567896e+00 1.271361e+00 0.000000e+00 -6.061318e-02
0.000000e+00 1.925000e+00 1.550443e+00 1.248019e+00 0.000000e+00 -5.759502e-02
0.000000e+00 1.980000e+00 1.533976e+00 1.226221e+00 0.000000e+00 -5.473312e-02
0.000000e+00 2.035000e+00 1.518434e+00 1.205779e+00 0.000000e+00 -5.202723e-02
0.000000e+00 2.090000e+00 1.503757e+00 1.186529e+00 0.000000e+00 -4.947132e-02
0.000000e+00 2.145000e+00 1.489908e+00 1.168364e+00 0.000000e+00 -4.704217e-02
0.000000e+00 2.200000e+00 1.476864e+00 1.151237e+00 0.000000e+00 -4.470970e-02
0.000000e+00 2.255000e+00 1.464585e+00 1.135115e+00 0.000000e+00 -4.246382e-02
0.000000e+00 2.310000e+00 1.452985e+00 1.119931e+00 0.000000e+00 -4.033160e-02
0.000000e+00 2.365000e+00 1.441939e+00 1.105580e+00 0.000000e+00 -3.836236e-02
0.000000e+00 2.420000e+00 1.431331e+00 1.091950e+00 0.000000e+00 -3.658800e-02
0.000000e+00 2.475000e+00 1.421097e+00 1.078970e+00 0.000000e+00 -3.499172e-02
0.000000e+00 2.530000e+00 1.411236e+00 1.066612e+00 0.000000e+00 -3.351300e-02
0.000000e+00 2.585000e+00 1.401786e+00 1.054867e+00 0.000000e+00 -3.208465e-02
0.000000e+00 2.640000e+00 1.392788e+00 1.043719e+00 0.000000e+00 -3.066916e-02
0.000000e+00 2.695000e+00 1.384265e+00 1.033138e+00 0.000000e+00 -2.926604e-02
0.000000e+00 2.750000e+00 1.376216e+00 1.023090e+00 0.000000e+00 -2.789168e-02
0.000000e+00 2.805000e+00 1.368610e+00 1.013544e+00 0.000000e+00 -2.655682e-02
0.000000e+00 2.860000e+00 1.361377e+00 1.004450e+00 0.000000e+00 -2.526234e-02
0.000000e+00 2.915000e+00 1.354408e+00 9.957327e-01 0.000000e+00 -2.401101e-02
0.000000e+00 2.970000e+00 1.347596e+00 9.873061e-01 0.000000e+00 -2.281629e-02
0.000000e+00 3.025000e+00 1.340884e+00 9.791209e-01 0.000000e+00 -2.169440e-02
0.000000e+00 3.080000e+00 1.334295e+00 9.711932e-01 0.000000e+00 -2.064679e-02
0.000000e+00 3.135000e+00 1.327918e+00 9.635875e-01 0.000000e+00 -1.965361e-02
0.000000e+00 3.190000e+00 1.321842e+00 9.563582e-01 0.000000e+00 -1.868816e-02
0.000000e+00 3.245000e+00 1.316108e+00 9.495037e-01 0.000000e+00 -1.773843e-02
0.000000e+00 3.300000e+00 1.310697e+00 9.429734e-01 0.000000e+00 -1.681248e-02
0.000000e+00 3.355000e+00 1.305564e+00 9.367180e-01 0.000000e+00 -1.592110e-02
0.000000e+00 3.410000e+00 1.300673e+00 9.307295e-01 0.000000e+00 -1.505530e-02
0.000000e+00 3.465000e+00 1.296005e+00 9.250311e-01 0.000000e+00 -1.418379e-02
0.000000e+00 3.520000e+00 1.291530e+00 9.196272e-01 0.000000e+00 -1.327643e-02
0.000000e+00 3.575000e+00 1.287185e+00 9.144640e-01 0.000000e+00 -1.233344e-02
0.000000e+00 3.630000e+00 1.282891e+00 9.094404e-01 0.000000e+00 -1.139340e-02
0.000000e+00 3.685000e+00 1.278596e+00 9.044630e-01 0.000000e+00 -1.051170e-02
0.000000e+00 3.740000e+00 1.274308e+00 8.995008e-01 0.000000e+00 -9.725916e-03
0.000000e+00 3.795000e+00 1.270095e+00 8.945989e-01 0.000000e+00 -9.033954e-03
0.000000e+00 3.850000e+00 1.266052e+00 8.898456e-01 0.000000e+00 -8.398204e-03
0.000000e+00 3.905000e+00 1.262245e+00 8.853211e-01 0.000000e+00 -7.767770e-03
0.000000e+00 3.960000e+00 1.258688e+00 8.810612e-01 0.000000e+00 -7.101393e-03
0.000000e+00 4.015000e+00 1.255341e+00 8.770524e-01 0.000000e+00 -6.380953e-03
0.000000e+00 4.070000e+00 1.252135e+00 8.732468e-01 0.000000e+00 -5.614921e-03
0.000000e+00 4.125000e+00 1.249003e+00 8.695853e-01 0.000000e+00 -4.832608e-03
0.000000e+00 4.180000e+00 1.245904e+00 8.660184e-01 0.000000e+00 -4.069740e-03
0.000000e+00 4.235000e+00 1.242829e+00 8.625166e-01 0.000000e+00 -3.350505e-03
0.000000e+00 4.290000e+00 1.239796e+00 8.590715e-01 0.000000e+00 -2.676269e-03
0.000000e+00 4.345000e+00 1.236839e+00 8.556916e-01 0.000000e+00 -2.028558e-03
0.000000e+00 4.400000e+00 1.233992e+00 8.523997e-01 0.000000e+00 -1.383901e-03
0.000000e+00 4.455000e+00 1.231284e+00 8.492282e-01 0.000000e+00 -7.281586e-04
0.000000e+00 4.510000e+00 1.228727e+00 8.462119e-01 0.000000e+00 -5.728229e-05
0.000000e+00 4.565000e+00 1.226321e+00 8.433798e-01 0.000000e+00 6.352765e-04
0.000000e+00 4.620000e+00 1.224057e+00 8.407481e-01 0.000000e+00 1.369039e-03
0.000000e+00 4.675000e+00 1.221926e+00 8.383156e-01 0.000000e+00 2.170782e-03
0.000000e+00 4.730000e+00 1.219920e+00 8.360632e-01 0.000000e+00 3.055131e-03
0.000000e+00 4.785000e+00 1.218028e+00 8.339551e-01 0.000000e+00 4.007292e-03
0.000000e+00 4.840000e+00 1.216231e+00 8.319408e-01 0.000000e+00 4.981414e-03
0.000000e+00 4.895000e+00 1.214493e+00 8.299602e-01 0.000000e+00 5.915162e-03
0.000000e+00 4.950000e+00 1.212765e+00 8.279536e-01 0.000000e+00 6.751027e-03
0.000000e+00 5.005000e+00 1.210990e+00 8.258741e-01 0.000000e+00 7.454691e-03
0.000000e+00 5.060000e+00 1.209127e+00 8.236990e-01 0.000000e+00 8.025549e-03
0.000000e+00 5.115000e+00 1.207159e+00 8.214342e-01 0.000000e+00 8.496416e-03
0.000000e+00 5.170000e+00 1.205107e+00 8.191143e-01 0.000000e+00 8.920763e-03
0.000000e+00 5.225000e+00 1.203031e+00 8.167995e-01 0.000000e+00 9.351718e-03
0.000000e+00 5.280000e+00 1.201014e+00 8.145674e-01 0.000000e+00 9.823313e-03
0.000000e+00 5.335000e+00 1.199144e+00 8.124941e-01 0.000000e+00 1.034386e-02
0.000000e+00 5.390000e+00 1.197476e+00 8.106253e-01 0.000000e+00 1.090315e-02
0.000000e+00 5.445000e+00 1.196009e+00 8.089521e-01 0.000000e+00 1.148513e-02
0.000000e+00 5.500000e+00 1.194675e+00 8.074041e-01 0.000000e+00 1.207382e-02
0.000000e+00 5.555000e+00 1.193360e+00 8.058697e-01 0.000000e+00 1.264841e-02
0.000000e+00 5.610000e+00 1.191947e+00 8.042366e-01 0.000000e+00 1.317691e-02
0.000000e+00 5.665000e+00 1.190362e+00 8.024368e-01 0.000000e+00 1.362257e-02
0.000000e+00 5.720000e+00 1.188608e+00 8.004763e-01 0.000000e+00 1.396689e-02
0.000000e+00 5.775000e+00 1.186760e+00 7.984332e-01 0.000000e+00 1.423214e-02
0.000000e+00 5.830000e+00 1.184936e+00 7.964244e-01 0.000000e+00 1.448196e-02
0.000000e+00 5.885000e+00 1.183250e+00 7.945591e-01 0.000000e+00 1.479554e-02
0.000000e+00 5.940000e+00 1.181767e+00 7.928999e-01 0.000000e+00 1.522746e-02
0.000000e+00 5.995000e+00 1.180487e+00 7.914444e-01 0.000000e+00 1.577687e-02
0.000000e+00 6.050000e+00 1.179349e+00 7.901337e-01 0.000000e+00 1.638643e-02
0.000000e+00 6.105000e+00 1.178262e+00 7.888809e-01 0.000000e+00 1.697065e-02
0.000000e+00 6.160000e+00 1.177136e+00 7.876004e-01 0.000000e+00 1.745552e-02
0.000000e+00 6.215000e+00 1.175908e+00 7.862278e-01 0.000000e+00 1.780828e-02
0.000000e+00 6.270000e+00 1.174548e+00 7.847320e-01 0.000000e+00 1.804345e-02
0.000000e+00 6.325000e+00 1.173078e+00 7.831251e-01 0.000000e+00 1.820605e-02
0.000000e+00 6.380000e+00 1.171565e+00 7.814683e-01 0.000000e+00 1.834626e-02
0.000000e+00 6.435000e+00 1.170110e+00 7.798631e-01 0.000000e+00 1.850361e-02
0.000000e+00 6.490000e+00 1.168817e+00 7.784173e-01 0.000000e+00 1.870697e-02
0.000000e+00 6.545000e+00 1.167740e+00 7.771948e-01 0.000000e+00 1.897938e-02
0.000000e+00 6.600000e+00 1.166855e+00 7.761774e-01 0.000000e+00 1.933002e-02
0.000000e+00 6.655000e+00 1.166056e+00 7.752609e-01 0.000000e+00 1.973137e-02
0.000000e+00 6.710000e+00 1.165199e+00 7.742963e-01 0.000000e+00 2.011163e-02
0.000000e+00 6.765000e+00 1.164163e+00 7.731526e-01 0.000000e+00 2.038176e-02
0.000000e+00 6.820000e+00 1.162903e+00 7.717767e-01 0.000000e+00 2.049266e-02
0.000000e+00 6.875000e+00 1.161477e+00 7.702234e-01 0.000000e+00 2.047855e-02
0.000000e+00 6.930000e+00 1.160025e+00 7.686363e-01 0.000000e+00 2.044647e-02
0.000000e+00 6.985000e+00 1.158710e+00 7.671869e-01 0.000000e+00 2.052060e-02
0.000000e+00 7.040000e+00 1.157646e+00 7.659996e-01 0.000000e+00 2.077411e-02
0.000000e+00 7.095000e+00 1.156839e+00 7.650841e-01 0.000000e+00 2.118550e-02
0.000000e+00 7.150000e+00 1.156180e+00 7.643299e-01 0.000000e+00 2.165022e-02
0.000000e+00 7.205000e+00 1.155507e+00 7.635691e-01 0.000000e+00 2.204145e-02
0.000000e+00 7.260000e+00 1.154693e+00 7.626661e-01 0.000000e+00 2.227475e-02
0.000000e+00 7.315000e+00 1.153717e+00 7.616010e-01 0.000000e+00 2.235165e-02
0.000000e+00 7.370000e+00 1.152689e+00 7.604880e-01 0.000000e+00 2.236193e-02
0.000000e+00 7.425000e+00 1.151777e+00 7.595028e-01 0.000000e+00 2.244512e-02
0.000000e+00 7.480000e+00 1.151104e+00 7.587731e-01 0.000000e+00 2.274444e-02
0.000000e+00 7.535000e+00 1.150657e+00 7.582791e-01 0.000000e+00 2.331721e-02
0.000000e+00 7.590000e+00 1.150291e+00 7.578634e-01 0.000000e+00 2.405319e-02
0.000000e+00 7.645000e+00 1.149833e+00 7.573401e-01 0.000000e+00 2.466603e-02
0.000000e+00 7.700000e+00 1.149182e+00 7.566071e-01 0.000000e+00 2.480054e-02
0.000000e+00 7.755000e+00 1.148270e+00 7.555957e-01 0.000000e+00 2.430362e-02
0.000000e+00 7.810000e+00 1.147055e+00 7.542649e-01 0.000000e+00 2.339003e-02
0.000000e+00 7.865000e+00 1.145524e+00 7.526012e-01 0.000000e+00 2.259405e-02
0.000000e+00 7.920000e+00 1.143716e+00 7.506339e-01 0.000000e+00 2.244673e-02
0.000000e+00 7.975000e+00 1.141992e+00 7.487548e-01 0.000000e+00 2.304162e-02
0.000000e+00 8.030000e+00 1.140831e+00 7.474871e-01 0.000000e+00 2.401948e-02
0.000000e+00 8.085000e+00 1.140669e+00 7.473034e-01 0.000000e+00 2.479328e-02
0.000000e+00 8.140000e+00 1.141582e+00 7.482865e-01 0.000000e+00 2.506570e-02
0.000000e+00 8.195000e+00 1.143136e+00 7.499686e-01 0.000000e+00 2.504837e-02
0.000000e+00 8.250000e+00 1.144673e+00 7.516365e-01 0.000000e+00 2.514827e-02
0.000000e+00 8.305000e+00 1.145417e+00 7.524463e-01 0.000000e+00 2.557682e-02
0.000000e+00 8.360000e+00 1.145009e+00 7.520160e-01 0.000000e+00 2.628096e-02
0.000000e+00 8.415000e+00 1.143308e+00 7.501743e-01 0.000000e+00 2.660455e-02
0.000000e+00 8.470000e+00 1.140232e+00 7.468275e-01 0.000000e+00 2.602012e-02
0.000000e+00 8.525000e+00 1.136218e+00 7.424550e-01 0.000000e+00 2.445529e-02
0.000000e+00 8.580000e+00 1.132193e+00 7.380735e-01 0.000000e+00 2.236388e-02
0.000000e+00 8.635000e+00 1.129154e+00 7.347595e-01 0.000000e+00 2.040437e-02
0.000000e+00 8.690000e+00 1.127904e+00 7.333857e-01 0.000000e+00 1.921193e-02
0.000000e+00 8.745000e+00 1.128719e+00 7.342506e-01 0.000000e+00 1.927925e-02
0.000000e+00 8.800000e+00 1.131386e+00 7.371354e-01 0.000000e+00 2.062875e-02
0.000000e+00 8.855000e+00 1.135057e+00 7.411304e-01 0.000000e+00 2.290123e-02
0.000000e+00 8.910000e+00 1.138643e+00 7.450427e-01 0.000000e+00 2.542137e-02
0.000000e+00 8.965000e+00 1.141135e+00 7.477736e-01 0.000000e+00 2.738016e-02
0.000000e+00 9.020000e+00 1.141742e+00 7.484494e-01 0.000000e+00 2.811513e-02
0.000000e+00 9.075000e+00 1.140270e+00 7.468495e-01 0.000000e+00 2.742579e-02
0.000000e+00 9.130000e+00 1.137199e+00 7.434942e-01 0.000000e+00 2.567491e-02
0.000000e+00 9.185000e+00 1.133486e+00 7.394373e-01 0.000000e+00 2.346771e-02
0.000000e+00 9.240000e+00 1.130193e+00 7.358469e-01 0.000000e+00 2.150378e-02
0.000000e+00 9.295000e+00 1.128111e+00 7.335824e-01 0.000000e+00 2.032027e-02
0.000000e+00 9.350000e+00 1.127522e+00 7.329447e-01 0.000000e+00 2.016289e-02
0.000000e+00 9.405000e+00 1.128088e+00 7.335634e-01 0.000000e+00 2.081642e-02
0.000000e+00 9.460000e+00 1.129248e+00 7.348288e-01 0.000000e+00 2.192455e-02
0.000000e+00 9.515000e+00 1.130497e+00 7.361916e-01 0.000000e+00 2.314660e-02
0.000000e+00 9.570000e+00 1.131464e+00 7.372451e-01 0.000000e+00 2.418302e-02
0.000000e+00 9.625000e+00 1.132000e+00 7.378269e-01 0.000000e+00 2.486607e-02
0.000000e+00 9.680000e+00 1.132180e+00 7.380257e-01 0.000000e+00 2.519638e-02
0.000000e+00 9.735000e+00 1.132105e+00 7.379624e-01 0.000000e+00 2.519946e-02
0.000000e+00 9.790000e+00 1.131778e+00 7.376470e-01 0.000000e+00 2.487081e-02
0.000000e+00 9.845000e+00 1.131070e+00 7.369223e-01 0.000000e+00 2.418191e-02
0.000000e+00 9.900000e+00 1.129867e+00 7.356212e-01 0.000000e+00 2.320497e-02
0.000000e+00 9.955000e+00 1.128234e+00 7.337757e-01 0.000000e+00 2.221850e-02
0.000000e+00 1.001000e+01 1.101640e+00 7.050500e-01 -0.000000e+00 -2.260000e-03
0.000000e+00 1.006500e+01 1.101640e+00 7.050500e-01 -0.000000e+00 -2.260000e-03
0.000000e+00 1.012000e+01 1.101640e+00 7.050500e-01 -0.000000e+00 -2.260000e-03
0.000000e+00 1.017500e+01 1.101640e+00 7.050500e-01 -0.000000e+00 -2.260000e-03
0.000000e+00 1.023000e+01 1.101640e+00 7.050500e-01 -0.000000e+00 -2.260000e-03
0.000000e+00 1.028500e+01 1.101640e+00 7.050500e-01 -0.000000e+00 -2.260000e-03
0.000000e+00 1.034000e+01 1.101640e+00 7.050500e-01 -0.000000e+00 -2.260000e-03
0.000000e+00 1.039500e+01 1.101640e+00 7.050500e-01 -0.000000e+00 -2.260000e-03
0.000000e+00 1.045000e+01 1.101640e+00 7.050500e-01 -0.000000e+00 -2.260000e-03
0.000000e+00 1.050500e+01 1.101640e+00 7.050500e-01 -0.000000e+00 -2.260000e-03
0.000000e+00 1.056000e+01 1.101640e+00 7.050500e-01 -0.000000e+00 -2.260000e-03
0.000000e+00 1.061500e+01 1.101640e+00 7.050500e-01 -0.000000e+00 -2.260000e-03
0.000000e+00 1.067000e+01 1.101640e+00 7.050500e-01 -0.000000e+00 -2.260000e-03
0.000000e+00 1.072500e+01 1.101640e+00 7.050500e-01 -0.000000e+00 -2.260000e-03
0.000000e+00 1.078000e+01 1.101640e+00 7.050500e-01 -0.000000e+00 -2.260000e-03
0.000000e+00 1.083500e+01 1.101640e+00 7.050500e-01 -0.000000e+00 -2.260000e-03
0.000000e+00 1.089000e+01 1.101640e+00 7.050500e-01 -0.000000e+00 -2.260000e-03
0.000000e+00 1.094500e+01 1.101640e+00 7.050500e-01 -0.000000e+00 -2.260000e-03
0.000000e+00 1.100000e+01 1.101640e+00 7.050500e-01 -0.000000e+00 -2.260000e-03
