#############TIME##################
1.801093e+00 
###################################
0.000000e+00 0.000000e+00 1.201484e+01 4.241334e+01 0.000000e+00 -1.498575e+00
0.000000e+00 5.500000e-02 1.201484e+01 4.241334e+01 0.000000e+00 -1.498575e+00
0.000000e+00 1.100000e-01 1.201262e+01 4.239673e+01 0.000000e+00 -1.498982e+00
0.000000e+00 1.650000e-01 9.201539e+00 2.445591e+01 0.000000e+00 -9.922754e-01
0.000000e+00 2.200000e-01 7.132223e+00 1.595584e+01 0.000000e+00 -8.170450e-01
0.000000e+00 2.750000e-01 5.829794e+00 1.140312e+01 0.000000e+00 -6.764803e-01
0.000000e+00 3.300000e-01 4.971781e+00 8.734526e+00 0.000000e+00 -5.720681e-01
0.000000e+00 3.850000e-01 4.361695e+00 7.030436e+00 0.000000e+00 -4.930153e-01
0.000000e+00 4.400000e-01 3.914978e+00 5.874377e+00 0.000000e+00 -4.331779e-01
0.000000e+00 4.950000e-01 3.572388e+00 5.040857e+00 0.000000e+00 -3.844847e-01
0.000000e+00 5.500000e-01 3.291844e+00 4.397490e+00 0.000000e+00 -3.432786e-01
0.000000e+00 6.050000e-01 3.054134e+00 3.880649e+00 0.000000e+00 -3.072719e-01
0.000000e+00 6.600000e-01 2.861180e+00 3.481294e+00 0.000000e+00 -2.775718e-01
0.000000e+00 7.150000e-01 2.715232e+00 3.190721e+00 0.000000e+00 -2.565844e-01
0.000000e+00 7.700000e-01 2.598709e+00 2.963839e+00 0.000000e+00 -2.433698e-01
0.000000e+00 8.250000e-01 2.486723e+00 2.751738e+00 0.000000e+00 -2.316723e-01
0.000000e+00 8.800000e-01 2.369239e+00 2.538782e+00 0.000000e+00 -2.163237e-01
0.000000e+00 9.350000e-01 2.259476e+00 2.346833e+00 0.000000e+00 -1.970506e-01
0.000000e+00 9.900000e-01 2.166346e+00 2.188662e+00 0.000000e+00 -1.930668e-01
0.000000e+00 1.045000e+00 2.076456e+00 2.040188e+00 0.000000e+00 -2.343355e-01
0.000000e+00 1.100000e+00 1.824845e+00 1.642784e+00 0.000000e+00 -3.210412e-01
0.000000e+00 1.155000e+00 1.587943e+00 1.298795e+00 0.000000e+00 -4.406549e-01
0.000000e+00 1.210000e+00 1.490802e+00 1.167265e+00 0.000000e+00 -4.682326e-01
0.000000e+00 1.265000e+00 1.438111e+00 1.099233e+00 0.000000e+00 -4.666128e-01
0.000000e+00 1.320000e+00 1.395537e+00 1.045541e+00 0.000000e+00 -4.585070e-01
0.000000e+00 1.375000e+00 1.359295e+00 1.000671e+00 0.000000e+00 -4.495525e-01
0.000000e+00 1.430000e+00 1.327790e+00 9.623166e-01 0.000000e+00 -4.398931e-01
0.000000e+00 1.485000e+00 1.300475e+00 9.295602e-01 0.000000e+00 -4.295824e-01
0.000000e+00 1.540000e+00 1.276729e+00 9.014589e-01 0.000000e+00 -4.188231e-01
0.000000e+00 1.595000e+00 1.255985e+00 8.771959e-01 0.000000e+00 -4.078026e-01
0.000000e+00 1.650000e+00 1.237817e+00 8.561638e-01 0.000000e+00 -3.966431e-01
0.000000e+00 1.705000e+00 1.221881e+00 8.378814e-01 0.000000e+00 -3.854322e-01
0.000000e+00 1.760000e+00 1.207882e+00 8.219512e-01 0.000000e+00 -3.742413e-01
0.000000e+00 1.815000e+00 1.195573e+00 8.080432e-01 0.000000e+00 -3.631278e-01
0.000000e+00 1.870000e+00 1.184740e+00 7.958819e-01 0.000000e+00 -3.521378e-01
0.000000e+00 1.925000e+00 1.175201e+00 7.852341e-01 0.000000e+00 -3.413092e-01
0.000000e+00 1.980000e+00 1.166798e+00 7.759008e-01 0.000000e+00 -3.306733e-01
0.000000e+00 2.035000e+00 1.159391e+00 7.677114e-01 0.000000e+00 -3.202558e-01
0.000000e+00 2.090000e+00 1.152861e+00 7.605194e-01 0.000000e+00 -3.100771e-01
0.000000e+00 2.145000e+00 1.147101e+00 7.541983e-01 0.000000e+00 -3.001535e-01
0.000000e+00 2.200000e+00 1.142018e+00 7.486384e-01 0.000000e+00 -2.904973e-01
0.000000e+00 2.255000e+00 1.137533e+00 7.437447e-01 0.000000e+00 -2.811175e-01
0.000000e+00 2.310000e+00 1.133572e+00 7.394344e-01 0.000000e+00 -2.720202e-01
0.000000e+00 2.365000e+00 1.130073e+00 7.356353e-01 0.000000e+00 -2.632090e-01
0.000000e+00 2.420000e+00 1.126981e+00 7.322845e-01 0.000000e+00 -2.546854e-01
0.000000e+00 2.475000e+00 1.124248e+00 7.293269e-01 0.000000e+00 -2.464489e-01
0.000000e+00 2.530000e+00 1.121829e+00 7.267145e-01 0.000000e+00 -2.384974e-01
0.000000e+00 2.585000e+00 1.119689e+00 7.244051e-01 0.000000e+00 -2.308276e-01
0.000000e+00 2.640000e+00 1.117793e+00 7.223619e-01 0.000000e+00 -2.234347e-01
0.000000e+00 2.695000e+00 1.116112e+00 7.205527e-01 0.000000e+00 -2.163133e-01
0.000000e+00 2.750000e+00 1.114621e+00 7.189493e-01 0.000000e+00 -2.094571e-01
0.000000e+00 2.805000e+00 1.113297e+00 7.175268e-01 0.000000e+00 -2.028591e-01
0.000000e+00 2.860000e+00 1.112120e+00 7.162636e-01 0.000000e+00 -1.965120e-01
0.000000e+00 2.915000e+00 1.111074e+00 7.151408e-01 0.000000e+00 -1.904080e-01
0.000000e+00 2.970000e+00 1.110142e+00 7.141416e-01 0.000000e+00 -1.845392e-01
0.000000e+00 3.025000e+00 1.109312e+00 7.132516e-01 0.000000e+00 -1.788975e-01
0.000000e+00 3.080000e+00 1.108571e+00 7.124580e-01 0.000000e+00 -1.734746e-01
0.000000e+00 3.135000e+00 1.107909e+00 7.117495e-01 0.000000e+00 -1.682624e-01
0.000000e+00 3.190000e+00 1.107318e+00 7.111162e-01 0.000000e+00 -1.632529e-01
0.000000e+00 3.245000e+00 1.106788e+00 7.105496e-01 0.000000e+00 -1.584380e-01
0.000000e+00 3.300000e+00 1.106314e+00 7.100420e-01 0.000000e+00 -1.538098e-01
0.000000e+00 3.355000e+00 1.105888e+00 7.095868e-01 0.000000e+00 -1.493608e-01
0.000000e+00 3.410000e+00 1.105506e+00 7.091780e-01 0.000000e+00 -1.450834e-01
0.000000e+00 3.465000e+00 1.105162e+00 7.088105e-01 0.000000e+00 -1.409704e-01
0.000000e+00 3.520000e+00 1.104852e+00 7.084798e-01 0.000000e+00 -1.370148e-01
0.000000e+00 3.575000e+00 1.104574e+00 7.081818e-01 0.000000e+00 -1.332099e-01
0.000000e+00 3.630000e+00 1.104322e+00 7.079129e-01 0.000000e+00 -1.295490e-01
0.000000e+00 3.685000e+00 1.104095e+00 7.076701e-01 0.000000e+00 -1.260261e-01
0.000000e+00 3.740000e+00 1.103889e+00 7.074506e-01 0.000000e+00 -1.226350e-01
0.000000e+00 3.795000e+00 1.103703e+00 7.072518e-01 0.000000e+00 -1.193701e-01
0.000000e+00 3.850000e+00 1.103534e+00 7.070717e-01 0.000000e+00 -1.162257e-01
0.000000e+00 3.905000e+00 1.103381e+00 7.069083e-01 0.000000e+00 -1.131966e-01
0.000000e+00 3.960000e+00 1.103242e+00 7.067598e-01 0.000000e+00 -1.102777e-01
0.000000e+00 4.015000e+00 1.103116e+00 7.066248e-01 0.000000e+00 -1.074644e-01
0.000000e+00 4.070000e+00 1.103001e+00 7.065020e-01 0.000000e+00 -1.047518e-01
0.000000e+00 4.125000e+00 1.102896e+00 7.063900e-01 0.000000e+00 -1.021358e-01
0.000000e+00 4.180000e+00 1.102800e+00 7.062879e-01 0.000000e+00 -9.961196e-02
0.000000e+00 4.235000e+00 1.102713e+00 7.061946e-01 0.000000e+00 -9.717647e-02
0.000000e+00 4.290000e+00 1.102633e+00 7.061093e-01 0.000000e+00 -9.482549e-02
0.000000e+00 4.345000e+00 1.102560e+00 7.060313e-01 0.000000e+00 -9.255539e-02
0.000000e+00 4.400000e+00 1.102493e+00 7.059599e-01 0.000000e+00 -9.036273e-02
0.000000e+00 4.455000e+00 1.102431e+00 7.058944e-01 0.000000e+00 -8.824422e-02
0.000000e+00 4.510000e+00 1.102375e+00 7.058343e-01 0.000000e+00 -8.619676e-02
0.000000e+00 4.565000e+00 1.102323e+00 7.057790e-01 0.000000e+00 -8.421735e-02
0.000000e+00 4.620000e+00 1.102276e+00 7.057283e-01 0.000000e+00 -8.230316e-02
0.000000e+00 4.675000e+00 1.102232e+00 7.056815e-01 0.000000e+00 -8.045150e-02
0.000000e+00 4.730000e+00 1.102192e+00 7.056385e-01 0.000000e+00 -7.865979e-02
0.000000e+00 4.785000e+00 1.102154e+00 7.055988e-01 0.000000e+00 -7.692559e-02
0.000000e+00 4.840000e+00 1.102120e+00 7.055622e-01 0.000000e+00 -7.524655e-02
0.000000e+00 4.895000e+00 1.102088e+00 7.055284e-01 0.000000e+00 -7.362046e-02
0.000000e+00 4.950000e+00 1.102059e+00 7.054972e-01 0.000000e+00 -7.204519e-02
0.000000e+00 5.005000e+00 1.102032e+00 7.054683e-01 0.000000e+00 -7.051874e-02
0.000000e+00 5.060000e+00 1.102007e+00 7.054415e-01 0.000000e+00 -6.903916e-02
0.000000e+00 5.115000e+00 1.101984e+00 7.054167e-01 0.000000e+00 -6.760462e-02
0.000000e+00 5.170000e+00 1.101962e+00 7.053937e-01 0.000000e+00 -6.621338e-02
0.000000e+00 5.225000e+00 1.101942e+00 7.053724e-01 0.000000e+00 -6.486376e-02
0.000000e+00 5.280000e+00 1.101924e+00 7.053526e-01 0.000000e+00 -6.355416e-02
0.000000e+00 5.335000e+00 1.101906e+00 7.053342e-01 0.000000e+00 -6.228306e-02
0.000000e+00 5.390000e+00 1.101890e+00 7.053171e-01 0.000000e+00 -6.104901e-02
0.000000e+00 5.445000e+00 1.101875e+00 7.053011e-01 0.000000e+00 -5.985062e-02
0.000000e+00 5.500000e+00 1.101862e+00 7.052863e-01 0.000000e+00 -5.868656e-02
0.000000e+00 5.555000e+00 1.101849e+00 7.052725e-01 0.000000e+00 -5.755557e-02
0.000000e+00 5.610000e+00 1.101836e+00 7.052596e-01 0.000000e+00 -5.645643e-02
0.000000e+00 5.665000e+00 1.101825e+00 7.052475e-01 0.000000e+00 -5.538799e-02
0.000000e+00 5.720000e+00 1.101815e+00 7.052363e-01 0.000000e+00 -5.434914e-02
0.000000e+00 5.775000e+00 1.101805e+00 7.052258e-01 0.000000e+00 -5.333881e-02
0.000000e+00 5.830000e+00 1.101796e+00 7.052160e-01 0.000000e+00 -5.235600e-02
0.000000e+00 5.885000e+00 1.101787e+00 7.052068e-01 0.000000e+00 -5.139974e-02
0.000000e+00 5.940000e+00 1.101779e+00 7.051982e-01 0.000000e+00 -5.046909e-02
0.000000e+00 5.995000e+00 1.101771e+00 7.051901e-01 0.000000e+00 -4.956316e-02
0.000000e+00 6.050000e+00 1.101764e+00 7.051826e-01 0.000000e+00 -4.868110e-02
0.000000e+00 6.105000e+00 1.101758e+00 7.051755e-01 0.000000e+00 -4.782210e-02
0.000000e+00 6.160000e+00 1.101751e+00 7.051688e-01 0.000000e+00 -4.698537e-02
0.000000e+00 6.215000e+00 1.101746e+00 7.051626e-01 0.000000e+00 -4.617016e-02
0.000000e+00 6.270000e+00 1.101740e+00 7.051568e-01 0.000000e+00 -4.537575e-02
0.000000e+00 6.325000e+00 1.101735e+00 7.051512e-01 0.000000e+00 -4.460144e-02
0.000000e+00 6.380000e+00 1.101730e+00 7.051461e-01 0.000000e+00 -4.384659e-02
0.000000e+00 6.435000e+00 1.101725e+00 7.051412e-01 0.000000e+00 -4.311054e-02
0.000000e+00 6.490000e+00 1.101721e+00 7.051366e-01 0.000000e+00 -4.239269e-02
0.000000e+00 6.545000e+00 1.101717e+00 7.051323e-01 0.000000e+00 -4.169245e-02
0.000000e+00 6.600000e+00 1.101713e+00 7.051282e-01 0.000000e+00 -4.100926e-02
0.000000e+00 6.655000e+00 1.101710e+00 7.051244e-01 0.000000e+00 -4.034257e-02
0.000000e+00 6.710000e+00 1.101706e+00 7.051207e-01 0.000000e+00 -3.969187e-02
0.000000e+00 6.765000e+00 1.101703e+00 7.051173e-01 0.000000e+00 -3.905665e-02
0.000000e+00 6.820000e+00 1.101700e+00 7.051141e-01 0.000000e+00 -3.843643e-02
0.000000e+00 6.875000e+00 1.101697e+00 7.051111e-01 0.000000e+00 -3.783074e-02
0.000000e+00 6.930000e+00 1.101695e+00 7.051082e-01 0.000000e+00 -3.723915e-02
0.000000e+00 6.985000e+00 1.101692e+00 7.051054e-01 0.000000e+00 -3.666122e-02
0.000000e+00 7.040000e+00 1.101690e+00 7.051029e-01 0.000000e+00 -3.609655e-02
0.000000e+00 7.095000e+00 1.101687e+00 7.051004e-01 0.000000e+00 -3.554473e-02
0.000000e+00 7.150000e+00 1.101685e+00 7.050981e-01 0.000000e+00 -3.500536e-02
0.000000e+00 7.205000e+00 1.101683e+00 7.050959e-01 0.000000e+00 -3.447808e-02
0.000000e+00 7.260000e+00 1.101681e+00 7.050938e-01 0.000000e+00 -3.396255e-02
0.000000e+00 7.315000e+00 1.101679e+00 7.050919e-01 0.000000e+00 -3.345849e-02
0.000000e+00 7.370000e+00 1.101678e+00 7.050902e-01 0.000000e+00 -3.296556e-02
0.000000e+00 7.425000e+00 1.101676e+00 7.050885e-01 0.000000e+00 -3.248328e-02
0.000000e+00 7.480000e+00 1.101674e+00 7.050864e-01 0.000000e+00 -3.201106e-02
0.000000e+00 7.535000e+00 1.101672e+00 7.050840e-01 0.000000e+00 -3.154870e-02
0.000000e+00 7.590000e+00 1.101671e+00 7.050826e-01 0.000000e+00 -3.109693e-02
0.000000e+00 7.645000e+00 1.101672e+00 7.050837e-01 0.000000e+00 -3.065687e-02
0.000000e+00 7.700000e+00 1.101674e+00 7.050864e-01 0.000000e+00 -3.022756e-02
0.000000e+00 7.755000e+00 1.101673e+00 7.050852e-01 0.000000e+00 -2.980378e-02
0.000000e+00 7.810000e+00 1.101661e+00 7.050728e-01 0.000000e+00 -2.937871e-02
0.000000e+00 7.865000e+00 1.101641e+00 7.050511e-01 0.000000e+00 -2.895385e-02
0.000000e+00 7.920000e+00 1.101634e+00 7.050435e-01 0.000000e+00 -2.854984e-02
0.000000e+00 7.975000e+00 1.101680e+00 7.050929e-01 0.000000e+00 -2.820482e-02
0.000000e+00 8.030000e+00 1.101815e+00 7.052367e-01 0.000000e+00 -2.795150e-02
0.000000e+00 8.085000e+00 1.102033e+00 7.054694e-01 0.000000e+00 -2.778295e-02
0.000000e+00 8.140000e+00 1.102272e+00 7.057240e-01 0.000000e+00 -2.763707e-02
0.000000e+00 8.195000e+00 1.102430e+00 7.058933e-01 0.000000e+00 -2.741772e-02
0.000000e+00 8.250000e+00 1.102417e+00 7.058787e-01 0.000000e+00 -2.704084e-02
0.000000e+00 8.305000e+00 1.102198e+00 7.056455e-01 0.000000e+00 -2.648292e-02
0.000000e+00 8.360000e+00 1.101820e+00 7.052419e-01 0.000000e+00 -2.579242e-02
0.000000e+00 8.415000e+00 1.101376e+00 7.047679e-01 0.000000e+00 -2.505578e-02
0.000000e+00 8.470000e+00 1.100962e+00 7.043270e-01 0.000000e+00 -2.435413e-02
0.000000e+00 8.525000e+00 1.100633e+00 7.039765e-01 0.000000e+00 -2.372819e-02
0.000000e+00 8.580000e+00 1.100374e+00 7.037005e-01 0.000000e+00 -2.316362e-02
0.000000e+00 8.635000e+00 1.100122e+00 7.034313e-01 0.000000e+00 -2.261205e-02
0.000000e+00 8.690000e+00 1.099819e+00 7.031086e-01 0.000000e+00 -2.203344e-02
0.000000e+00 8.745000e+00 1.099461e+00 7.027269e-01 0.000000e+00 -2.142592e-02
0.000000e+00 8.800000e+00 1.099088e+00 7.023302e-01 0.000000e+00 -2.081887e-02
0.000000e+00 8.855000e+00 1.098747e+00 7.019664e-01 0.000000e+00 -2.024133e-02
0.000000e+00 8.910000e+00 1.098450e+00 7.016503e-01 0.000000e+00 -1.969914e-02
0.000000e+00 8.965000e+00 1.098181e+00 7.013641e-01 0.000000e+00 -1.917850e-02
0.000000e+00 9.020000e+00 1.097917e+00 7.010837e-01 0.000000e+00 -1.866439e-02
0.000000e+00 9.075000e+00 1.097647e+00 7.007959e-01 0.000000e+00 -1.815108e-02
0.000000e+00 9.130000e+00 1.097367e+00 7.004982e-01 0.000000e+00 -1.763942e-02
0.000000e+00 9.185000e+00 1.097079e+00 7.001918e-01 0.000000e+00 -1.713099e-02
0.000000e+00 9.240000e+00 1.096785e+00 6.998791e-01 0.000000e+00 -1.662678e-02
0.000000e+00 9.295000e+00 1.096488e+00 6.995637e-01 0.000000e+00 -1.612810e-02
0.000000e+00 9.350000e+00 1.096193e+00 6.992496e-01 0.000000e+00 -1.563620e-02
0.000000e+00 9.405000e+00 1.095901e+00 6.989392e-01 0.000000e+00 -1.515131e-02
0.000000e+00 9.460000e+00 1.095613e+00 6.986333e-01 0.000000e+00 -1.467256e-02
0.000000e+00 9.515000e+00 1.095330e+00 6.983320e-01 0.000000e+00 -1.419877e-02
0.000000e+00 9.570000e+00 1.095050e+00 6.980352e-01 0.000000e+00 -1.372914e-02
0.000000e+00 9.625000e+00 1.094775e+00 6.977430e-01 0.000000e+00 -1.326379e-02
0.000000e+00 9.680000e+00 1.094505e+00 6.974548e-01 0.000000e+00 -1.280302e-02
0.000000e+00 9.735000e+00 1.094238e+00 6.971705e-01 0.000000e+00 -1.234418e-02
0.000000e+00 9.790000e+00 1.093971e+00 6.968891e-01 0.000000e+00 -1.188152e-02
0.000000e+00 9.845000e+00 1.093705e+00 6.966115e-01 0.000000e+00 -1.141171e-02
0.000000e+00 9.900000e+00 1.093439e+00 6.963339e-01 0.000000e+00 -1.095220e-02
0.000000e+00 9.955000e+00 1.093182e+00 6.960608e-01 0.000000e+00 -1.053087e-02
0.000000e+00 1.001000e+01 1.101640e+00 7.050500e-01 -0.000000e+00 -2.260000e-03
0.000000e+00 1.006500e+01 1.101640e+00 7.050500e-01 -0.000000e+00 -2.260000e-03
0.000000e+00 1.012000e+01 1.101640e+00 7.050500e-01 -0.000000e+00 -2.260000e-03
0.000000e+00 1.017500e+01 1.101640e+00 7.050500e-01 -0.000000e+00 -2.260000e-03
0.000000e+00 1.023000e+01 1.101640e+00 7.050500e-01 -0.000000e+00 -2.260000e-03
0.000000e+00 1.028500e+01 1.101640e+00 7.050500e-01 -0.000000e+00 -2.260000e-03
0.000000e+00 1.034000e+01 1.101640e+00 7.050500e-01 -0.000000e+00 -2.260000e-03
0.000000e+00 1.039500e+01 1.101640e+00 7.050500e-01 -0.000000e+00 -2.260000e-03
0.000000e+00 1.045000e+01 1.101640e+00 7.050500e-01 -0.000000e+00 -2.260000e-03
0.000000e+00 1.050500e+01 1.101640e+00 7.050500e-01 -0.000000e+00 -2.260000e-03
0.000000e+00 1.056000e+01 1.101640e+00 7.050500e-01 -0.000000e+00 -2.260000e-03
0.000000e+00 1.061500e+01 1.101640e+00 7.050500e-01 -0.000000e+00 -2.260000e-03
0.000000e+00 1.067000e+01 1.101640e+00 7.050500e-01 -0.000000e+00 -2.260000e-03
0.000000e+00 1.072500e+01 1.101640e+00 7.050500e-01 -0.000000e+00 -2.260000e-03
0.000000e+00 1.078000e+01 1.101640e+00 7.050500e-01 -0.000000e+00 -2.260000e-03
0.000000e+00 1.083500e+01 1.101640e+00 7.050500e-01 -0.000000e+00 -2.260000e-03
0.000000e+00 1.089000e+01 1.101640e+00 7.050500e-01 -0.000000e+00 -2.260000e-03
0.000000e+00 1.094500e+01 1.101640e+00 7.050500e-01 -0.000000e+00 -2.260000e-03
0.000000e+00 1.100000e+01 1.101640e+00 7.050500e-01 -0.000000e+00 -2.260000e-03
