#############TIME##################
1.320318e+01 
###################################
0.000000e+00 0.000000e+00 1.184264e+01 4.113428e+01 0.000000e+00 -1.506009e+00
0.000000e+00 5.500000e-02 1.184264e+01 4.113428e+01 0.000000e+00 -1.506009e+00
0.000000e+00 1.100000e-01 1.184260e+01 4.113369e+01 0.000000e+00 -1.506026e+00
0.000000e+00 1.650000e-01 9.015006e+00 2.350897e+01 0.000000e+00 -9.992057e-01
0.000000e+00 2.200000e-01 6.947588e+00 1.524813e+01 0.000000e+00 -8.213011e-01
0.000000e+00 2.750000e-01 5.645430e+00 1.084057e+01 0.000000e+00 -6.776140e-01
0.000000e+00 3.300000e-01 4.783441e+00 8.254366e+00 0.000000e+00 -5.720221e-01
0.000000e+00 3.850000e-01 4.173128e+00 6.603618e+00 0.000000e+00 -4.910568e-01
0.000000e+00 4.400000e-01 3.730259e+00 5.485764e+00 0.000000e+00 -4.272059e-01
0.000000e+00 4.950000e-01 3.393652e+00 4.684770e+00 0.000000e+00 -3.757048e-01
0.000000e+00 5.500000e-01 3.128764e+00 4.089518e+00 0.000000e+00 -3.340891e-01
0.000000e+00 6.050000e-01 2.915282e+00 3.632006e+00 0.000000e+00 -2.995617e-01
0.000000e+00 6.600000e-01 2.740344e+00 3.271882e+00 0.000000e+00 -2.706405e-01
0.000000e+00 7.150000e-01 2.594295e+00 2.981936e+00 0.000000e+00 -2.460425e-01
0.000000e+00 7.700000e-01 2.470897e+00 2.744467e+00 0.000000e+00 -2.250305e-01
0.000000e+00 8.250000e-01 2.365650e+00 2.546796e+00 0.000000e+00 -2.069134e-01
0.000000e+00 8.800000e-01 2.275215e+00 2.380078e+00 0.000000e+00 -1.911742e-01
0.000000e+00 9.350000e-01 2.196579e+00 2.237763e+00 0.000000e+00 -1.772869e-01
0.000000e+00 9.900000e-01 2.126939e+00 2.115075e+00 0.000000e+00 -1.648083e-01
0.000000e+00 1.045000e+00 2.063940e+00 2.008379e+00 0.000000e+00 -1.533852e-01
0.000000e+00 1.100000e+00 2.006237e+00 1.914892e+00 0.000000e+00 -1.428228e-01
0.000000e+00 1.155000e+00 1.953489e+00 1.832383e+00 0.000000e+00 -1.330511e-01
0.000000e+00 1.210000e+00 1.905637e+00 1.759057e+00 0.000000e+00 -1.240684e-01
0.000000e+00 1.265000e+00 1.862347e+00 1.693464e+00 0.000000e+00 -1.158688e-01
0.000000e+00 1.320000e+00 1.823014e+00 1.634455e+00 0.000000e+00 -1.084123e-01
0.000000e+00 1.375000e+00 1.786994e+00 1.581124e+00 0.000000e+00 -1.016266e-01
0.000000e+00 1.430000e+00 1.753780e+00 1.532744e+00 0.000000e+00 -9.543097e-02
0.000000e+00 1.485000e+00 1.723081e+00 1.488701e+00 0.000000e+00 -8.975930e-02
0.000000e+00 1.540000e+00 1.694771e+00 1.448461e+00 0.000000e+00 -8.456610e-02
0.000000e+00 1.595000e+00 1.668738e+00 1.411565e+00 0.000000e+00 -7.981563e-02
0.000000e+00 1.650000e+00 1.644756e+00 1.377628e+00 0.000000e+00 -7.546924e-02
0.000000e+00 1.705000e+00 1.622507e+00 1.346334e+00 0.000000e+00 -7.148325e-02
0.000000e+00 1.760000e+00 1.601690e+00 1.317401e+00 0.000000e+00 -6.781235e-02
0.000000e+00 1.815000e+00 1.582089e+00 1.290569e+00 0.000000e+00 -6.440956e-02
0.000000e+00 1.870000e+00 1.563570e+00 1.265589e+00 0.000000e+00 -6.122528e-02
0.000000e+00 1.925000e+00 1.546058e+00 1.242252e+00 0.000000e+00 -5.821028e-02
0.000000e+00 1.980000e+00 1.529517e+00 1.220393e+00 0.000000e+00 -5.532449e-02
0.000000e+00 2.035000e+00 1.513923e+00 1.199886e+00 0.000000e+00 -5.254896e-02
0.000000e+00 2.090000e+00 1.499251e+00 1.180626e+00 0.000000e+00 -4.989040e-02
0.000000e+00 2.145000e+00 1.485455e+00 1.162513e+00 0.000000e+00 -4.737149e-02
0.000000e+00 2.200000e+00 1.472463e+00 1.145450e+00 0.000000e+00 -4.501379e-02
0.000000e+00 2.255000e+00 1.460185e+00 1.129347e+00 0.000000e+00 -4.282551e-02
0.000000e+00 2.310000e+00 1.448525e+00 1.114129e+00 0.000000e+00 -4.079900e-02
0.000000e+00 2.365000e+00 1.437407e+00 1.099745e+00 0.000000e+00 -3.891468e-02
0.000000e+00 2.420000e+00 1.426789e+00 1.086167e+00 0.000000e+00 -3.714731e-02
0.000000e+00 2.475000e+00 1.416656e+00 1.073373e+00 0.000000e+00 -3.547342e-02
0.000000e+00 2.530000e+00 1.406997e+00 1.061311e+00 0.000000e+00 -3.387844e-02
0.000000e+00 2.585000e+00 1.397790e+00 1.049892e+00 0.000000e+00 -3.235887e-02
0.000000e+00 2.640000e+00 1.388993e+00 1.038999e+00 0.000000e+00 -3.091645e-02
0.000000e+00 2.695000e+00 1.380571e+00 1.028537e+00 0.000000e+00 -2.954829e-02
0.000000e+00 2.750000e+00 1.372505e+00 1.018464e+00 0.000000e+00 -2.824181e-02
0.000000e+00 2.805000e+00 1.364786e+00 1.008785e+00 0.000000e+00 -2.698001e-02
0.000000e+00 2.860000e+00 1.357391e+00 9.995145e-01 0.000000e+00 -2.575212e-02
0.000000e+00 2.915000e+00 1.350271e+00 9.906441e-01 0.000000e+00 -2.455900e-02
0.000000e+00 2.970000e+00 1.343364e+00 9.821379e-01 0.000000e+00 -2.340831e-02
0.000000e+00 3.025000e+00 1.336627e+00 9.739569e-01 0.000000e+00 -2.230473e-02
0.000000e+00 3.080000e+00 1.330063e+00 9.660860e-01 0.000000e+00 -2.124587e-02
0.000000e+00 3.135000e+00 1.323719e+00 9.585356e-01 0.000000e+00 -2.022797e-02
0.000000e+00 3.190000e+00 1.317649e+00 9.513184e-01 0.000000e+00 -1.925422e-02
0.000000e+00 3.245000e+00 1.311883e+00 9.444254e-01 0.000000e+00 -1.833412e-02
0.000000e+00 3.300000e+00 1.306408e+00 9.378214e-01 0.000000e+00 -1.747190e-02
0.000000e+00 3.355000e+00 1.301179e+00 9.314599e-01 0.000000e+00 -1.665579e-02
0.000000e+00 3.410000e+00 1.296131e+00 9.252999e-01 0.000000e+00 -1.586210e-02
0.000000e+00 3.465000e+00 1.291203e+00 9.193130e-01 0.000000e+00 -1.507371e-02
0.000000e+00 3.520000e+00 1.286350e+00 9.134851e-01 0.000000e+00 -1.429514e-02
0.000000e+00 3.575000e+00 1.281563e+00 9.078228e-01 0.000000e+00 -1.354612e-02
0.000000e+00 3.630000e+00 1.276880e+00 9.023587e-01 0.000000e+00 -1.283725e-02
0.000000e+00 3.685000e+00 1.272369e+00 8.971423e-01 0.000000e+00 -1.215219e-02
0.000000e+00 3.740000e+00 1.268095e+00 8.922094e-01 0.000000e+00 -1.145740e-02
0.000000e+00 3.795000e+00 1.264083e+00 8.875515e-01 0.000000e+00 -1.073334e-02
0.000000e+00 3.850000e+00 1.260300e+00 8.831128e-01 0.000000e+00 -9.996522e-03
0.000000e+00 3.905000e+00 1.256685e+00 8.788214e-01 0.000000e+00 -9.288076e-03
0.000000e+00 3.960000e+00 1.253176e+00 8.746308e-01 0.000000e+00 -8.636413e-03
0.000000e+00 4.015000e+00 1.249742e+00 8.705364e-01 0.000000e+00 -8.029427e-03
0.000000e+00 4.070000e+00 1.246372e+00 8.665559e-01 0.000000e+00 -7.423410e-03
0.000000e+00 4.125000e+00 1.243058e+00 8.626989e-01 0.000000e+00 -6.780240e-03
0.000000e+00 4.180000e+00 1.239794e+00 8.589545e-01 0.000000e+00 -6.098862e-03
0.000000e+00 4.235000e+00 1.236581e+00 8.553054e-01 0.000000e+00 -5.414359e-03
0.000000e+00 4.290000e+00 1.233444e+00 8.517499e-01 0.000000e+00 -4.768486e-03
0.000000e+00 4.345000e+00 1.230423e+00 8.483055e-01 0.000000e+00 -4.178784e-03
0.000000e+00 4.400000e+00 1.227549e+00 8.449920e-01 0.000000e+00 -3.629703e-03
0.000000e+00 4.455000e+00 1.224820e+00 8.418088e-01 0.000000e+00 -3.087774e-03
0.000000e+00 4.510000e+00 1.222196e+00 8.387283e-01 0.000000e+00 -2.525746e-03
0.000000e+00 4.565000e+00 1.219618e+00 8.357112e-01 0.000000e+00 -1.938252e-03
0.000000e+00 4.620000e+00 1.217042e+00 8.327337e-01 0.000000e+00 -1.340777e-03
0.000000e+00 4.675000e+00 1.214469e+00 8.298069e-01 0.000000e+00 -7.551223e-04
0.000000e+00 4.730000e+00 1.211947e+00 8.269761e-01 0.000000e+00 -1.914667e-04
0.000000e+00 4.785000e+00 1.209548e+00 8.243001e-01 0.000000e+00 3.619834e-04
0.000000e+00 4.840000e+00 1.207336e+00 8.218241e-01 0.000000e+00 9.347720e-04
0.000000e+00 4.895000e+00 1.205337e+00 8.195576e-01 0.000000e+00 1.556292e-03
0.000000e+00 4.950000e+00 1.203526e+00 8.174690e-01 0.000000e+00 2.235114e-03
0.000000e+00 5.005000e+00 1.201832e+00 8.154935e-01 0.000000e+00 2.951059e-03
0.000000e+00 5.060000e+00 1.200167e+00 8.135537e-01 0.000000e+00 3.666701e-03
0.000000e+00 5.115000e+00 1.198452e+00 8.115855e-01 0.000000e+00 4.349903e-03
0.000000e+00 5.170000e+00 1.196655e+00 8.095604e-01 0.000000e+00 4.991256e-03
0.000000e+00 5.225000e+00 1.194793e+00 8.074960e-01 0.000000e+00 5.605802e-03
0.000000e+00 5.280000e+00 1.192929e+00 8.054449e-01 0.000000e+00 6.221191e-03
0.000000e+00 5.335000e+00 1.191137e+00 8.034689e-01 0.000000e+00 6.862050e-03
0.000000e+00 5.390000e+00 1.189472e+00 8.016142e-01 0.000000e+00 7.539081e-03
0.000000e+00 5.445000e+00 1.187960e+00 7.999008e-01 0.000000e+00 8.246344e-03
0.000000e+00 5.500000e+00 1.186594e+00 7.983268e-01 0.000000e+00 8.965880e-03
0.000000e+00 5.555000e+00 1.185346e+00 7.968750e-01 0.000000e+00 9.676618e-03
0.000000e+00 5.610000e+00 1.184168e+00 7.955120e-01 0.000000e+00 1.036267e-02
0.000000e+00 5.665000e+00 1.183000e+00 7.941832e-01 0.000000e+00 1.101508e-02
0.000000e+00 5.720000e+00 1.181772e+00 7.928158e-01 0.000000e+00 1.162460e-02
0.000000e+00 5.775000e+00 1.180425e+00 7.913386e-01 0.000000e+00 1.217165e-02
0.000000e+00 5.830000e+00 1.178936e+00 7.897101e-01 0.000000e+00 1.262627e-02
0.000000e+00 5.885000e+00 1.177329e+00 7.879409e-01 0.000000e+00 1.296553e-02
0.000000e+00 5.940000e+00 1.175672e+00 7.860962e-01 0.000000e+00 1.319896e-02
0.000000e+00 5.995000e+00 1.174057e+00 7.842763e-01 0.000000e+00 1.338086e-02
0.000000e+00 6.050000e+00 1.172570e+00 7.825843e-01 0.000000e+00 1.359537e-02
0.000000e+00 6.105000e+00 1.171267e+00 7.810956e-01 0.000000e+00 1.391778e-02
0.000000e+00 6.160000e+00 1.170155e+00 7.798331e-01 0.000000e+00 1.437315e-02
0.000000e+00 6.215000e+00 1.169187e+00 7.787517e-01 0.000000e+00 1.492075e-02
0.000000e+00 6.270000e+00 1.168268e+00 7.777470e-01 0.000000e+00 1.547592e-02
0.000000e+00 6.325000e+00 1.167290e+00 7.766905e-01 0.000000e+00 1.595405e-02
0.000000e+00 6.380000e+00 1.166174e+00 7.754804e-01 0.000000e+00 1.630788e-02
0.000000e+00 6.435000e+00 1.164907e+00 7.740905e-01 0.000000e+00 1.654187e-02
0.000000e+00 6.490000e+00 1.163553e+00 7.725853e-01 0.000000e+00 1.670321e-02
0.000000e+00 6.545000e+00 1.162223e+00 7.710898e-01 0.000000e+00 1.685918e-02
0.000000e+00 6.600000e+00 1.161024e+00 7.697298e-01 0.000000e+00 1.707444e-02
0.000000e+00 6.655000e+00 1.160006e+00 7.685736e-01 0.000000e+00 1.739296e-02
0.000000e+00 6.710000e+00 1.159146e+00 7.676051e-01 0.000000e+00 1.782347e-02
0.000000e+00 6.765000e+00 1.158357e+00 7.667353e-01 0.000000e+00 1.833366e-02
0.000000e+00 6.820000e+00 1.157533e+00 7.658417e-01 0.000000e+00 1.886153e-02
0.000000e+00 6.875000e+00 1.156576e+00 7.648094e-01 0.000000e+00 1.934001e-02
0.000000e+00 6.930000e+00 1.155429e+00 7.635647e-01 0.000000e+00 1.972569e-02
0.000000e+00 6.985000e+00 1.154100e+00 7.621065e-01 0.000000e+00 2.001196e-02
0.000000e+00 7.040000e+00 1.152676e+00 7.605296e-01 0.000000e+00 2.021387e-02
0.000000e+00 7.095000e+00 1.151323e+00 7.590181e-01 0.000000e+00 2.033923e-02
0.000000e+00 7.150000e+00 1.150225e+00 7.577842e-01 0.000000e+00 2.038157e-02
0.000000e+00 7.205000e+00 1.149470e+00 7.569343e-01 0.000000e+00 2.035718e-02
0.000000e+00 7.260000e+00 1.148958e+00 7.563644e-01 0.000000e+00 2.036651e-02
0.000000e+00 7.315000e+00 1.148424e+00 7.557843e-01 0.000000e+00 2.053557e-02
0.000000e+00 7.370000e+00 1.147622e+00 7.549211e-01 0.000000e+00 2.094756e-02
0.000000e+00 7.425000e+00 1.146557e+00 7.537720e-01 0.000000e+00 2.147850e-02
0.000000e+00 7.480000e+00 1.145500e+00 7.526247e-01 0.000000e+00 2.186348e-02
0.000000e+00 7.535000e+00 1.144811e+00 7.518711e-01 0.000000e+00 2.186810e-02
0.000000e+00 7.590000e+00 1.144573e+00 7.516006e-01 0.000000e+00 2.151723e-02
0.000000e+00 7.645000e+00 1.144542e+00 7.515461e-01 0.000000e+00 2.118376e-02
0.000000e+00 7.700000e+00 1.144293e+00 7.512503e-01 0.000000e+00 2.119088e-02
0.000000e+00 7.755000e+00 1.143512e+00 7.503841e-01 0.000000e+00 2.172521e-02
0.000000e+00 7.810000e+00 1.142356e+00 7.491243e-01 0.000000e+00 2.244711e-02
0.000000e+00 7.865000e+00 1.141208e+00 7.478807e-01 0.000000e+00 2.283029e-02
0.000000e+00 7.920000e+00 1.140387e+00 7.469917e-01 0.000000e+00 2.252999e-02
0.000000e+00 7.975000e+00 1.139842e+00 7.464051e-01 0.000000e+00 2.163842e-02
0.000000e+00 8.030000e+00 1.139372e+00 7.458996e-01 0.000000e+00 2.063525e-02
0.000000e+00 8.085000e+00 1.138842e+00 7.453170e-01 0.000000e+00 1.998855e-02
0.000000e+00 8.140000e+00 1.138309e+00 7.447189e-01 0.000000e+00 1.990065e-02
0.000000e+00 8.195000e+00 1.137919e+00 7.442748e-01 0.000000e+00 2.032474e-02
0.000000e+00 8.250000e+00 1.137744e+00 7.440698e-01 0.000000e+00 2.104937e-02
0.000000e+00 8.305000e+00 1.137699e+00 7.440184e-01 0.000000e+00 2.183896e-02
0.000000e+00 8.360000e+00 1.137625e+00 7.439479e-01 0.000000e+00 2.246998e-02
0.000000e+00 8.415000e+00 1.137397e+00 7.437141e-01 0.000000e+00 2.276051e-02
0.000000e+00 8.470000e+00 1.136908e+00 7.431932e-01 0.000000e+00 2.264215e-02
0.000000e+00 8.525000e+00 1.136061e+00 7.422765e-01 0.000000e+00 2.214255e-02
0.000000e+00 8.580000e+00 1.134799e+00 7.409015e-01 0.000000e+00 2.134137e-02
0.000000e+00 8.635000e+00 1.133166e+00 7.391138e-01 0.000000e+00 2.032404e-02
0.000000e+00 8.690000e+00 1.131382e+00 7.371601e-01 0.000000e+00 1.920659e-02
0.000000e+00 8.745000e+00 1.129853e+00 7.354846e-01 0.000000e+00 1.819440e-02
0.000000e+00 8.800000e+00 1.129070e+00 7.346240e-01 0.000000e+00 1.759768e-02
0.000000e+00 8.855000e+00 1.129563e+00 7.351593e-01 0.000000e+00 1.782793e-02
0.000000e+00 8.910000e+00 1.131510e+00 7.372804e-01 0.000000e+00 1.912770e-02
0.000000e+00 8.965000e+00 1.134464e+00 7.404967e-01 0.000000e+00 2.122075e-02
0.000000e+00 9.020000e+00 1.137607e+00 7.439252e-01 0.000000e+00 2.356487e-02
0.000000e+00 9.075000e+00 1.139803e+00 7.463223e-01 0.000000e+00 2.543111e-02
0.000000e+00 9.130000e+00 1.140066e+00 7.466080e-01 0.000000e+00 2.613711e-02
0.000000e+00 9.185000e+00 1.137919e+00 7.442669e-01 0.000000e+00 2.519628e-02
0.000000e+00 9.240000e+00 1.133631e+00 7.395953e-01 0.000000e+00 2.285355e-02
0.000000e+00 9.295000e+00 1.128594e+00 7.341236e-01 0.000000e+00 1.993619e-02
0.000000e+00 9.350000e+00 1.124226e+00 7.293946e-01 0.000000e+00 1.740582e-02
0.000000e+00 9.405000e+00 1.121690e+00 7.266538e-01 0.000000e+00 1.601935e-02
0.000000e+00 9.460000e+00 1.121375e+00 7.263109e-01 0.000000e+00 1.613250e-02
0.000000e+00 9.515000e+00 1.123112e+00 7.281849e-01 0.000000e+00 1.760624e-02
0.000000e+00 9.570000e+00 1.126112e+00 7.314293e-01 0.000000e+00 1.994564e-02
0.000000e+00 9.625000e+00 1.129342e+00 7.349243e-01 0.000000e+00 2.245099e-02
0.000000e+00 9.680000e+00 1.131802e+00 7.375968e-01 0.000000e+00 2.438332e-02
0.000000e+00 9.735000e+00 1.132675e+00 7.385712e-01 0.000000e+00 2.505772e-02
0.000000e+00 9.790000e+00 1.131696e+00 7.375553e-01 0.000000e+00 2.419896e-02
0.000000e+00 9.845000e+00 1.129325e+00 7.350251e-01 0.000000e+00 2.215278e-02
0.000000e+00 9.900000e+00 1.126527e+00 7.319942e-01 0.000000e+00 1.980577e-02
0.000000e+00 9.955000e+00 1.124190e+00 7.293854e-01 0.000000e+00 1.818719e-02
0.000000e+00 1.001000e+01 1.101640e+00 7.050500e-01 -0.000000e+00 -2.260000e-03
0.000000e+00 1.006500e+01 1.101640e+00 7.050500e-01 -0.000000e+00 -2.260000e-03
0.000000e+00 1.012000e+01 1.101640e+00 7.050500e-01 -0.000000e+00 -2.260000e-03
0.000000e+00 1.017500e+01 1.101640e+00 7.050500e-01 -0.000000e+00 -2.260000e-03
0.000000e+00 1.023000e+01 1.101640e+00 7.050500e-01 -0.000000e+00 -2.260000e-03
0.000000e+00 1.028500e+01 1.101640e+00 7.050500e-01 -0.000000e+00 -2.260000e-03
0.000000e+00 1.034000e+01 1.101640e+00 7.050500e-01 -0.000000e+00 -2.260000e-03
0.000000e+00 1.039500e+01 1.101640e+00 7.050500e-01 -0.000000e+00 -2.260000e-03
0.000000e+00 1.045000e+01 1.101640e+00 7.050500e-01 -0.000000e+00 -2.260000e-03
0.000000e+00 1.050500e+01 1.101640e+00 7.050500e-01 -0.000000e+00 -2.260000e-03
0.000000e+00 1.056000e+01 1.101640e+00 7.050500e-01 -0.000000e+00 -2.260000e-03
0.000000e+00 1.061500e+01 1.101640e+00 7.050500e-01 -0.000000e+00 -2.260000e-03
0.000000e+00 1.067000e+01 1.101640e+00 7.050500e-01 -0.000000e+00 -2.260000e-03
0.000000e+00 1.072500e+01 1.101640e+00 7.050500e-01 -0.000000e+00 -2.260000e-03
0.000000e+00 1.078000e+01 1.101640e+00 7.050500e-01 -0.000000e+00 -2.260000e-03
0.000000e+00 1.083500e+01 1.101640e+00 7.050500e-01 -0.000000e+00 -2.260000e-03
0.000000e+00 1.089000e+01 1.101640e+00 7.050500e-01 -0.000000e+00 -2.260000e-03
0.000000e+00 1.094500e+01 1.101640e+00 7.050500e-01 -0.000000e+00 -2.260000e-03
0.000000e+00 1.100000e+01 1.101640e+00 7.050500e-01 -0.000000e+00 -2.260000e-03
