#############TIME##################
1.630425e+01 
###################################
0.000000e+00 0.000000e+00 1.180044e+01 4.089128e+01 0.000000e+00 -1.505253e+00
0.000000e+00 5.500000e-02 1.180044e+01 4.089128e+01 0.000000e+00 -1.505253e+00
0.000000e+00 1.100000e-01 1.180031e+01 4.089078e+01 0.000000e+00 -1.505244e+00
0.000000e+00 1.650000e-01 8.986765e+00 2.334038e+01 0.000000e+00 -1.002578e+00
0.000000e+00 2.200000e-01 6.930860e+00 1.510413e+01 0.000000e+00 -8.296220e-01
0.000000e+00 2.750000e-01 5.645796e+00 1.072814e+01 0.000000e+00 -6.904620e-01
0.000000e+00 3.300000e-01 4.792985e+00 8.160352e+00 0.000000e+00 -5.871750e-01
0.000000e+00 3.850000e-01 4.185725e+00 6.522017e+00 0.000000e+00 -5.064181e-01
0.000000e+00 4.400000e-01 3.740893e+00 5.413111e+00 0.000000e+00 -4.413487e-01
0.000000e+00 4.950000e-01 3.400251e+00 4.618839e+00 0.000000e+00 -3.878699e-01
0.000000e+00 5.500000e-01 3.130884e+00 4.028831e+00 0.000000e+00 -3.440536e-01
0.000000e+00 6.050000e-01 2.912779e+00 3.575429e+00 0.000000e+00 -3.073616e-01
0.000000e+00 6.600000e-01 2.733268e+00 3.218620e+00 0.000000e+00 -2.764723e-01
0.000000e+00 7.150000e-01 2.582928e+00 2.931383e+00 0.000000e+00 -2.501649e-01
0.000000e+00 7.700000e-01 2.455584e+00 2.696215e+00 0.000000e+00 -2.276997e-01
0.000000e+00 8.250000e-01 2.346682e+00 2.500581e+00 0.000000e+00 -2.083552e-01
0.000000e+00 8.800000e-01 2.252937e+00 2.335725e+00 0.000000e+00 -1.916226e-01
0.000000e+00 9.350000e-01 2.171616e+00 2.195108e+00 0.000000e+00 -1.770297e-01
0.000000e+00 9.900000e-01 2.100404e+00 2.073924e+00 0.000000e+00 -1.641961e-01
0.000000e+00 1.045000e+00 2.037255e+00 1.968497e+00 0.000000e+00 -1.527684e-01
0.000000e+00 1.100000e+00 1.980415e+00 1.876035e+00 0.000000e+00 -1.424546e-01
0.000000e+00 1.155000e+00 1.928443e+00 1.794376e+00 0.000000e+00 -1.330312e-01
0.000000e+00 1.210000e+00 1.880470e+00 1.721835e+00 0.000000e+00 -1.243795e-01
0.000000e+00 1.265000e+00 1.836369e+00 1.657056e+00 0.000000e+00 -1.164741e-01
0.000000e+00 1.320000e+00 1.796417e+00 1.598903e+00 0.000000e+00 -1.093275e-01
0.000000e+00 1.375000e+00 1.760609e+00 1.546414e+00 0.000000e+00 -1.029146e-01
0.000000e+00 1.430000e+00 1.728389e+00 1.498796e+00 0.000000e+00 -9.714450e-02
0.000000e+00 1.485000e+00 1.699003e+00 1.455416e+00 0.000000e+00 -9.188207e-02
0.000000e+00 1.540000e+00 1.671816e+00 1.415759e+00 0.000000e+00 -8.699455e-02
0.000000e+00 1.595000e+00 1.646381e+00 1.379389e+00 0.000000e+00 -8.239121e-02
0.000000e+00 1.650000e+00 1.622440e+00 1.345924e+00 0.000000e+00 -7.803570e-02
0.000000e+00 1.705000e+00 1.599903e+00 1.315029e+00 0.000000e+00 -7.392506e-02
0.000000e+00 1.760000e+00 1.578755e+00 1.286428e+00 0.000000e+00 -7.005458e-02
0.000000e+00 1.815000e+00 1.558971e+00 1.259889e+00 0.000000e+00 -6.640424e-02
0.000000e+00 1.870000e+00 1.540480e+00 1.235214e+00 0.000000e+00 -6.295267e-02
0.000000e+00 1.925000e+00 1.523185e+00 1.212225e+00 0.000000e+00 -5.969210e-02
0.000000e+00 1.980000e+00 1.506978e+00 1.190747e+00 0.000000e+00 -5.663111e-02
0.000000e+00 2.035000e+00 1.491748e+00 1.170619e+00 0.000000e+00 -5.378724e-02
0.000000e+00 2.090000e+00 1.477385e+00 1.151697e+00 0.000000e+00 -5.117426e-02
0.000000e+00 2.145000e+00 1.463786e+00 1.133867e+00 0.000000e+00 -4.879020e-02
0.000000e+00 2.200000e+00 1.450862e+00 1.117040e+00 0.000000e+00 -4.661307e-02
0.000000e+00 2.255000e+00 1.438542e+00 1.101148e+00 0.000000e+00 -4.460619e-02
0.000000e+00 2.310000e+00 1.426771e+00 1.086130e+00 0.000000e+00 -4.272968e-02
0.000000e+00 2.365000e+00 1.415517e+00 1.071930e+00 0.000000e+00 -4.095123e-02
0.000000e+00 2.420000e+00 1.404764e+00 1.058492e+00 0.000000e+00 -3.925144e-02
0.000000e+00 2.475000e+00 1.394513e+00 1.045765e+00 0.000000e+00 -3.762277e-02
0.000000e+00 2.530000e+00 1.384764e+00 1.033701e+00 0.000000e+00 -3.606409e-02
0.000000e+00 2.585000e+00 1.375514e+00 1.022249e+00 0.000000e+00 -3.457424e-02
0.000000e+00 2.640000e+00 1.366744e+00 1.011362e+00 0.000000e+00 -3.314797e-02
0.000000e+00 2.695000e+00 1.358415e+00 1.000998e+00 0.000000e+00 -3.177685e-02
0.000000e+00 2.750000e+00 1.350474e+00 9.911124e-01 0.000000e+00 -3.045400e-02
0.000000e+00 2.805000e+00 1.342857e+00 9.816656e-01 0.000000e+00 -2.917818e-02
0.000000e+00 2.860000e+00 1.335501e+00 9.726167e-01 0.000000e+00 -2.795304e-02
0.000000e+00 2.915000e+00 1.328361e+00 9.639308e-01 0.000000e+00 -2.678168e-02
0.000000e+00 2.970000e+00 1.321417e+00 9.555841e-01 0.000000e+00 -2.566263e-02
0.000000e+00 3.025000e+00 1.314679e+00 9.475650e-01 0.000000e+00 -2.459222e-02
0.000000e+00 3.080000e+00 1.308176e+00 9.398684e-01 0.000000e+00 -2.357172e-02
0.000000e+00 3.135000e+00 1.301939e+00 9.324888e-01 0.000000e+00 -2.261092e-02
0.000000e+00 3.190000e+00 1.295988e+00 9.254164e-01 0.000000e+00 -2.172166e-02
0.000000e+00 3.245000e+00 1.290323e+00 9.186381e-01 0.000000e+00 -2.090473e-02
0.000000e+00 3.300000e+00 1.284923e+00 9.121371e-01 0.000000e+00 -2.014174e-02
0.000000e+00 3.355000e+00 1.279748e+00 9.058920e-01 0.000000e+00 -1.940102e-02
0.000000e+00 3.410000e+00 1.274742e+00 8.998766e-01 0.000000e+00 -1.865531e-02
0.000000e+00 3.465000e+00 1.269860e+00 8.940652e-01 0.000000e+00 -1.789813e-02
0.000000e+00 3.520000e+00 1.265072e+00 8.884411e-01 0.000000e+00 -1.714620e-02
0.000000e+00 3.575000e+00 1.260382e+00 8.830006e-01 0.000000e+00 -1.642528e-02
0.000000e+00 3.630000e+00 1.255812e+00 8.777477e-01 0.000000e+00 -1.575013e-02
0.000000e+00 3.685000e+00 1.251389e+00 8.726800e-01 0.000000e+00 -1.511316e-02
0.000000e+00 3.740000e+00 1.247124e+00 8.677791e-01 0.000000e+00 -1.449087e-02
0.000000e+00 3.795000e+00 1.243010e+00 8.630149e-01 0.000000e+00 -1.386430e-02
0.000000e+00 3.850000e+00 1.239030e+00 8.583645e-01 0.000000e+00 -1.323874e-02
0.000000e+00 3.905000e+00 1.235179e+00 8.538352e-01 0.000000e+00 -1.264805e-02
0.000000e+00 3.960000e+00 1.231477e+00 8.494754e-01 0.000000e+00 -1.214018e-02
0.000000e+00 4.015000e+00 1.227963e+00 8.453591e-01 0.000000e+00 -1.175255e-02
0.000000e+00 4.070000e+00 1.224672e+00 8.415450e-01 0.000000e+00 -1.148934e-02
0.000000e+00 4.125000e+00 1.221593e+00 8.380248e-01 0.000000e+00 -1.131013e-02
0.000000e+00 4.180000e+00 1.218646e+00 8.346988e-01 0.000000e+00 -1.113726e-02
0.000000e+00 4.235000e+00 1.215712e+00 8.314061e-01 0.000000e+00 -1.088477e-02
0.000000e+00 4.290000e+00 1.212688e+00 8.280057e-01 0.000000e+00 -1.049943e-02
0.000000e+00 4.345000e+00 1.209567e+00 8.244677e-01 0.000000e+00 -9.994865e-03
0.000000e+00 4.400000e+00 1.206457e+00 8.209086e-01 0.000000e+00 -9.454600e-03
0.000000e+00 4.455000e+00 1.203542e+00 8.175466e-01 0.000000e+00 -9.000560e-03
0.000000e+00 4.510000e+00 1.200999e+00 8.146001e-01 0.000000e+00 -8.743342e-03
0.000000e+00 4.565000e+00 1.198890e+00 8.121616e-01 0.000000e+00 -8.721314e-03
0.000000e+00 4.620000e+00 1.197100e+00 8.101188e-01 0.000000e+00 -8.861914e-03
0.000000e+00 4.675000e+00 1.195398e+00 8.082135e-01 0.000000e+00 -9.024112e-03
0.000000e+00 4.730000e+00 1.193567e+00 8.061901e-01 0.000000e+00 -9.086700e-03
0.000000e+00 4.785000e+00 1.191527e+00 8.039379e-01 0.000000e+00 -9.020964e-03
0.000000e+00 4.840000e+00 1.189361e+00 8.015286e-01 0.000000e+00 -8.898044e-03
0.000000e+00 4.895000e+00 1.187225e+00 7.991251e-01 0.000000e+00 -8.822226e-03
0.000000e+00 4.950000e+00 1.185233e+00 7.968553e-01 0.000000e+00 -8.853941e-03
0.000000e+00 5.005000e+00 1.183392e+00 7.947393e-01 0.000000e+00 -8.972782e-03
0.000000e+00 5.060000e+00 1.181626e+00 7.927128e-01 0.000000e+00 -9.102391e-03
0.000000e+00 5.115000e+00 1.179856e+00 7.907071e-01 0.000000e+00 -9.172178e-03
0.000000e+00 5.170000e+00 1.178064e+00 7.887102e-01 0.000000e+00 -9.160985e-03
0.000000e+00 5.225000e+00 1.176286e+00 7.867590e-01 0.000000e+00 -9.092192e-03
0.000000e+00 5.280000e+00 1.174568e+00 7.848866e-01 0.000000e+00 -8.996318e-03
0.000000e+00 5.335000e+00 1.172914e+00 7.830816e-01 0.000000e+00 -8.880759e-03
0.000000e+00 5.390000e+00 1.171293e+00 7.812925e-01 0.000000e+00 -8.730972e-03
0.000000e+00 5.445000e+00 1.169662e+00 7.794657e-01 0.000000e+00 -8.535756e-03
0.000000e+00 5.500000e+00 1.167998e+00 7.775806e-01 0.000000e+00 -8.309284e-03
0.000000e+00 5.555000e+00 1.166304e+00 7.756548e-01 0.000000e+00 -8.090363e-03
0.000000e+00 5.610000e+00 1.164602e+00 7.737281e-01 0.000000e+00 -7.921923e-03
0.000000e+00 5.665000e+00 1.162915e+00 7.718405e-01 0.000000e+00 -7.827721e-03
0.000000e+00 5.720000e+00 1.161264e+00 7.700184e-01 0.000000e+00 -7.801482e-03
0.000000e+00 5.775000e+00 1.159660e+00 7.682707e-01 0.000000e+00 -7.812772e-03
0.000000e+00 5.830000e+00 1.158113e+00 7.665946e-01 0.000000e+00 -7.823254e-03
0.000000e+00 5.885000e+00 1.156633e+00 7.649853e-01 0.000000e+00 -7.802915e-03
0.000000e+00 5.940000e+00 1.155233e+00 7.634484e-01 0.000000e+00 -7.738420e-03
0.000000e+00 5.995000e+00 1.153935e+00 7.620035e-01 0.000000e+00 -7.632380e-03
0.000000e+00 6.050000e+00 1.152760e+00 7.606780e-01 0.000000e+00 -7.498233e-03
0.000000e+00 6.105000e+00 1.151714e+00 7.594902e-01 0.000000e+00 -7.355208e-03
0.000000e+00 6.160000e+00 1.150778e+00 7.584337e-01 0.000000e+00 -7.223978e-03
0.000000e+00 6.215000e+00 1.149911e+00 7.574719e-01 0.000000e+00 -7.121970e-03
0.000000e+00 6.270000e+00 1.149058e+00 7.565458e-01 0.000000e+00 -7.057916e-03
0.000000e+00 6.325000e+00 1.148166e+00 7.555905e-01 0.000000e+00 -7.027025e-03
0.000000e+00 6.380000e+00 1.147196e+00 7.545539e-01 0.000000e+00 -7.010962e-03
0.000000e+00 6.435000e+00 1.146140e+00 7.534131e-01 0.000000e+00 -6.985851e-03
0.000000e+00 6.490000e+00 1.145017e+00 7.521815e-01 0.000000e+00 -6.934799e-03
0.000000e+00 6.545000e+00 1.143867e+00 7.509039e-01 0.000000e+00 -6.856188e-03
0.000000e+00 6.600000e+00 1.142738e+00 7.496391e-01 0.000000e+00 -6.761352e-03
0.000000e+00 6.655000e+00 1.141664e+00 7.484344e-01 0.000000e+00 -6.663141e-03
0.000000e+00 6.710000e+00 1.140651e+00 7.473061e-01 0.000000e+00 -6.564099e-03
0.000000e+00 6.765000e+00 1.139674e+00 7.462341e-01 0.000000e+00 -6.453933e-03
0.000000e+00 6.820000e+00 1.138698e+00 7.451786e-01 0.000000e+00 -6.319033e-03
0.000000e+00 6.875000e+00 1.137697e+00 7.441067e-01 0.000000e+00 -6.156580e-03
0.000000e+00 6.930000e+00 1.136674e+00 7.430116e-01 0.000000e+00 -5.981064e-03
0.000000e+00 6.985000e+00 1.135656e+00 7.419127e-01 0.000000e+00 -5.816684e-03
0.000000e+00 7.040000e+00 1.134675e+00 7.408400e-01 0.000000e+00 -5.680973e-03
0.000000e+00 7.095000e+00 1.133748e+00 7.398147e-01 0.000000e+00 -5.571787e-03
0.000000e+00 7.150000e+00 1.132876e+00 7.388416e-01 0.000000e+00 -5.467202e-03
0.000000e+00 7.205000e+00 1.132045e+00 7.379148e-01 0.000000e+00 -5.338931e-03
0.000000e+00 7.260000e+00 1.131241e+00 7.370287e-01 0.000000e+00 -5.169935e-03
0.000000e+00 7.315000e+00 1.130463e+00 7.361835e-01 0.000000e+00 -4.964285e-03
0.000000e+00 7.370000e+00 1.129714e+00 7.353820e-01 0.000000e+00 -4.743811e-03
0.000000e+00 7.425000e+00 1.128996e+00 7.346200e-01 0.000000e+00 -4.534943e-03
0.000000e+00 7.480000e+00 1.128301e+00 7.338810e-01 0.000000e+00 -4.354058e-03
0.000000e+00 7.535000e+00 1.127611e+00 7.331383e-01 0.000000e+00 -4.199764e-03
0.000000e+00 7.590000e+00 1.126906e+00 7.323682e-01 0.000000e+00 -4.056579e-03
0.000000e+00 7.645000e+00 1.126182e+00 7.315681e-01 0.000000e+00 -3.907463e-03
0.000000e+00 7.700000e+00 1.125457e+00 7.307652e-01 0.000000e+00 -3.746184e-03
0.000000e+00 7.755000e+00 1.124769e+00 7.300066e-01 0.000000e+00 -3.580634e-03
0.000000e+00 7.810000e+00 1.124151e+00 7.293323e-01 0.000000e+00 -3.425504e-03
0.000000e+00 7.865000e+00 1.123607e+00 7.287476e-01 0.000000e+00 -3.290383e-03
0.000000e+00 7.920000e+00 1.123106e+00 7.282154e-01 0.000000e+00 -3.172055e-03
0.000000e+00 7.975000e+00 1.122596e+00 7.276747e-01 0.000000e+00 -3.055135e-03
0.000000e+00 8.030000e+00 1.122035e+00 7.270758e-01 0.000000e+00 -2.918426e-03
0.000000e+00 8.085000e+00 1.121419e+00 7.264094e-01 0.000000e+00 -2.742388e-03
0.000000e+00 8.140000e+00 1.120782e+00 7.257124e-01 0.000000e+00 -2.514425e-03
0.000000e+00 8.195000e+00 1.120181e+00 7.250504e-01 0.000000e+00 -2.232122e-03
0.000000e+00 8.250000e+00 1.119671e+00 7.244861e-01 0.000000e+00 -1.904561e-03
0.000000e+00 8.305000e+00 1.119276e+00 7.240531e-01 0.000000e+00 -1.550026e-03
0.000000e+00 8.360000e+00 1.118988e+00 7.237442e-01 0.000000e+00 -1.189118e-03
0.000000e+00 8.415000e+00 1.118771e+00 7.235187e-01 0.000000e+00 -8.354911e-04
0.000000e+00 8.470000e+00 1.118576e+00 7.233205e-01 0.000000e+00 -4.887641e-04
0.000000e+00 8.525000e+00 1.118361e+00 7.230955e-01 0.000000e+00 -1.337659e-04
0.000000e+00 8.580000e+00 1.118089e+00 7.228017e-01 0.000000e+00 2.525109e-04
0.000000e+00 8.635000e+00 1.117735e+00 7.224128e-01 0.000000e+00 6.875488e-04
0.000000e+00 8.690000e+00 1.117291e+00 7.219227e-01 0.000000e+00 1.168567e-03
0.000000e+00 8.745000e+00 1.116769e+00 7.213491e-01 0.000000e+00 1.666017e-03
0.000000e+00 8.800000e+00 1.116197e+00 7.207275e-01 0.000000e+00 2.133583e-03
0.000000e+00 8.855000e+00 1.115606e+00 7.200939e-01 0.000000e+00 2.531309e-03
0.000000e+00 8.910000e+00 1.115014e+00 7.194672e-01 0.000000e+00 2.845205e-03
0.000000e+00 8.965000e+00 1.114426e+00 7.188474e-01 0.000000e+00 3.088193e-03
0.000000e+00 9.020000e+00 1.113840e+00 7.182289e-01 0.000000e+00 3.284547e-03
0.000000e+00 9.075000e+00 1.113265e+00 7.176160e-01 0.000000e+00 3.454196e-03
0.000000e+00 9.130000e+00 1.112721e+00 7.170286e-01 0.000000e+00 3.608694e-03
0.000000e+00 9.185000e+00 1.112235e+00 7.164980e-01 0.000000e+00 3.755580e-03
0.000000e+00 9.240000e+00 1.111836e+00 7.160587e-01 0.000000e+00 3.901750e-03
0.000000e+00 9.295000e+00 1.111547e+00 7.157389e-01 0.000000e+00 4.052318e-03
0.000000e+00 9.350000e+00 1.111374e+00 7.155508e-01 0.000000e+00 4.209831e-03
0.000000e+00 9.405000e+00 1.111311e+00 7.154851e-01 0.000000e+00 4.377347e-03
0.000000e+00 9.460000e+00 1.111334e+00 7.155149e-01 0.000000e+00 4.565057e-03
0.000000e+00 9.515000e+00 1.111415e+00 7.156059e-01 0.000000e+00 4.790935e-03
0.000000e+00 9.570000e+00 1.111528e+00 7.157267e-01 0.000000e+00 5.071217e-03
0.000000e+00 9.625000e+00 1.111648e+00 7.158518e-01 0.000000e+00 5.399432e-03
0.000000e+00 9.680000e+00 1.111743e+00 7.159555e-01 0.000000e+00 5.730358e-03
0.000000e+00 9.735000e+00 1.111775e+00 7.160068e-01 0.000000e+00 5.991538e-03
0.000000e+00 9.790000e+00 1.111704e+00 7.159615e-01 0.000000e+00 6.122858e-03
0.000000e+00 9.845000e+00 1.111524e+00 7.157925e-01 0.000000e+00 6.136417e-03
0.000000e+00 9.900000e+00 1.111235e+00 7.154662e-01 0.000000e+00 6.083350e-03
0.000000e+00 9.955000e+00 1.110910e+00 7.150370e-01 0.000000e+00 6.112133e-03
0.000000e+00 1.001000e+01 1.101640e+00 7.050500e-01 -0.000000e+00 -2.260000e-03
0.000000e+00 1.006500e+01 1.101640e+00 7.050500e-01 -0.000000e+00 -2.260000e-03
0.000000e+00 1.012000e+01 1.101640e+00 7.050500e-01 -0.000000e+00 -2.260000e-03
0.000000e+00 1.017500e+01 1.101640e+00 7.050500e-01 -0.000000e+00 -2.260000e-03
0.000000e+00 1.023000e+01 1.101640e+00 7.050500e-01 -0.000000e+00 -2.260000e-03
0.000000e+00 1.028500e+01 1.101640e+00 7.050500e-01 -0.000000e+00 -2.260000e-03
0.000000e+00 1.034000e+01 1.101640e+00 7.050500e-01 -0.000000e+00 -2.260000e-03
0.000000e+00 1.039500e+01 1.101640e+00 7.050500e-01 -0.000000e+00 -2.260000e-03
0.000000e+00 1.045000e+01 1.101640e+00 7.050500e-01 -0.000000e+00 -2.260000e-03
0.000000e+00 1.050500e+01 1.101640e+00 7.050500e-01 -0.000000e+00 -2.260000e-03
0.000000e+00 1.056000e+01 1.101640e+00 7.050500e-01 -0.000000e+00 -2.260000e-03
0.000000e+00 1.061500e+01 1.101640e+00 7.050500e-01 -0.000000e+00 -2.260000e-03
0.000000e+00 1.067000e+01 1.101640e+00 7.050500e-01 -0.000000e+00 -2.260000e-03
0.000000e+00 1.072500e+01 1.101640e+00 7.050500e-01 -0.000000e+00 -2.260000e-03
0.000000e+00 1.078000e+01 1.101640e+00 7.050500e-01 -0.000000e+00 -2.260000e-03
0.000000e+00 1.083500e+01 1.101640e+00 7.050500e-01 -0.000000e+00 -2.260000e-03
0.000000e+00 1.089000e+01 1.101640e+00 7.050500e-01 -0.000000e+00 -2.260000e-03
0.000000e+00 1.094500e+01 1.101640e+00 7.050500e-01 -0.000000e+00 -2.260000e-03
0.000000e+00 1.100000e+01 1.101640e+00 7.050500e-01 -0.000000e+00 -2.260000e-03
