#############TIME##################
9.204107e+00 
###################################
0.000000e+00 0.000000e+00 1.196710e+01 4.187931e+01 0.000000e+00 -1.501924e+00
0.000000e+00 5.500000e-02 1.196710e+01 4.187931e+01 0.000000e+00 -1.501924e+00
0.000000e+00 1.100000e-01 1.196624e+01 4.187447e+01 0.000000e+00 -1.501935e+00
0.000000e+00 1.650000e-01 9.143391e+00 2.404564e+01 0.000000e+00 -9.966395e-01
0.000000e+00 2.200000e-01 7.080227e+00 1.566230e+01 0.000000e+00 -8.213083e-01
0.000000e+00 2.750000e-01 5.783772e+00 1.118392e+01 0.000000e+00 -6.805811e-01
0.000000e+00 3.300000e-01 4.924869e+00 8.548429e+00 0.000000e+00 -5.765045e-01
0.000000e+00 3.850000e-01 4.312890e+00 6.862167e+00 0.000000e+00 -4.954580e-01
0.000000e+00 4.400000e-01 3.864871e+00 5.718562e+00 0.000000e+00 -4.304979e-01
0.000000e+00 4.950000e-01 3.522604e+00 4.898273e+00 0.000000e+00 -3.773046e-01
0.000000e+00 5.500000e-01 3.252397e+00 4.288242e+00 0.000000e+00 -3.337423e-01
0.000000e+00 6.050000e-01 3.033829e+00 3.819068e+00 0.000000e+00 -2.971592e-01
0.000000e+00 6.600000e-01 2.854062e+00 3.449547e+00 0.000000e+00 -2.661456e-01
0.000000e+00 7.150000e-01 2.703455e+00 3.151821e+00 0.000000e+00 -2.394366e-01
0.000000e+00 7.700000e-01 2.575649e+00 2.907901e+00 0.000000e+00 -2.162401e-01
0.000000e+00 8.250000e-01 2.465950e+00 2.705059e+00 0.000000e+00 -1.957867e-01
0.000000e+00 8.800000e-01 2.370884e+00 2.534447e+00 0.000000e+00 -1.775465e-01
0.000000e+00 9.350000e-01 2.287576e+00 2.389292e+00 0.000000e+00 -1.611317e-01
0.000000e+00 9.900000e-01 2.213791e+00 2.264339e+00 0.000000e+00 -1.463842e-01
0.000000e+00 1.045000e+00 2.147936e+00 2.155401e+00 0.000000e+00 -1.332689e-01
0.000000e+00 1.100000e+00 2.089010e+00 2.059308e+00 0.000000e+00 -1.217886e-01
0.000000e+00 1.155000e+00 2.036247e+00 1.973715e+00 0.000000e+00 -1.118664e-01
0.000000e+00 1.210000e+00 1.988866e+00 1.896958e+00 0.000000e+00 -1.033191e-01
0.000000e+00 1.265000e+00 1.946058e+00 1.827874e+00 0.000000e+00 -9.587748e-02
0.000000e+00 1.320000e+00 1.907117e+00 1.765646e+00 0.000000e+00 -8.924484e-02
0.000000e+00 1.375000e+00 1.871469e+00 1.709592e+00 0.000000e+00 -8.316169e-02
0.000000e+00 1.430000e+00 1.838611e+00 1.659000e+00 0.000000e+00 -7.746062e-02
0.000000e+00 1.485000e+00 1.808099e+00 1.613084e+00 0.000000e+00 -7.207552e-02
0.000000e+00 1.540000e+00 1.779601e+00 1.571074e+00 0.000000e+00 -6.700442e-02
0.000000e+00 1.595000e+00 1.752917e+00 1.532330e+00 0.000000e+00 -6.225902e-02
0.000000e+00 1.650000e+00 1.727954e+00 1.496404e+00 0.000000e+00 -5.783400e-02
0.000000e+00 1.705000e+00 1.704676e+00 1.463030e+00 0.000000e+00 -5.370285e-02
0.000000e+00 1.760000e+00 1.683052e+00 1.432059e+00 0.000000e+00 -4.983156e-02
0.000000e+00 1.815000e+00 1.663003e+00 1.403380e+00 0.000000e+00 -4.619605e-02
0.000000e+00 1.870000e+00 1.644365e+00 1.376842e+00 0.000000e+00 -4.279302e-02
0.000000e+00 1.925000e+00 1.626903e+00 1.352217e+00 0.000000e+00 -3.964181e-02
0.000000e+00 1.980000e+00 1.610361e+00 1.329220e+00 0.000000e+00 -3.677268e-02
0.000000e+00 2.035000e+00 1.594538e+00 1.307571e+00 0.000000e+00 -3.420120e-02
0.000000e+00 2.090000e+00 1.579338e+00 1.287068e+00 0.000000e+00 -3.190079e-02
0.000000e+00 2.145000e+00 1.564798e+00 1.267639e+00 0.000000e+00 -2.978931e-02
0.000000e+00 2.200000e+00 1.551049e+00 1.249327e+00 0.000000e+00 -2.774785e-02
0.000000e+00 2.255000e+00 1.538210e+00 1.232190e+00 0.000000e+00 -2.567596e-02
0.000000e+00 2.310000e+00 1.526294e+00 1.216199e+00 0.000000e+00 -2.354821e-02
0.000000e+00 2.365000e+00 1.515187e+00 1.201228e+00 0.000000e+00 -2.142058e-02
0.000000e+00 2.420000e+00 1.504714e+00 1.187126e+00 0.000000e+00 -1.938049e-02
0.000000e+00 2.475000e+00 1.494705e+00 1.173762e+00 0.000000e+00 -1.749239e-02
0.000000e+00 2.530000e+00 1.485015e+00 1.161014e+00 0.000000e+00 -1.578328e-02
0.000000e+00 2.585000e+00 1.475535e+00 1.148746e+00 0.000000e+00 -1.425819e-02
0.000000e+00 2.640000e+00 1.466219e+00 1.136845e+00 0.000000e+00 -1.290742e-02
0.000000e+00 2.695000e+00 1.457118e+00 1.125281e+00 0.000000e+00 -1.169914e-02
0.000000e+00 2.750000e+00 1.448340e+00 1.114099e+00 0.000000e+00 -1.058462e-02
0.000000e+00 2.805000e+00 1.439972e+00 1.103351e+00 0.000000e+00 -9.523573e-03
0.000000e+00 2.860000e+00 1.432018e+00 1.093046e+00 0.000000e+00 -8.499508e-03
0.000000e+00 2.915000e+00 1.424435e+00 1.083184e+00 0.000000e+00 -7.504488e-03
0.000000e+00 2.970000e+00 1.417189e+00 1.073811e+00 0.000000e+00 -6.515820e-03
0.000000e+00 3.025000e+00 1.410282e+00 1.064998e+00 0.000000e+00 -5.501639e-03
0.000000e+00 3.080000e+00 1.403694e+00 1.056743e+00 0.000000e+00 -4.456049e-03
0.000000e+00 3.135000e+00 1.397340e+00 1.048907e+00 0.000000e+00 -3.421709e-03
0.000000e+00 3.190000e+00 1.391092e+00 1.041259e+00 0.000000e+00 -2.471223e-03
0.000000e+00 3.245000e+00 1.384849e+00 1.033593e+00 0.000000e+00 -1.666440e-03
0.000000e+00 3.300000e+00 1.378600e+00 1.025844e+00 0.000000e+00 -1.025316e-03
0.000000e+00 3.355000e+00 1.372452e+00 1.018133e+00 0.000000e+00 -5.102504e-04
0.000000e+00 3.410000e+00 1.366592e+00 1.010725e+00 0.000000e+00 -3.861004e-05
0.000000e+00 3.465000e+00 1.361211e+00 1.003920e+00 0.000000e+00 5.002543e-04
0.000000e+00 3.520000e+00 1.356427e+00 9.979214e-01 0.000000e+00 1.221498e-03
0.000000e+00 3.575000e+00 1.352197e+00 9.927106e-01 0.000000e+00 2.187052e-03
0.000000e+00 3.630000e+00 1.348291e+00 9.879969e-01 0.000000e+00 3.339990e-03
0.000000e+00 3.685000e+00 1.344385e+00 9.833450e-01 0.000000e+00 4.499382e-03
0.000000e+00 3.740000e+00 1.340204e+00 9.783654e-01 0.000000e+00 5.429056e-03
0.000000e+00 3.795000e+00 1.335639e+00 9.728782e-01 0.000000e+00 5.961664e-03
0.000000e+00 3.850000e+00 1.330815e+00 9.670094e-01 0.000000e+00 6.125241e-03
0.000000e+00 3.905000e+00 1.326057e+00 9.611634e-01 0.000000e+00 6.149907e-03
0.000000e+00 3.960000e+00 1.321689e+00 9.557611e-01 0.000000e+00 6.327434e-03
0.000000e+00 4.015000e+00 1.317896e+00 9.510684e-01 0.000000e+00 6.844553e-03
0.000000e+00 4.070000e+00 1.314588e+00 9.470168e-01 0.000000e+00 7.672115e-03
0.000000e+00 4.125000e+00 1.311438e+00 9.432289e-01 0.000000e+00 8.594496e-03
0.000000e+00 4.180000e+00 1.308078e+00 9.392558e-01 0.000000e+00 9.352098e-03
0.000000e+00 4.235000e+00 1.304293e+00 9.348076e-01 0.000000e+00 9.768310e-03
0.000000e+00 4.290000e+00 1.300169e+00 9.299511e-01 0.000000e+00 9.852354e-03
0.000000e+00 4.345000e+00 1.296065e+00 9.250836e-01 0.000000e+00 9.794579e-03
0.000000e+00 4.400000e+00 1.292356e+00 9.206363e-01 0.000000e+00 9.839365e-03
0.000000e+00 4.455000e+00 1.289232e+00 9.168464e-01 0.000000e+00 1.014878e-02
0.000000e+00 4.510000e+00 1.286585e+00 9.136144e-01 0.000000e+00 1.070218e-02
0.000000e+00 4.565000e+00 1.284089e+00 9.105936e-01 0.000000e+00 1.133723e-02
0.000000e+00 4.620000e+00 1.281448e+00 9.074586e-01 0.000000e+00 1.190913e-02
0.000000e+00 4.675000e+00 1.278594e+00 9.041297e-01 0.000000e+00 1.240243e-02
0.000000e+00 4.730000e+00 1.275730e+00 9.008223e-01 0.000000e+00 1.290902e-02
0.000000e+00 4.785000e+00 1.273137e+00 8.978254e-01 0.000000e+00 1.349057e-02
0.000000e+00 4.840000e+00 1.270876e+00 8.951795e-01 0.000000e+00 1.407162e-02
0.000000e+00 4.895000e+00 1.268706e+00 8.925946e-01 0.000000e+00 1.448655e-02
0.000000e+00 4.950000e+00 1.266280e+00 8.896810e-01 0.000000e+00 1.462791e-02
0.000000e+00 5.005000e+00 1.263503e+00 8.863616e-01 0.000000e+00 1.456316e-02
0.000000e+00 5.060000e+00 1.260628e+00 8.829632e-01 0.000000e+00 1.450323e-02
0.000000e+00 5.115000e+00 1.258038e+00 8.799467e-01 0.000000e+00 1.463938e-02
0.000000e+00 5.170000e+00 1.255852e+00 8.774419e-01 0.000000e+00 1.499852e-02
0.000000e+00 5.225000e+00 1.253818e+00 8.751308e-01 0.000000e+00 1.541029e-02
0.000000e+00 5.280000e+00 1.251602e+00 8.726003e-01 0.000000e+00 1.568845e-02
0.000000e+00 5.335000e+00 1.249164e+00 8.697847e-01 0.000000e+00 1.582373e-02
0.000000e+00 5.390000e+00 1.246778e+00 8.669973e-01 0.000000e+00 1.601562e-02
0.000000e+00 5.445000e+00 1.244753e+00 8.645996e-01 0.000000e+00 1.647572e-02
0.000000e+00 5.500000e+00 1.243074e+00 8.625958e-01 0.000000e+00 1.717803e-02
0.000000e+00 5.555000e+00 1.241372e+00 8.605805e-01 0.000000e+00 1.781126e-02
0.000000e+00 5.610000e+00 1.239204e+00 8.580579e-01 0.000000e+00 1.801114e-02
0.000000e+00 5.665000e+00 1.236330e+00 8.547593e-01 0.000000e+00 1.766100e-02
0.000000e+00 5.720000e+00 1.233031e+00 8.509989e-01 0.000000e+00 1.700640e-02
0.000000e+00 5.775000e+00 1.229870e+00 8.474018e-01 0.000000e+00 1.641954e-02
0.000000e+00 5.830000e+00 1.227526e+00 8.447266e-01 0.000000e+00 1.623115e-02
0.000000e+00 5.885000e+00 1.226494e+00 8.435363e-01 0.000000e+00 1.667605e-02
0.000000e+00 5.940000e+00 1.226729e+00 8.437682e-01 0.000000e+00 1.785991e-02
0.000000e+00 5.995000e+00 1.227740e+00 8.448696e-01 0.000000e+00 1.955618e-02
0.000000e+00 6.050000e+00 1.228917e+00 8.461729e-01 0.000000e+00 2.153233e-02
0.000000e+00 6.105000e+00 1.229631e+00 8.469749e-01 0.000000e+00 2.341903e-02
0.000000e+00 6.160000e+00 1.229295e+00 8.466078e-01 0.000000e+00 2.477020e-02
0.000000e+00 6.215000e+00 1.227356e+00 8.444325e-01 0.000000e+00 2.523035e-02
0.000000e+00 6.270000e+00 1.223049e+00 8.395519e-01 0.000000e+00 2.435157e-02
0.000000e+00 6.325000e+00 1.216537e+00 8.321481e-01 0.000000e+00 2.198799e-02
0.000000e+00 6.380000e+00 1.208691e+00 8.232199e-01 0.000000e+00 1.857679e-02
0.000000e+00 6.435000e+00 1.201328e+00 8.148541e-01 0.000000e+00 1.511572e-02
0.000000e+00 6.490000e+00 1.196395e+00 8.092459e-01 0.000000e+00 1.285877e-02
0.000000e+00 6.545000e+00 1.194613e+00 8.071922e-01 0.000000e+00 1.254861e-02
0.000000e+00 6.600000e+00 1.195875e+00 8.085765e-01 0.000000e+00 1.423345e-02
0.000000e+00 6.655000e+00 1.199940e+00 8.131347e-01 0.000000e+00 1.757245e-02
0.000000e+00 6.710000e+00 1.205090e+00 8.189601e-01 0.000000e+00 2.166899e-02
0.000000e+00 6.765000e+00 1.209291e+00 8.237449e-01 0.000000e+00 2.522238e-02
0.000000e+00 6.820000e+00 1.210962e+00 8.256706e-01 0.000000e+00 2.700524e-02
0.000000e+00 6.875000e+00 1.209723e+00 8.242790e-01 0.000000e+00 2.679951e-02
0.000000e+00 6.930000e+00 1.206732e+00 8.208852e-01 0.000000e+00 2.549586e-02
0.000000e+00 6.985000e+00 1.203129e+00 8.167936e-01 0.000000e+00 2.392498e-02
0.000000e+00 7.040000e+00 1.199717e+00 8.129194e-01 0.000000e+00 2.278072e-02
0.000000e+00 7.095000e+00 1.196870e+00 8.096849e-01 0.000000e+00 2.231778e-02
0.000000e+00 7.150000e+00 1.194622e+00 8.071356e-01 0.000000e+00 2.232943e-02
0.000000e+00 7.205000e+00 1.192806e+00 8.050961e-01 0.000000e+00 2.246874e-02
0.000000e+00 7.260000e+00 1.191192e+00 8.032976e-01 0.000000e+00 2.260096e-02
0.000000e+00 7.315000e+00 1.189684e+00 8.016209e-01 0.000000e+00 2.279828e-02
0.000000e+00 7.370000e+00 1.188483e+00 8.002824e-01 0.000000e+00 2.303104e-02
0.000000e+00 7.425000e+00 1.187801e+00 7.995160e-01 0.000000e+00 2.331207e-02
0.000000e+00 7.480000e+00 1.187351e+00 7.989985e-01 0.000000e+00 2.371839e-02
0.000000e+00 7.535000e+00 1.186707e+00 7.982547e-01 0.000000e+00 2.424081e-02
0.000000e+00 7.590000e+00 1.185853e+00 7.972698e-01 0.000000e+00 2.437513e-02
0.000000e+00 7.645000e+00 1.184680e+00 7.959372e-01 0.000000e+00 2.404879e-02
0.000000e+00 7.700000e+00 1.182939e+00 7.939906e-01 0.000000e+00 2.367227e-02
0.000000e+00 7.755000e+00 1.180941e+00 7.917668e-01 0.000000e+00 2.347062e-02
0.000000e+00 7.810000e+00 1.179455e+00 7.901260e-01 0.000000e+00 2.318793e-02
0.000000e+00 7.865000e+00 1.178464e+00 7.890366e-01 0.000000e+00 2.315972e-02
0.000000e+00 7.920000e+00 1.177417e+00 7.878750e-01 0.000000e+00 2.357100e-02
0.000000e+00 7.975000e+00 1.176579e+00 7.869400e-01 0.000000e+00 2.398742e-02
0.000000e+00 8.030000e+00 1.176230e+00 7.865340e-01 0.000000e+00 2.394779e-02
0.000000e+00 8.085000e+00 1.175042e+00 7.851805e-01 0.000000e+00 2.416074e-02
0.000000e+00 8.140000e+00 1.173122e+00 7.830287e-01 0.000000e+00 2.446943e-02
0.000000e+00 8.195000e+00 1.172759e+00 7.826175e-01 0.000000e+00 2.282300e-02
0.000000e+00 8.250000e+00 1.169918e+00 7.794709e-01 0.000000e+00 2.134301e-02
0.000000e+00 8.305000e+00 1.164244e+00 7.731932e-01 0.000000e+00 2.161121e-02
0.000000e+00 8.360000e+00 1.163092e+00 7.719372e-01 0.000000e+00 1.569163e-02
0.000000e+00 8.415000e+00 1.154483e+00 7.624447e-01 0.000000e+00 1.017053e-02
0.000000e+00 8.470000e+00 1.139648e+00 7.461879e-01 0.000000e+00 3.077710e-03
0.000000e+00 8.525000e+00 1.128925e+00 7.345089e-01 0.000000e+00 -1.153972e-02
0.000000e+00 8.580000e+00 1.106508e+00 7.103174e-01 0.000000e+00 -2.893105e-02
0.000000e+00 8.635000e+00 1.086569e+00 6.890673e-01 0.000000e+00 -4.658787e-02
0.000000e+00 8.690000e+00 1.078157e+00 6.801840e-01 0.000000e+00 -5.324415e-02
0.000000e+00 8.745000e+00 1.074837e+00 6.766929e-01 0.000000e+00 -5.509916e-02
0.000000e+00 8.800000e+00 1.072899e+00 6.746601e-01 0.000000e+00 -5.560986e-02
0.000000e+00 8.855000e+00 1.071413e+00 6.731040e-01 0.000000e+00 -5.568360e-02
0.000000e+00 8.910000e+00 1.070047e+00 6.716739e-01 0.000000e+00 -5.565996e-02
0.000000e+00 8.965000e+00 1.068714e+00 6.702802e-01 0.000000e+00 -5.561314e-02
0.000000e+00 9.020000e+00 1.067440e+00 6.689485e-01 0.000000e+00 -5.551677e-02
0.000000e+00 9.075000e+00 1.066244e+00 6.677005e-01 0.000000e+00 -5.534903e-02
0.000000e+00 9.130000e+00 1.065122e+00 6.665292e-01 0.000000e+00 -5.511540e-02
0.000000e+00 9.185000e+00 1.064058e+00 6.654202e-01 0.000000e+00 -5.482894e-02
0.000000e+00 9.240000e+00 1.063046e+00 6.643654e-01 0.000000e+00 -5.449682e-02
0.000000e+00 9.295000e+00 1.062084e+00 6.633638e-01 0.000000e+00 -5.411783e-02
0.000000e+00 9.350000e+00 1.061170e+00 6.624131e-01 0.000000e+00 -5.368834e-02
0.000000e+00 9.405000e+00 1.060305e+00 6.615128e-01 0.000000e+00 -5.319957e-02
0.000000e+00 9.460000e+00 1.059482e+00 6.606562e-01 0.000000e+00 -5.264876e-02
0.000000e+00 9.515000e+00 1.058703e+00 6.598462e-01 0.000000e+00 -5.203106e-02
0.000000e+00 9.570000e+00 1.057955e+00 6.590695e-01 0.000000e+00 -5.137013e-02
0.000000e+00 9.625000e+00 1.057250e+00 6.583409e-01 0.000000e+00 -5.067973e-02
0.000000e+00 9.680000e+00 1.056551e+00 6.576268e-01 0.000000e+00 -5.003219e-02
0.000000e+00 9.735000e+00 1.055907e+00 6.569783e-01 0.000000e+00 -4.942446e-02
0.000000e+00 9.790000e+00 1.055224e+00 6.563011e-01 0.000000e+00 -4.898204e-02
0.000000e+00 9.845000e+00 1.054656e+00 6.557516e-01 0.000000e+00 -4.857598e-02
0.000000e+00 9.900000e+00 1.053931e+00 6.550379e-01 0.000000e+00 -4.845010e-02
0.000000e+00 9.955000e+00 1.053691e+00 6.548270e-01 0.000000e+00 -4.800728e-02
0.000000e+00 1.001000e+01 1.101640e+00 7.050500e-01 -0.000000e+00 -2.260000e-03
0.000000e+00 1.006500e+01 1.101640e+00 7.050500e-01 -0.000000e+00 -2.260000e-03
0.000000e+00 1.012000e+01 1.101640e+00 7.050500e-01 -0.000000e+00 -2.260000e-03
0.000000e+00 1.017500e+01 1.101640e+00 7.050500e-01 -0.000000e+00 -2.260000e-03
0.000000e+00 1.023000e+01 1.101640e+00 7.050500e-01 -0.000000e+00 -2.260000e-03
0.000000e+00 1.028500e+01 1.101640e+00 7.050500e-01 -0.000000e+00 -2.260000e-03
0.000000e+00 1.034000e+01 1.101640e+00 7.050500e-01 -0.000000e+00 -2.260000e-03
0.000000e+00 1.039500e+01 1.101640e+00 7.050500e-01 -0.000000e+00 -2.260000e-03
0.000000e+00 1.045000e+01 1.101640e+00 7.050500e-01 -0.000000e+00 -2.260000e-03
0.000000e+00 1.050500e+01 1.101640e+00 7.050500e-01 -0.000000e+00 -2.260000e-03
0.000000e+00 1.056000e+01 1.101640e+00 7.050500e-01 -0.000000e+00 -2.260000e-03
0.000000e+00 1.061500e+01 1.101640e+00 7.050500e-01 -0.000000e+00 -2.260000e-03
0.000000e+00 1.067000e+01 1.101640e+00 7.050500e-01 -0.000000e+00 -2.260000e-03
0.000000e+00 1.072500e+01 1.101640e+00 7.050500e-01 -0.000000e+00 -2.260000e-03
0.000000e+00 1.078000e+01 1.101640e+00 7.050500e-01 -0.000000e+00 -2.260000e-03
0.000000e+00 1.083500e+01 1.101640e+00 7.050500e-01 -0.000000e+00 -2.260000e-03
0.000000e+00 1.089000e+01 1.101640e+00 7.050500e-01 -0.000000e+00 -2.260000e-03
0.000000e+00 1.094500e+01 1.101640e+00 7.050500e-01 -0.000000e+00 -2.260000e-03
0.000000e+00 1.100000e+01 1.101640e+00 7.050500e-01 -0.000000e+00 -2.260000e-03
