#############TIME##################
1.205553e+00 
###################################
0.000000e+00 0.000000e+00 1.164198e+01 4.075123e+01 0.000000e+00 -1.510200e+00
0.000000e+00 5.500000e-02 1.164198e+01 4.075123e+01 0.000000e+00 -1.510200e+00
0.000000e+00 1.100000e-01 1.162727e+01 4.063996e+01 0.000000e+00 -1.511618e+00
0.000000e+00 1.650000e-01 8.920299e+00 2.340383e+01 0.000000e+00 -1.002968e+00
0.000000e+00 2.200000e-01 6.818357e+00 1.499825e+01 0.000000e+00 -8.451917e-01
0.000000e+00 2.750000e-01 5.533595e+00 1.056194e+01 0.000000e+00 -7.273717e-01
0.000000e+00 3.300000e-01 4.742109e+00 8.119786e+00 0.000000e+00 -6.175292e-01
0.000000e+00 3.850000e-01 4.145147e+00 6.485800e+00 0.000000e+00 -5.460239e-01
0.000000e+00 4.400000e-01 3.636096e+00 5.212410e+00 0.000000e+00 -5.002649e-01
0.000000e+00 4.950000e-01 3.259763e+00 4.341295e+00 0.000000e+00 -4.568868e-01
0.000000e+00 5.500000e-01 2.931881e+00 3.637303e+00 0.000000e+00 -4.731411e-01
0.000000e+00 6.050000e-01 2.342070e+00 2.496668e+00 0.000000e+00 -6.227964e-01
0.000000e+00 6.600000e-01 1.923304e+00 1.787956e+00 0.000000e+00 -7.452232e-01
0.000000e+00 7.150000e-01 1.758040e+00 1.535461e+00 0.000000e+00 -7.422789e-01
0.000000e+00 7.700000e-01 1.643356e+00 1.372623e+00 0.000000e+00 -7.159876e-01
0.000000e+00 8.250000e-01 1.554567e+00 1.251358e+00 0.000000e+00 -6.882258e-01
0.000000e+00 8.800000e-01 1.481154e+00 1.154460e+00 0.000000e+00 -6.609340e-01
0.000000e+00 9.350000e-01 1.420795e+00 1.077158e+00 0.000000e+00 -6.340695e-01
0.000000e+00 9.900000e-01 1.370905e+00 1.014885e+00 0.000000e+00 -6.075798e-01
0.000000e+00 1.045000e+00 1.329355e+00 9.641546e-01 0.000000e+00 -5.816889e-01
0.000000e+00 1.100000e+00 1.294595e+00 9.225151e-01 0.000000e+00 -5.565145e-01
0.000000e+00 1.155000e+00 1.265415e+00 8.881329e-01 0.000000e+00 -5.321004e-01
0.000000e+00 1.210000e+00 1.240854e+00 8.596061e-01 0.000000e+00 -5.084921e-01
0.000000e+00 1.265000e+00 1.220129e+00 8.358307e-01 0.000000e+00 -4.857278e-01
0.000000e+00 1.320000e+00 1.202601e+00 8.159345e-01 0.000000e+00 -4.638366e-01
0.000000e+00 1.375000e+00 1.187754e+00 7.992294e-01 0.000000e+00 -4.428340e-01
0.000000e+00 1.430000e+00 1.175162e+00 7.851691e-01 0.000000e+00 -4.227216e-01
0.000000e+00 1.485000e+00 1.164476e+00 7.733137e-01 0.000000e+00 -4.034920e-01
0.000000e+00 1.540000e+00 1.155403e+00 7.633031e-01 0.000000e+00 -3.851325e-01
0.000000e+00 1.595000e+00 1.147695e+00 7.548397e-01 0.000000e+00 -3.676279e-01
0.000000e+00 1.650000e+00 1.141143e+00 7.476755e-01 0.000000e+00 -3.509597e-01
0.000000e+00 1.705000e+00 1.135572e+00 7.416035e-01 0.000000e+00 -3.351070e-01
0.000000e+00 1.760000e+00 1.130829e+00 7.364508e-01 0.000000e+00 -3.200459e-01
0.000000e+00 1.815000e+00 1.126789e+00 7.320727e-01 0.000000e+00 -3.057504e-01
0.000000e+00 1.870000e+00 1.123345e+00 7.283479e-01 0.000000e+00 -2.921921e-01
0.000000e+00 1.925000e+00 1.120404e+00 7.251745e-01 0.000000e+00 -2.793416e-01
0.000000e+00 1.980000e+00 1.117892e+00 7.224672e-01 0.000000e+00 -2.671682e-01
0.000000e+00 2.035000e+00 1.115743e+00 7.201540e-01 0.000000e+00 -2.556409e-01
0.000000e+00 2.090000e+00 1.113901e+00 7.181744e-01 0.000000e+00 -2.447283e-01
0.000000e+00 2.145000e+00 1.112321e+00 7.164776e-01 0.000000e+00 -2.343994e-01
0.000000e+00 2.200000e+00 1.110963e+00 7.150207e-01 0.000000e+00 -2.246236e-01
0.000000e+00 2.255000e+00 1.109794e+00 7.137674e-01 0.000000e+00 -2.153711e-01
0.000000e+00 2.310000e+00 1.108786e+00 7.126875e-01 0.000000e+00 -2.066129e-01
0.000000e+00 2.365000e+00 1.107915e+00 7.117551e-01 0.000000e+00 -1.983210e-01
0.000000e+00 2.420000e+00 1.107161e+00 7.109487e-01 0.000000e+00 -1.904688e-01
0.000000e+00 2.475000e+00 1.106508e+00 7.102497e-01 0.000000e+00 -1.830305e-01
0.000000e+00 2.530000e+00 1.105941e+00 7.096429e-01 0.000000e+00 -1.759819e-01
0.000000e+00 2.585000e+00 1.105447e+00 7.091149e-01 0.000000e+00 -1.692998e-01
0.000000e+00 2.640000e+00 1.105016e+00 7.086546e-01 0.000000e+00 -1.629626e-01
0.000000e+00 2.695000e+00 1.104640e+00 7.082527e-01 0.000000e+00 -1.569495e-01
0.000000e+00 2.750000e+00 1.104311e+00 7.079009e-01 0.000000e+00 -1.512412e-01
0.000000e+00 2.805000e+00 1.104022e+00 7.075925e-01 0.000000e+00 -1.458196e-01
0.000000e+00 2.860000e+00 1.103768e+00 7.073217e-01 0.000000e+00 -1.406674e-01
0.000000e+00 2.915000e+00 1.103545e+00 7.070833e-01 0.000000e+00 -1.357687e-01
0.000000e+00 2.970000e+00 1.103348e+00 7.068731e-01 0.000000e+00 -1.311084e-01
0.000000e+00 3.025000e+00 1.103174e+00 7.066874e-01 0.000000e+00 -1.266725e-01
0.000000e+00 3.080000e+00 1.103021e+00 7.065231e-01 0.000000e+00 -1.224478e-01
0.000000e+00 3.135000e+00 1.102884e+00 7.063775e-01 0.000000e+00 -1.184219e-01
0.000000e+00 3.190000e+00 1.102763e+00 7.062481e-01 0.000000e+00 -1.145834e-01
0.000000e+00 3.245000e+00 1.102655e+00 7.061331e-01 0.000000e+00 -1.109215e-01
0.000000e+00 3.300000e+00 1.102559e+00 7.060306e-01 0.000000e+00 -1.074260e-01
0.000000e+00 3.355000e+00 1.102473e+00 7.059391e-01 0.000000e+00 -1.040876e-01
0.000000e+00 3.410000e+00 1.102397e+00 7.058573e-01 0.000000e+00 -1.008974e-01
0.000000e+00 3.465000e+00 1.102328e+00 7.057841e-01 0.000000e+00 -9.784719e-02
0.000000e+00 3.520000e+00 1.102267e+00 7.057185e-01 0.000000e+00 -9.492924e-02
0.000000e+00 3.575000e+00 1.102211e+00 7.056595e-01 0.000000e+00 -9.213631e-02
0.000000e+00 3.630000e+00 1.102162e+00 7.056065e-01 0.000000e+00 -8.946164e-02
0.000000e+00 3.685000e+00 1.102117e+00 7.055587e-01 0.000000e+00 -8.689887e-02
0.000000e+00 3.740000e+00 1.102076e+00 7.055156e-01 0.000000e+00 -8.444208e-02
0.000000e+00 3.795000e+00 1.102040e+00 7.054767e-01 0.000000e+00 -8.208568e-02
0.000000e+00 3.850000e+00 1.102007e+00 7.054415e-01 0.000000e+00 -7.982444e-02
0.000000e+00 3.905000e+00 1.101977e+00 7.054096e-01 0.000000e+00 -7.765346e-02
0.000000e+00 3.960000e+00 1.101950e+00 7.053807e-01 0.000000e+00 -7.556813e-02
0.000000e+00 4.015000e+00 1.101925e+00 7.053545e-01 0.000000e+00 -7.356412e-02
0.000000e+00 4.070000e+00 1.101903e+00 7.053306e-01 0.000000e+00 -7.163737e-02
0.000000e+00 4.125000e+00 1.101883e+00 7.053089e-01 0.000000e+00 -6.978404e-02
0.000000e+00 4.180000e+00 1.101864e+00 7.052891e-01 0.000000e+00 -6.800054e-02
0.000000e+00 4.235000e+00 1.101847e+00 7.052711e-01 0.000000e+00 -6.628349e-02
0.000000e+00 4.290000e+00 1.101832e+00 7.052546e-01 0.000000e+00 -6.462969e-02
0.000000e+00 4.345000e+00 1.101818e+00 7.052395e-01 0.000000e+00 -6.303613e-02
0.000000e+00 4.400000e+00 1.101805e+00 7.052257e-01 0.000000e+00 -6.149998e-02
0.000000e+00 4.455000e+00 1.101793e+00 7.052130e-01 0.000000e+00 -6.001856e-02
0.000000e+00 4.510000e+00 1.101782e+00 7.052014e-01 0.000000e+00 -5.858935e-02
0.000000e+00 4.565000e+00 1.101772e+00 7.051908e-01 0.000000e+00 -5.720997e-02
0.000000e+00 4.620000e+00 1.101763e+00 7.051810e-01 0.000000e+00 -5.587817e-02
0.000000e+00 4.675000e+00 1.101754e+00 7.051720e-01 0.000000e+00 -5.459181e-02
0.000000e+00 4.730000e+00 1.101747e+00 7.051637e-01 0.000000e+00 -5.334888e-02
0.000000e+00 4.785000e+00 1.101739e+00 7.051560e-01 0.000000e+00 -5.214748e-02
0.000000e+00 4.840000e+00 1.101733e+00 7.051490e-01 0.000000e+00 -5.098580e-02
0.000000e+00 4.895000e+00 1.101727e+00 7.051425e-01 0.000000e+00 -4.986213e-02
0.000000e+00 4.950000e+00 1.101721e+00 7.051364e-01 0.000000e+00 -4.877486e-02
0.000000e+00 5.005000e+00 1.101716e+00 7.051309e-01 0.000000e+00 -4.772244e-02
0.000000e+00 5.060000e+00 1.101711e+00 7.051257e-01 0.000000e+00 -4.670342e-02
0.000000e+00 5.115000e+00 1.101706e+00 7.051209e-01 0.000000e+00 -4.571643e-02
0.000000e+00 5.170000e+00 1.101702e+00 7.051165e-01 0.000000e+00 -4.476014e-02
0.000000e+00 5.225000e+00 1.101698e+00 7.051124e-01 0.000000e+00 -4.383331e-02
0.000000e+00 5.280000e+00 1.101695e+00 7.051086e-01 0.000000e+00 -4.293475e-02
0.000000e+00 5.335000e+00 1.101692e+00 7.051050e-01 0.000000e+00 -4.206334e-02
0.000000e+00 5.390000e+00 1.101688e+00 7.051017e-01 0.000000e+00 -4.121800e-02
0.000000e+00 5.445000e+00 1.101686e+00 7.050986e-01 0.000000e+00 -4.039771e-02
0.000000e+00 5.500000e+00 1.101683e+00 7.050958e-01 0.000000e+00 -3.960151e-02
0.000000e+00 5.555000e+00 1.101680e+00 7.050931e-01 0.000000e+00 -3.882847e-02
0.000000e+00 5.610000e+00 1.101678e+00 7.050906e-01 0.000000e+00 -3.807770e-02
0.000000e+00 5.665000e+00 1.101676e+00 7.050883e-01 0.000000e+00 -3.734836e-02
0.000000e+00 5.720000e+00 1.101674e+00 7.050861e-01 0.000000e+00 -3.663966e-02
0.000000e+00 5.775000e+00 1.101672e+00 7.050841e-01 0.000000e+00 -3.595082e-02
0.000000e+00 5.830000e+00 1.101670e+00 7.050822e-01 0.000000e+00 -3.528112e-02
0.000000e+00 5.885000e+00 1.101669e+00 7.050804e-01 0.000000e+00 -3.462986e-02
0.000000e+00 5.940000e+00 1.101667e+00 7.050788e-01 0.000000e+00 -3.399638e-02
0.000000e+00 5.995000e+00 1.101666e+00 7.050772e-01 0.000000e+00 -3.338003e-02
0.000000e+00 6.050000e+00 1.101664e+00 7.050758e-01 0.000000e+00 -3.278020e-02
0.000000e+00 6.105000e+00 1.101663e+00 7.050744e-01 0.000000e+00 -3.219633e-02
0.000000e+00 6.160000e+00 1.101662e+00 7.050731e-01 0.000000e+00 -3.162785e-02
0.000000e+00 6.215000e+00 1.101661e+00 7.050719e-01 0.000000e+00 -3.107422e-02
0.000000e+00 6.270000e+00 1.101659e+00 7.050708e-01 0.000000e+00 -3.053493e-02
0.000000e+00 6.325000e+00 1.101658e+00 7.050697e-01 0.000000e+00 -3.000951e-02
0.000000e+00 6.380000e+00 1.101658e+00 7.050687e-01 0.000000e+00 -2.949748e-02
0.000000e+00 6.435000e+00 1.101657e+00 7.050678e-01 0.000000e+00 -2.899838e-02
0.000000e+00 6.490000e+00 1.101656e+00 7.050669e-01 0.000000e+00 -2.851180e-02
0.000000e+00 6.545000e+00 1.101655e+00 7.050660e-01 0.000000e+00 -2.803731e-02
0.000000e+00 6.600000e+00 1.101654e+00 7.050652e-01 0.000000e+00 -2.757453e-02
0.000000e+00 6.655000e+00 1.101654e+00 7.050645e-01 0.000000e+00 -2.712307e-02
0.000000e+00 6.710000e+00 1.101653e+00 7.050638e-01 0.000000e+00 -2.668257e-02
0.000000e+00 6.765000e+00 1.101652e+00 7.050631e-01 0.000000e+00 -2.625267e-02
0.000000e+00 6.820000e+00 1.101652e+00 7.050625e-01 0.000000e+00 -2.583305e-02
0.000000e+00 6.875000e+00 1.101651e+00 7.050619e-01 0.000000e+00 -2.542337e-02
0.000000e+00 6.930000e+00 1.101651e+00 7.050613e-01 0.000000e+00 -2.502333e-02
0.000000e+00 6.985000e+00 1.101650e+00 7.050608e-01 0.000000e+00 -2.463263e-02
0.000000e+00 7.040000e+00 1.101650e+00 7.050603e-01 0.000000e+00 -2.425099e-02
0.000000e+00 7.095000e+00 1.101649e+00 7.050598e-01 0.000000e+00 -2.387811e-02
0.000000e+00 7.150000e+00 1.101649e+00 7.050594e-01 0.000000e+00 -2.351375e-02
0.000000e+00 7.205000e+00 1.101648e+00 7.050590e-01 0.000000e+00 -2.315764e-02
0.000000e+00 7.260000e+00 1.101648e+00 7.050586e-01 0.000000e+00 -2.280953e-02
0.000000e+00 7.315000e+00 1.101648e+00 7.050582e-01 0.000000e+00 -2.246920e-02
0.000000e+00 7.370000e+00 1.101647e+00 7.050578e-01 0.000000e+00 -2.213640e-02
0.000000e+00 7.425000e+00 1.101647e+00 7.050575e-01 0.000000e+00 -2.181093e-02
0.000000e+00 7.480000e+00 1.101647e+00 7.050572e-01 0.000000e+00 -2.149256e-02
0.000000e+00 7.535000e+00 1.101646e+00 7.050568e-01 0.000000e+00 -2.118110e-02
0.000000e+00 7.590000e+00 1.101646e+00 7.050566e-01 0.000000e+00 -2.087634e-02
0.000000e+00 7.645000e+00 1.101646e+00 7.050563e-01 0.000000e+00 -2.057809e-02
0.000000e+00 7.700000e+00 1.101646e+00 7.050560e-01 0.000000e+00 -2.028618e-02
0.000000e+00 7.755000e+00 1.101645e+00 7.050558e-01 0.000000e+00 -2.000042e-02
0.000000e+00 7.810000e+00 1.101645e+00 7.050555e-01 0.000000e+00 -1.972065e-02
0.000000e+00 7.865000e+00 1.101645e+00 7.050553e-01 0.000000e+00 -1.944668e-02
0.000000e+00 7.920000e+00 1.101645e+00 7.050550e-01 0.000000e+00 -1.917836e-02
0.000000e+00 7.975000e+00 1.101645e+00 7.050549e-01 0.000000e+00 -1.891558e-02
0.000000e+00 8.030000e+00 1.101644e+00 7.050548e-01 0.000000e+00 -1.865822e-02
0.000000e+00 8.085000e+00 1.101644e+00 7.050546e-01 0.000000e+00 -1.840605e-02
0.000000e+00 8.140000e+00 1.101644e+00 7.050542e-01 0.000000e+00 -1.815862e-02
0.000000e+00 8.195000e+00 1.101643e+00 7.050533e-01 0.000000e+00 -1.791576e-02
0.000000e+00 8.250000e+00 1.101643e+00 7.050531e-01 0.000000e+00 -1.767836e-02
0.000000e+00 8.305000e+00 1.101645e+00 7.050556e-01 0.000000e+00 -1.744794e-02
0.000000e+00 8.360000e+00 1.101649e+00 7.050597e-01 0.000000e+00 -1.722348e-02
0.000000e+00 8.415000e+00 1.101648e+00 7.050581e-01 0.000000e+00 -1.699838e-02
0.000000e+00 8.470000e+00 1.101633e+00 7.050421e-01 0.000000e+00 -1.676509e-02
0.000000e+00 8.525000e+00 1.101612e+00 7.050203e-01 0.000000e+00 -1.653092e-02
0.000000e+00 8.580000e+00 1.101625e+00 7.050336e-01 0.000000e+00 -1.633155e-02
0.000000e+00 8.635000e+00 1.101724e+00 7.051395e-01 0.000000e+00 -1.621736e-02
0.000000e+00 8.690000e+00 1.101928e+00 7.053568e-01 0.000000e+00 -1.620469e-02
0.000000e+00 8.745000e+00 1.102170e+00 7.056159e-01 0.000000e+00 -1.623329e-02
0.000000e+00 8.800000e+00 1.102325e+00 7.057813e-01 0.000000e+00 -1.618497e-02
0.000000e+00 8.855000e+00 1.102289e+00 7.057427e-01 0.000000e+00 -1.596124e-02
0.000000e+00 8.910000e+00 1.102073e+00 7.055120e-01 0.000000e+00 -1.556816e-02
0.000000e+00 8.965000e+00 1.101786e+00 7.052061e-01 0.000000e+00 -1.510229e-02
0.000000e+00 9.020000e+00 1.101528e+00 7.049311e-01 0.000000e+00 -1.465528e-02
0.000000e+00 9.075000e+00 1.101309e+00 7.046970e-01 0.000000e+00 -1.424312e-02
0.000000e+00 9.130000e+00 1.101064e+00 7.044354e-01 0.000000e+00 -1.381950e-02
0.000000e+00 9.185000e+00 1.100740e+00 7.040904e-01 0.000000e+00 -1.334692e-02
0.000000e+00 9.240000e+00 1.100351e+00 7.036758e-01 0.000000e+00 -1.283872e-02
0.000000e+00 9.295000e+00 1.099951e+00 7.032489e-01 0.000000e+00 -1.233582e-02
0.000000e+00 9.350000e+00 1.099581e+00 7.028547e-01 0.000000e+00 -1.186464e-02
0.000000e+00 9.405000e+00 1.099251e+00 7.025033e-01 0.000000e+00 -1.142554e-02
0.000000e+00 9.460000e+00 1.098952e+00 7.021850e-01 0.000000e+00 -1.100660e-02
0.000000e+00 9.515000e+00 1.098672e+00 7.018869e-01 0.000000e+00 -1.059886e-02
0.000000e+00 9.570000e+00 1.098403e+00 7.016007e-01 0.000000e+00 -1.019609e-02
0.000000e+00 9.625000e+00 1.098137e+00 7.013184e-01 0.000000e+00 -9.796143e-03
0.000000e+00 9.680000e+00 1.097874e+00 7.010375e-01 0.000000e+00 -9.396097e-03
0.000000e+00 9.735000e+00 1.097608e+00 7.007529e-01 0.000000e+00 -8.998597e-03
0.000000e+00 9.790000e+00 1.097341e+00 7.004686e-01 0.000000e+00 -8.596892e-03
0.000000e+00 9.845000e+00 1.097063e+00 7.001778e-01 0.000000e+00 -8.192849e-03
0.000000e+00 9.900000e+00 1.096786e+00 6.998910e-01 0.000000e+00 -7.783043e-03
0.000000e+00 9.955000e+00 1.096500e+00 6.995880e-01 0.000000e+00 -7.406651e-03
0.000000e+00 1.001000e+01 1.101640e+00 7.050500e-01 -0.000000e+00 -2.260000e-03
0.000000e+00 1.006500e+01 1.101640e+00 7.050500e-01 -0.000000e+00 -2.260000e-03
0.000000e+00 1.012000e+01 1.101640e+00 7.050500e-01 -0.000000e+00 -2.260000e-03
0.000000e+00 1.017500e+01 1.101640e+00 7.050500e-01 -0.000000e+00 -2.260000e-03
0.000000e+00 1.023000e+01 1.101640e+00 7.050500e-01 -0.000000e+00 -2.260000e-03
0.000000e+00 1.028500e+01 1.101640e+00 7.050500e-01 -0.000000e+00 -2.260000e-03
0.000000e+00 1.034000e+01 1.101640e+00 7.050500e-01 -0.000000e+00 -2.260000e-03
0.000000e+00 1.039500e+01 1.101640e+00 7.050500e-01 -0.000000e+00 -2.260000e-03
0.000000e+00 1.045000e+01 1.101640e+00 7.050500e-01 -0.000000e+00 -2.260000e-03
0.000000e+00 1.050500e+01 1.101640e+00 7.050500e-01 -0.000000e+00 -2.260000e-03
0.000000e+00 1.056000e+01 1.101640e+00 7.050500e-01 -0.000000e+00 -2.260000e-03
0.000000e+00 1.061500e+01 1.101640e+00 7.050500e-01 -0.000000e+00 -2.260000e-03
0.000000e+00 1.067000e+01 1.101640e+00 7.050500e-01 -0.000000e+00 -2.260000e-03
0.000000e+00 1.072500e+01 1.101640e+00 7.050500e-01 -0.000000e+00 -2.260000e-03
0.000000e+00 1.078000e+01 1.101640e+00 7.050500e-01 -0.000000e+00 -2.260000e-03
0.000000e+00 1.083500e+01 1.101640e+00 7.050500e-01 -0.000000e+00 -2.260000e-03
0.000000e+00 1.089000e+01 1.101640e+00 7.050500e-01 -0.000000e+00 -2.260000e-03
0.000000e+00 1.094500e+01 1.101640e+00 7.050500e-01 -0.000000e+00 -2.260000e-03
0.000000e+00 1.100000e+01 1.101640e+00 7.050500e-01 -0.000000e+00 -2.260000e-03
