#############TIME##################
2.380048e+01 
###################################
0.000000e+00 0.000000e+00 1.193170e+01 4.160627e+01 0.000000e+00 -1.502164e+00
0.000000e+00 5.500000e-02 1.193170e+01 4.160627e+01 0.000000e+00 -1.502164e+00
0.000000e+00 1.100000e-01 1.193165e+01 4.160594e+01 0.000000e+00 -1.502168e+00
0.000000e+00 1.650000e-01 9.092167e+00 2.382635e+01 0.000000e+00 -9.957978e-01
0.000000e+00 2.200000e-01 7.016339e+00 1.548118e+01 0.000000e+00 -8.183741e-01
0.000000e+00 2.750000e-01 5.707789e+00 1.102417e+01 0.000000e+00 -6.750283e-01
0.000000e+00 3.300000e-01 4.841461e+00 8.405636e+00 0.000000e+00 -5.699816e-01
0.000000e+00 3.850000e-01 4.228163e+00 6.732928e+00 0.000000e+00 -4.897877e-01
0.000000e+00 4.400000e-01 3.783323e+00 5.599602e+00 0.000000e+00 -4.266452e-01
0.000000e+00 4.950000e-01 3.445837e+00 4.787039e+00 0.000000e+00 -3.758833e-01
0.000000e+00 5.500000e-01 3.181261e+00 4.182849e+00 0.000000e+00 -3.351109e-01
0.000000e+00 6.050000e-01 2.969130e+00 3.718165e+00 0.000000e+00 -3.014565e-01
0.000000e+00 6.600000e-01 2.796062e+00 3.352155e+00 0.000000e+00 -2.732987e-01
0.000000e+00 7.150000e-01 2.651370e+00 3.057242e+00 0.000000e+00 -2.491642e-01
0.000000e+00 7.700000e-01 2.527602e+00 2.815566e+00 0.000000e+00 -2.281437e-01
0.000000e+00 8.250000e-01 2.419541e+00 2.614343e+00 0.000000e+00 -2.094911e-01
0.000000e+00 8.800000e-01 2.324256e+00 2.444656e+00 0.000000e+00 -1.928207e-01
0.000000e+00 9.350000e-01 2.240106e+00 2.299839e+00 0.000000e+00 -1.778671e-01
0.000000e+00 9.900000e-01 2.165812e+00 2.174983e+00 0.000000e+00 -1.644456e-01
0.000000e+00 1.045000e+00 2.099786e+00 2.066324e+00 0.000000e+00 -1.523442e-01
0.000000e+00 1.100000e+00 2.040288e+00 1.971003e+00 0.000000e+00 -1.413779e-01
0.000000e+00 1.155000e+00 1.986073e+00 1.886802e+00 0.000000e+00 -1.314261e-01
0.000000e+00 1.210000e+00 1.936826e+00 1.811973e+00 0.000000e+00 -1.224488e-01
0.000000e+00 1.265000e+00 1.892631e+00 1.745084e+00 0.000000e+00 -1.144162e-01
0.000000e+00 1.320000e+00 1.853188e+00 1.684959e+00 0.000000e+00 -1.072543e-01
0.000000e+00 1.375000e+00 1.817693e+00 1.630633e+00 0.000000e+00 -1.008427e-01
0.000000e+00 1.430000e+00 1.785284e+00 1.581327e+00 0.000000e+00 -9.504819e-02
0.000000e+00 1.485000e+00 1.755321e+00 1.536401e+00 0.000000e+00 -8.975706e-02
0.000000e+00 1.540000e+00 1.727425e+00 1.495317e+00 0.000000e+00 -8.489134e-02
0.000000e+00 1.595000e+00 1.701413e+00 1.457613e+00 0.000000e+00 -8.040587e-02
0.000000e+00 1.650000e+00 1.677179e+00 1.422890e+00 0.000000e+00 -7.627448e-02
0.000000e+00 1.705000e+00 1.654593e+00 1.390805e+00 0.000000e+00 -7.247426e-02
0.000000e+00 1.760000e+00 1.633480e+00 1.361074e+00 0.000000e+00 -6.897332e-02
0.000000e+00 1.815000e+00 1.613663e+00 1.333461e+00 0.000000e+00 -6.572773e-02
0.000000e+00 1.870000e+00 1.595001e+00 1.307763e+00 0.000000e+00 -6.269095e-02
0.000000e+00 1.925000e+00 1.577394e+00 1.283795e+00 0.000000e+00 -5.982515e-02
0.000000e+00 1.980000e+00 1.560768e+00 1.261394e+00 0.000000e+00 -5.710390e-02
0.000000e+00 2.035000e+00 1.545055e+00 1.240410e+00 0.000000e+00 -5.450983e-02
0.000000e+00 2.090000e+00 1.530193e+00 1.220711e+00 0.000000e+00 -5.203234e-02
0.000000e+00 2.145000e+00 1.516131e+00 1.202179e+00 0.000000e+00 -4.966666e-02
0.000000e+00 2.200000e+00 1.502824e+00 1.184715e+00 0.000000e+00 -4.741322e-02
0.000000e+00 2.255000e+00 1.490230e+00 1.168230e+00 0.000000e+00 -4.527665e-02
0.000000e+00 2.310000e+00 1.478303e+00 1.152645e+00 0.000000e+00 -4.326388e-02
0.000000e+00 2.365000e+00 1.466994e+00 1.137888e+00 0.000000e+00 -4.138153e-02
0.000000e+00 2.420000e+00 1.456245e+00 1.123892e+00 0.000000e+00 -3.963303e-02
0.000000e+00 2.475000e+00 1.445997e+00 1.110597e+00 0.000000e+00 -3.801632e-02
0.000000e+00 2.530000e+00 1.436191e+00 1.097948e+00 0.000000e+00 -3.652258e-02
0.000000e+00 2.585000e+00 1.426778e+00 1.085898e+00 0.000000e+00 -3.513633e-02
0.000000e+00 2.640000e+00 1.417721e+00 1.074409e+00 0.000000e+00 -3.383704e-02
0.000000e+00 2.695000e+00 1.409000e+00 1.063448e+00 0.000000e+00 -3.260278e-02
0.000000e+00 2.750000e+00 1.400608e+00 1.052989e+00 0.000000e+00 -3.141540e-02
0.000000e+00 2.805000e+00 1.392547e+00 1.043000e+00 0.000000e+00 -3.026555e-02
0.000000e+00 2.860000e+00 1.384816e+00 1.033449e+00 0.000000e+00 -2.915468e-02
0.000000e+00 2.915000e+00 1.377411e+00 1.024300e+00 0.000000e+00 -2.809177e-02
0.000000e+00 2.970000e+00 1.370326e+00 1.015524e+00 0.000000e+00 -2.708597e-02
0.000000e+00 3.025000e+00 1.363544e+00 1.007098e+00 0.000000e+00 -2.613961e-02
0.000000e+00 3.080000e+00 1.357044e+00 9.990055e-01 0.000000e+00 -2.524648e-02
0.000000e+00 3.135000e+00 1.350792e+00 9.912264e-01 0.000000e+00 -2.439655e-02
0.000000e+00 3.190000e+00 1.344745e+00 9.837368e-01 0.000000e+00 -2.358277e-02
0.000000e+00 3.245000e+00 1.338867e+00 9.765125e-01 0.000000e+00 -2.280391e-02
0.000000e+00 3.300000e+00 1.333138e+00 9.695413e-01 0.000000e+00 -2.206164e-02
0.000000e+00 3.355000e+00 1.327565e+00 9.628269e-01 0.000000e+00 -2.135589e-02
0.000000e+00 3.410000e+00 1.322169e+00 9.563787e-01 0.000000e+00 -2.068447e-02
0.000000e+00 3.465000e+00 1.316969e+00 9.501915e-01 0.000000e+00 -2.004733e-02
0.000000e+00 3.520000e+00 1.311961e+00 9.442329e-01 0.000000e+00 -1.944961e-02
0.000000e+00 3.575000e+00 1.307122e+00 9.384527e-01 0.000000e+00 -1.889799e-02
0.000000e+00 3.630000e+00 1.302425e+00 9.328110e-01 0.000000e+00 -1.839211e-02
0.000000e+00 3.685000e+00 1.297860e+00 9.272997e-01 0.000000e+00 -1.791999e-02
0.000000e+00 3.740000e+00 1.293430e+00 9.219405e-01 0.000000e+00 -1.746431e-02
0.000000e+00 3.795000e+00 1.289138e+00 9.167585e-01 0.000000e+00 -1.701544e-02
0.000000e+00 3.850000e+00 1.284967e+00 9.117565e-01 0.000000e+00 -1.657856e-02
0.000000e+00 3.905000e+00 1.280888e+00 9.069119e-01 0.000000e+00 -1.616712e-02
0.000000e+00 3.960000e+00 1.276875e+00 9.021948e-01 0.000000e+00 -1.578903e-02
0.000000e+00 4.015000e+00 1.272922e+00 8.975857e-01 0.000000e+00 -1.544066e-02
0.000000e+00 4.070000e+00 1.269041e+00 8.930760e-01 0.000000e+00 -1.511566e-02
0.000000e+00 4.125000e+00 1.265241e+00 8.886555e-01 0.000000e+00 -1.481789e-02
0.000000e+00 4.180000e+00 1.261523e+00 8.843100e-01 0.000000e+00 -1.456102e-02
0.000000e+00 4.235000e+00 1.257887e+00 8.800349e-01 0.000000e+00 -1.435169e-02
0.000000e+00 4.290000e+00 1.254341e+00 8.758482e-01 0.000000e+00 -1.417471e-02
0.000000e+00 4.345000e+00 1.250894e+00 8.717783e-01 0.000000e+00 -1.400177e-02
0.000000e+00 4.400000e+00 1.247532e+00 8.678272e-01 0.000000e+00 -1.382191e-02
0.000000e+00 4.455000e+00 1.244200e+00 8.639461e-01 0.000000e+00 -1.366410e-02
0.000000e+00 4.510000e+00 1.240832e+00 8.600611e-01 0.000000e+00 -1.358080e-02
0.000000e+00 4.565000e+00 1.237407e+00 8.561394e-01 0.000000e+00 -1.359816e-02
0.000000e+00 4.620000e+00 1.233991e+00 8.522403e-01 0.000000e+00 -1.367679e-02
0.000000e+00 4.675000e+00 1.230713e+00 8.484948e-01 0.000000e+00 -1.372417e-02
0.000000e+00 4.730000e+00 1.227686e+00 8.450181e-01 0.000000e+00 -1.365660e-02
0.000000e+00 4.785000e+00 1.224915e+00 8.418136e-01 0.000000e+00 -1.346834e-02
0.000000e+00 4.840000e+00 1.222275e+00 8.387461e-01 0.000000e+00 -1.324953e-02
0.000000e+00 4.895000e+00 1.219580e+00 8.356194e-01 0.000000e+00 -1.313167e-02
0.000000e+00 4.950000e+00 1.216701e+00 8.323012e-01 0.000000e+00 -1.319626e-02
0.000000e+00 5.005000e+00 1.213646e+00 8.288144e-01 0.000000e+00 -1.341398e-02
0.000000e+00 5.060000e+00 1.210549e+00 8.253104e-01 0.000000e+00 -1.366829e-02
0.000000e+00 5.115000e+00 1.207572e+00 8.219658e-01 0.000000e+00 -1.383238e-02
0.000000e+00 5.170000e+00 1.204817e+00 8.188781e-01 0.000000e+00 -1.384475e-02
0.000000e+00 5.225000e+00 1.202265e+00 8.160112e-01 0.000000e+00 -1.374377e-02
0.000000e+00 5.280000e+00 1.199813e+00 8.132375e-01 0.000000e+00 -1.363325e-02
0.000000e+00 5.335000e+00 1.197351e+00 8.104328e-01 0.000000e+00 -1.360980e-02
0.000000e+00 5.390000e+00 1.194833e+00 8.075539e-01 0.000000e+00 -1.370473e-02
0.000000e+00 5.445000e+00 1.192298e+00 8.046578e-01 0.000000e+00 -1.387258e-02
0.000000e+00 5.500000e+00 1.189834e+00 8.018588e-01 0.000000e+00 -1.402522e-02
0.000000e+00 5.555000e+00 1.187532e+00 7.992652e-01 0.000000e+00 -1.408055e-02
0.000000e+00 5.610000e+00 1.185440e+00 7.969303e-01 0.000000e+00 -1.399912e-02
0.000000e+00 5.665000e+00 1.183546e+00 7.948347e-01 0.000000e+00 -1.379562e-02
0.000000e+00 5.720000e+00 1.181798e+00 7.929047e-01 0.000000e+00 -1.352281e-02
0.000000e+00 5.775000e+00 1.180125e+00 7.910506e-01 0.000000e+00 -1.324196e-02
0.000000e+00 5.830000e+00 1.178470e+00 7.892004e-01 0.000000e+00 -1.299752e-02
0.000000e+00 5.885000e+00 1.176801e+00 7.873178e-01 0.000000e+00 -1.280572e-02
0.000000e+00 5.940000e+00 1.175107e+00 7.853984e-01 0.000000e+00 -1.265893e-02
0.000000e+00 5.995000e+00 1.173388e+00 7.834516e-01 0.000000e+00 -1.254045e-02
0.000000e+00 6.050000e+00 1.171635e+00 7.814798e-01 0.000000e+00 -1.244042e-02
0.000000e+00 6.105000e+00 1.169829e+00 7.794675e-01 0.000000e+00 -1.236417e-02
0.000000e+00 6.160000e+00 1.167945e+00 7.773884e-01 0.000000e+00 -1.232841e-02
0.000000e+00 6.215000e+00 1.165976e+00 7.752272e-01 0.000000e+00 -1.234796e-02
0.000000e+00 6.270000e+00 1.163945e+00 7.730001e-01 0.000000e+00 -1.242172e-02
0.000000e+00 6.325000e+00 1.161908e+00 7.707600e-01 0.000000e+00 -1.252755e-02
0.000000e+00 6.380000e+00 1.159939e+00 7.685813e-01 0.000000e+00 -1.262963e-02
0.000000e+00 6.435000e+00 1.158100e+00 7.665338e-01 0.000000e+00 -1.269366e-02
0.000000e+00 6.490000e+00 1.156425e+00 7.646593e-01 0.000000e+00 -1.270095e-02
0.000000e+00 6.545000e+00 1.154910e+00 7.629625e-01 0.000000e+00 -1.265382e-02
0.000000e+00 6.600000e+00 1.153525e+00 7.614185e-01 0.000000e+00 -1.256879e-02
0.000000e+00 6.655000e+00 1.152232e+00 7.599903e-01 0.000000e+00 -1.246265e-02
0.000000e+00 6.710000e+00 1.150999e+00 7.586440e-01 0.000000e+00 -1.234121e-02
0.000000e+00 6.765000e+00 1.149810e+00 7.573541e-01 0.000000e+00 -1.219883e-02
0.000000e+00 6.820000e+00 1.148650e+00 7.560981e-01 0.000000e+00 -1.202894e-02
0.000000e+00 6.875000e+00 1.147502e+00 7.548485e-01 0.000000e+00 -1.183710e-02
0.000000e+00 6.930000e+00 1.146338e+00 7.535701e-01 0.000000e+00 -1.164631e-02
0.000000e+00 6.985000e+00 1.145124e+00 7.522266e-01 0.000000e+00 -1.148965e-02
0.000000e+00 7.040000e+00 1.143833e+00 7.507920e-01 0.000000e+00 -1.139438e-02
0.000000e+00 7.095000e+00 1.142452e+00 7.492611e-01 0.000000e+00 -1.136810e-02
0.000000e+00 7.150000e+00 1.140991e+00 7.476509e-01 0.000000e+00 -1.139650e-02
0.000000e+00 7.205000e+00 1.139475e+00 7.459926e-01 0.000000e+00 -1.145421e-02
0.000000e+00 7.260000e+00 1.137933e+00 7.443187e-01 0.000000e+00 -1.152086e-02
0.000000e+00 7.315000e+00 1.136393e+00 7.426541e-01 0.000000e+00 -1.159033e-02
0.000000e+00 7.370000e+00 1.134877e+00 7.410171e-01 0.000000e+00 -1.166678e-02
0.000000e+00 7.425000e+00 1.133411e+00 7.394287e-01 0.000000e+00 -1.175095e-02
0.000000e+00 7.480000e+00 1.132027e+00 7.379221e-01 0.000000e+00 -1.182722e-02
0.000000e+00 7.535000e+00 1.130771e+00 7.365454e-01 0.000000e+00 -1.186142e-02
0.000000e+00 7.590000e+00 1.129685e+00 7.353504e-01 0.000000e+00 -1.181219e-02
0.000000e+00 7.645000e+00 1.128795e+00 7.343702e-01 0.000000e+00 -1.165127e-02
0.000000e+00 7.700000e+00 1.128085e+00 7.335922e-01 0.000000e+00 -1.138285e-02
0.000000e+00 7.755000e+00 1.127488e+00 7.329456e-01 0.000000e+00 -1.104995e-02
0.000000e+00 7.810000e+00 1.126900e+00 7.323150e-01 0.000000e+00 -1.072183e-02
0.000000e+00 7.865000e+00 1.126208e+00 7.315748e-01 0.000000e+00 -1.046936e-02
0.000000e+00 7.920000e+00 1.125330e+00 7.306323e-01 0.000000e+00 -1.033974e-02
0.000000e+00 7.975000e+00 1.124247e+00 7.294630e-01 0.000000e+00 -1.033915e-02
0.000000e+00 8.030000e+00 1.123012e+00 7.281227e-01 0.000000e+00 -1.043185e-02
0.000000e+00 8.085000e+00 1.121729e+00 7.267255e-01 0.000000e+00 -1.055649e-02
0.000000e+00 8.140000e+00 1.120512e+00 7.253998e-01 0.000000e+00 -1.065008e-02
0.000000e+00 8.195000e+00 1.119445e+00 7.242400e-01 0.000000e+00 -1.066926e-02
0.000000e+00 8.250000e+00 1.118552e+00 7.232750e-01 0.000000e+00 -1.060111e-02
0.000000e+00 8.305000e+00 1.117798e+00 7.224671e-01 0.000000e+00 -1.046078e-02
0.000000e+00 8.360000e+00 1.117114e+00 7.217380e-01 0.000000e+00 -1.027971e-02
0.000000e+00 8.415000e+00 1.116428e+00 7.210071e-01 0.000000e+00 -1.009172e-02
0.000000e+00 8.470000e+00 1.115697e+00 7.202241e-01 0.000000e+00 -9.923162e-03
0.000000e+00 8.525000e+00 1.114917e+00 7.193829e-01 0.000000e+00 -9.788145e-03
0.000000e+00 8.580000e+00 1.114116e+00 7.185129e-01 0.000000e+00 -9.688760e-03
0.000000e+00 8.635000e+00 1.113329e+00 7.176568e-01 0.000000e+00 -9.618159e-03
0.000000e+00 8.690000e+00 1.112583e+00 7.168466e-01 0.000000e+00 -9.564333e-03
0.000000e+00 8.745000e+00 1.111882e+00 7.160901e-01 0.000000e+00 -9.514404e-03
0.000000e+00 8.800000e+00 1.111210e+00 7.153721e-01 0.000000e+00 -9.459163e-03
0.000000e+00 8.855000e+00 1.110545e+00 7.146659e-01 0.000000e+00 -9.396070e-03
0.000000e+00 8.910000e+00 1.109866e+00 7.139460e-01 0.000000e+00 -9.328726e-03
0.000000e+00 8.965000e+00 1.109160e+00 7.131962e-01 0.000000e+00 -9.262640e-03
0.000000e+00 9.020000e+00 1.108425e+00 7.124098e-01 0.000000e+00 -9.199688e-03
0.000000e+00 9.075000e+00 1.107661e+00 7.115863e-01 0.000000e+00 -9.134862e-03
0.000000e+00 9.130000e+00 1.106868e+00 7.107296e-01 0.000000e+00 -9.057251e-03
0.000000e+00 9.185000e+00 1.106052e+00 7.098480e-01 0.000000e+00 -8.954225e-03
0.000000e+00 9.240000e+00 1.105223e+00 7.089550e-01 0.000000e+00 -8.816201e-03
0.000000e+00 9.295000e+00 1.104395e+00 7.080675e-01 0.000000e+00 -8.640435e-03
0.000000e+00 9.350000e+00 1.103583e+00 7.072010e-01 0.000000e+00 -8.433619e-03
0.000000e+00 9.405000e+00 1.102795e+00 7.063606e-01 0.000000e+00 -8.213904e-03
0.000000e+00 9.460000e+00 1.102021e+00 7.055364e-01 0.000000e+00 -8.010596e-03
0.000000e+00 9.515000e+00 1.101237e+00 7.047039e-01 0.000000e+00 -7.861929e-03
0.000000e+00 9.570000e+00 1.100416e+00 7.038362e-01 0.000000e+00 -7.804974e-03
0.000000e+00 9.625000e+00 1.099544e+00 7.029184e-01 0.000000e+00 -7.860672e-03
0.000000e+00 9.680000e+00 1.098632e+00 7.019607e-01 0.000000e+00 -8.019867e-03
0.000000e+00 9.735000e+00 1.097725e+00 7.010036e-01 0.000000e+00 -8.239885e-03
0.000000e+00 9.790000e+00 1.096875e+00 7.000982e-01 0.000000e+00 -8.461529e-03
0.000000e+00 9.845000e+00 1.096139e+00 6.993000e-01 0.000000e+00 -8.626010e-03
0.000000e+00 9.900000e+00 1.095534e+00 6.986261e-01 0.000000e+00 -8.726011e-03
0.000000e+00 9.955000e+00 1.095074e+00 6.980930e-01 0.000000e+00 -8.735675e-03
0.000000e+00 1.001000e+01 1.101640e+00 7.050500e-01 -0.000000e+00 -2.260000e-03
0.000000e+00 1.006500e+01 1.101640e+00 7.050500e-01 -0.000000e+00 -2.260000e-03
0.000000e+00 1.012000e+01 1.101640e+00 7.050500e-01 -0.000000e+00 -2.260000e-03
0.000000e+00 1.017500e+01 1.101640e+00 7.050500e-01 -0.000000e+00 -2.260000e-03
0.000000e+00 1.023000e+01 1.101640e+00 7.050500e-01 -0.000000e+00 -2.260000e-03
0.000000e+00 1.028500e+01 1.101640e+00 7.050500e-01 -0.000000e+00 -2.260000e-03
0.000000e+00 1.034000e+01 1.101640e+00 7.050500e-01 -0.000000e+00 -2.260000e-03
0.000000e+00 1.039500e+01 1.101640e+00 7.050500e-01 -0.000000e+00 -2.260000e-03
0.000000e+00 1.045000e+01 1.101640e+00 7.050500e-01 -0.000000e+00 -2.260000e-03
0.000000e+00 1.050500e+01 1.101640e+00 7.050500e-01 -0.000000e+00 -2.260000e-03
0.000000e+00 1.056000e+01 1.101640e+00 7.050500e-01 -0.000000e+00 -2.260000e-03
0.000000e+00 1.061500e+01 1.101640e+00 7.050500e-01 -0.000000e+00 -2.260000e-03
0.000000e+00 1.067000e+01 1.101640e+00 7.050500e-01 -0.000000e+00 -2.260000e-03
0.000000e+00 1.072500e+01 1.101640e+00 7.050500e-01 -0.000000e+00 -2.260000e-03
0.000000e+00 1.078000e+01 1.101640e+00 7.050500e-01 -0.000000e+00 -2.260000e-03
0.000000e+00 1.083500e+01 1.101640e+00 7.050500e-01 -0.000000e+00 -2.260000e-03
0.000000e+00 1.089000e+01 1.101640e+00 7.050500e-01 -0.000000e+00 -2.260000e-03
0.000000e+00 1.094500e+01 1.101640e+00 7.050500e-01 -0.000000e+00 -2.260000e-03
0.000000e+00 1.100000e+01 1.101640e+00 7.050500e-01 -0.000000e+00 -2.260000e-03
