#############TIME##################
1.510145e+01 
###################################
0.000000e+00 0.000000e+00 1.182326e+01 4.099686e+01 0.000000e+00 -1.506193e+00
0.000000e+00 5.500000e-02 1.182326e+01 4.099686e+01 0.000000e+00 -1.506193e+00
0.000000e+00 1.100000e-01 1.182318e+01 4.099623e+01 0.000000e+00 -1.506200e+00
0.000000e+00 1.650000e-01 8.997926e+00 2.340728e+01 0.000000e+00 -1.001088e+00
0.000000e+00 2.200000e-01 6.932867e+00 1.516093e+01 0.000000e+00 -8.251701e-01
0.000000e+00 2.750000e-01 5.637414e+00 1.076924e+01 0.000000e+00 -6.834409e-01
0.000000e+00 3.300000e-01 4.780807e+00 8.193197e+00 0.000000e+00 -5.795991e-01
0.000000e+00 3.850000e-01 4.175122e+00 6.550002e+00 0.000000e+00 -5.000220e-01
0.000000e+00 4.400000e-01 3.735838e+00 5.438007e+00 0.000000e+00 -4.370757e-01
0.000000e+00 4.950000e-01 3.402148e+00 4.641580e+00 0.000000e+00 -3.860786e-01
0.000000e+00 5.500000e-01 3.139300e+00 4.049930e+00 0.000000e+00 -3.445552e-01
0.000000e+00 6.050000e-01 2.926247e+00 3.595253e+00 0.000000e+00 -3.096249e-01
0.000000e+00 6.600000e-01 2.749788e+00 3.237419e+00 0.000000e+00 -2.797950e-01
0.000000e+00 7.150000e-01 2.600552e+00 2.949318e+00 0.000000e+00 -2.538444e-01
0.000000e+00 7.700000e-01 2.472826e+00 2.713360e+00 0.000000e+00 -2.311642e-01
0.000000e+00 8.250000e-01 2.362518e+00 2.516959e+00 0.000000e+00 -2.112324e-01
0.000000e+00 8.800000e-01 2.266663e+00 2.351369e+00 0.000000e+00 -1.937339e-01
0.000000e+00 9.350000e-01 2.182907e+00 2.210097e+00 0.000000e+00 -1.783485e-01
0.000000e+00 9.900000e-01 2.109442e+00 2.088374e+00 0.000000e+00 -1.648023e-01
0.000000e+00 1.045000e+00 2.044729e+00 1.982527e+00 0.000000e+00 -1.528193e-01
0.000000e+00 1.100000e+00 1.987369e+00 1.889731e+00 0.000000e+00 -1.421576e-01
0.000000e+00 1.155000e+00 1.936028e+00 1.807763e+00 0.000000e+00 -1.325964e-01
0.000000e+00 1.210000e+00 1.889493e+00 1.734887e+00 0.000000e+00 -1.239497e-01
0.000000e+00 1.265000e+00 1.846765e+00 1.669737e+00 0.000000e+00 -1.160696e-01
0.000000e+00 1.320000e+00 1.807220e+00 1.611227e+00 0.000000e+00 -1.088599e-01
0.000000e+00 1.375000e+00 1.770708e+00 1.558461e+00 0.000000e+00 -1.022705e-01
0.000000e+00 1.430000e+00 1.737351e+00 1.510666e+00 0.000000e+00 -9.627400e-02
0.000000e+00 1.485000e+00 1.707105e+00 1.467162e+00 0.000000e+00 -9.083198e-02
0.000000e+00 1.540000e+00 1.679564e+00 1.427372e+00 0.000000e+00 -8.587844e-02
0.000000e+00 1.595000e+00 1.654160e+00 1.390834e+00 0.000000e+00 -8.132723e-02
0.000000e+00 1.650000e+00 1.630424e+00 1.357187e+00 0.000000e+00 -7.709472e-02
0.000000e+00 1.705000e+00 1.608088e+00 1.326134e+00 0.000000e+00 -7.311950e-02
0.000000e+00 1.760000e+00 1.587042e+00 1.297409e+00 0.000000e+00 -6.936386e-02
0.000000e+00 1.815000e+00 1.567243e+00 1.270753e+00 0.000000e+00 -6.580507e-02
0.000000e+00 1.870000e+00 1.548641e+00 1.245935e+00 0.000000e+00 -6.243015e-02
0.000000e+00 1.925000e+00 1.531177e+00 1.222766e+00 0.000000e+00 -5.923115e-02
0.000000e+00 1.980000e+00 1.514792e+00 1.201105e+00 0.000000e+00 -5.620330e-02
0.000000e+00 2.035000e+00 1.499419e+00 1.180824e+00 0.000000e+00 -5.335039e-02
0.000000e+00 2.090000e+00 1.484969e+00 1.161787e+00 0.000000e+00 -5.068742e-02
0.000000e+00 2.145000e+00 1.471330e+00 1.143859e+00 0.000000e+00 -4.823017e-02
0.000000e+00 2.200000e+00 1.458396e+00 1.126926e+00 0.000000e+00 -4.597737e-02
0.000000e+00 2.255000e+00 1.446085e+00 1.110919e+00 0.000000e+00 -4.390250e-02
0.000000e+00 2.310000e+00 1.434347e+00 1.095804e+00 0.000000e+00 -4.196489e-02
0.000000e+00 2.365000e+00 1.423146e+00 1.081544e+00 0.000000e+00 -4.013161e-02
0.000000e+00 2.420000e+00 1.412446e+00 1.068077e+00 0.000000e+00 -3.839120e-02
0.000000e+00 2.475000e+00 1.402213e+00 1.055320e+00 0.000000e+00 -3.674824e-02
0.000000e+00 2.530000e+00 1.392426e+00 1.043192e+00 0.000000e+00 -3.520558e-02
0.000000e+00 2.585000e+00 1.383087e+00 1.031639e+00 0.000000e+00 -3.375080e-02
0.000000e+00 2.640000e+00 1.374209e+00 1.020634e+00 0.000000e+00 -3.235847e-02
0.000000e+00 2.695000e+00 1.365793e+00 1.010165e+00 0.000000e+00 -3.100461e-02
0.000000e+00 2.750000e+00 1.357814e+00 1.000210e+00 0.000000e+00 -2.967963e-02
0.000000e+00 2.805000e+00 1.350211e+00 9.907309e-01 0.000000e+00 -2.838902e-02
0.000000e+00 2.860000e+00 1.342906e+00 9.816731e-01 0.000000e+00 -2.714410e-02
0.000000e+00 2.915000e+00 1.335822e+00 9.729779e-01 0.000000e+00 -2.595324e-02
0.000000e+00 2.970000e+00 1.328902e+00 9.645915e-01 0.000000e+00 -2.482044e-02
0.000000e+00 3.025000e+00 1.322128e+00 9.564778e-01 0.000000e+00 -2.374837e-02
0.000000e+00 3.080000e+00 1.315522e+00 9.486311e-01 0.000000e+00 -2.273849e-02
0.000000e+00 3.135000e+00 1.309145e+00 9.410781e-01 0.000000e+00 -2.178720e-02
0.000000e+00 3.190000e+00 1.303067e+00 9.338598e-01 0.000000e+00 -2.088418e-02
0.000000e+00 3.245000e+00 1.297327e+00 9.269976e-01 0.000000e+00 -2.001761e-02
0.000000e+00 3.300000e+00 1.291910e+00 9.204703e-01 0.000000e+00 -1.918144e-02
0.000000e+00 3.355000e+00 1.286748e+00 9.142207e-01 0.000000e+00 -1.837609e-02
0.000000e+00 3.410000e+00 1.281761e+00 9.081912e-01 0.000000e+00 -1.760094e-02
0.000000e+00 3.465000e+00 1.276897e+00 9.023562e-01 0.000000e+00 -1.684710e-02
0.000000e+00 3.520000e+00 1.272140e+00 8.967239e-01 0.000000e+00 -1.609997e-02
0.000000e+00 3.575000e+00 1.267503e+00 8.913083e-01 0.000000e+00 -1.535042e-02
0.000000e+00 3.630000e+00 1.262991e+00 8.860994e-01 0.000000e+00 -1.460287e-02
0.000000e+00 3.685000e+00 1.258604e+00 8.810605e-01 0.000000e+00 -1.387241e-02
0.000000e+00 3.740000e+00 1.254334e+00 8.761493e-01 0.000000e+00 -1.317479e-02
0.000000e+00 3.795000e+00 1.250186e+00 8.713436e-01 0.000000e+00 -1.252012e-02
0.000000e+00 3.850000e+00 1.246170e+00 8.666466e-01 0.000000e+00 -1.191343e-02
0.000000e+00 3.905000e+00 1.242295e+00 8.620762e-01 0.000000e+00 -1.135596e-02
0.000000e+00 3.960000e+00 1.238553e+00 8.576516e-01 0.000000e+00 -1.084126e-02
0.000000e+00 4.015000e+00 1.234933e+00 8.533869e-01 0.000000e+00 -1.035040e-02
0.000000e+00 4.070000e+00 1.231420e+00 8.492905e-01 0.000000e+00 -9.856801e-03
0.000000e+00 4.125000e+00 1.228003e+00 8.453606e-01 0.000000e+00 -9.342115e-03
0.000000e+00 4.180000e+00 1.224674e+00 8.415800e-01 0.000000e+00 -8.810893e-03
0.000000e+00 4.235000e+00 1.221424e+00 8.379171e-01 0.000000e+00 -8.288266e-03
0.000000e+00 4.290000e+00 1.218249e+00 8.343389e-01 0.000000e+00 -7.799681e-03
0.000000e+00 4.345000e+00 1.215154e+00 8.308282e-01 0.000000e+00 -7.349542e-03
0.000000e+00 4.400000e+00 1.212157e+00 8.273935e-01 0.000000e+00 -6.918090e-03
0.000000e+00 4.455000e+00 1.209276e+00 8.240618e-01 0.000000e+00 -6.479258e-03
0.000000e+00 4.510000e+00 1.206519e+00 8.208610e-01 0.000000e+00 -6.022662e-03
0.000000e+00 4.565000e+00 1.203876e+00 8.178047e-01 0.000000e+00 -5.559765e-03
0.000000e+00 4.620000e+00 1.201322e+00 8.148857e-01 0.000000e+00 -5.110358e-03
0.000000e+00 4.675000e+00 1.198830e+00 8.120793e-01 0.000000e+00 -4.684127e-03
0.000000e+00 4.730000e+00 1.196377e+00 8.093499e-01 0.000000e+00 -4.275631e-03
0.000000e+00 4.785000e+00 1.193948e+00 8.066583e-01 0.000000e+00 -3.876478e-03
0.000000e+00 4.840000e+00 1.191533e+00 8.039708e-01 0.000000e+00 -3.490790e-03
0.000000e+00 4.895000e+00 1.189131e+00 8.012688e-01 0.000000e+00 -3.136745e-03
0.000000e+00 4.950000e+00 1.186745e+00 7.985569e-01 0.000000e+00 -2.831560e-03
0.000000e+00 5.005000e+00 1.184390e+00 7.958629e-01 0.000000e+00 -2.574582e-03
0.000000e+00 5.060000e+00 1.182084e+00 7.932290e-01 0.000000e+00 -2.345361e-03
0.000000e+00 5.115000e+00 1.179847e+00 7.906978e-01 0.000000e+00 -2.118594e-03
0.000000e+00 5.170000e+00 1.177695e+00 7.882964e-01 0.000000e+00 -1.880538e-03
0.000000e+00 5.225000e+00 1.175630e+00 7.860240e-01 0.000000e+00 -1.629650e-03
0.000000e+00 5.280000e+00 1.173638e+00 7.838491e-01 0.000000e+00 -1.361962e-03
0.000000e+00 5.335000e+00 1.171695e+00 7.817253e-01 0.000000e+00 -1.061186e-03
0.000000e+00 5.390000e+00 1.169790e+00 7.796249e-01 0.000000e+00 -7.108482e-04
0.000000e+00 5.445000e+00 1.167948e+00 7.775679e-01 0.000000e+00 -3.209489e-04
0.000000e+00 5.500000e+00 1.166224e+00 7.756193e-01 0.000000e+00 5.800491e-05
0.000000e+00 5.555000e+00 1.164667e+00 7.738463e-01 0.000000e+00 3.525077e-04
0.000000e+00 5.610000e+00 1.163273e+00 7.722598e-01 0.000000e+00 5.116328e-04
0.000000e+00 5.665000e+00 1.161957e+00 7.707807e-01 0.000000e+00 5.492833e-04
0.000000e+00 5.720000e+00 1.160595e+00 7.692774e-01 0.000000e+00 5.401952e-04
0.000000e+00 5.775000e+00 1.159106e+00 7.676564e-01 0.000000e+00 5.677511e-04
0.000000e+00 5.830000e+00 1.157518e+00 7.659362e-01 0.000000e+00 6.643211e-04
0.000000e+00 5.885000e+00 1.155959e+00 7.642426e-01 0.000000e+00 7.963058e-04
0.000000e+00 5.940000e+00 1.154575e+00 7.627257e-01 0.000000e+00 9.008421e-04
0.000000e+00 5.995000e+00 1.153451e+00 7.614738e-01 0.000000e+00 9.365489e-04
0.000000e+00 6.050000e+00 1.152572e+00 7.604742e-01 0.000000e+00 9.109201e-04
0.000000e+00 6.105000e+00 1.151846e+00 7.596388e-01 0.000000e+00 8.641769e-04
0.000000e+00 6.160000e+00 1.151163e+00 7.588579e-01 0.000000e+00 8.342012e-04
0.000000e+00 6.215000e+00 1.150425e+00 7.580355e-01 0.000000e+00 8.374906e-04
0.000000e+00 6.270000e+00 1.149565e+00 7.571005e-01 0.000000e+00 8.728939e-04
0.000000e+00 6.325000e+00 1.148553e+00 7.560130e-01 0.000000e+00 9.337608e-04
0.000000e+00 6.380000e+00 1.147408e+00 7.547846e-01 0.000000e+00 1.011391e-03
0.000000e+00 6.435000e+00 1.146212e+00 7.534923e-01 0.000000e+00 1.091859e-03
0.000000e+00 6.490000e+00 1.145089e+00 7.522624e-01 0.000000e+00 1.157984e-03
0.000000e+00 6.545000e+00 1.144150e+00 7.512166e-01 0.000000e+00 1.199275e-03
0.000000e+00 6.600000e+00 1.143442e+00 7.504119e-01 0.000000e+00 1.222992e-03
0.000000e+00 6.655000e+00 1.142921e+00 7.498106e-01 0.000000e+00 1.255350e-03
0.000000e+00 6.710000e+00 1.142478e+00 7.493036e-01 0.000000e+00 1.326371e-03
0.000000e+00 6.765000e+00 1.141997e+00 7.487705e-01 0.000000e+00 1.453640e-03
0.000000e+00 6.820000e+00 1.141410e+00 7.481388e-01 0.000000e+00 1.634025e-03
0.000000e+00 6.875000e+00 1.140722e+00 7.474073e-01 0.000000e+00 1.849155e-03
0.000000e+00 6.930000e+00 1.139988e+00 7.466252e-01 0.000000e+00 2.081642e-03
0.000000e+00 6.985000e+00 1.139267e+00 7.458496e-01 0.000000e+00 2.327240e-03
0.000000e+00 7.040000e+00 1.138595e+00 7.451132e-01 0.000000e+00 2.596465e-03
0.000000e+00 7.095000e+00 1.137978e+00 7.444221e-01 0.000000e+00 2.904084e-03
0.000000e+00 7.150000e+00 1.137408e+00 7.437756e-01 0.000000e+00 3.254243e-03
0.000000e+00 7.205000e+00 1.136887e+00 7.431843e-01 0.000000e+00 3.633448e-03
0.000000e+00 7.260000e+00 1.136425e+00 7.426662e-01 0.000000e+00 4.015952e-03
0.000000e+00 7.315000e+00 1.136021e+00 7.422262e-01 0.000000e+00 4.376328e-03
0.000000e+00 7.370000e+00 1.135656e+00 7.418395e-01 0.000000e+00 4.699563e-03
0.000000e+00 7.425000e+00 1.135289e+00 7.414571e-01 0.000000e+00 4.982773e-03
0.000000e+00 7.480000e+00 1.134885e+00 7.410321e-01 0.000000e+00 5.231556e-03
0.000000e+00 7.535000e+00 1.134434e+00 7.405467e-01 0.000000e+00 5.456528e-03
0.000000e+00 7.590000e+00 1.133955e+00 7.400190e-01 0.000000e+00 5.671056e-03
0.000000e+00 7.645000e+00 1.133480e+00 7.394866e-01 0.000000e+00 5.887622e-03
0.000000e+00 7.700000e+00 1.133030e+00 7.389785e-01 0.000000e+00 6.112176e-03
0.000000e+00 7.755000e+00 1.132600e+00 7.384965e-01 0.000000e+00 6.339206e-03
0.000000e+00 7.810000e+00 1.132165e+00 7.380181e-01 0.000000e+00 6.552319e-03
0.000000e+00 7.865000e+00 1.131703e+00 7.375193e-01 0.000000e+00 6.733495e-03
0.000000e+00 7.920000e+00 1.131212e+00 7.369959e-01 0.000000e+00 6.877778e-03
0.000000e+00 7.975000e+00 1.130717e+00 7.364691e-01 0.000000e+00 7.003843e-03
0.000000e+00 8.030000e+00 1.130249e+00 7.359685e-01 0.000000e+00 7.151587e-03
0.000000e+00 8.085000e+00 1.129827e+00 7.355089e-01 0.000000e+00 7.365766e-03
0.000000e+00 8.140000e+00 1.129440e+00 7.350795e-01 0.000000e+00 7.671798e-03
0.000000e+00 8.195000e+00 1.129062e+00 7.346548e-01 0.000000e+00 8.056249e-03
0.000000e+00 8.250000e+00 1.128675e+00 7.342207e-01 0.000000e+00 8.464116e-03
0.000000e+00 8.305000e+00 1.128284e+00 7.337905e-01 0.000000e+00 8.816931e-03
0.000000e+00 8.360000e+00 1.127919e+00 7.333974e-01 0.000000e+00 9.045701e-03
0.000000e+00 8.415000e+00 1.127607e+00 7.330691e-01 0.000000e+00 9.122607e-03
0.000000e+00 8.470000e+00 1.127350e+00 7.328015e-01 0.000000e+00 9.075163e-03
0.000000e+00 8.525000e+00 1.127115e+00 7.325547e-01 0.000000e+00 8.972645e-03
0.000000e+00 8.580000e+00 1.126856e+00 7.322721e-01 0.000000e+00 8.891534e-03
0.000000e+00 8.635000e+00 1.126524e+00 7.319035e-01 0.000000e+00 8.882295e-03
0.000000e+00 8.690000e+00 1.126086e+00 7.314156e-01 0.000000e+00 8.957463e-03
0.000000e+00 8.745000e+00 1.125517e+00 7.307874e-01 0.000000e+00 9.104996e-03
0.000000e+00 8.800000e+00 1.124797e+00 7.300020e-01 0.000000e+00 9.313512e-03
0.000000e+00 8.855000e+00 1.123916e+00 7.290501e-01 0.000000e+00 9.589909e-03
0.000000e+00 8.910000e+00 1.122883e+00 7.279411e-01 0.000000e+00 9.959062e-03
0.000000e+00 8.965000e+00 1.121747e+00 7.267251e-01 0.000000e+00 1.044345e-02
0.000000e+00 9.020000e+00 1.120620e+00 7.255180e-01 0.000000e+00 1.103082e-02
0.000000e+00 9.075000e+00 1.119664e+00 7.244927e-01 0.000000e+00 1.165949e-02
0.000000e+00 9.130000e+00 1.119031e+00 7.238109e-01 0.000000e+00 1.223463e-02
0.000000e+00 9.185000e+00 1.118828e+00 7.235852e-01 0.000000e+00 1.264945e-02
0.000000e+00 9.240000e+00 1.119089e+00 7.238584e-01 0.000000e+00 1.281717e-02
0.000000e+00 9.295000e+00 1.119732e+00 7.245452e-01 0.000000e+00 1.270405e-02
0.000000e+00 9.350000e+00 1.120574e+00 7.254499e-01 0.000000e+00 1.232552e-02
0.000000e+00 9.405000e+00 1.121374e+00 7.263168e-01 0.000000e+00 1.174870e-02
0.000000e+00 9.460000e+00 1.121908e+00 7.268992e-01 0.000000e+00 1.109718e-02
0.000000e+00 9.515000e+00 1.122044e+00 7.270502e-01 0.000000e+00 1.053244e-02
0.000000e+00 9.570000e+00 1.121767e+00 7.267490e-01 0.000000e+00 1.020754e-02
0.000000e+00 9.625000e+00 1.121168e+00 7.260979e-01 0.000000e+00 1.021490e-02
0.000000e+00 9.680000e+00 1.120435e+00 7.253088e-01 0.000000e+00 1.055050e-02
0.000000e+00 9.735000e+00 1.119799e+00 7.246371e-01 0.000000e+00 1.113861e-02
0.000000e+00 9.790000e+00 1.119390e+00 7.242263e-01 0.000000e+00 1.185585e-02
0.000000e+00 9.845000e+00 1.119213e+00 7.240644e-01 0.000000e+00 1.258980e-02
0.000000e+00 9.900000e+00 1.119237e+00 7.240843e-01 0.000000e+00 1.336263e-02
0.000000e+00 9.955000e+00 1.118998e+00 7.237541e-01 0.000000e+00 1.388000e-02
0.000000e+00 1.001000e+01 1.101640e+00 7.050500e-01 -0.000000e+00 -2.260000e-03
0.000000e+00 1.006500e+01 1.101640e+00 7.050500e-01 -0.000000e+00 -2.260000e-03
0.000000e+00 1.012000e+01 1.101640e+00 7.050500e-01 -0.000000e+00 -2.260000e-03
0.000000e+00 1.017500e+01 1.101640e+00 7.050500e-01 -0.000000e+00 -2.260000e-03
0.000000e+00 1.023000e+01 1.101640e+00 7.050500e-01 -0.000000e+00 -2.260000e-03
0.000000e+00 1.028500e+01 1.101640e+00 7.050500e-01 -0.000000e+00 -2.260000e-03
0.000000e+00 1.034000e+01 1.101640e+00 7.050500e-01 -0.000000e+00 -2.260000e-03
0.000000e+00 1.039500e+01 1.101640e+00 7.050500e-01 -0.000000e+00 -2.260000e-03
0.000000e+00 1.045000e+01 1.101640e+00 7.050500e-01 -0.000000e+00 -2.260000e-03
0.000000e+00 1.050500e+01 1.101640e+00 7.050500e-01 -0.000000e+00 -2.260000e-03
0.000000e+00 1.056000e+01 1.101640e+00 7.050500e-01 -0.000000e+00 -2.260000e-03
0.000000e+00 1.061500e+01 1.101640e+00 7.050500e-01 -0.000000e+00 -2.260000e-03
0.000000e+00 1.067000e+01 1.101640e+00 7.050500e-01 -0.000000e+00 -2.260000e-03
0.000000e+00 1.072500e+01 1.101640e+00 7.050500e-01 -0.000000e+00 -2.260000e-03
0.000000e+00 1.078000e+01 1.101640e+00 7.050500e-01 -0.000000e+00 -2.260000e-03
0.000000e+00 1.083500e+01 1.101640e+00 7.050500e-01 -0.000000e+00 -2.260000e-03
0.000000e+00 1.089000e+01 1.101640e+00 7.050500e-01 -0.000000e+00 -2.260000e-03
0.000000e+00 1.094500e+01 1.101640e+00 7.050500e-01 -0.000000e+00 -2.260000e-03
0.000000e+00 1.100000e+01 1.101640e+00 7.050500e-01 -0.000000e+00 -2.260000e-03
