#############TIME##################
2.510058e+01 
###################################
0.000000e+00 0.000000e+00 1.191928e+01 4.152258e+01 0.000000e+00 -1.503579e+00
0.000000e+00 5.500000e-02 1.191928e+01 4.152258e+01 0.000000e+00 -1.503579e+00
0.000000e+00 1.100000e-01 1.191911e+01 4.152203e+01 0.000000e+00 -1.503564e+00
0.000000e+00 1.650000e-01 9.093551e+00 2.377768e+01 0.000000e+00 -9.998816e-01
0.000000e+00 2.200000e-01 7.027234e+00 1.543834e+01 0.000000e+00 -8.259872e-01
0.000000e+00 2.750000e-01 5.732142e+00 1.099454e+01 0.000000e+00 -6.862546e-01
0.000000e+00 3.300000e-01 4.873448e+00 8.382423e+00 0.000000e+00 -5.830755e-01
0.000000e+00 3.850000e-01 4.262130e+00 6.713218e+00 0.000000e+00 -5.028952e-01
0.000000e+00 4.400000e-01 3.814501e+00 5.582077e+00 0.000000e+00 -4.385669e-01
0.000000e+00 4.950000e-01 3.471817e+00 4.771009e+00 0.000000e+00 -3.858148e-01
0.000000e+00 5.500000e-01 3.200766e+00 4.167958e+00 0.000000e+00 -3.426466e-01
0.000000e+00 6.050000e-01 2.981229e+00 3.704144e+00 0.000000e+00 -3.065192e-01
0.000000e+00 6.600000e-01 2.800590e+00 3.338872e+00 0.000000e+00 -2.761241e-01
0.000000e+00 7.150000e-01 2.649444e+00 3.044614e+00 0.000000e+00 -2.502298e-01
0.000000e+00 7.700000e-01 2.521492e+00 2.803513e+00 0.000000e+00 -2.280321e-01
0.000000e+00 8.250000e-01 2.411698e+00 2.602766e+00 0.000000e+00 -2.086988e-01
0.000000e+00 8.800000e-01 2.315941e+00 2.433442e+00 0.000000e+00 -1.916147e-01
0.000000e+00 9.350000e-01 2.230884e+00 2.288893e+00 0.000000e+00 -1.762965e-01
0.000000e+00 9.900000e-01 2.154668e+00 2.164282e+00 0.000000e+00 -1.625156e-01
0.000000e+00 1.045000e+00 2.086785e+00 2.055917e+00 0.000000e+00 -1.502001e-01
0.000000e+00 1.100000e+00 2.027057e+00 1.960940e+00 0.000000e+00 -1.393174e-01
0.000000e+00 1.155000e+00 1.974597e+00 1.877066e+00 0.000000e+00 -1.297448e-01
0.000000e+00 1.210000e+00 1.927905e+00 1.802503e+00 0.000000e+00 -1.212912e-01
0.000000e+00 1.265000e+00 1.885736e+00 1.735825e+00 0.000000e+00 -1.137509e-01
0.000000e+00 1.320000e+00 1.847309e+00 1.675885e+00 0.000000e+00 -1.069484e-01
0.000000e+00 1.375000e+00 1.812062e+00 1.621744e+00 0.000000e+00 -1.007501e-01
0.000000e+00 1.430000e+00 1.779538e+00 1.572622e+00 0.000000e+00 -9.506263e-02
0.000000e+00 1.485000e+00 1.749409e+00 1.527869e+00 0.000000e+00 -8.982385e-02
0.000000e+00 1.540000e+00 1.721467e+00 1.486938e+00 0.000000e+00 -8.499004e-02
0.000000e+00 1.595000e+00 1.695550e+00 1.449363e+00 0.000000e+00 -8.052414e-02
0.000000e+00 1.650000e+00 1.671468e+00 1.414750e+00 0.000000e+00 -7.639054e-02
0.000000e+00 1.705000e+00 1.648991e+00 1.382771e+00 0.000000e+00 -7.255592e-02
0.000000e+00 1.760000e+00 1.627909e+00 1.353154e+00 0.000000e+00 -6.898863e-02
0.000000e+00 1.815000e+00 1.608075e+00 1.325677e+00 0.000000e+00 -6.565672e-02
0.000000e+00 1.870000e+00 1.589406e+00 1.300142e+00 0.000000e+00 -6.253154e-02
0.000000e+00 1.925000e+00 1.571842e+00 1.276374e+00 0.000000e+00 -5.959109e-02
0.000000e+00 1.980000e+00 1.555317e+00 1.254204e+00 0.000000e+00 -5.681658e-02
0.000000e+00 2.035000e+00 1.539750e+00 1.233471e+00 0.000000e+00 -5.418894e-02
0.000000e+00 2.090000e+00 1.525059e+00 1.214018e+00 0.000000e+00 -5.169030e-02
0.000000e+00 2.145000e+00 1.511164e+00 1.195701e+00 0.000000e+00 -4.930834e-02
0.000000e+00 2.200000e+00 1.498000e+00 1.178402e+00 0.000000e+00 -4.703974e-02
0.000000e+00 2.255000e+00 1.485513e+00 1.162032e+00 0.000000e+00 -4.489031e-02
0.000000e+00 2.310000e+00 1.473663e+00 1.146528e+00 0.000000e+00 -4.287112e-02
0.000000e+00 2.365000e+00 1.462408e+00 1.131841e+00 0.000000e+00 -4.099207e-02
0.000000e+00 2.420000e+00 1.451703e+00 1.117925e+00 0.000000e+00 -3.925536e-02
0.000000e+00 2.475000e+00 1.441494e+00 1.104726e+00 0.000000e+00 -3.765182e-02
0.000000e+00 2.530000e+00 1.431725e+00 1.092188e+00 0.000000e+00 -3.616173e-02
0.000000e+00 2.585000e+00 1.422347e+00 1.080254e+00 0.000000e+00 -3.475975e-02
0.000000e+00 2.640000e+00 1.413324e+00 1.068877e+00 0.000000e+00 -3.342171e-02
0.000000e+00 2.695000e+00 1.404643e+00 1.058021e+00 0.000000e+00 -3.213049e-02
0.000000e+00 2.750000e+00 1.396301e+00 1.047659e+00 0.000000e+00 -3.087896e-02
0.000000e+00 2.805000e+00 1.388301e+00 1.037759e+00 0.000000e+00 -2.966932e-02
0.000000e+00 2.860000e+00 1.380640e+00 1.028291e+00 0.000000e+00 -2.850934e-02
0.000000e+00 2.915000e+00 1.373309e+00 1.019218e+00 0.000000e+00 -2.740723e-02
0.000000e+00 2.970000e+00 1.366292e+00 1.010512e+00 0.000000e+00 -2.636693e-02
0.000000e+00 3.025000e+00 1.359570e+00 1.002153e+00 0.000000e+00 -2.538583e-02
0.000000e+00 3.080000e+00 1.353118e+00 9.941263e-01 0.000000e+00 -2.445555e-02
0.000000e+00 3.135000e+00 1.346909e+00 9.864228e-01 0.000000e+00 -2.356524e-02
0.000000e+00 3.190000e+00 1.340912e+00 9.790268e-01 0.000000e+00 -2.270565e-02
0.000000e+00 3.245000e+00 1.335094e+00 9.719166e-01 0.000000e+00 -2.187194e-02
0.000000e+00 3.300000e+00 1.329435e+00 9.650674e-01 0.000000e+00 -2.106396e-02
0.000000e+00 3.355000e+00 1.323924e+00 9.584580e-01 0.000000e+00 -2.028430e-02
0.000000e+00 3.410000e+00 1.318569e+00 9.520754e-01 0.000000e+00 -1.953547e-02
0.000000e+00 3.465000e+00 1.313388e+00 9.459146e-01 0.000000e+00 -1.881827e-02
0.000000e+00 3.520000e+00 1.308398e+00 9.399724e-01 0.000000e+00 -1.813224e-02
0.000000e+00 3.575000e+00 1.303607e+00 9.342413e-01 0.000000e+00 -1.747733e-02
0.000000e+00 3.630000e+00 1.299005e+00 9.287065e-01 0.000000e+00 -1.685483e-02
0.000000e+00 3.685000e+00 1.294569e+00 9.233491e-01 0.000000e+00 -1.626587e-02
0.000000e+00 3.740000e+00 1.290269e+00 9.181535e-01 0.000000e+00 -1.570857e-02
0.000000e+00 3.795000e+00 1.286082e+00 9.131136e-01 0.000000e+00 -1.517636e-02
0.000000e+00 3.850000e+00 1.281994e+00 9.082315e-01 0.000000e+00 -1.465986e-02
0.000000e+00 3.905000e+00 1.278001e+00 9.035101e-01 0.000000e+00 -1.415198e-02
0.000000e+00 3.960000e+00 1.274103e+00 8.989456e-01 0.000000e+00 -1.365254e-02
0.000000e+00 4.015000e+00 1.270303e+00 8.945248e-01 0.000000e+00 -1.316857e-02
0.000000e+00 4.070000e+00 1.266604e+00 8.902307e-01 0.000000e+00 -1.270916e-02
0.000000e+00 4.125000e+00 1.263014e+00 8.860516e-01 0.000000e+00 -1.227856e-02
0.000000e+00 4.180000e+00 1.259539e+00 8.819851e-01 0.000000e+00 -1.187279e-02
0.000000e+00 4.235000e+00 1.256183e+00 8.780331e-01 0.000000e+00 -1.148261e-02
0.000000e+00 4.290000e+00 1.252935e+00 8.741940e-01 0.000000e+00 -1.110012e-02
0.000000e+00 4.345000e+00 1.249770e+00 8.704578e-01 0.000000e+00 -1.072345e-02
0.000000e+00 4.400000e+00 1.246661e+00 8.668109e-01 0.000000e+00 -1.035583e-02
0.000000e+00 4.455000e+00 1.243593e+00 8.632454e-01 0.000000e+00 -1.000093e-02
0.000000e+00 4.510000e+00 1.240567e+00 8.597630e-01 0.000000e+00 -9.659722e-03
0.000000e+00 4.565000e+00 1.237600e+00 8.563709e-01 0.000000e+00 -9.332009e-03
0.000000e+00 4.620000e+00 1.234708e+00 8.530719e-01 0.000000e+00 -9.020366e-03
0.000000e+00 4.675000e+00 1.231900e+00 8.498597e-01 0.000000e+00 -8.731002e-03
0.000000e+00 4.730000e+00 1.229177e+00 8.467234e-01 0.000000e+00 -8.469165e-03
0.000000e+00 4.785000e+00 1.226533e+00 8.436572e-01 0.000000e+00 -8.232820e-03
0.000000e+00 4.840000e+00 1.223961e+00 8.406637e-01 0.000000e+00 -8.011036e-03
0.000000e+00 4.895000e+00 1.221451e+00 8.377486e-01 0.000000e+00 -7.789540e-03
0.000000e+00 4.950000e+00 1.218990e+00 8.349106e-01 0.000000e+00 -7.559059e-03
0.000000e+00 5.005000e+00 1.216561e+00 8.321387e-01 0.000000e+00 -7.319626e-03
0.000000e+00 5.060000e+00 1.214154e+00 8.294187e-01 0.000000e+00 -7.078291e-03
0.000000e+00 5.115000e+00 1.211771e+00 8.267423e-01 0.000000e+00 -6.843960e-03
0.000000e+00 5.170000e+00 1.209425e+00 8.241096e-01 0.000000e+00 -6.624553e-03
0.000000e+00 5.225000e+00 1.207132e+00 8.215232e-01 0.000000e+00 -6.427463e-03
0.000000e+00 5.280000e+00 1.204895e+00 8.189809e-01 0.000000e+00 -6.259940e-03
0.000000e+00 5.335000e+00 1.202707e+00 8.164749e-01 0.000000e+00 -6.126884e-03
0.000000e+00 5.390000e+00 1.200552e+00 8.139963e-01 0.000000e+00 -6.027768e-03
0.000000e+00 5.445000e+00 1.198414e+00 8.115417e-01 0.000000e+00 -5.956015e-03
0.000000e+00 5.500000e+00 1.196285e+00 8.091147e-01 0.000000e+00 -5.901383e-03
0.000000e+00 5.555000e+00 1.194168e+00 8.067244e-01 0.000000e+00 -5.852739e-03
0.000000e+00 5.610000e+00 1.192073e+00 8.043821e-01 0.000000e+00 -5.799854e-03
0.000000e+00 5.665000e+00 1.190016e+00 8.020955e-01 0.000000e+00 -5.737203e-03
0.000000e+00 5.720000e+00 1.188002e+00 7.998590e-01 0.000000e+00 -5.671977e-03
0.000000e+00 5.775000e+00 1.186019e+00 7.976470e-01 0.000000e+00 -5.630545e-03
0.000000e+00 5.830000e+00 1.184038e+00 7.954205e-01 0.000000e+00 -5.652027e-03
0.000000e+00 5.885000e+00 1.182031e+00 7.931519e-01 0.000000e+00 -5.764264e-03
0.000000e+00 5.940000e+00 1.180003e+00 7.908519e-01 0.000000e+00 -5.955922e-03
0.000000e+00 5.995000e+00 1.177990e+00 7.885737e-01 0.000000e+00 -6.170073e-03
0.000000e+00 6.050000e+00 1.176044e+00 7.863848e-01 0.000000e+00 -6.330266e-03
0.000000e+00 6.105000e+00 1.174195e+00 7.843238e-01 0.000000e+00 -6.385477e-03
0.000000e+00 6.160000e+00 1.172426e+00 7.823698e-01 0.000000e+00 -6.345916e-03
0.000000e+00 6.215000e+00 1.170679e+00 7.804500e-01 0.000000e+00 -6.280556e-03
0.000000e+00 6.270000e+00 1.168892e+00 7.784860e-01 0.000000e+00 -6.274302e-03
0.000000e+00 6.325000e+00 1.167041e+00 7.764418e-01 0.000000e+00 -6.376336e-03
0.000000e+00 6.380000e+00 1.165149e+00 7.743390e-01 0.000000e+00 -6.576055e-03
0.000000e+00 6.435000e+00 1.163266e+00 7.722344e-01 0.000000e+00 -6.819596e-03
0.000000e+00 6.490000e+00 1.161436e+00 7.701824e-01 0.000000e+00 -7.047775e-03
0.000000e+00 6.545000e+00 1.159677e+00 7.682130e-01 0.000000e+00 -7.226277e-03
0.000000e+00 6.600000e+00 1.157989e+00 7.663344e-01 0.000000e+00 -7.352031e-03
0.000000e+00 6.655000e+00 1.156371e+00 7.645475e-01 0.000000e+00 -7.439025e-03
0.000000e+00 6.710000e+00 1.154825e+00 7.628555e-01 0.000000e+00 -7.500177e-03
0.000000e+00 6.765000e+00 1.153359e+00 7.612587e-01 0.000000e+00 -7.539755e-03
0.000000e+00 6.820000e+00 1.151966e+00 7.597430e-01 0.000000e+00 -7.557890e-03
0.000000e+00 6.875000e+00 1.150626e+00 7.582769e-01 0.000000e+00 -7.558753e-03
0.000000e+00 6.930000e+00 1.149305e+00 7.568210e-01 0.000000e+00 -7.553877e-03
0.000000e+00 6.985000e+00 1.147974e+00 7.553437e-01 0.000000e+00 -7.558779e-03
0.000000e+00 7.040000e+00 1.146613e+00 7.538301e-01 0.000000e+00 -7.586666e-03
0.000000e+00 7.095000e+00 1.145216e+00 7.522808e-01 0.000000e+00 -7.643472e-03
0.000000e+00 7.150000e+00 1.143786e+00 7.507048e-01 0.000000e+00 -7.725741e-03
0.000000e+00 7.205000e+00 1.142334e+00 7.491166e-01 0.000000e+00 -7.820928e-03
0.000000e+00 7.260000e+00 1.140881e+00 7.475380e-01 0.000000e+00 -7.910059e-03
0.000000e+00 7.315000e+00 1.139458e+00 7.459991e-01 0.000000e+00 -7.973036e-03
0.000000e+00 7.370000e+00 1.138105e+00 7.445346e-01 0.000000e+00 -7.995227e-03
0.000000e+00 7.425000e+00 1.136851e+00 7.431719e-01 0.000000e+00 -7.972098e-03
0.000000e+00 7.480000e+00 1.135707e+00 7.419208e-01 0.000000e+00 -7.909162e-03
0.000000e+00 7.535000e+00 1.134662e+00 7.407708e-01 0.000000e+00 -7.817541e-03
0.000000e+00 7.590000e+00 1.133689e+00 7.396956e-01 0.000000e+00 -7.708826e-03
0.000000e+00 7.645000e+00 1.132751e+00 7.386627e-01 0.000000e+00 -7.593572e-03
0.000000e+00 7.700000e+00 1.131813e+00 7.376374e-01 0.000000e+00 -7.484504e-03
0.000000e+00 7.755000e+00 1.130840e+00 7.365815e-01 0.000000e+00 -7.400796e-03
0.000000e+00 7.810000e+00 1.129792e+00 7.354519e-01 0.000000e+00 -7.367689e-03
0.000000e+00 7.865000e+00 1.128636e+00 7.342081e-01 0.000000e+00 -7.408218e-03
0.000000e+00 7.920000e+00 1.127358e+00 7.328296e-01 0.000000e+00 -7.529899e-03
0.000000e+00 7.975000e+00 1.125980e+00 7.313365e-01 0.000000e+00 -7.714833e-03
0.000000e+00 8.030000e+00 1.124561e+00 7.297949e-01 0.000000e+00 -7.921874e-03
0.000000e+00 8.085000e+00 1.123188e+00 7.282987e-01 0.000000e+00 -8.101756e-03
0.000000e+00 8.140000e+00 1.121937e+00 7.269363e-01 0.000000e+00 -8.216659e-03
0.000000e+00 8.195000e+00 1.120852e+00 7.257567e-01 0.000000e+00 -8.253331e-03
0.000000e+00 8.250000e+00 1.119925e+00 7.247563e-01 0.000000e+00 -8.223061e-03
0.000000e+00 8.305000e+00 1.119118e+00 7.238909e-01 0.000000e+00 -8.149394e-03
0.000000e+00 8.360000e+00 1.118383e+00 7.231063e-01 0.000000e+00 -8.052045e-03
0.000000e+00 8.415000e+00 1.117688e+00 7.223646e-01 0.000000e+00 -7.937662e-03
0.000000e+00 8.470000e+00 1.117023e+00 7.216511e-01 0.000000e+00 -7.803020e-03
0.000000e+00 8.525000e+00 1.116384e+00 7.209586e-01 0.000000e+00 -7.648086e-03
0.000000e+00 8.580000e+00 1.115746e+00 7.202639e-01 0.000000e+00 -7.489406e-03
0.000000e+00 8.635000e+00 1.115062e+00 7.195171e-01 0.000000e+00 -7.363095e-03
0.000000e+00 8.690000e+00 1.114267e+00 7.186545e-01 0.000000e+00 -7.313003e-03
0.000000e+00 8.745000e+00 1.113317e+00 7.176313e-01 0.000000e+00 -7.368984e-03
0.000000e+00 8.800000e+00 1.112217e+00 7.164537e-01 0.000000e+00 -7.526541e-03
0.000000e+00 8.855000e+00 1.111031e+00 7.151891e-01 0.000000e+00 -7.741835e-03
0.000000e+00 8.910000e+00 1.109861e+00 7.139424e-01 0.000000e+00 -7.947460e-03
0.000000e+00 8.965000e+00 1.108803e+00 7.128132e-01 0.000000e+00 -8.080272e-03
0.000000e+00 9.020000e+00 1.107908e+00 7.118545e-01 0.000000e+00 -8.108378e-03
0.000000e+00 9.075000e+00 1.107163e+00 7.110521e-01 0.000000e+00 -8.045041e-03
0.000000e+00 9.130000e+00 1.106504e+00 7.103387e-01 0.000000e+00 -7.939835e-03
0.000000e+00 9.185000e+00 1.105851e+00 7.096322e-01 0.000000e+00 -7.850419e-03
0.000000e+00 9.240000e+00 1.105151e+00 7.088783e-01 0.000000e+00 -7.810831e-03
0.000000e+00 9.295000e+00 1.104402e+00 7.080746e-01 0.000000e+00 -7.812324e-03
0.000000e+00 9.350000e+00 1.103644e+00 7.072656e-01 0.000000e+00 -7.808390e-03
0.000000e+00 9.405000e+00 1.102938e+00 7.065126e-01 0.000000e+00 -7.741739e-03
0.000000e+00 9.460000e+00 1.102322e+00 7.058579e-01 0.000000e+00 -7.578367e-03
0.000000e+00 9.515000e+00 1.101792e+00 7.052970e-01 0.000000e+00 -7.332227e-03
0.000000e+00 9.570000e+00 1.101297e+00 7.047785e-01 0.000000e+00 -7.064341e-03
0.000000e+00 9.625000e+00 1.100769e+00 7.042270e-01 0.000000e+00 -6.856338e-03
0.000000e+00 9.680000e+00 1.100151e+00 7.035802e-01 0.000000e+00 -6.771270e-03
0.000000e+00 9.735000e+00 1.099424e+00 7.028131e-01 0.000000e+00 -6.829143e-03
0.000000e+00 9.790000e+00 1.098622e+00 7.019548e-01 0.000000e+00 -6.997285e-03
0.000000e+00 9.845000e+00 1.097802e+00 7.010647e-01 0.000000e+00 -7.218391e-03
0.000000e+00 9.900000e+00 1.097034e+00 7.002178e-01 0.000000e+00 -7.418420e-03
0.000000e+00 9.955000e+00 1.096367e+00 6.994666e-01 0.000000e+00 -7.533629e-03
0.000000e+00 1.001000e+01 1.101640e+00 7.050500e-01 -0.000000e+00 -2.260000e-03
0.000000e+00 1.006500e+01 1.101640e+00 7.050500e-01 -0.000000e+00 -2.260000e-03
0.000000e+00 1.012000e+01 1.101640e+00 7.050500e-01 -0.000000e+00 -2.260000e-03
0.000000e+00 1.017500e+01 1.101640e+00 7.050500e-01 -0.000000e+00 -2.260000e-03
0.000000e+00 1.023000e+01 1.101640e+00 7.050500e-01 -0.000000e+00 -2.260000e-03
0.000000e+00 1.028500e+01 1.101640e+00 7.050500e-01 -0.000000e+00 -2.260000e-03
0.000000e+00 1.034000e+01 1.101640e+00 7.050500e-01 -0.000000e+00 -2.260000e-03
0.000000e+00 1.039500e+01 1.101640e+00 7.050500e-01 -0.000000e+00 -2.260000e-03
0.000000e+00 1.045000e+01 1.101640e+00 7.050500e-01 -0.000000e+00 -2.260000e-03
0.000000e+00 1.050500e+01 1.101640e+00 7.050500e-01 -0.000000e+00 -2.260000e-03
0.000000e+00 1.056000e+01 1.101640e+00 7.050500e-01 -0.000000e+00 -2.260000e-03
0.000000e+00 1.061500e+01 1.101640e+00 7.050500e-01 -0.000000e+00 -2.260000e-03
0.000000e+00 1.067000e+01 1.101640e+00 7.050500e-01 -0.000000e+00 -2.260000e-03
0.000000e+00 1.072500e+01 1.101640e+00 7.050500e-01 -0.000000e+00 -2.260000e-03
0.000000e+00 1.078000e+01 1.101640e+00 7.050500e-01 -0.000000e+00 -2.260000e-03
0.000000e+00 1.083500e+01 1.101640e+00 7.050500e-01 -0.000000e+00 -2.260000e-03
0.000000e+00 1.089000e+01 1.101640e+00 7.050500e-01 -0.000000e+00 -2.260000e-03
0.000000e+00 1.094500e+01 1.101640e+00 7.050500e-01 -0.000000e+00 -2.260000e-03
0.000000e+00 1.100000e+01 1.101640e+00 7.050500e-01 -0.000000e+00 -2.260000e-03
