#############TIME##################
2.420107e+01 
###################################
0.000000e+00 0.000000e+00 1.192898e+01 4.158616e+01 0.000000e+00 -1.502541e+00
0.000000e+00 5.500000e-02 1.192898e+01 4.158616e+01 0.000000e+00 -1.502541e+00
0.000000e+00 1.100000e-01 1.192894e+01 4.158577e+01 0.000000e+00 -1.502551e+00
0.000000e+00 1.650000e-01 9.090729e+00 2.381274e+01 0.000000e+00 -9.964428e-01
0.000000e+00 2.200000e-01 7.016027e+00 1.547002e+01 0.000000e+00 -8.194697e-01
0.000000e+00 2.750000e-01 5.709670e+00 1.101549e+01 0.000000e+00 -6.767402e-01
0.000000e+00 3.300000e-01 4.845503e+00 8.398481e+00 0.000000e+00 -5.723139e-01
0.000000e+00 3.850000e-01 4.234182e+00 6.726795e+00 0.000000e+00 -4.926454e-01
0.000000e+00 4.400000e-01 3.791141e+00 5.594214e+00 0.000000e+00 -4.299277e-01
0.000000e+00 4.950000e-01 3.455368e+00 4.782221e+00 0.000000e+00 -3.794310e-01
0.000000e+00 5.500000e-01 3.191929e+00 4.178448e+00 0.000000e+00 -3.386610e-01
0.000000e+00 6.050000e-01 2.979484e+00 3.714059e+00 0.000000e+00 -3.046643e-01
0.000000e+00 6.600000e-01 2.804120e+00 3.348287e+00 0.000000e+00 -2.758263e-01
0.000000e+00 7.150000e-01 2.655653e+00 3.053594e+00 0.000000e+00 -2.508094e-01
0.000000e+00 7.700000e-01 2.528080e+00 2.812120e+00 0.000000e+00 -2.289271e-01
0.000000e+00 8.250000e-01 2.417556e+00 2.611064e+00 0.000000e+00 -2.096298e-01
0.000000e+00 8.800000e-01 2.321486e+00 2.441499e+00 0.000000e+00 -1.925967e-01
0.000000e+00 9.350000e-01 2.237564e+00 2.296768e+00 0.000000e+00 -1.774876e-01
0.000000e+00 9.900000e-01 2.163534e+00 2.171977e+00 0.000000e+00 -1.639898e-01
0.000000e+00 1.045000e+00 2.097179e+00 2.063377e+00 0.000000e+00 -1.518138e-01
0.000000e+00 1.100000e+00 2.036942e+00 1.968131e+00 0.000000e+00 -1.407886e-01
0.000000e+00 1.155000e+00 1.982361e+00 1.884027e+00 0.000000e+00 -1.308518e-01
0.000000e+00 1.210000e+00 1.933527e+00 1.809298e+00 0.000000e+00 -1.219783e-01
0.000000e+00 1.265000e+00 1.890161e+00 1.742501e+00 0.000000e+00 -1.140926e-01
0.000000e+00 1.320000e+00 1.851370e+00 1.682459e+00 0.000000e+00 -1.070647e-01
0.000000e+00 1.375000e+00 1.816168e+00 1.628216e+00 0.000000e+00 -1.007443e-01
0.000000e+00 1.430000e+00 1.783809e+00 1.578985e+00 0.000000e+00 -9.499974e-02
0.000000e+00 1.485000e+00 1.753798e+00 1.534117e+00 0.000000e+00 -8.973431e-02
0.000000e+00 1.540000e+00 1.725853e+00 1.493072e+00 0.000000e+00 -8.488573e-02
0.000000e+00 1.595000e+00 1.699836e+00 1.455396e+00 0.000000e+00 -8.041392e-02
0.000000e+00 1.650000e+00 1.675638e+00 1.420705e+00 0.000000e+00 -7.628852e-02
0.000000e+00 1.705000e+00 1.653101e+00 1.388664e+00 0.000000e+00 -7.248090e-02
0.000000e+00 1.760000e+00 1.632023e+00 1.358988e+00 0.000000e+00 -6.895885e-02
0.000000e+00 1.815000e+00 1.612218e+00 1.331429e+00 0.000000e+00 -6.568406e-02
0.000000e+00 1.870000e+00 1.593550e+00 1.305771e+00 0.000000e+00 -6.261679e-02
0.000000e+00 1.925000e+00 1.575929e+00 1.281829e+00 0.000000e+00 -5.972187e-02
0.000000e+00 1.980000e+00 1.559291e+00 1.259445e+00 0.000000e+00 -5.697028e-02
0.000000e+00 2.035000e+00 1.543577e+00 1.238481e+00 0.000000e+00 -5.434052e-02
0.000000e+00 2.090000e+00 1.528728e+00 1.218807e+00 0.000000e+00 -5.182156e-02
0.000000e+00 2.145000e+00 1.514687e+00 1.200302e+00 0.000000e+00 -4.941385e-02
0.000000e+00 2.200000e+00 1.501400e+00 1.182858e+00 0.000000e+00 -4.712606e-02
0.000000e+00 2.255000e+00 1.488820e+00 1.166383e+00 0.000000e+00 -4.496928e-02
0.000000e+00 2.310000e+00 1.476901e+00 1.150800e+00 0.000000e+00 -4.295176e-02
0.000000e+00 2.365000e+00 1.465597e+00 1.136046e+00 0.000000e+00 -4.107586e-02
0.000000e+00 2.420000e+00 1.454856e+00 1.122066e+00 0.000000e+00 -3.933732e-02
0.000000e+00 2.475000e+00 1.444624e+00 1.108802e+00 0.000000e+00 -3.772584e-02
0.000000e+00 2.530000e+00 1.434841e+00 1.096201e+00 0.000000e+00 -3.622653e-02
0.000000e+00 2.585000e+00 1.425453e+00 1.084205e+00 0.000000e+00 -3.482169e-02
0.000000e+00 2.640000e+00 1.416418e+00 1.072765e+00 0.000000e+00 -3.349315e-02
0.000000e+00 2.695000e+00 1.407711e+00 1.061840e+00 0.000000e+00 -3.222481e-02
0.000000e+00 2.750000e+00 1.399325e+00 1.051400e+00 0.000000e+00 -3.100527e-02
0.000000e+00 2.805000e+00 1.391271e+00 1.041426e+00 0.000000e+00 -2.983045e-02
0.000000e+00 2.860000e+00 1.383563e+00 1.031903e+00 0.000000e+00 -2.870482e-02
0.000000e+00 2.915000e+00 1.376210e+00 1.022813e+00 0.000000e+00 -2.763990e-02
0.000000e+00 2.970000e+00 1.369204e+00 1.014130e+00 0.000000e+00 -2.664852e-02
0.000000e+00 3.025000e+00 1.362516e+00 1.005816e+00 0.000000e+00 -2.573639e-02
0.000000e+00 3.080000e+00 1.356106e+00 9.978341e-01 0.000000e+00 -2.489544e-02
0.000000e+00 3.135000e+00 1.349930e+00 9.901529e-01 0.000000e+00 -2.410395e-02
0.000000e+00 3.190000e+00 1.343949e+00 9.827522e-01 0.000000e+00 -2.333496e-02
0.000000e+00 3.245000e+00 1.338138e+00 9.756203e-01 0.000000e+00 -2.256893e-02
0.000000e+00 3.300000e+00 1.332481e+00 9.687465e-01 0.000000e+00 -2.180243e-02
0.000000e+00 3.355000e+00 1.326970e+00 9.621167e-01 0.000000e+00 -2.104694e-02
0.000000e+00 3.410000e+00 1.321609e+00 9.557140e-01 0.000000e+00 -2.031879e-02
0.000000e+00 3.465000e+00 1.316406e+00 9.495234e-01 0.000000e+00 -1.962797e-02
0.000000e+00 3.520000e+00 1.311375e+00 9.435336e-01 0.000000e+00 -1.897442e-02
0.000000e+00 3.575000e+00 1.306523e+00 9.377344e-01 0.000000e+00 -1.835366e-02
0.000000e+00 3.630000e+00 1.301847e+00 9.321136e-01 0.000000e+00 -1.776479e-02
0.000000e+00 3.685000e+00 1.297331e+00 9.266587e-01 0.000000e+00 -1.721183e-02
0.000000e+00 3.740000e+00 1.292954e+00 9.213638e-01 0.000000e+00 -1.669660e-02
0.000000e+00 3.795000e+00 1.288703e+00 9.162336e-01 0.000000e+00 -1.621085e-02
0.000000e+00 3.850000e+00 1.284567e+00 9.112785e-01 0.000000e+00 -1.573760e-02
0.000000e+00 3.905000e+00 1.280538e+00 9.064994e-01 0.000000e+00 -1.526282e-02
0.000000e+00 3.960000e+00 1.276602e+00 9.018779e-01 0.000000e+00 -1.478762e-02
0.000000e+00 4.015000e+00 1.272744e+00 8.973808e-01 0.000000e+00 -1.432872e-02
0.000000e+00 4.070000e+00 1.268955e+00 8.929788e-01 0.000000e+00 -1.390583e-02
0.000000e+00 4.125000e+00 1.265246e+00 8.886626e-01 0.000000e+00 -1.352664e-02
0.000000e+00 4.180000e+00 1.261639e+00 8.844425e-01 0.000000e+00 -1.318326e-02
0.000000e+00 4.235000e+00 1.258146e+00 8.803316e-01 0.000000e+00 -1.286172e-02
0.000000e+00 4.290000e+00 1.254760e+00 8.763293e-01 0.000000e+00 -1.255413e-02
0.000000e+00 4.345000e+00 1.251452e+00 8.724210e-01 0.000000e+00 -1.226165e-02
0.000000e+00 4.400000e+00 1.248193e+00 8.685911e-01 0.000000e+00 -1.198807e-02
0.000000e+00 4.455000e+00 1.244967e+00 8.648345e-01 0.000000e+00 -1.173370e-02
0.000000e+00 4.510000e+00 1.241777e+00 8.611553e-01 0.000000e+00 -1.149733e-02
0.000000e+00 4.565000e+00 1.238633e+00 8.575570e-01 0.000000e+00 -1.128198e-02
0.000000e+00 4.620000e+00 1.235551e+00 8.540390e-01 0.000000e+00 -1.109463e-02
0.000000e+00 4.675000e+00 1.232546e+00 8.506027e-01 0.000000e+00 -1.093807e-02
0.000000e+00 4.730000e+00 1.229636e+00 8.472547e-01 0.000000e+00 -1.080592e-02
0.000000e+00 4.785000e+00 1.226821e+00 8.439948e-01 0.000000e+00 -1.069063e-02
0.000000e+00 4.840000e+00 1.224071e+00 8.407970e-01 0.000000e+00 -1.059964e-02
0.000000e+00 4.895000e+00 1.221322e+00 8.376057e-01 0.000000e+00 -1.056013e-02
0.000000e+00 4.950000e+00 1.218514e+00 8.343687e-01 0.000000e+00 -1.059803e-02
0.000000e+00 5.005000e+00 1.215638e+00 8.310842e-01 0.000000e+00 -1.070480e-02
0.000000e+00 5.060000e+00 1.212754e+00 8.278206e-01 0.000000e+00 -1.082523e-02
0.000000e+00 5.115000e+00 1.209965e+00 8.246846e-01 0.000000e+00 -1.088210e-02
0.000000e+00 5.170000e+00 1.207353e+00 8.217544e-01 0.000000e+00 -1.082605e-02
0.000000e+00 5.225000e+00 1.204921e+00 8.190171e-01 0.000000e+00 -1.067865e-02
0.000000e+00 5.280000e+00 1.202583e+00 8.163665e-01 0.000000e+00 -1.052939e-02
0.000000e+00 5.335000e+00 1.200218e+00 8.136664e-01 0.000000e+00 -1.048426e-02
0.000000e+00 5.390000e+00 1.197748e+00 8.108359e-01 0.000000e+00 -1.059963e-02
0.000000e+00 5.445000e+00 1.195184e+00 8.079039e-01 0.000000e+00 -1.084521e-02
0.000000e+00 5.500000e+00 1.192619e+00 8.049880e-01 0.000000e+00 -1.112504e-02
0.000000e+00 5.555000e+00 1.190168e+00 8.022240e-01 0.000000e+00 -1.133325e-02
0.000000e+00 5.610000e+00 1.187904e+00 7.996957e-01 0.000000e+00 -1.140703e-02
0.000000e+00 5.665000e+00 1.185828e+00 7.973930e-01 0.000000e+00 -1.135473e-02
0.000000e+00 5.720000e+00 1.183870e+00 7.952252e-01 0.000000e+00 -1.124278e-02
0.000000e+00 5.775000e+00 1.181938e+00 7.930778e-01 0.000000e+00 -1.115292e-02
0.000000e+00 5.830000e+00 1.179966e+00 7.908693e-01 0.000000e+00 -1.114039e-02
0.000000e+00 5.885000e+00 1.177935e+00 7.885807e-01 0.000000e+00 -1.121342e-02
0.000000e+00 5.940000e+00 1.175873e+00 7.862492e-01 0.000000e+00 -1.133902e-02
0.000000e+00 5.995000e+00 1.173827e+00 7.839382e-01 0.000000e+00 -1.146560e-02
0.000000e+00 6.050000e+00 1.171838e+00 7.817046e-01 0.000000e+00 -1.154756e-02
0.000000e+00 6.105000e+00 1.169927e+00 7.795773e-01 0.000000e+00 -1.156216e-02
0.000000e+00 6.160000e+00 1.168091e+00 7.775513e-01 0.000000e+00 -1.151385e-02
0.000000e+00 6.215000e+00 1.166310e+00 7.755990e-01 0.000000e+00 -1.142606e-02
0.000000e+00 6.270000e+00 1.164566e+00 7.736883e-01 0.000000e+00 -1.132712e-02
0.000000e+00 6.325000e+00 1.162850e+00 7.718009e-01 0.000000e+00 -1.123741e-02
0.000000e+00 6.380000e+00 1.161173e+00 7.699425e-01 0.000000e+00 -1.116294e-02
0.000000e+00 6.435000e+00 1.159560e+00 7.681428e-01 0.000000e+00 -1.109628e-02
0.000000e+00 6.490000e+00 1.158044e+00 7.664415e-01 0.000000e+00 -1.102314e-02
0.000000e+00 6.545000e+00 1.156641e+00 7.648676e-01 0.000000e+00 -1.093086e-02
0.000000e+00 6.600000e+00 1.155344e+00 7.634192e-01 0.000000e+00 -1.081515e-02
0.000000e+00 6.655000e+00 1.154112e+00 7.620587e-01 0.000000e+00 -1.068244e-02
0.000000e+00 6.710000e+00 1.152892e+00 7.607256e-01 0.000000e+00 -1.054695e-02
0.000000e+00 6.765000e+00 1.151636e+00 7.593615e-01 0.000000e+00 -1.042474e-02
0.000000e+00 6.820000e+00 1.150319e+00 7.579312e-01 0.000000e+00 -1.032854e-02
0.000000e+00 6.875000e+00 1.148941e+00 7.564269e-01 0.000000e+00 -1.026587e-02
0.000000e+00 6.930000e+00 1.147512e+00 7.548566e-01 0.000000e+00 -1.024056e-02
0.000000e+00 6.985000e+00 1.146038e+00 7.532261e-01 0.000000e+00 -1.025581e-02
0.000000e+00 7.040000e+00 1.144510e+00 7.515312e-01 0.000000e+00 -1.031546e-02
0.000000e+00 7.095000e+00 1.142915e+00 7.497660e-01 0.000000e+00 -1.042094e-02
0.000000e+00 7.150000e+00 1.141259e+00 7.479435e-01 0.000000e+00 -1.056508e-02
0.000000e+00 7.205000e+00 1.139581e+00 7.461097e-01 0.000000e+00 -1.072740e-02
0.000000e+00 7.260000e+00 1.137951e+00 7.443402e-01 0.000000e+00 -1.087549e-02
0.000000e+00 7.315000e+00 1.136449e+00 7.427171e-01 0.000000e+00 -1.097301e-02
0.000000e+00 7.370000e+00 1.135135e+00 7.412980e-01 0.000000e+00 -1.099151e-02
0.000000e+00 7.425000e+00 1.134022e+00 7.400933e-01 0.000000e+00 -1.092129e-02
0.000000e+00 7.480000e+00 1.133079e+00 7.390632e-01 0.000000e+00 -1.077549e-02
0.000000e+00 7.535000e+00 1.132240e+00 7.381391e-01 0.000000e+00 -1.058413e-02
0.000000e+00 7.590000e+00 1.131440e+00 7.372539e-01 0.000000e+00 -1.038129e-02
0.000000e+00 7.645000e+00 1.130633e+00 7.363642e-01 0.000000e+00 -1.019314e-02
0.000000e+00 7.700000e+00 1.129800e+00 7.354516e-01 0.000000e+00 -1.003278e-02
0.000000e+00 7.755000e+00 1.128929e+00 7.345070e-01 0.000000e+00 -9.903563e-03
0.000000e+00 7.810000e+00 1.128002e+00 7.335099e-01 0.000000e+00 -9.807466e-03
0.000000e+00 7.865000e+00 1.126989e+00 7.324219e-01 0.000000e+00 -9.752338e-03
0.000000e+00 7.920000e+00 1.125853e+00 7.311996e-01 0.000000e+00 -9.752163e-03
0.000000e+00 7.975000e+00 1.124581e+00 7.298239e-01 0.000000e+00 -9.817957e-03
0.000000e+00 8.030000e+00 1.123201e+00 7.283266e-01 0.000000e+00 -9.943764e-03
0.000000e+00 8.085000e+00 1.121794e+00 7.267950e-01 0.000000e+00 -1.009809e-02
0.000000e+00 8.140000e+00 1.120462e+00 7.253457e-01 0.000000e+00 -1.022851e-02
0.000000e+00 8.195000e+00 1.119299e+00 7.240824e-01 0.000000e+00 -1.027863e-02
0.000000e+00 8.250000e+00 1.118347e+00 7.230548e-01 0.000000e+00 -1.021115e-02
0.000000e+00 8.305000e+00 1.117586e+00 7.222390e-01 0.000000e+00 -1.002794e-02
0.000000e+00 8.360000e+00 1.116936e+00 7.215469e-01 0.000000e+00 -9.774190e-03
0.000000e+00 8.415000e+00 1.116294e+00 7.208635e-01 0.000000e+00 -9.521114e-03
0.000000e+00 8.470000e+00 1.115575e+00 7.200929e-01 0.000000e+00 -9.336299e-03
0.000000e+00 8.525000e+00 1.114741e+00 7.191931e-01 0.000000e+00 -9.254380e-03
0.000000e+00 8.580000e+00 1.113812e+00 7.181858e-01 0.000000e+00 -9.264353e-03
0.000000e+00 8.635000e+00 1.112847e+00 7.171388e-01 0.000000e+00 -9.319524e-03
0.000000e+00 8.690000e+00 1.111919e+00 7.161330e-01 0.000000e+00 -9.361594e-03
0.000000e+00 8.745000e+00 1.111081e+00 7.152304e-01 0.000000e+00 -9.346814e-03
0.000000e+00 8.800000e+00 1.110353e+00 7.144530e-01 0.000000e+00 -9.262497e-03
0.000000e+00 8.855000e+00 1.109718e+00 7.137796e-01 0.000000e+00 -9.126465e-03
0.000000e+00 8.910000e+00 1.109133e+00 7.131608e-01 0.000000e+00 -8.972352e-03
0.000000e+00 8.965000e+00 1.108547e+00 7.125396e-01 0.000000e+00 -8.831499e-03
0.000000e+00 9.020000e+00 1.107923e+00 7.118711e-01 0.000000e+00 -8.721331e-03
0.000000e+00 9.075000e+00 1.107240e+00 7.111357e-01 0.000000e+00 -8.644035e-03
0.000000e+00 9.130000e+00 1.106506e+00 7.103414e-01 0.000000e+00 -8.592509e-03
0.000000e+00 9.185000e+00 1.105744e+00 7.095180e-01 0.000000e+00 -8.556723e-03
0.000000e+00 9.240000e+00 1.104987e+00 7.087033e-01 0.000000e+00 -8.525675e-03
0.000000e+00 9.295000e+00 1.104265e+00 7.079287e-01 0.000000e+00 -8.485496e-03
0.000000e+00 9.350000e+00 1.103589e+00 7.072073e-01 0.000000e+00 -8.418615e-03
0.000000e+00 9.405000e+00 1.102954e+00 7.065298e-01 0.000000e+00 -8.308269e-03
0.000000e+00 9.460000e+00 1.102333e+00 7.058693e-01 0.000000e+00 -8.148324e-03
0.000000e+00 9.515000e+00 1.101696e+00 7.051937e-01 0.000000e+00 -7.952041e-03
0.000000e+00 9.570000e+00 1.101017e+00 7.044781e-01 0.000000e+00 -7.752089e-03
0.000000e+00 9.625000e+00 1.100289e+00 7.037135e-01 0.000000e+00 -7.589211e-03
0.000000e+00 9.680000e+00 1.099525e+00 7.029127e-01 0.000000e+00 -7.490880e-03
0.000000e+00 9.735000e+00 1.098755e+00 7.021001e-01 0.000000e+00 -7.464909e-03
0.000000e+00 9.790000e+00 1.098020e+00 7.013150e-01 0.000000e+00 -7.488798e-03
0.000000e+00 9.845000e+00 1.097344e+00 7.005795e-01 0.000000e+00 -7.535206e-03
0.000000e+00 9.900000e+00 1.096753e+00 6.999213e-01 0.000000e+00 -7.566157e-03
0.000000e+00 9.955000e+00 1.096238e+00 6.993303e-01 0.000000e+00 -7.601189e-03
0.000000e+00 1.001000e+01 1.101640e+00 7.050500e-01 -0.000000e+00 -2.260000e-03
0.000000e+00 1.006500e+01 1.101640e+00 7.050500e-01 -0.000000e+00 -2.260000e-03
0.000000e+00 1.012000e+01 1.101640e+00 7.050500e-01 -0.000000e+00 -2.260000e-03
0.000000e+00 1.017500e+01 1.101640e+00 7.050500e-01 -0.000000e+00 -2.260000e-03
0.000000e+00 1.023000e+01 1.101640e+00 7.050500e-01 -0.000000e+00 -2.260000e-03
0.000000e+00 1.028500e+01 1.101640e+00 7.050500e-01 -0.000000e+00 -2.260000e-03
0.000000e+00 1.034000e+01 1.101640e+00 7.050500e-01 -0.000000e+00 -2.260000e-03
0.000000e+00 1.039500e+01 1.101640e+00 7.050500e-01 -0.000000e+00 -2.260000e-03
0.000000e+00 1.045000e+01 1.101640e+00 7.050500e-01 -0.000000e+00 -2.260000e-03
0.000000e+00 1.050500e+01 1.101640e+00 7.050500e-01 -0.000000e+00 -2.260000e-03
0.000000e+00 1.056000e+01 1.101640e+00 7.050500e-01 -0.000000e+00 -2.260000e-03
0.000000e+00 1.061500e+01 1.101640e+00 7.050500e-01 -0.000000e+00 -2.260000e-03
0.000000e+00 1.067000e+01 1.101640e+00 7.050500e-01 -0.000000e+00 -2.260000e-03
0.000000e+00 1.072500e+01 1.101640e+00 7.050500e-01 -0.000000e+00 -2.260000e-03
0.000000e+00 1.078000e+01 1.101640e+00 7.050500e-01 -0.000000e+00 -2.260000e-03
0.000000e+00 1.083500e+01 1.101640e+00 7.050500e-01 -0.000000e+00 -2.260000e-03
0.000000e+00 1.089000e+01 1.101640e+00 7.050500e-01 -0.000000e+00 -2.260000e-03
0.000000e+00 1.094500e+01 1.101640e+00 7.050500e-01 -0.000000e+00 -2.260000e-03
0.000000e+00 1.100000e+01 1.101640e+00 7.050500e-01 -0.000000e+00 -2.260000e-03
