#############TIME##################
4.906135e+00 
###################################
0.000000e+00 0.000000e+00 1.209589e+01 4.269359e+01 0.000000e+00 -1.497493e+00
0.000000e+00 5.500000e-02 1.209589e+01 4.269359e+01 0.000000e+00 -1.497493e+00
0.000000e+00 1.100000e-01 1.209598e+01 4.269392e+01 0.000000e+00 -1.497498e+00
0.000000e+00 1.650000e-01 9.266495e+00 2.463223e+01 0.000000e+00 -9.913537e-01
0.000000e+00 2.200000e-01 7.195689e+00 1.611435e+01 0.000000e+00 -8.157257e-01
0.000000e+00 2.750000e-01 5.888934e+00 1.154514e+01 0.000000e+00 -6.753280e-01
0.000000e+00 3.300000e-01 5.022022e+00 8.846981e+00 0.000000e+00 -5.720651e-01
0.000000e+00 3.850000e-01 4.403337e+00 7.117052e+00 0.000000e+00 -4.920417e-01
0.000000e+00 4.400000e-01 3.950380e+00 5.943235e+00 0.000000e+00 -4.280846e-01
0.000000e+00 4.950000e-01 3.604809e+00 5.101271e+00 0.000000e+00 -3.758431e-01
0.000000e+00 5.500000e-01 3.332029e+00 4.474380e+00 0.000000e+00 -3.332738e-01
0.000000e+00 6.050000e-01 3.110971e+00 3.990968e+00 0.000000e+00 -2.977660e-01
0.000000e+00 6.600000e-01 2.928536e+00 3.608876e+00 0.000000e+00 -2.678309e-01
0.000000e+00 7.150000e-01 2.774896e+00 3.299633e+00 0.000000e+00 -2.421564e-01
0.000000e+00 7.700000e-01 2.643622e+00 3.044877e+00 0.000000e+00 -2.199705e-01
0.000000e+00 8.250000e-01 2.530364e+00 2.832134e+00 0.000000e+00 -2.004994e-01
0.000000e+00 8.800000e-01 2.432322e+00 2.653157e+00 0.000000e+00 -1.831889e-01
0.000000e+00 9.350000e-01 2.347183e+00 2.501352e+00 0.000000e+00 -1.677337e-01
0.000000e+00 9.900000e-01 2.272853e+00 2.371092e+00 0.000000e+00 -1.541138e-01
0.000000e+00 1.045000e+00 2.207370e+00 2.257673e+00 0.000000e+00 -1.423039e-01
0.000000e+00 1.100000e+00 2.148960e+00 2.157496e+00 0.000000e+00 -1.321607e-01
0.000000e+00 1.155000e+00 2.096034e+00 2.067896e+00 0.000000e+00 -1.234978e-01
0.000000e+00 1.210000e+00 2.047380e+00 1.987074e+00 0.000000e+00 -1.161724e-01
0.000000e+00 1.265000e+00 2.002451e+00 1.914235e+00 0.000000e+00 -1.099137e-01
0.000000e+00 1.320000e+00 1.961371e+00 1.849334e+00 0.000000e+00 -1.042224e-01
0.000000e+00 1.375000e+00 1.924306e+00 1.792002e+00 0.000000e+00 -9.861072e-02
0.000000e+00 1.430000e+00 1.891021e+00 1.741108e+00 0.000000e+00 -9.284287e-02
0.000000e+00 1.485000e+00 1.861006e+00 1.695278e+00 0.000000e+00 -8.695095e-02
0.000000e+00 1.540000e+00 1.833582e+00 1.653261e+00 0.000000e+00 -8.124422e-02
0.000000e+00 1.595000e+00 1.807772e+00 1.613775e+00 0.000000e+00 -7.624591e-02
0.000000e+00 1.650000e+00 1.782659e+00 1.575841e+00 0.000000e+00 -7.229879e-02
0.000000e+00 1.705000e+00 1.758174e+00 1.539612e+00 0.000000e+00 -6.914419e-02
0.000000e+00 1.760000e+00 1.735202e+00 1.506337e+00 0.000000e+00 -6.615839e-02
0.000000e+00 1.815000e+00 1.714747e+00 1.477269e+00 0.000000e+00 -6.290156e-02
0.000000e+00 1.870000e+00 1.696986e+00 1.452302e+00 0.000000e+00 -5.938499e-02
0.000000e+00 1.925000e+00 1.680902e+00 1.429641e+00 0.000000e+00 -5.596825e-02
0.000000e+00 1.980000e+00 1.664712e+00 1.406591e+00 0.000000e+00 -5.324955e-02
0.000000e+00 2.035000e+00 1.647597e+00 1.382065e+00 0.000000e+00 -5.141166e-02
0.000000e+00 2.090000e+00 1.630804e+00 1.358051e+00 0.000000e+00 -4.983434e-02
0.000000e+00 2.145000e+00 1.615869e+00 1.336951e+00 0.000000e+00 -4.781520e-02
0.000000e+00 2.200000e+00 1.603033e+00 1.319210e+00 0.000000e+00 -4.538116e-02
0.000000e+00 2.255000e+00 1.591202e+00 1.303266e+00 0.000000e+00 -4.321976e-02
0.000000e+00 2.310000e+00 1.578535e+00 1.286386e+00 0.000000e+00 -4.199747e-02
0.000000e+00 2.365000e+00 1.565456e+00 1.268955e+00 0.000000e+00 -4.130348e-02
0.000000e+00 2.420000e+00 1.553044e+00 1.252262e+00 0.000000e+00 -4.008485e-02
0.000000e+00 2.475000e+00 1.542669e+00 1.238112e+00 0.000000e+00 -3.824029e-02
0.000000e+00 2.530000e+00 1.533784e+00 1.225865e+00 0.000000e+00 -3.638598e-02
0.000000e+00 2.585000e+00 1.525047e+00 1.213883e+00 0.000000e+00 -3.501156e-02
0.000000e+00 2.640000e+00 1.516013e+00 1.201714e+00 0.000000e+00 -3.388432e-02
0.000000e+00 2.695000e+00 1.507482e+00 1.190468e+00 0.000000e+00 -3.267771e-02
0.000000e+00 2.750000e+00 1.500587e+00 1.181579e+00 0.000000e+00 -3.126644e-02
0.000000e+00 2.805000e+00 1.495426e+00 1.175067e+00 0.000000e+00 -2.921727e-02
0.000000e+00 2.860000e+00 1.490299e+00 1.168486e+00 0.000000e+00 -2.659799e-02
0.000000e+00 2.915000e+00 1.484062e+00 1.160278e+00 0.000000e+00 -2.409393e-02
0.000000e+00 2.970000e+00 1.476515e+00 1.150222e+00 0.000000e+00 -2.297228e-02
0.000000e+00 3.025000e+00 1.466687e+00 1.137205e+00 0.000000e+00 -2.362707e-02
0.000000e+00 3.080000e+00 1.455952e+00 1.123162e+00 0.000000e+00 -2.510345e-02
0.000000e+00 3.135000e+00 1.445629e+00 1.109900e+00 0.000000e+00 -2.646637e-02
0.000000e+00 3.190000e+00 1.437032e+00 1.099048e+00 0.000000e+00 -2.741161e-02
0.000000e+00 3.245000e+00 1.430075e+00 1.090331e+00 0.000000e+00 -2.732128e-02
0.000000e+00 3.300000e+00 1.424455e+00 1.083309e+00 0.000000e+00 -2.602610e-02
0.000000e+00 3.355000e+00 1.420687e+00 1.078559e+00 0.000000e+00 -2.471569e-02
0.000000e+00 3.410000e+00 1.418626e+00 1.075873e+00 0.000000e+00 -2.335175e-02
0.000000e+00 3.465000e+00 1.415939e+00 1.072284e+00 0.000000e+00 -2.174266e-02
0.000000e+00 3.520000e+00 1.411324e+00 1.066226e+00 0.000000e+00 -1.956694e-02
0.000000e+00 3.575000e+00 1.406433e+00 1.059954e+00 0.000000e+00 -1.886881e-02
0.000000e+00 3.630000e+00 1.402292e+00 1.054779e+00 0.000000e+00 -2.020977e-02
0.000000e+00 3.685000e+00 1.396575e+00 1.047730e+00 0.000000e+00 -2.077747e-02
0.000000e+00 3.740000e+00 1.388452e+00 1.037723e+00 0.000000e+00 -1.946614e-02
0.000000e+00 3.795000e+00 1.382183e+00 1.029995e+00 0.000000e+00 -2.092643e-02
0.000000e+00 3.850000e+00 1.379431e+00 1.026591e+00 0.000000e+00 -2.402698e-02
0.000000e+00 3.905000e+00 1.371008e+00 1.016174e+00 0.000000e+00 -2.479696e-02
0.000000e+00 3.960000e+00 1.356744e+00 9.984962e-01 0.000000e+00 -2.434129e-02
0.000000e+00 4.015000e+00 1.353191e+00 9.938906e-01 0.000000e+00 -3.602236e-02
0.000000e+00 4.070000e+00 1.329986e+00 9.653721e-01 0.000000e+00 -4.407465e-02
0.000000e+00 4.125000e+00 1.293530e+00 9.217143e-01 0.000000e+00 -7.239011e-02
0.000000e+00 4.180000e+00 1.239855e+00 8.587439e-01 0.000000e+00 -1.145629e-01
0.000000e+00 4.235000e+00 1.198658e+00 8.116050e-01 0.000000e+00 -1.458570e-01
0.000000e+00 4.290000e+00 1.182008e+00 7.928558e-01 0.000000e+00 -1.561440e-01
0.000000e+00 4.345000e+00 1.174221e+00 7.841575e-01 0.000000e+00 -1.586429e-01
0.000000e+00 4.400000e+00 1.168841e+00 7.781778e-01 0.000000e+00 -1.590318e-01
0.000000e+00 4.455000e+00 1.164216e+00 7.730534e-01 0.000000e+00 -1.589186e-01
0.000000e+00 4.510000e+00 1.160105e+00 7.685085e-01 0.000000e+00 -1.587063e-01
0.000000e+00 4.565000e+00 1.156460e+00 7.644881e-01 0.000000e+00 -1.584158e-01
0.000000e+00 4.620000e+00 1.153194e+00 7.608936e-01 0.000000e+00 -1.580001e-01
0.000000e+00 4.675000e+00 1.150146e+00 7.575448e-01 0.000000e+00 -1.573758e-01
0.000000e+00 4.730000e+00 1.147155e+00 7.542641e-01 0.000000e+00 -1.564526e-01
0.000000e+00 4.785000e+00 1.144132e+00 7.509551e-01 0.000000e+00 -1.551874e-01
0.000000e+00 4.840000e+00 1.141084e+00 7.476230e-01 0.000000e+00 -1.536140e-01
0.000000e+00 4.895000e+00 1.138078e+00 7.443443e-01 0.000000e+00 -1.518255e-01
0.000000e+00 4.950000e+00 1.135205e+00 7.412149e-01 0.000000e+00 -1.499295e-01
0.000000e+00 5.005000e+00 1.132525e+00 7.383007e-01 0.000000e+00 -1.480068e-01
0.000000e+00 5.060000e+00 1.130047e+00 7.356107e-01 0.000000e+00 -1.460881e-01
0.000000e+00 5.115000e+00 1.127736e+00 7.331046e-01 0.000000e+00 -1.441601e-01
0.000000e+00 5.170000e+00 1.125542e+00 7.307291e-01 0.000000e+00 -1.421951e-01
0.000000e+00 5.225000e+00 1.123439e+00 7.284554e-01 0.000000e+00 -1.401821e-01
0.000000e+00 5.280000e+00 1.121435e+00 7.262908e-01 0.000000e+00 -1.381374e-01
0.000000e+00 5.335000e+00 1.119554e+00 7.242616e-01 0.000000e+00 -1.360916e-01
0.000000e+00 5.390000e+00 1.117814e+00 7.223865e-01 0.000000e+00 -1.340693e-01
0.000000e+00 5.445000e+00 1.116209e+00 7.206585e-01 0.000000e+00 -1.320750e-01
0.000000e+00 5.500000e+00 1.114711e+00 7.190477e-01 0.000000e+00 -1.300962e-01
0.000000e+00 5.555000e+00 1.113288e+00 7.175177e-01 0.000000e+00 -1.281155e-01
0.000000e+00 5.610000e+00 1.111914e+00 7.160425e-01 0.000000e+00 -1.261231e-01
0.000000e+00 5.665000e+00 1.110582e+00 7.146138e-01 0.000000e+00 -1.241209e-01
0.000000e+00 5.720000e+00 1.109298e+00 7.132370e-01 0.000000e+00 -1.221187e-01
0.000000e+00 5.775000e+00 1.108071e+00 7.119227e-01 0.000000e+00 -1.201278e-01
0.000000e+00 5.830000e+00 1.106909e+00 7.106791e-01 0.000000e+00 -1.181571e-01
0.000000e+00 5.885000e+00 1.105814e+00 7.095080e-01 0.000000e+00 -1.162107e-01
0.000000e+00 5.940000e+00 1.104782e+00 7.084045e-01 0.000000e+00 -1.142890e-01
0.000000e+00 5.995000e+00 1.103803e+00 7.073587e-01 0.000000e+00 -1.123898e-01
0.000000e+00 6.050000e+00 1.102867e+00 7.063589e-01 0.000000e+00 -1.105099e-01
0.000000e+00 6.105000e+00 1.101963e+00 7.053950e-01 0.000000e+00 -1.086469e-01
0.000000e+00 6.160000e+00 1.101088e+00 7.044609e-01 0.000000e+00 -1.068000e-01
0.000000e+00 6.215000e+00 1.100238e+00 7.035552e-01 0.000000e+00 -1.049709e-01
0.000000e+00 6.270000e+00 1.099416e+00 7.026796e-01 0.000000e+00 -1.031622e-01
0.000000e+00 6.325000e+00 1.098625e+00 7.018370e-01 0.000000e+00 -1.013769e-01
0.000000e+00 6.380000e+00 1.097867e+00 7.010297e-01 0.000000e+00 -9.961704e-02
0.000000e+00 6.435000e+00 1.097142e+00 7.002584e-01 0.000000e+00 -9.788396e-02
0.000000e+00 6.490000e+00 1.096450e+00 6.995223e-01 0.000000e+00 -9.617793e-02
0.000000e+00 6.545000e+00 1.095788e+00 6.988191e-01 0.000000e+00 -9.449861e-02
0.000000e+00 6.600000e+00 1.095155e+00 6.981457e-01 0.000000e+00 -9.284537e-02
0.000000e+00 6.655000e+00 1.094545e+00 6.974987e-01 0.000000e+00 -9.121746e-02
0.000000e+00 6.710000e+00 1.093958e+00 6.968749e-01 0.000000e+00 -8.961418e-02
0.000000e+00 6.765000e+00 1.093389e+00 6.962713e-01 0.000000e+00 -8.803491e-02
0.000000e+00 6.820000e+00 1.092837e+00 6.956855e-01 0.000000e+00 -8.647919e-02
0.000000e+00 6.875000e+00 1.092300e+00 6.951157e-01 0.000000e+00 -8.494674e-02
0.000000e+00 6.930000e+00 1.091777e+00 6.945607e-01 0.000000e+00 -8.343743e-02
0.000000e+00 6.985000e+00 1.091266e+00 6.940196e-01 0.000000e+00 -8.195123e-02
0.000000e+00 7.040000e+00 1.090768e+00 6.934918e-01 0.000000e+00 -8.048812e-02
0.000000e+00 7.095000e+00 1.090282e+00 6.929769e-01 0.000000e+00 -7.904807e-02
0.000000e+00 7.150000e+00 1.089808e+00 6.924745e-01 0.000000e+00 -7.763096e-02
0.000000e+00 7.205000e+00 1.089345e+00 6.919844e-01 0.000000e+00 -7.623664e-02
0.000000e+00 7.260000e+00 1.088893e+00 6.915061e-01 0.000000e+00 -7.486492e-02
0.000000e+00 7.315000e+00 1.088452e+00 6.910393e-01 0.000000e+00 -7.351557e-02
0.000000e+00 7.370000e+00 1.088022e+00 6.905838e-01 0.000000e+00 -7.218837e-02
0.000000e+00 7.425000e+00 1.087601e+00 6.901392e-01 0.000000e+00 -7.088305e-02
0.000000e+00 7.480000e+00 1.087191e+00 6.897052e-01 0.000000e+00 -6.959932e-02
0.000000e+00 7.535000e+00 1.086790e+00 6.892814e-01 0.000000e+00 -6.833687e-02
0.000000e+00 7.590000e+00 1.086399e+00 6.888676e-01 0.000000e+00 -6.709534e-02
0.000000e+00 7.645000e+00 1.086016e+00 6.884633e-01 0.000000e+00 -6.587440e-02
0.000000e+00 7.700000e+00 1.085642e+00 6.880683e-01 0.000000e+00 -6.467367e-02
0.000000e+00 7.755000e+00 1.085276e+00 6.876820e-01 0.000000e+00 -6.349278e-02
0.000000e+00 7.810000e+00 1.084919e+00 6.873041e-01 0.000000e+00 -6.233136e-02
0.000000e+00 7.865000e+00 1.084568e+00 6.869344e-01 0.000000e+00 -6.118906e-02
0.000000e+00 7.920000e+00 1.084225e+00 6.865724e-01 0.000000e+00 -6.006554e-02
0.000000e+00 7.975000e+00 1.083889e+00 6.862178e-01 0.000000e+00 -5.896047e-02
0.000000e+00 8.030000e+00 1.083560e+00 6.858703e-01 0.000000e+00 -5.787346e-02
0.000000e+00 8.085000e+00 1.083237e+00 6.855295e-01 0.000000e+00 -5.680412e-02
0.000000e+00 8.140000e+00 1.082920e+00 6.851951e-01 0.000000e+00 -5.575205e-02
0.000000e+00 8.195000e+00 1.082608e+00 6.848666e-01 0.000000e+00 -5.471686e-02
0.000000e+00 8.250000e+00 1.082302e+00 6.845439e-01 0.000000e+00 -5.369822e-02
0.000000e+00 8.305000e+00 1.082001e+00 6.842267e-01 0.000000e+00 -5.269582e-02
0.000000e+00 8.360000e+00 1.081705e+00 6.839149e-01 0.000000e+00 -5.170937e-02
0.000000e+00 8.415000e+00 1.081414e+00 6.836082e-01 0.000000e+00 -5.073852e-02
0.000000e+00 8.470000e+00 1.081128e+00 6.833064e-01 0.000000e+00 -4.978290e-02
0.000000e+00 8.525000e+00 1.080846e+00 6.830092e-01 0.000000e+00 -4.884214e-02
0.000000e+00 8.580000e+00 1.080568e+00 6.827166e-01 0.000000e+00 -4.791582e-02
0.000000e+00 8.635000e+00 1.080294e+00 6.824281e-01 0.000000e+00 -4.700359e-02
0.000000e+00 8.690000e+00 1.080024e+00 6.821438e-01 0.000000e+00 -4.610509e-02
0.000000e+00 8.745000e+00 1.079757e+00 6.818635e-01 0.000000e+00 -4.521997e-02
0.000000e+00 8.800000e+00 1.079495e+00 6.815871e-01 0.000000e+00 -4.434788e-02
0.000000e+00 8.855000e+00 1.079236e+00 6.813146e-01 0.000000e+00 -4.348839e-02
0.000000e+00 8.910000e+00 1.078980e+00 6.810457e-01 0.000000e+00 -4.264105e-02
0.000000e+00 8.965000e+00 1.078728e+00 6.807804e-01 0.000000e+00 -4.180532e-02
0.000000e+00 9.020000e+00 1.078479e+00 6.805184e-01 0.000000e+00 -4.098062e-02
0.000000e+00 9.075000e+00 1.078233e+00 6.802598e-01 0.000000e+00 -4.016633e-02
0.000000e+00 9.130000e+00 1.077990e+00 6.800042e-01 0.000000e+00 -3.936186e-02
0.000000e+00 9.185000e+00 1.077750e+00 6.797516e-01 0.000000e+00 -3.856649e-02
0.000000e+00 9.240000e+00 1.077512e+00 6.795018e-01 0.000000e+00 -3.777937e-02
0.000000e+00 9.295000e+00 1.077277e+00 6.792547e-01 0.000000e+00 -3.699899e-02
0.000000e+00 9.350000e+00 1.077044e+00 6.790099e-01 0.000000e+00 -3.622418e-02
0.000000e+00 9.405000e+00 1.076813e+00 6.787677e-01 0.000000e+00 -3.545346e-02
0.000000e+00 9.460000e+00 1.076584e+00 6.785267e-01 0.000000e+00 -3.468808e-02
0.000000e+00 9.515000e+00 1.076357e+00 6.782886e-01 0.000000e+00 -3.392677e-02
0.000000e+00 9.570000e+00 1.076130e+00 6.780496e-01 0.000000e+00 -3.317098e-02
0.000000e+00 9.625000e+00 1.075907e+00 6.778153e-01 0.000000e+00 -3.240929e-02
0.000000e+00 9.680000e+00 1.075678e+00 6.775751e-01 0.000000e+00 -3.164274e-02
0.000000e+00 9.735000e+00 1.075460e+00 6.773467e-01 0.000000e+00 -3.085288e-02
0.000000e+00 9.790000e+00 1.075221e+00 6.770986e-01 0.000000e+00 -3.008476e-02
0.000000e+00 9.845000e+00 1.075012e+00 6.768861e-01 0.000000e+00 -2.932700e-02
0.000000e+00 9.900000e+00 1.074739e+00 6.766117e-01 0.000000e+00 -2.871768e-02
0.000000e+00 9.955000e+00 1.074593e+00 6.764824e-01 0.000000e+00 -2.811736e-02
0.000000e+00 1.001000e+01 1.101640e+00 7.050500e-01 -0.000000e+00 -2.260000e-03
0.000000e+00 1.006500e+01 1.101640e+00 7.050500e-01 -0.000000e+00 -2.260000e-03
0.000000e+00 1.012000e+01 1.101640e+00 7.050500e-01 -0.000000e+00 -2.260000e-03
0.000000e+00 1.017500e+01 1.101640e+00 7.050500e-01 -0.000000e+00 -2.260000e-03
0.000000e+00 1.023000e+01 1.101640e+00 7.050500e-01 -0.000000e+00 -2.260000e-03
0.000000e+00 1.028500e+01 1.101640e+00 7.050500e-01 -0.000000e+00 -2.260000e-03
0.000000e+00 1.034000e+01 1.101640e+00 7.050500e-01 -0.000000e+00 -2.260000e-03
0.000000e+00 1.039500e+01 1.101640e+00 7.050500e-01 -0.000000e+00 -2.260000e-03
0.000000e+00 1.045000e+01 1.101640e+00 7.050500e-01 -0.000000e+00 -2.260000e-03
0.000000e+00 1.050500e+01 1.101640e+00 7.050500e-01 -0.000000e+00 -2.260000e-03
0.000000e+00 1.056000e+01 1.101640e+00 7.050500e-01 -0.000000e+00 -2.260000e-03
0.000000e+00 1.061500e+01 1.101640e+00 7.050500e-01 -0.000000e+00 -2.260000e-03
0.000000e+00 1.067000e+01 1.101640e+00 7.050500e-01 -0.000000e+00 -2.260000e-03
0.000000e+00 1.072500e+01 1.101640e+00 7.050500e-01 -0.000000e+00 -2.260000e-03
0.000000e+00 1.078000e+01 1.101640e+00 7.050500e-01 -0.000000e+00 -2.260000e-03
0.000000e+00 1.083500e+01 1.101640e+00 7.050500e-01 -0.000000e+00 -2.260000e-03
0.000000e+00 1.089000e+01 1.101640e+00 7.050500e-01 -0.000000e+00 -2.260000e-03
0.000000e+00 1.094500e+01 1.101640e+00 7.050500e-01 -0.000000e+00 -2.260000e-03
0.000000e+00 1.100000e+01 1.101640e+00 7.050500e-01 -0.000000e+00 -2.260000e-03
