#############TIME##################
1.770459e+01 
###################################
0.000000e+00 0.000000e+00 1.178483e+01 4.080348e+01 0.000000e+00 -1.505477e+00
0.000000e+00 5.500000e-02 1.178483e+01 4.080348e+01 0.000000e+00 -1.505477e+00
0.000000e+00 1.100000e-01 1.178476e+01 4.080304e+01 0.000000e+00 -1.505481e+00
0.000000e+00 1.650000e-01 8.969506e+00 2.327640e+01 0.000000e+00 -1.002274e+00
0.000000e+00 2.200000e-01 6.913052e+00 1.505718e+01 0.000000e+00 -8.282142e-01
0.000000e+00 2.750000e-01 5.625343e+00 1.068872e+01 0.000000e+00 -6.875809e-01
0.000000e+00 3.300000e-01 4.770223e+00 8.126370e+00 0.000000e+00 -5.829976e-01
0.000000e+00 3.850000e-01 4.161385e+00 6.492030e+00 0.000000e+00 -5.013651e-01
0.000000e+00 4.400000e-01 3.716337e+00 5.386168e+00 0.000000e+00 -4.359920e-01
0.000000e+00 4.950000e-01 3.376858e+00 4.594259e+00 0.000000e+00 -3.828537e-01
0.000000e+00 5.500000e-01 3.109696e+00 4.006109e+00 0.000000e+00 -3.398878e-01
0.000000e+00 6.050000e-01 2.894506e+00 3.554291e+00 0.000000e+00 -3.043826e-01
0.000000e+00 6.600000e-01 2.718308e+00 3.198886e+00 0.000000e+00 -2.748368e-01
0.000000e+00 7.150000e-01 2.571407e+00 2.912915e+00 0.000000e+00 -2.498613e-01
0.000000e+00 7.700000e-01 2.447365e+00 2.678841e+00 0.000000e+00 -2.285709e-01
0.000000e+00 8.250000e-01 2.341202e+00 2.484101e+00 0.000000e+00 -2.101261e-01
0.000000e+00 8.800000e-01 2.249033e+00 2.319950e+00 0.000000e+00 -1.939194e-01
0.000000e+00 9.350000e-01 2.167596e+00 2.179904e+00 0.000000e+00 -1.794123e-01
0.000000e+00 9.900000e-01 2.094388e+00 2.059223e+00 0.000000e+00 -1.662399e-01
0.000000e+00 1.045000e+00 2.027910e+00 1.954300e+00 0.000000e+00 -1.542042e-01
0.000000e+00 1.100000e+00 1.967873e+00 1.862392e+00 0.000000e+00 -1.432893e-01
0.000000e+00 1.155000e+00 1.914483e+00 1.781321e+00 0.000000e+00 -1.335337e-01
0.000000e+00 1.210000e+00 1.867423e+00 1.709326e+00 0.000000e+00 -1.249102e-01
0.000000e+00 1.265000e+00 1.825556e+00 1.644990e+00 0.000000e+00 -1.172877e-01
0.000000e+00 1.320000e+00 1.787745e+00 1.587182e+00 0.000000e+00 -1.104820e-01
0.000000e+00 1.375000e+00 1.753278e+00 1.534983e+00 0.000000e+00 -1.043068e-01
0.000000e+00 1.430000e+00 1.721640e+00 1.487640e+00 0.000000e+00 -9.860549e-02
0.000000e+00 1.485000e+00 1.692309e+00 1.444522e+00 0.000000e+00 -9.326409e-02
0.000000e+00 1.540000e+00 1.664846e+00 1.405102e+00 0.000000e+00 -8.821607e-02
0.000000e+00 1.595000e+00 1.639023e+00 1.368931e+00 0.000000e+00 -8.343623e-02
0.000000e+00 1.650000e+00 1.614801e+00 1.335630e+00 0.000000e+00 -7.892335e-02
0.000000e+00 1.705000e+00 1.592183e+00 1.304881e+00 0.000000e+00 -7.467906e-02
0.000000e+00 1.760000e+00 1.571115e+00 1.276416e+00 0.000000e+00 -7.069977e-02
0.000000e+00 1.815000e+00 1.551476e+00 1.250002e+00 0.000000e+00 -6.698637e-02
0.000000e+00 1.870000e+00 1.533127e+00 1.225434e+00 0.000000e+00 -6.355070e-02
0.000000e+00 1.925000e+00 1.515947e+00 1.202532e+00 0.000000e+00 -6.040260e-02
0.000000e+00 1.980000e+00 1.499826e+00 1.181131e+00 0.000000e+00 -5.753002e-02
0.000000e+00 2.035000e+00 1.484644e+00 1.161069e+00 0.000000e+00 -5.489211e-02
0.000000e+00 2.090000e+00 1.470269e+00 1.142187e+00 0.000000e+00 -5.243178e-02
0.000000e+00 2.145000e+00 1.456582e+00 1.124346e+00 0.000000e+00 -5.010023e-02
0.000000e+00 2.200000e+00 1.443508e+00 1.107466e+00 0.000000e+00 -4.787990e-02
0.000000e+00 2.255000e+00 1.431043e+00 1.091544e+00 0.000000e+00 -4.579407e-02
0.000000e+00 2.310000e+00 1.419247e+00 1.076635e+00 0.000000e+00 -4.389759e-02
0.000000e+00 2.365000e+00 1.408198e+00 1.062798e+00 0.000000e+00 -4.224714e-02
0.000000e+00 2.420000e+00 1.397919e+00 1.050014e+00 0.000000e+00 -4.085472e-02
0.000000e+00 2.475000e+00 1.388317e+00 1.038112e+00 0.000000e+00 -3.964702e-02
0.000000e+00 2.530000e+00 1.379194e+00 1.026804e+00 0.000000e+00 -3.847417e-02
0.000000e+00 2.585000e+00 1.370331e+00 1.015795e+00 0.000000e+00 -3.718279e-02
0.000000e+00 2.640000e+00 1.361608e+00 1.004942e+00 0.000000e+00 -3.570854e-02
0.000000e+00 2.695000e+00 1.353062e+00 9.943113e-01 0.000000e+00 -3.411886e-02
0.000000e+00 2.750000e+00 1.344854e+00 9.841337e-01 0.000000e+00 -3.258002e-02
0.000000e+00 2.805000e+00 1.337180e+00 9.746786e-01 0.000000e+00 -3.128259e-02
0.000000e+00 2.860000e+00 1.330161e+00 9.661140e-01 0.000000e+00 -3.035367e-02
0.000000e+00 2.915000e+00 1.323742e+00 9.583711e-01 0.000000e+00 -2.977366e-02
0.000000e+00 2.970000e+00 1.317692e+00 9.511522e-01 0.000000e+00 -2.937354e-02
0.000000e+00 3.025000e+00 1.311750e+00 9.441114e-01 0.000000e+00 -2.894056e-02
0.000000e+00 3.080000e+00 1.305778e+00 9.370456e-01 0.000000e+00 -2.834475e-02
0.000000e+00 3.135000e+00 1.299841e+00 9.300003e-01 0.000000e+00 -2.761104e-02
0.000000e+00 3.190000e+00 1.294134e+00 9.231872e-01 0.000000e+00 -2.688224e-02
0.000000e+00 3.245000e+00 1.288826e+00 9.168069e-01 0.000000e+00 -2.630697e-02
0.000000e+00 3.300000e+00 1.283943e+00 9.109062e-01 0.000000e+00 -2.593669e-02
0.000000e+00 3.355000e+00 1.279350e+00 9.053577e-01 0.000000e+00 -2.569585e-02
0.000000e+00 3.410000e+00 1.274869e+00 8.999828e-01 0.000000e+00 -2.544906e-02
0.000000e+00 3.465000e+00 1.270404e+00 8.946922e-01 0.000000e+00 -2.510410e-02
0.000000e+00 3.520000e+00 1.265998e+00 8.895412e-01 0.000000e+00 -2.466900e-02
0.000000e+00 3.575000e+00 1.261763e+00 8.846478e-01 0.000000e+00 -2.422273e-02
0.000000e+00 3.630000e+00 1.257771e+00 8.800679e-01 0.000000e+00 -2.383868e-02
0.000000e+00 3.685000e+00 1.253987e+00 8.757264e-01 0.000000e+00 -2.352371e-02
0.000000e+00 3.740000e+00 1.250290e+00 8.714567e-01 0.000000e+00 -2.321742e-02
0.000000e+00 3.795000e+00 1.246574e+00 8.671226e-01 0.000000e+00 -2.285005e-02
0.000000e+00 3.850000e+00 1.242827e+00 8.627145e-01 0.000000e+00 -2.240264e-02
0.000000e+00 3.905000e+00 1.239133e+00 8.583516e-01 0.000000e+00 -2.192271e-02
0.000000e+00 3.960000e+00 1.235612e+00 8.541973e-01 0.000000e+00 -2.149122e-02
0.000000e+00 4.015000e+00 1.232337e+00 8.503623e-01 0.000000e+00 -2.117139e-02
0.000000e+00 4.070000e+00 1.229300e+00 8.468490e-01 0.000000e+00 -2.097340e-02
0.000000e+00 4.125000e+00 1.226422e+00 8.435676e-01 0.000000e+00 -2.085697e-02
0.000000e+00 4.180000e+00 1.223616e+00 8.404007e-01 0.000000e+00 -2.076436e-02
0.000000e+00 4.235000e+00 1.220827e+00 8.372623e-01 0.000000e+00 -2.065348e-02
0.000000e+00 4.290000e+00 1.218048e+00 8.341197e-01 0.000000e+00 -2.051157e-02
0.000000e+00 4.345000e+00 1.215302e+00 8.309829e-01 0.000000e+00 -2.034731e-02
0.000000e+00 4.400000e+00 1.212613e+00 8.278786e-01 0.000000e+00 -2.017322e-02
0.000000e+00 4.455000e+00 1.209990e+00 8.248315e-01 0.000000e+00 -1.999304e-02
0.000000e+00 4.510000e+00 1.207427e+00 8.218568e-01 0.000000e+00 -1.980107e-02
0.000000e+00 4.565000e+00 1.204912e+00 8.189609e-01 0.000000e+00 -1.959052e-02
0.000000e+00 4.620000e+00 1.202434e+00 8.161471e-01 0.000000e+00 -1.936131e-02
0.000000e+00 4.675000e+00 1.200000e+00 8.134191e-01 0.000000e+00 -1.912022e-02
0.000000e+00 4.730000e+00 1.197629e+00 8.107827e-01 0.000000e+00 -1.887419e-02
0.000000e+00 4.785000e+00 1.195344e+00 8.082436e-01 0.000000e+00 -1.862432e-02
0.000000e+00 4.840000e+00 1.193162e+00 8.058008e-01 0.000000e+00 -1.836690e-02
0.000000e+00 4.895000e+00 1.191081e+00 8.034426e-01 0.000000e+00 -1.810090e-02
0.000000e+00 4.950000e+00 1.189076e+00 8.011459e-01 0.000000e+00 -1.783473e-02
0.000000e+00 5.005000e+00 1.187108e+00 7.988843e-01 0.000000e+00 -1.758520e-02
0.000000e+00 5.060000e+00 1.185142e+00 7.966370e-01 0.000000e+00 -1.736768e-02
0.000000e+00 5.115000e+00 1.183156e+00 7.943961e-01 0.000000e+00 -1.718427e-02
0.000000e+00 5.170000e+00 1.181149e+00 7.921650e-01 0.000000e+00 -1.701924e-02
0.000000e+00 5.225000e+00 1.179138e+00 7.899535e-01 0.000000e+00 -1.684659e-02
0.000000e+00 5.280000e+00 1.177149e+00 7.877747e-01 0.000000e+00 -1.664610e-02
0.000000e+00 5.335000e+00 1.175211e+00 7.856446e-01 0.000000e+00 -1.641771e-02
0.000000e+00 5.390000e+00 1.173358e+00 7.835850e-01 0.000000e+00 -1.618376e-02
0.000000e+00 5.445000e+00 1.171613e+00 7.816221e-01 0.000000e+00 -1.597614e-02
0.000000e+00 5.500000e+00 1.169993e+00 7.797792e-01 0.000000e+00 -1.581489e-02
0.000000e+00 5.555000e+00 1.168489e+00 7.780634e-01 0.000000e+00 -1.569165e-02
0.000000e+00 5.610000e+00 1.167071e+00 7.764546e-01 0.000000e+00 -1.556984e-02
0.000000e+00 5.665000e+00 1.165686e+00 7.749074e-01 0.000000e+00 -1.540481e-02
0.000000e+00 5.720000e+00 1.164287e+00 7.733679e-01 0.000000e+00 -1.517292e-02
0.000000e+00 5.775000e+00 1.162844e+00 7.717976e-01 0.000000e+00 -1.488980e-02
0.000000e+00 5.830000e+00 1.161364e+00 7.701908e-01 0.000000e+00 -1.460441e-02
0.000000e+00 5.885000e+00 1.159882e+00 7.685729e-01 0.000000e+00 -1.437236e-02
0.000000e+00 5.940000e+00 1.158442e+00 7.669816e-01 0.000000e+00 -1.422620e-02
0.000000e+00 5.995000e+00 1.157065e+00 7.654413e-01 0.000000e+00 -1.415979e-02
0.000000e+00 6.050000e+00 1.155741e+00 7.639468e-01 0.000000e+00 -1.413360e-02
0.000000e+00 6.105000e+00 1.154431e+00 7.624690e-01 0.000000e+00 -1.409639e-02
0.000000e+00 6.160000e+00 1.153097e+00 7.609782e-01 0.000000e+00 -1.400968e-02
0.000000e+00 6.215000e+00 1.151728e+00 7.594683e-01 0.000000e+00 -1.386169e-02
0.000000e+00 6.270000e+00 1.150346e+00 7.579648e-01 0.000000e+00 -1.366616e-02
0.000000e+00 6.325000e+00 1.148998e+00 7.565100e-01 0.000000e+00 -1.345047e-02
0.000000e+00 6.380000e+00 1.147726e+00 7.551383e-01 0.000000e+00 -1.324164e-02
0.000000e+00 6.435000e+00 1.146544e+00 7.538553e-01 0.000000e+00 -1.305598e-02
0.000000e+00 6.490000e+00 1.145436e+00 7.526354e-01 0.000000e+00 -1.289556e-02
0.000000e+00 6.545000e+00 1.144361e+00 7.514367e-01 0.000000e+00 -1.275197e-02
0.000000e+00 6.600000e+00 1.143281e+00 7.502244e-01 0.000000e+00 -1.261400e-02
0.000000e+00 6.655000e+00 1.142175e+00 7.489868e-01 0.000000e+00 -1.247417e-02
0.000000e+00 6.710000e+00 1.141049e+00 7.477385e-01 0.000000e+00 -1.233071e-02
0.000000e+00 6.765000e+00 1.139925e+00 7.465097e-01 0.000000e+00 -1.218502e-02
0.000000e+00 6.820000e+00 1.138833e+00 7.453309e-01 0.000000e+00 -1.203768e-02
0.000000e+00 6.875000e+00 1.137796e+00 7.442197e-01 0.000000e+00 -1.188606e-02
0.000000e+00 6.930000e+00 1.136820e+00 7.431728e-01 0.000000e+00 -1.172518e-02
0.000000e+00 6.985000e+00 1.135891e+00 7.421682e-01 0.000000e+00 -1.155128e-02
0.000000e+00 7.040000e+00 1.134986e+00 7.411746e-01 0.000000e+00 -1.136652e-02
0.000000e+00 7.095000e+00 1.134076e+00 7.401654e-01 0.000000e+00 -1.118137e-02
0.000000e+00 7.150000e+00 1.133145e+00 7.391284e-01 0.000000e+00 -1.101230e-02
0.000000e+00 7.205000e+00 1.132188e+00 7.380668e-01 0.000000e+00 -1.087430e-02
0.000000e+00 7.260000e+00 1.131208e+00 7.369921e-01 0.000000e+00 -1.077205e-02
0.000000e+00 7.315000e+00 1.130214e+00 7.359161e-01 0.000000e+00 -1.069543e-02
0.000000e+00 7.370000e+00 1.129220e+00 7.348495e-01 0.000000e+00 -1.062275e-02
0.000000e+00 7.425000e+00 1.128240e+00 7.338036e-01 0.000000e+00 -1.053041e-02
0.000000e+00 7.480000e+00 1.127295e+00 7.327919e-01 0.000000e+00 -1.040301e-02
0.000000e+00 7.535000e+00 1.126400e+00 7.318249e-01 0.000000e+00 -1.023842e-02
0.000000e+00 7.590000e+00 1.125557e+00 7.309033e-01 0.000000e+00 -1.004674e-02
0.000000e+00 7.645000e+00 1.124752e+00 7.300164e-01 0.000000e+00 -9.845421e-03
0.000000e+00 7.700000e+00 1.123965e+00 7.291480e-01 0.000000e+00 -9.653128e-03
0.000000e+00 7.755000e+00 1.123180e+00 7.282862e-01 0.000000e+00 -9.483490e-03
0.000000e+00 7.810000e+00 1.122390e+00 7.274280e-01 0.000000e+00 -9.339907e-03
0.000000e+00 7.865000e+00 1.121598e+00 7.265779e-01 0.000000e+00 -9.213863e-03
0.000000e+00 7.920000e+00 1.120815e+00 7.257427e-01 0.000000e+00 -9.088755e-03
0.000000e+00 7.975000e+00 1.120051e+00 7.249283e-01 0.000000e+00 -8.948066e-03
0.000000e+00 8.030000e+00 1.119315e+00 7.241399e-01 0.000000e+00 -8.783274e-03
0.000000e+00 8.085000e+00 1.118613e+00 7.233808e-01 0.000000e+00 -8.597132e-03
0.000000e+00 8.140000e+00 1.117946e+00 7.226512e-01 0.000000e+00 -8.401569e-03
0.000000e+00 8.195000e+00 1.117304e+00 7.219461e-01 0.000000e+00 -8.212760e-03
0.000000e+00 8.250000e+00 1.116674e+00 7.212556e-01 0.000000e+00 -8.045949e-03
0.000000e+00 8.305000e+00 1.116041e+00 7.205689e-01 0.000000e+00 -7.910827e-03
0.000000e+00 8.360000e+00 1.115397e+00 7.198785e-01 0.000000e+00 -7.807607e-03
0.000000e+00 8.415000e+00 1.114743e+00 7.191842e-01 0.000000e+00 -7.725105e-03
0.000000e+00 8.470000e+00 1.114092e+00 7.184939e-01 0.000000e+00 -7.643014e-03
0.000000e+00 8.525000e+00 1.113459e+00 7.178206e-01 0.000000e+00 -7.538958e-03
0.000000e+00 8.580000e+00 1.112862e+00 7.171777e-01 0.000000e+00 -7.397698e-03
0.000000e+00 8.635000e+00 1.112307e+00 7.165732e-01 0.000000e+00 -7.217786e-03
0.000000e+00 8.690000e+00 1.111789e+00 7.160058e-01 0.000000e+00 -7.011842e-03
0.000000e+00 8.745000e+00 1.111296e+00 7.154658e-01 0.000000e+00 -6.799997e-03
0.000000e+00 8.800000e+00 1.110812e+00 7.149402e-01 0.000000e+00 -6.599841e-03
0.000000e+00 8.855000e+00 1.110325e+00 7.144198e-01 0.000000e+00 -6.417872e-03
0.000000e+00 8.910000e+00 1.109836e+00 7.139042e-01 0.000000e+00 -6.246323e-03
0.000000e+00 8.965000e+00 1.109358e+00 7.134022e-01 0.000000e+00 -6.066465e-03
0.000000e+00 9.020000e+00 1.108907e+00 7.129264e-01 0.000000e+00 -5.856611e-03
0.000000e+00 9.075000e+00 1.108494e+00 7.124866e-01 0.000000e+00 -5.601381e-03
0.000000e+00 9.130000e+00 1.108122e+00 7.120842e-01 0.000000e+00 -5.298786e-03
0.000000e+00 9.185000e+00 1.107783e+00 7.117111e-01 0.000000e+00 -4.962447e-03
0.000000e+00 9.240000e+00 1.107457e+00 7.113517e-01 0.000000e+00 -4.617887e-03
0.000000e+00 9.295000e+00 1.107125e+00 7.109884e-01 0.000000e+00 -4.293492e-03
0.000000e+00 9.350000e+00 1.106770e+00 7.106057e-01 0.000000e+00 -4.009209e-03
0.000000e+00 9.405000e+00 1.106382e+00 7.101947e-01 0.000000e+00 -3.766628e-03
0.000000e+00 9.460000e+00 1.105966e+00 7.097548e-01 0.000000e+00 -3.546492e-03
0.000000e+00 9.515000e+00 1.105531e+00 7.092937e-01 0.000000e+00 -3.316327e-03
0.000000e+00 9.570000e+00 1.105090e+00 7.088215e-01 0.000000e+00 -3.053248e-03
0.000000e+00 9.625000e+00 1.104653e+00 7.083538e-01 0.000000e+00 -2.761002e-03
0.000000e+00 9.680000e+00 1.104215e+00 7.078931e-01 0.000000e+00 -2.489289e-03
0.000000e+00 9.735000e+00 1.103791e+00 7.074612e-01 0.000000e+00 -2.276925e-03
0.000000e+00 9.790000e+00 1.103348e+00 7.070188e-01 0.000000e+00 -2.174194e-03
0.000000e+00 9.845000e+00 1.102997e+00 7.066542e-01 0.000000e+00 -2.068513e-03
0.000000e+00 9.900000e+00 1.102635e+00 7.062184e-01 0.000000e+00 -2.047841e-03
0.000000e+00 9.955000e+00 1.102740e+00 7.062387e-01 0.000000e+00 -1.694855e-03
0.000000e+00 1.001000e+01 1.101640e+00 7.050500e-01 -0.000000e+00 -2.260000e-03
0.000000e+00 1.006500e+01 1.101640e+00 7.050500e-01 -0.000000e+00 -2.260000e-03
0.000000e+00 1.012000e+01 1.101640e+00 7.050500e-01 -0.000000e+00 -2.260000e-03
0.000000e+00 1.017500e+01 1.101640e+00 7.050500e-01 -0.000000e+00 -2.260000e-03
0.000000e+00 1.023000e+01 1.101640e+00 7.050500e-01 -0.000000e+00 -2.260000e-03
0.000000e+00 1.028500e+01 1.101640e+00 7.050500e-01 -0.000000e+00 -2.260000e-03
0.000000e+00 1.034000e+01 1.101640e+00 7.050500e-01 -0.000000e+00 -2.260000e-03
0.000000e+00 1.039500e+01 1.101640e+00 7.050500e-01 -0.000000e+00 -2.260000e-03
0.000000e+00 1.045000e+01 1.101640e+00 7.050500e-01 -0.000000e+00 -2.260000e-03
0.000000e+00 1.050500e+01 1.101640e+00 7.050500e-01 -0.000000e+00 -2.260000e-03
0.000000e+00 1.056000e+01 1.101640e+00 7.050500e-01 -0.000000e+00 -2.260000e-03
0.000000e+00 1.061500e+01 1.101640e+00 7.050500e-01 -0.000000e+00 -2.260000e-03
0.000000e+00 1.067000e+01 1.101640e+00 7.050500e-01 -0.000000e+00 -2.260000e-03
0.000000e+00 1.072500e+01 1.101640e+00 7.050500e-01 -0.000000e+00 -2.260000e-03
0.000000e+00 1.078000e+01 1.101640e+00 7.050500e-01 -0.000000e+00 -2.260000e-03
0.000000e+00 1.083500e+01 1.101640e+00 7.050500e-01 -0.000000e+00 -2.260000e-03
0.000000e+00 1.089000e+01 1.101640e+00 7.050500e-01 -0.000000e+00 -2.260000e-03
0.000000e+00 1.094500e+01 1.101640e+00 7.050500e-01 -0.000000e+00 -2.260000e-03
0.000000e+00 1.100000e+01 1.101640e+00 7.050500e-01 -0.000000e+00 -2.260000e-03
