#############TIME##################
1.710643e+01 
###################################
0.000000e+00 0.000000e+00 1.179023e+01 4.083676e+01 0.000000e+00 -1.505251e+00
0.000000e+00 5.500000e-02 1.179023e+01 4.083676e+01 0.000000e+00 -1.505251e+00
0.000000e+00 1.100000e-01 1.179016e+01 4.083633e+01 0.000000e+00 -1.505254e+00
0.000000e+00 1.650000e-01 8.975903e+00 2.330083e+01 0.000000e+00 -1.002318e+00
0.000000e+00 2.200000e-01 6.920135e+00 1.507491e+01 0.000000e+00 -8.288290e-01
0.000000e+00 2.750000e-01 5.634067e+00 1.070392e+01 0.000000e+00 -6.889439e-01
0.000000e+00 3.300000e-01 4.780181e+00 8.139658e+00 0.000000e+00 -5.849237e-01
0.000000e+00 3.850000e-01 4.171839e+00 6.503786e+00 0.000000e+00 -5.035160e-01
0.000000e+00 4.400000e-01 3.726288e+00 5.396671e+00 0.000000e+00 -4.380064e-01
0.000000e+00 4.950000e-01 3.385521e+00 4.603748e+00 0.000000e+00 -3.844148e-01
0.000000e+00 5.500000e-01 3.116672e+00 4.014771e+00 0.000000e+00 -3.408095e-01
0.000000e+00 6.050000e-01 2.899677e+00 3.562229e+00 0.000000e+00 -3.045999e-01
0.000000e+00 6.600000e-01 2.721722e+00 3.206175e+00 0.000000e+00 -2.743864e-01
0.000000e+00 7.150000e-01 2.573220e+00 2.919623e+00 0.000000e+00 -2.488566e-01
0.000000e+00 7.700000e-01 2.447888e+00 2.685056e+00 0.000000e+00 -2.271757e-01
0.000000e+00 8.250000e-01 2.340999e+00 2.489917e+00 0.000000e+00 -2.085382e-01
0.000000e+00 8.800000e-01 2.248897e+00 2.325453e+00 0.000000e+00 -1.923623e-01
0.000000e+00 9.350000e-01 2.168497e+00 2.185174e+00 0.000000e+00 -1.781142e-01
0.000000e+00 9.900000e-01 2.097267e+00 2.064329e+00 0.000000e+00 -1.653690e-01
0.000000e+00 1.045000e+00 2.033068e+00 1.959273e+00 0.000000e+00 -1.537809e-01
0.000000e+00 1.100000e+00 1.974383e+00 1.867217e+00 0.000000e+00 -1.431539e-01
0.000000e+00 1.155000e+00 1.920646e+00 1.785973e+00 0.000000e+00 -1.334351e-01
0.000000e+00 1.210000e+00 1.872070e+00 1.713814e+00 0.000000e+00 -1.246590e-01
0.000000e+00 1.265000e+00 1.828805e+00 1.649338e+00 0.000000e+00 -1.168292e-01
0.000000e+00 1.320000e+00 1.790302e+00 1.591409e+00 0.000000e+00 -1.098620e-01
0.000000e+00 1.375000e+00 1.755603e+00 1.539108e+00 0.000000e+00 -1.036074e-01
0.000000e+00 1.430000e+00 1.723925e+00 1.491678e+00 0.000000e+00 -9.790158e-02
0.000000e+00 1.485000e+00 1.694685e+00 1.448482e+00 0.000000e+00 -9.260574e-02
0.000000e+00 1.540000e+00 1.667406e+00 1.408990e+00 0.000000e+00 -8.762526e-02
0.000000e+00 1.595000e+00 1.641770e+00 1.372755e+00 0.000000e+00 -8.291275e-02
0.000000e+00 1.650000e+00 1.617649e+00 1.339393e+00 0.000000e+00 -7.845913e-02
0.000000e+00 1.705000e+00 1.595025e+00 1.308577e+00 0.000000e+00 -7.427081e-02
0.000000e+00 1.760000e+00 1.573876e+00 1.280029e+00 0.000000e+00 -7.034648e-02
0.000000e+00 1.815000e+00 1.554124e+00 1.253513e+00 0.000000e+00 -6.667334e-02
0.000000e+00 1.870000e+00 1.535659e+00 1.228830e+00 0.000000e+00 -6.323833e-02
0.000000e+00 1.925000e+00 1.518366e+00 1.205806e+00 0.000000e+00 -6.003484e-02
0.000000e+00 1.980000e+00 1.502144e+00 1.184285e+00 0.000000e+00 -5.706041e-02
0.000000e+00 2.035000e+00 1.486896e+00 1.164131e+00 0.000000e+00 -5.431083e-02
0.000000e+00 2.090000e+00 1.472531e+00 1.145234e+00 0.000000e+00 -5.177562e-02
0.000000e+00 2.145000e+00 1.458965e+00 1.127504e+00 0.000000e+00 -4.943811e-02
0.000000e+00 2.200000e+00 1.446118e+00 1.110857e+00 0.000000e+00 -4.727942e-02
0.000000e+00 2.255000e+00 1.433911e+00 1.095200e+00 0.000000e+00 -4.528111e-02
0.000000e+00 2.310000e+00 1.422267e+00 1.080429e+00 0.000000e+00 -4.342225e-02
0.000000e+00 2.365000e+00 1.411129e+00 1.066443e+00 0.000000e+00 -4.167464e-02
0.000000e+00 2.420000e+00 1.400471e+00 1.053166e+00 0.000000e+00 -4.000484e-02
0.000000e+00 2.475000e+00 1.390292e+00 1.040545e+00 0.000000e+00 -3.838596e-02
0.000000e+00 2.530000e+00 1.380605e+00 1.028551e+00 0.000000e+00 -3.681140e-02
0.000000e+00 2.585000e+00 1.371416e+00 1.017160e+00 0.000000e+00 -3.529732e-02
0.000000e+00 2.640000e+00 1.362712e+00 1.006344e+00 0.000000e+00 -3.386801e-02
0.000000e+00 2.695000e+00 1.354451e+00 9.960652e-01 0.000000e+00 -3.253226e-02
0.000000e+00 2.750000e+00 1.346561e+00 9.862635e-01 0.000000e+00 -3.126772e-02
0.000000e+00 2.805000e+00 1.338953e+00 9.768642e-01 0.000000e+00 -3.002780e-02
0.000000e+00 2.860000e+00 1.331545e+00 9.677974e-01 0.000000e+00 -2.877118e-02
0.000000e+00 2.915000e+00 1.324299e+00 9.590308e-01 0.000000e+00 -2.749699e-02
0.000000e+00 2.970000e+00 1.317251e+00 9.505962e-01 0.000000e+00 -2.626231e-02
0.000000e+00 3.025000e+00 1.310504e+00 9.425896e-01 0.000000e+00 -2.516755e-02
0.000000e+00 3.080000e+00 1.304191e+00 9.351291e-01 0.000000e+00 -2.431121e-02
0.000000e+00 3.135000e+00 1.298392e+00 9.282686e-01 0.000000e+00 -2.372550e-02
0.000000e+00 3.190000e+00 1.293046e+00 9.219072e-01 0.000000e+00 -2.332596e-02
0.000000e+00 3.245000e+00 1.287948e+00 9.157922e-01 0.000000e+00 -2.292796e-02
0.000000e+00 3.300000e+00 1.282833e+00 9.096271e-01 0.000000e+00 -2.233693e-02
0.000000e+00 3.355000e+00 1.277539e+00 9.032513e-01 0.000000e+00 -2.146590e-02
0.000000e+00 3.410000e+00 1.272110e+00 8.967579e-01 0.000000e+00 -2.039958e-02
0.000000e+00 3.465000e+00 1.266777e+00 8.904438e-01 0.000000e+00 -1.934954e-02
0.000000e+00 3.520000e+00 1.261847e+00 8.846766e-01 0.000000e+00 -1.855866e-02
0.000000e+00 3.575000e+00 1.257563e+00 8.797280e-01 0.000000e+00 -1.819758e-02
0.000000e+00 3.630000e+00 1.253924e+00 8.755677e-01 0.000000e+00 -1.824517e-02
0.000000e+00 3.685000e+00 1.250663e+00 8.718491e-01 0.000000e+00 -1.847872e-02
0.000000e+00 3.740000e+00 1.247418e+00 8.681222e-01 0.000000e+00 -1.861727e-02
0.000000e+00 3.795000e+00 1.243925e+00 8.640654e-01 0.000000e+00 -1.847588e-02
0.000000e+00 3.850000e+00 1.240189e+00 8.596848e-01 0.000000e+00 -1.807361e-02
0.000000e+00 3.905000e+00 1.236422e+00 8.552462e-01 0.000000e+00 -1.759038e-02
0.000000e+00 3.960000e+00 1.232865e+00 8.510529e-01 0.000000e+00 -1.721905e-02
0.000000e+00 4.015000e+00 1.229627e+00 8.472573e-01 0.000000e+00 -1.704525e-02
0.000000e+00 4.070000e+00 1.226627e+00 8.437821e-01 0.000000e+00 -1.700178e-02
0.000000e+00 4.125000e+00 1.223681e+00 8.404198e-01 0.000000e+00 -1.693582e-02
0.000000e+00 4.180000e+00 1.220655e+00 8.370035e-01 0.000000e+00 -1.673126e-02
0.000000e+00 4.235000e+00 1.217561e+00 8.335243e-01 0.000000e+00 -1.638634e-02
0.000000e+00 4.290000e+00 1.214529e+00 8.301043e-01 0.000000e+00 -1.599530e-02
0.000000e+00 4.345000e+00 1.211702e+00 8.268894e-01 0.000000e+00 -1.567030e-02
0.000000e+00 4.400000e+00 1.209152e+00 8.239561e-01 0.000000e+00 -1.547130e-02
0.000000e+00 4.455000e+00 1.206849e+00 8.212798e-01 0.000000e+00 -1.538176e-02
0.000000e+00 4.510000e+00 1.204698e+00 8.187740e-01 0.000000e+00 -1.533759e-02
0.000000e+00 4.565000e+00 1.202600e+00 8.163491e-01 0.000000e+00 -1.527553e-02
0.000000e+00 4.620000e+00 1.200490e+00 8.139468e-01 0.000000e+00 -1.516527e-02
0.000000e+00 4.675000e+00 1.198340e+00 8.115379e-01 0.000000e+00 -1.501245e-02
0.000000e+00 4.730000e+00 1.196146e+00 8.091035e-01 0.000000e+00 -1.484248e-02
0.000000e+00 4.785000e+00 1.193911e+00 8.066251e-01 0.000000e+00 -1.468216e-02
0.000000e+00 4.840000e+00 1.191640e+00 8.040898e-01 0.000000e+00 -1.454689e-02
0.000000e+00 4.895000e+00 1.189348e+00 8.015024e-01 0.000000e+00 -1.443504e-02
0.000000e+00 4.950000e+00 1.187059e+00 7.988920e-01 0.000000e+00 -1.432996e-02
0.000000e+00 5.005000e+00 1.184801e+00 7.963077e-01 0.000000e+00 -1.420955e-02
0.000000e+00 5.060000e+00 1.182609e+00 7.938066e-01 0.000000e+00 -1.405970e-02
0.000000e+00 5.115000e+00 1.180512e+00 7.914395e-01 0.000000e+00 -1.388365e-02
0.000000e+00 5.170000e+00 1.178534e+00 7.892393e-01 0.000000e+00 -1.370079e-02
0.000000e+00 5.225000e+00 1.176690e+00 7.872147e-01 0.000000e+00 -1.353492e-02
0.000000e+00 5.280000e+00 1.174977e+00 7.853487e-01 0.000000e+00 -1.339968e-02
0.000000e+00 5.335000e+00 1.173378e+00 7.836012e-01 0.000000e+00 -1.329085e-02
0.000000e+00 5.390000e+00 1.171856e+00 7.819166e-01 0.000000e+00 -1.318998e-02
0.000000e+00 5.445000e+00 1.170361e+00 7.802368e-01 0.000000e+00 -1.307588e-02
0.000000e+00 5.500000e+00 1.168848e+00 7.785167e-01 0.000000e+00 -1.293638e-02
0.000000e+00 5.555000e+00 1.167287e+00 7.767369e-01 0.000000e+00 -1.277493e-02
0.000000e+00 5.610000e+00 1.165673e+00 7.749092e-01 0.000000e+00 -1.260953e-02
0.000000e+00 5.665000e+00 1.164027e+00 7.730694e-01 0.000000e+00 -1.246438e-02
0.000000e+00 5.720000e+00 1.162387e+00 7.712630e-01 0.000000e+00 -1.235738e-02
0.000000e+00 5.775000e+00 1.160795e+00 7.695281e-01 0.000000e+00 -1.228910e-02
0.000000e+00 5.830000e+00 1.159280e+00 7.678858e-01 0.000000e+00 -1.223935e-02
0.000000e+00 5.885000e+00 1.157860e+00 7.663398e-01 0.000000e+00 -1.217476e-02
0.000000e+00 5.940000e+00 1.156538e+00 7.648843e-01 0.000000e+00 -1.206469e-02
0.000000e+00 5.995000e+00 1.155310e+00 7.635124e-01 0.000000e+00 -1.189729e-02
0.000000e+00 6.050000e+00 1.154167e+00 7.622202e-01 0.000000e+00 -1.168609e-02
0.000000e+00 6.105000e+00 1.153096e+00 7.610055e-01 0.000000e+00 -1.146388e-02
0.000000e+00 6.160000e+00 1.152081e+00 7.598636e-01 0.000000e+00 -1.126754e-02
0.000000e+00 6.215000e+00 1.151102e+00 7.587803e-01 0.000000e+00 -1.112219e-02
0.000000e+00 6.270000e+00 1.150132e+00 7.577269e-01 0.000000e+00 -1.103211e-02
0.000000e+00 6.325000e+00 1.149138e+00 7.566612e-01 0.000000e+00 -1.098151e-02
0.000000e+00 6.380000e+00 1.148092e+00 7.555381e-01 0.000000e+00 -1.094345e-02
0.000000e+00 6.435000e+00 1.146976e+00 7.543293e-01 0.000000e+00 -1.089158e-02
0.000000e+00 6.490000e+00 1.145803e+00 7.530403e-01 0.000000e+00 -1.080914e-02
0.000000e+00 6.545000e+00 1.144611e+00 7.517151e-01 0.000000e+00 -1.069251e-02
0.000000e+00 6.600000e+00 1.143456e+00 7.504207e-01 0.000000e+00 -1.054947e-02
0.000000e+00 6.655000e+00 1.142385e+00 7.492192e-01 0.000000e+00 -1.039411e-02
0.000000e+00 6.710000e+00 1.141414e+00 7.481386e-01 0.000000e+00 -1.024012e-02
0.000000e+00 6.765000e+00 1.140521e+00 7.471600e-01 0.000000e+00 -1.009507e-02
0.000000e+00 6.820000e+00 1.139656e+00 7.462262e-01 0.000000e+00 -9.958559e-03
0.000000e+00 6.875000e+00 1.138762e+00 7.452709e-01 0.000000e+00 -9.825685e-03
0.000000e+00 6.930000e+00 1.137810e+00 7.442507e-01 0.000000e+00 -9.693401e-03
0.000000e+00 6.985000e+00 1.136806e+00 7.431652e-01 0.000000e+00 -9.564395e-03
0.000000e+00 7.040000e+00 1.135791e+00 7.420537e-01 0.000000e+00 -9.444308e-03
0.000000e+00 7.095000e+00 1.134815e+00 7.409724e-01 0.000000e+00 -9.334056e-03
0.000000e+00 7.150000e+00 1.133913e+00 7.399663e-01 0.000000e+00 -9.223630e-03
0.000000e+00 7.205000e+00 1.133091e+00 7.390502e-01 0.000000e+00 -9.094128e-03
0.000000e+00 7.260000e+00 1.132326e+00 7.382075e-01 0.000000e+00 -8.928875e-03
0.000000e+00 7.315000e+00 1.131585e+00 7.374031e-01 0.000000e+00 -8.725728e-03
0.000000e+00 7.370000e+00 1.130836e+00 7.366014e-01 0.000000e+00 -8.500911e-03
0.000000e+00 7.425000e+00 1.130063e+00 7.357795e-01 0.000000e+00 -8.281914e-03
0.000000e+00 7.480000e+00 1.129270e+00 7.349318e-01 0.000000e+00 -8.094424e-03
0.000000e+00 7.535000e+00 1.128469e+00 7.340665e-01 0.000000e+00 -7.951229e-03
0.000000e+00 7.590000e+00 1.127674e+00 7.331975e-01 0.000000e+00 -7.847844e-03
0.000000e+00 7.645000e+00 1.126893e+00 7.323357e-01 0.000000e+00 -7.765180e-03
0.000000e+00 7.700000e+00 1.126126e+00 7.314868e-01 0.000000e+00 -7.677916e-03
0.000000e+00 7.755000e+00 1.125369e+00 7.306543e-01 0.000000e+00 -7.565826e-03
0.000000e+00 7.810000e+00 1.124625e+00 7.298444e-01 0.000000e+00 -7.422893e-03
0.000000e+00 7.865000e+00 1.123901e+00 7.290645e-01 0.000000e+00 -7.258687e-03
0.000000e+00 7.920000e+00 1.123198e+00 7.283153e-01 0.000000e+00 -7.090714e-03
0.000000e+00 7.975000e+00 1.122513e+00 7.275850e-01 0.000000e+00 -6.932798e-03
0.000000e+00 8.030000e+00 1.121830e+00 7.268531e-01 0.000000e+00 -6.787504e-03
0.000000e+00 8.085000e+00 1.121140e+00 7.261065e-01 0.000000e+00 -6.646854e-03
0.000000e+00 8.140000e+00 1.120451e+00 7.253540e-01 0.000000e+00 -6.498331e-03
0.000000e+00 8.195000e+00 1.119790e+00 7.246267e-01 0.000000e+00 -6.330020e-03
0.000000e+00 8.250000e+00 1.119184e+00 7.239608e-01 0.000000e+00 -6.132711e-03
0.000000e+00 8.305000e+00 1.118647e+00 7.233755e-01 0.000000e+00 -5.902050e-03
0.000000e+00 8.360000e+00 1.118168e+00 7.228613e-01 0.000000e+00 -5.643023e-03
0.000000e+00 8.415000e+00 1.117718e+00 7.223847e-01 0.000000e+00 -5.372866e-03
0.000000e+00 8.470000e+00 1.117260e+00 7.219020e-01 0.000000e+00 -5.116448e-03
0.000000e+00 8.525000e+00 1.116763e+00 7.213738e-01 0.000000e+00 -4.894380e-03
0.000000e+00 8.580000e+00 1.116207e+00 7.207751e-01 0.000000e+00 -4.711750e-03
0.000000e+00 8.635000e+00 1.115588e+00 7.201003e-01 0.000000e+00 -4.556543e-03
0.000000e+00 8.690000e+00 1.114913e+00 7.193622e-01 0.000000e+00 -4.408567e-03
0.000000e+00 8.745000e+00 1.114200e+00 7.185850e-01 0.000000e+00 -4.251084e-03
0.000000e+00 8.800000e+00 1.113469e+00 7.177931e-01 0.000000e+00 -4.076651e-03
0.000000e+00 8.855000e+00 1.112731e+00 7.170013e-01 0.000000e+00 -3.885098e-03
0.000000e+00 8.910000e+00 1.111990e+00 7.162142e-01 0.000000e+00 -3.677882e-03
0.000000e+00 8.965000e+00 1.111252e+00 7.154320e-01 0.000000e+00 -3.454131e-03
0.000000e+00 9.020000e+00 1.110524e+00 7.146589e-01 0.000000e+00 -3.210509e-03
0.000000e+00 9.075000e+00 1.109819e+00 7.139060e-01 0.000000e+00 -2.943517e-03
0.000000e+00 9.130000e+00 1.109155e+00 7.131892e-01 0.000000e+00 -2.651636e-03
0.000000e+00 9.185000e+00 1.108543e+00 7.125241e-01 0.000000e+00 -2.335860e-03
0.000000e+00 9.240000e+00 1.107992e+00 7.119234e-01 0.000000e+00 -1.998868e-03
0.000000e+00 9.295000e+00 1.107509e+00 7.113978e-01 0.000000e+00 -1.643310e-03
0.000000e+00 9.350000e+00 1.107100e+00 7.109564e-01 0.000000e+00 -1.269263e-03
0.000000e+00 9.405000e+00 1.106769e+00 7.106056e-01 0.000000e+00 -8.712993e-04
0.000000e+00 9.460000e+00 1.106521e+00 7.103458e-01 0.000000e+00 -4.377842e-04
0.000000e+00 9.515000e+00 1.106352e+00 7.101699e-01 0.000000e+00 4.274419e-05
0.000000e+00 9.570000e+00 1.106257e+00 7.100673e-01 0.000000e+00 5.683472e-04
0.000000e+00 9.625000e+00 1.106220e+00 7.100264e-01 0.000000e+00 1.108153e-03
0.000000e+00 9.680000e+00 1.106229e+00 7.100418e-01 0.000000e+00 1.604422e-03
0.000000e+00 9.735000e+00 1.106274e+00 7.101096e-01 0.000000e+00 1.988235e-03
0.000000e+00 9.790000e+00 1.106359e+00 7.102318e-01 0.000000e+00 2.230719e-03
0.000000e+00 9.845000e+00 1.106493e+00 7.103964e-01 0.000000e+00 2.373099e-03
0.000000e+00 9.900000e+00 1.106692e+00 7.105889e-01 0.000000e+00 2.512225e-03
0.000000e+00 9.955000e+00 1.106971e+00 7.108059e-01 0.000000e+00 2.687608e-03
0.000000e+00 1.001000e+01 1.101640e+00 7.050500e-01 -0.000000e+00 -2.260000e-03
0.000000e+00 1.006500e+01 1.101640e+00 7.050500e-01 -0.000000e+00 -2.260000e-03
0.000000e+00 1.012000e+01 1.101640e+00 7.050500e-01 -0.000000e+00 -2.260000e-03
0.000000e+00 1.017500e+01 1.101640e+00 7.050500e-01 -0.000000e+00 -2.260000e-03
0.000000e+00 1.023000e+01 1.101640e+00 7.050500e-01 -0.000000e+00 -2.260000e-03
0.000000e+00 1.028500e+01 1.101640e+00 7.050500e-01 -0.000000e+00 -2.260000e-03
0.000000e+00 1.034000e+01 1.101640e+00 7.050500e-01 -0.000000e+00 -2.260000e-03
0.000000e+00 1.039500e+01 1.101640e+00 7.050500e-01 -0.000000e+00 -2.260000e-03
0.000000e+00 1.045000e+01 1.101640e+00 7.050500e-01 -0.000000e+00 -2.260000e-03
0.000000e+00 1.050500e+01 1.101640e+00 7.050500e-01 -0.000000e+00 -2.260000e-03
0.000000e+00 1.056000e+01 1.101640e+00 7.050500e-01 -0.000000e+00 -2.260000e-03
0.000000e+00 1.061500e+01 1.101640e+00 7.050500e-01 -0.000000e+00 -2.260000e-03
0.000000e+00 1.067000e+01 1.101640e+00 7.050500e-01 -0.000000e+00 -2.260000e-03
0.000000e+00 1.072500e+01 1.101640e+00 7.050500e-01 -0.000000e+00 -2.260000e-03
0.000000e+00 1.078000e+01 1.101640e+00 7.050500e-01 -0.000000e+00 -2.260000e-03
0.000000e+00 1.083500e+01 1.101640e+00 7.050500e-01 -0.000000e+00 -2.260000e-03
0.000000e+00 1.089000e+01 1.101640e+00 7.050500e-01 -0.000000e+00 -2.260000e-03
0.000000e+00 1.094500e+01 1.101640e+00 7.050500e-01 -0.000000e+00 -2.260000e-03
0.000000e+00 1.100000e+01 1.101640e+00 7.050500e-01 -0.000000e+00 -2.260000e-03
