#############TIME##################
1.002280e+00 
###################################
0.000000e+00 0.000000e+00 1.124948e+01 3.895667e+01 0.000000e+00 -1.527502e+00
0.000000e+00 5.500000e-02 1.124948e+01 3.895667e+01 0.000000e+00 -1.527502e+00
0.000000e+00 1.100000e-01 1.124569e+01 3.885254e+01 0.000000e+00 -1.528115e+00
0.000000e+00 1.650000e-01 8.662898e+00 2.228707e+01 0.000000e+00 -1.019791e+00
0.000000e+00 2.200000e-01 6.532916e+00 1.405798e+01 0.000000e+00 -8.704948e-01
0.000000e+00 2.750000e-01 5.161903e+00 9.473070e+00 0.000000e+00 -7.849818e-01
0.000000e+00 3.300000e-01 4.408767e+00 7.258580e+00 0.000000e+00 -6.864804e-01
0.000000e+00 3.850000e-01 3.899362e+00 5.898655e+00 0.000000e+00 -6.136167e-01
0.000000e+00 4.400000e-01 3.010225e+00 3.815673e+00 0.000000e+00 -7.161520e-01
0.000000e+00 4.950000e-01 2.239486e+00 2.312678e+00 0.000000e+00 -9.208878e-01
0.000000e+00 5.500000e-01 1.961477e+00 1.841258e+00 0.000000e+00 -9.159269e-01
0.000000e+00 6.050000e-01 1.786706e+00 1.577586e+00 0.000000e+00 -8.716100e-01
0.000000e+00 6.600000e-01 1.657149e+00 1.391640e+00 0.000000e+00 -8.265169e-01
0.000000e+00 7.150000e-01 1.554567e+00 1.251139e+00 0.000000e+00 -7.840936e-01
0.000000e+00 7.700000e-01 1.472796e+00 1.143498e+00 0.000000e+00 -7.435289e-01
0.000000e+00 8.250000e-01 1.407190e+00 1.059939e+00 0.000000e+00 -7.047358e-01
0.000000e+00 8.800000e-01 1.354055e+00 9.941241e-01 0.000000e+00 -6.677663e-01
0.000000e+00 9.350000e-01 1.310698e+00 9.416726e-01 0.000000e+00 -6.325503e-01
0.000000e+00 9.900000e-01 1.275194e+00 8.995671e-01 0.000000e+00 -5.990687e-01
0.000000e+00 1.045000e+00 1.246000e+00 8.655239e-01 0.000000e+00 -5.672511e-01
0.000000e+00 1.100000e+00 1.221929e+00 8.378557e-01 0.000000e+00 -5.370473e-01
0.000000e+00 1.155000e+00 1.202033e+00 8.152651e-01 0.000000e+00 -5.084195e-01
0.000000e+00 1.210000e+00 1.185544e+00 7.967340e-01 0.000000e+00 -4.813267e-01
0.000000e+00 1.265000e+00 1.171857e+00 7.814791e-01 0.000000e+00 -4.557253e-01
0.000000e+00 1.320000e+00 1.160482e+00 7.688891e-01 0.000000e+00 -4.315602e-01
0.000000e+00 1.375000e+00 1.151021e+00 7.584795e-01 0.000000e+00 -4.087720e-01
0.000000e+00 1.430000e+00 1.143150e+00 7.498601e-01 0.000000e+00 -3.873019e-01
0.000000e+00 1.485000e+00 1.136595e+00 7.427119e-01 0.000000e+00 -3.670916e-01
0.000000e+00 1.540000e+00 1.131131e+00 7.367745e-01 0.000000e+00 -3.480833e-01
0.000000e+00 1.595000e+00 1.126572e+00 7.318344e-01 0.000000e+00 -3.302188e-01
0.000000e+00 1.650000e+00 1.122763e+00 7.277171e-01 0.000000e+00 -3.134397e-01
0.000000e+00 1.705000e+00 1.119576e+00 7.242793e-01 0.000000e+00 -2.976875e-01
0.000000e+00 1.760000e+00 1.116905e+00 7.214036e-01 0.000000e+00 -2.829044e-01
0.000000e+00 1.815000e+00 1.114664e+00 7.189933e-01 0.000000e+00 -2.690337e-01
0.000000e+00 1.870000e+00 1.112779e+00 7.169690e-01 0.000000e+00 -2.560200e-01
0.000000e+00 1.925000e+00 1.111191e+00 7.152652e-01 0.000000e+00 -2.438097e-01
0.000000e+00 1.980000e+00 1.109851e+00 7.138280e-01 0.000000e+00 -2.323513e-01
0.000000e+00 2.035000e+00 1.108716e+00 7.126128e-01 0.000000e+00 -2.215958e-01
0.000000e+00 2.090000e+00 1.107754e+00 7.115828e-01 0.000000e+00 -2.114964e-01
0.000000e+00 2.145000e+00 1.106937e+00 7.107078e-01 0.000000e+00 -2.020090e-01
0.000000e+00 2.200000e+00 1.106240e+00 7.099626e-01 0.000000e+00 -1.930920e-01
0.000000e+00 2.255000e+00 1.105645e+00 7.093264e-01 0.000000e+00 -1.847064e-01
0.000000e+00 2.310000e+00 1.105135e+00 7.087818e-01 0.000000e+00 -1.768158e-01
0.000000e+00 2.365000e+00 1.104698e+00 7.083146e-01 0.000000e+00 -1.693862e-01
0.000000e+00 2.420000e+00 1.104322e+00 7.079127e-01 0.000000e+00 -1.623858e-01
0.000000e+00 2.475000e+00 1.103998e+00 7.075662e-01 0.000000e+00 -1.557853e-01
0.000000e+00 2.530000e+00 1.103717e+00 7.072668e-01 0.000000e+00 -1.495573e-01
0.000000e+00 2.585000e+00 1.103474e+00 7.070074e-01 0.000000e+00 -1.436766e-01
0.000000e+00 2.640000e+00 1.103263e+00 7.067821e-01 0.000000e+00 -1.381195e-01
0.000000e+00 2.695000e+00 1.103080e+00 7.065861e-01 0.000000e+00 -1.328645e-01
0.000000e+00 2.750000e+00 1.102919e+00 7.064151e-01 0.000000e+00 -1.278913e-01
0.000000e+00 2.805000e+00 1.102779e+00 7.062656e-01 0.000000e+00 -1.231813e-01
0.000000e+00 2.860000e+00 1.102657e+00 7.061346e-01 0.000000e+00 -1.187173e-01
0.000000e+00 2.915000e+00 1.102549e+00 7.060196e-01 0.000000e+00 -1.144833e-01
0.000000e+00 2.970000e+00 1.102454e+00 7.059184e-01 0.000000e+00 -1.104645e-01
0.000000e+00 3.025000e+00 1.102370e+00 7.058292e-01 0.000000e+00 -1.066473e-01
0.000000e+00 3.080000e+00 1.102297e+00 7.057504e-01 0.000000e+00 -1.030189e-01
0.000000e+00 3.135000e+00 1.102231e+00 7.056807e-01 0.000000e+00 -9.956751e-02
0.000000e+00 3.190000e+00 1.102173e+00 7.056189e-01 0.000000e+00 -9.628230e-02
0.000000e+00 3.245000e+00 1.102122e+00 7.055639e-01 0.000000e+00 -9.315312e-02
0.000000e+00 3.300000e+00 1.102076e+00 7.055150e-01 0.000000e+00 -9.017056e-02
0.000000e+00 3.355000e+00 1.102035e+00 7.054714e-01 0.000000e+00 -8.732587e-02
0.000000e+00 3.410000e+00 1.101999e+00 7.054325e-01 0.000000e+00 -8.461094e-02
0.000000e+00 3.465000e+00 1.101966e+00 7.053977e-01 0.000000e+00 -8.201822e-02
0.000000e+00 3.520000e+00 1.101937e+00 7.053665e-01 0.000000e+00 -7.954065e-02
0.000000e+00 3.575000e+00 1.101910e+00 7.053385e-01 0.000000e+00 -7.717170e-02
0.000000e+00 3.630000e+00 1.101887e+00 7.053133e-01 0.000000e+00 -7.490526e-02
0.000000e+00 3.685000e+00 1.101866e+00 7.052907e-01 0.000000e+00 -7.273561e-02
0.000000e+00 3.740000e+00 1.101846e+00 7.052702e-01 0.000000e+00 -7.065745e-02
0.000000e+00 3.795000e+00 1.101829e+00 7.052518e-01 0.000000e+00 -6.866581e-02
0.000000e+00 3.850000e+00 1.101814e+00 7.052351e-01 0.000000e+00 -6.675604e-02
0.000000e+00 3.905000e+00 1.101799e+00 7.052200e-01 0.000000e+00 -6.492379e-02
0.000000e+00 3.960000e+00 1.101787e+00 7.052063e-01 0.000000e+00 -6.316500e-02
0.000000e+00 4.015000e+00 1.101775e+00 7.051939e-01 0.000000e+00 -6.147586e-02
0.000000e+00 4.070000e+00 1.101764e+00 7.051826e-01 0.000000e+00 -5.985280e-02
0.000000e+00 4.125000e+00 1.101755e+00 7.051724e-01 0.000000e+00 -5.829246e-02
0.000000e+00 4.180000e+00 1.101746e+00 7.051630e-01 0.000000e+00 -5.679171e-02
0.000000e+00 4.235000e+00 1.101738e+00 7.051545e-01 0.000000e+00 -5.534758e-02
0.000000e+00 4.290000e+00 1.101731e+00 7.051467e-01 0.000000e+00 -5.395730e-02
0.000000e+00 4.345000e+00 1.101724e+00 7.051395e-01 0.000000e+00 -5.261827e-02
0.000000e+00 4.400000e+00 1.101718e+00 7.051330e-01 0.000000e+00 -5.132802e-02
0.000000e+00 4.455000e+00 1.101712e+00 7.051270e-01 0.000000e+00 -5.008424e-02
0.000000e+00 4.510000e+00 1.101707e+00 7.051216e-01 0.000000e+00 -4.888475e-02
0.000000e+00 4.565000e+00 1.101702e+00 7.051165e-01 0.000000e+00 -4.772750e-02
0.000000e+00 4.620000e+00 1.101698e+00 7.051119e-01 0.000000e+00 -4.661054e-02
0.000000e+00 4.675000e+00 1.101694e+00 7.051076e-01 0.000000e+00 -4.553205e-02
0.000000e+00 4.730000e+00 1.101690e+00 7.051037e-01 0.000000e+00 -4.449029e-02
0.000000e+00 4.785000e+00 1.101687e+00 7.051001e-01 0.000000e+00 -4.348363e-02
0.000000e+00 4.840000e+00 1.101684e+00 7.050968e-01 0.000000e+00 -4.251053e-02
0.000000e+00 4.895000e+00 1.101681e+00 7.050937e-01 0.000000e+00 -4.156952e-02
0.000000e+00 4.950000e+00 1.101678e+00 7.050909e-01 0.000000e+00 -4.065923e-02
0.000000e+00 5.005000e+00 1.101676e+00 7.050882e-01 0.000000e+00 -3.977832e-02
0.000000e+00 5.060000e+00 1.101674e+00 7.050858e-01 0.000000e+00 -3.892558e-02
0.000000e+00 5.115000e+00 1.101671e+00 7.050835e-01 0.000000e+00 -3.809981e-02
0.000000e+00 5.170000e+00 1.101669e+00 7.050814e-01 0.000000e+00 -3.729990e-02
0.000000e+00 5.225000e+00 1.101668e+00 7.050795e-01 0.000000e+00 -3.652478e-02
0.000000e+00 5.280000e+00 1.101666e+00 7.050777e-01 0.000000e+00 -3.577346e-02
0.000000e+00 5.335000e+00 1.101664e+00 7.050760e-01 0.000000e+00 -3.504497e-02
0.000000e+00 5.390000e+00 1.101663e+00 7.050745e-01 0.000000e+00 -3.433840e-02
0.000000e+00 5.445000e+00 1.101662e+00 7.050730e-01 0.000000e+00 -3.365289e-02
0.000000e+00 5.500000e+00 1.101660e+00 7.050717e-01 0.000000e+00 -3.298761e-02
0.000000e+00 5.555000e+00 1.101659e+00 7.050704e-01 0.000000e+00 -3.234178e-02
0.000000e+00 5.610000e+00 1.101658e+00 7.050692e-01 0.000000e+00 -3.171466e-02
0.000000e+00 5.665000e+00 1.101657e+00 7.050681e-01 0.000000e+00 -3.110552e-02
0.000000e+00 5.720000e+00 1.101656e+00 7.050671e-01 0.000000e+00 -3.051370e-02
0.000000e+00 5.775000e+00 1.101655e+00 7.050661e-01 0.000000e+00 -2.993854e-02
0.000000e+00 5.830000e+00 1.101654e+00 7.050652e-01 0.000000e+00 -2.937944e-02
0.000000e+00 5.885000e+00 1.101654e+00 7.050644e-01 0.000000e+00 -2.883579e-02
0.000000e+00 5.940000e+00 1.101653e+00 7.050636e-01 0.000000e+00 -2.830705e-02
0.000000e+00 5.995000e+00 1.101652e+00 7.050629e-01 0.000000e+00 -2.779266e-02
0.000000e+00 6.050000e+00 1.101651e+00 7.050622e-01 0.000000e+00 -2.729212e-02
0.000000e+00 6.105000e+00 1.101651e+00 7.050615e-01 0.000000e+00 -2.680494e-02
0.000000e+00 6.160000e+00 1.101650e+00 7.050609e-01 0.000000e+00 -2.633065e-02
0.000000e+00 6.215000e+00 1.101650e+00 7.050604e-01 0.000000e+00 -2.586880e-02
0.000000e+00 6.270000e+00 1.101649e+00 7.050598e-01 0.000000e+00 -2.541896e-02
0.000000e+00 6.325000e+00 1.101649e+00 7.050593e-01 0.000000e+00 -2.498071e-02
0.000000e+00 6.380000e+00 1.101648e+00 7.050588e-01 0.000000e+00 -2.455367e-02
0.000000e+00 6.435000e+00 1.101648e+00 7.050584e-01 0.000000e+00 -2.413746e-02
0.000000e+00 6.490000e+00 1.101647e+00 7.050580e-01 0.000000e+00 -2.373172e-02
0.000000e+00 6.545000e+00 1.101647e+00 7.050576e-01 0.000000e+00 -2.333609e-02
0.000000e+00 6.600000e+00 1.101647e+00 7.050572e-01 0.000000e+00 -2.295025e-02
0.000000e+00 6.655000e+00 1.101646e+00 7.050569e-01 0.000000e+00 -2.257388e-02
0.000000e+00 6.710000e+00 1.101646e+00 7.050565e-01 0.000000e+00 -2.220666e-02
0.000000e+00 6.765000e+00 1.101646e+00 7.050562e-01 0.000000e+00 -2.184832e-02
0.000000e+00 6.820000e+00 1.101646e+00 7.050559e-01 0.000000e+00 -2.149856e-02
0.000000e+00 6.875000e+00 1.101645e+00 7.050556e-01 0.000000e+00 -2.115711e-02
0.000000e+00 6.930000e+00 1.101645e+00 7.050554e-01 0.000000e+00 -2.082371e-02
0.000000e+00 6.985000e+00 1.101645e+00 7.050551e-01 0.000000e+00 -2.049812e-02
0.000000e+00 7.040000e+00 1.101645e+00 7.050549e-01 0.000000e+00 -2.018009e-02
0.000000e+00 7.095000e+00 1.101644e+00 7.050547e-01 0.000000e+00 -1.986939e-02
0.000000e+00 7.150000e+00 1.101644e+00 7.050545e-01 0.000000e+00 -1.956579e-02
0.000000e+00 7.205000e+00 1.101644e+00 7.050543e-01 0.000000e+00 -1.926909e-02
0.000000e+00 7.260000e+00 1.101644e+00 7.050541e-01 0.000000e+00 -1.897907e-02
0.000000e+00 7.315000e+00 1.101644e+00 7.050539e-01 0.000000e+00 -1.869554e-02
0.000000e+00 7.370000e+00 1.101643e+00 7.050537e-01 0.000000e+00 -1.841830e-02
0.000000e+00 7.425000e+00 1.101643e+00 7.050535e-01 0.000000e+00 -1.814717e-02
0.000000e+00 7.480000e+00 1.101643e+00 7.050534e-01 0.000000e+00 -1.788198e-02
0.000000e+00 7.535000e+00 1.101643e+00 7.050532e-01 0.000000e+00 -1.762255e-02
0.000000e+00 7.590000e+00 1.101643e+00 7.050531e-01 0.000000e+00 -1.736871e-02
0.000000e+00 7.645000e+00 1.101643e+00 7.050530e-01 0.000000e+00 -1.712031e-02
0.000000e+00 7.700000e+00 1.101643e+00 7.050528e-01 0.000000e+00 -1.687719e-02
0.000000e+00 7.755000e+00 1.101643e+00 7.050527e-01 0.000000e+00 -1.663921e-02
0.000000e+00 7.810000e+00 1.101642e+00 7.050526e-01 0.000000e+00 -1.640622e-02
0.000000e+00 7.865000e+00 1.101642e+00 7.050525e-01 0.000000e+00 -1.617808e-02
0.000000e+00 7.920000e+00 1.101642e+00 7.050524e-01 0.000000e+00 -1.595466e-02
0.000000e+00 7.975000e+00 1.101642e+00 7.050523e-01 0.000000e+00 -1.573583e-02
0.000000e+00 8.030000e+00 1.101642e+00 7.050522e-01 0.000000e+00 -1.552146e-02
0.000000e+00 8.085000e+00 1.101642e+00 7.050521e-01 0.000000e+00 -1.531144e-02
0.000000e+00 8.140000e+00 1.101642e+00 7.050520e-01 0.000000e+00 -1.510563e-02
0.000000e+00 8.195000e+00 1.101642e+00 7.050519e-01 0.000000e+00 -1.490395e-02
0.000000e+00 8.250000e+00 1.101642e+00 7.050519e-01 0.000000e+00 -1.470635e-02
0.000000e+00 8.305000e+00 1.101642e+00 7.050520e-01 0.000000e+00 -1.451266e-02
0.000000e+00 8.360000e+00 1.101642e+00 7.050517e-01 0.000000e+00 -1.432252e-02
0.000000e+00 8.415000e+00 1.101641e+00 7.050510e-01 0.000000e+00 -1.413569e-02
0.000000e+00 8.470000e+00 1.101641e+00 7.050508e-01 0.000000e+00 -1.395290e-02
0.000000e+00 8.525000e+00 1.101643e+00 7.050529e-01 0.000000e+00 -1.377571e-02
0.000000e+00 8.580000e+00 1.101647e+00 7.050569e-01 0.000000e+00 -1.360356e-02
0.000000e+00 8.635000e+00 1.101645e+00 7.050558e-01 0.000000e+00 -1.343024e-02
0.000000e+00 8.690000e+00 1.101631e+00 7.050408e-01 0.000000e+00 -1.324789e-02
0.000000e+00 8.745000e+00 1.101612e+00 7.050200e-01 0.000000e+00 -1.306375e-02
0.000000e+00 8.800000e+00 1.101627e+00 7.050365e-01 0.000000e+00 -1.291544e-02
0.000000e+00 8.855000e+00 1.101735e+00 7.051510e-01 0.000000e+00 -1.285637e-02
0.000000e+00 8.910000e+00 1.101951e+00 7.053815e-01 0.000000e+00 -1.290172e-02
0.000000e+00 8.965000e+00 1.102202e+00 7.056497e-01 0.000000e+00 -1.298282e-02
0.000000e+00 9.020000e+00 1.102350e+00 7.058080e-01 0.000000e+00 -1.297066e-02
0.000000e+00 9.075000e+00 1.102285e+00 7.057386e-01 0.000000e+00 -1.276239e-02
0.000000e+00 9.130000e+00 1.102022e+00 7.054571e-01 0.000000e+00 -1.237181e-02
0.000000e+00 9.185000e+00 1.101677e+00 7.050894e-01 0.000000e+00 -1.190675e-02
0.000000e+00 9.240000e+00 1.101364e+00 7.047555e-01 0.000000e+00 -1.146772e-02
0.000000e+00 9.295000e+00 1.101115e+00 7.044902e-01 0.000000e+00 -1.108203e-02
0.000000e+00 9.350000e+00 1.100894e+00 7.042540e-01 0.000000e+00 -1.071509e-02
0.000000e+00 9.405000e+00 1.100653e+00 7.039976e-01 0.000000e+00 -1.033059e-02
0.000000e+00 9.460000e+00 1.100379e+00 7.037057e-01 0.000000e+00 -9.921516e-03
0.000000e+00 9.515000e+00 1.100080e+00 7.033867e-01 0.000000e+00 -9.501961e-03
0.000000e+00 9.570000e+00 1.099770e+00 7.030561e-01 0.000000e+00 -9.082272e-03
0.000000e+00 9.625000e+00 1.099455e+00 7.027208e-01 0.000000e+00 -8.670061e-03
0.000000e+00 9.680000e+00 1.099145e+00 7.023914e-01 0.000000e+00 -8.263201e-03
0.000000e+00 9.735000e+00 1.098839e+00 7.020639e-01 0.000000e+00 -7.867706e-03
0.000000e+00 9.790000e+00 1.098546e+00 7.017505e-01 0.000000e+00 -7.471470e-03
0.000000e+00 9.845000e+00 1.098245e+00 7.014342e-01 0.000000e+00 -7.083743e-03
0.000000e+00 9.900000e+00 1.097958e+00 7.011388e-01 0.000000e+00 -6.680922e-03
0.000000e+00 9.955000e+00 1.097647e+00 7.008119e-01 0.000000e+00 -6.320284e-03
0.000000e+00 1.001000e+01 1.101640e+00 7.050500e-01 -0.000000e+00 -2.260000e-03
0.000000e+00 1.006500e+01 1.101640e+00 7.050500e-01 -0.000000e+00 -2.260000e-03
0.000000e+00 1.012000e+01 1.101640e+00 7.050500e-01 -0.000000e+00 -2.260000e-03
0.000000e+00 1.017500e+01 1.101640e+00 7.050500e-01 -0.000000e+00 -2.260000e-03
0.000000e+00 1.023000e+01 1.101640e+00 7.050500e-01 -0.000000e+00 -2.260000e-03
0.000000e+00 1.028500e+01 1.101640e+00 7.050500e-01 -0.000000e+00 -2.260000e-03
0.000000e+00 1.034000e+01 1.101640e+00 7.050500e-01 -0.000000e+00 -2.260000e-03
0.000000e+00 1.039500e+01 1.101640e+00 7.050500e-01 -0.000000e+00 -2.260000e-03
0.000000e+00 1.045000e+01 1.101640e+00 7.050500e-01 -0.000000e+00 -2.260000e-03
0.000000e+00 1.050500e+01 1.101640e+00 7.050500e-01 -0.000000e+00 -2.260000e-03
0.000000e+00 1.056000e+01 1.101640e+00 7.050500e-01 -0.000000e+00 -2.260000e-03
0.000000e+00 1.061500e+01 1.101640e+00 7.050500e-01 -0.000000e+00 -2.260000e-03
0.000000e+00 1.067000e+01 1.101640e+00 7.050500e-01 -0.000000e+00 -2.260000e-03
0.000000e+00 1.072500e+01 1.101640e+00 7.050500e-01 -0.000000e+00 -2.260000e-03
0.000000e+00 1.078000e+01 1.101640e+00 7.050500e-01 -0.000000e+00 -2.260000e-03
0.000000e+00 1.083500e+01 1.101640e+00 7.050500e-01 -0.000000e+00 -2.260000e-03
0.000000e+00 1.089000e+01 1.101640e+00 7.050500e-01 -0.000000e+00 -2.260000e-03
0.000000e+00 1.094500e+01 1.101640e+00 7.050500e-01 -0.000000e+00 -2.260000e-03
0.000000e+00 1.100000e+01 1.101640e+00 7.050500e-01 -0.000000e+00 -2.260000e-03
