#############TIME##################
1.580476e+01 
###################################
0.000000e+00 0.000000e+00 1.181185e+01 4.093034e+01 0.000000e+00 -1.506463e+00
0.000000e+00 5.500000e-02 1.181185e+01 4.093034e+01 0.000000e+00 -1.506463e+00
0.000000e+00 1.100000e-01 1.181168e+01 4.092974e+01 0.000000e+00 -1.506446e+00
0.000000e+00 1.650000e-01 8.997042e+00 2.336828e+01 0.000000e+00 -1.003518e+00
0.000000e+00 2.200000e-01 6.938800e+00 1.512578e+01 0.000000e+00 -8.302435e-01
0.000000e+00 2.750000e-01 5.652197e+00 1.074470e+01 0.000000e+00 -6.908680e-01
0.000000e+00 3.300000e-01 4.798985e+00 8.173791e+00 0.000000e+00 -5.877667e-01
0.000000e+00 3.850000e-01 4.192056e+00 6.533445e+00 0.000000e+00 -5.074574e-01
0.000000e+00 4.400000e-01 3.747883e+00 5.423186e+00 0.000000e+00 -4.428804e-01
0.000000e+00 4.950000e-01 3.407825e+00 4.627893e+00 0.000000e+00 -3.898009e-01
0.000000e+00 5.500000e-01 3.138818e+00 4.037107e+00 0.000000e+00 -3.462155e-01
0.000000e+00 6.050000e-01 2.920793e+00 3.583083e+00 0.000000e+00 -3.095595e-01
0.000000e+00 6.600000e-01 2.741064e+00 3.225759e+00 0.000000e+00 -2.785323e-01
0.000000e+00 7.150000e-01 2.590211e+00 2.938045e+00 0.000000e+00 -2.519559e-01
0.000000e+00 7.700000e-01 2.462089e+00 2.702405e+00 0.000000e+00 -2.291430e-01
0.000000e+00 8.250000e-01 2.352154e+00 2.506316e+00 0.000000e+00 -2.094189e-01
0.000000e+00 8.800000e-01 2.257191e+00 2.341075e+00 0.000000e+00 -1.923109e-01
0.000000e+00 9.350000e-01 2.174705e+00 2.200197e+00 0.000000e+00 -1.773746e-01
0.000000e+00 9.900000e-01 2.102665e+00 2.078889e+00 0.000000e+00 -1.642577e-01
0.000000e+00 1.045000e+00 2.039207e+00 1.973450e+00 0.000000e+00 -1.526370e-01
0.000000e+00 1.100000e+00 1.982644e+00 1.881037e+00 0.000000e+00 -1.422401e-01
0.000000e+00 1.155000e+00 1.931475e+00 1.799422e+00 0.000000e+00 -1.328307e-01
0.000000e+00 1.210000e+00 1.884496e+00 1.726871e+00 0.000000e+00 -1.242353e-01
0.000000e+00 1.265000e+00 1.841009e+00 1.662018e+00 0.000000e+00 -1.163531e-01
0.000000e+00 1.320000e+00 1.800945e+00 1.603764e+00 0.000000e+00 -1.091509e-01
0.000000e+00 1.375000e+00 1.764534e+00 1.551187e+00 0.000000e+00 -1.026156e-01
0.000000e+00 1.430000e+00 1.731740e+00 1.503509e+00 0.000000e+00 -9.670757e-02
0.000000e+00 1.485000e+00 1.702063e+00 1.460082e+00 0.000000e+00 -9.134509e-02
0.000000e+00 1.540000e+00 1.674829e+00 1.420372e+00 0.000000e+00 -8.642504e-02
0.000000e+00 1.595000e+00 1.649475e+00 1.383938e+00 0.000000e+00 -8.185372e-02
0.000000e+00 1.650000e+00 1.625650e+00 1.350405e+00 0.000000e+00 -7.756798e-02
0.000000e+00 1.705000e+00 1.603197e+00 1.319453e+00 0.000000e+00 -7.353361e-02
0.000000e+00 1.760000e+00 1.582081e+00 1.290809e+00 0.000000e+00 -6.972621e-02
0.000000e+00 1.815000e+00 1.562284e+00 1.264235e+00 0.000000e+00 -6.612101e-02
0.000000e+00 1.870000e+00 1.543755e+00 1.239522e+00 0.000000e+00 -6.270181e-02
0.000000e+00 1.925000e+00 1.526408e+00 1.216486e+00 0.000000e+00 -5.946814e-02
0.000000e+00 1.980000e+00 1.510146e+00 1.194956e+00 0.000000e+00 -5.643018e-02
0.000000e+00 2.035000e+00 1.494872e+00 1.174780e+00 0.000000e+00 -5.359843e-02
0.000000e+00 2.090000e+00 1.480490e+00 1.155827e+00 0.000000e+00 -5.097524e-02
0.000000e+00 2.145000e+00 1.466902e+00 1.137986e+00 0.000000e+00 -4.855261e-02
0.000000e+00 2.200000e+00 1.454014e+00 1.121162e+00 0.000000e+00 -4.631671e-02
0.000000e+00 2.255000e+00 1.441736e+00 1.105269e+00 0.000000e+00 -4.425350e-02
0.000000e+00 2.310000e+00 1.429991e+00 1.090227e+00 0.000000e+00 -4.234860e-02
0.000000e+00 2.365000e+00 1.418731e+00 1.075969e+00 0.000000e+00 -4.058096e-02
0.000000e+00 2.420000e+00 1.407942e+00 1.062449e+00 0.000000e+00 -3.891901e-02
0.000000e+00 2.475000e+00 1.397632e+00 1.049632e+00 0.000000e+00 -3.732727e-02
0.000000e+00 2.530000e+00 1.387815e+00 1.037478e+00 0.000000e+00 -3.578103e-02
0.000000e+00 2.585000e+00 1.378489e+00 1.025938e+00 0.000000e+00 -3.427625e-02
0.000000e+00 2.640000e+00 1.369638e+00 1.014958e+00 0.000000e+00 -3.282471e-02
0.000000e+00 2.695000e+00 1.361233e+00 1.004500e+00 0.000000e+00 -3.143794e-02
0.000000e+00 2.750000e+00 1.353242e+00 9.945434e-01 0.000000e+00 -3.011446e-02
0.000000e+00 2.805000e+00 1.345624e+00 9.850739e-01 0.000000e+00 -2.884092e-02
0.000000e+00 2.860000e+00 1.338321e+00 9.760596e-01 0.000000e+00 -2.760462e-02
0.000000e+00 2.915000e+00 1.331265e+00 9.674455e-01 0.000000e+00 -2.640470e-02
0.000000e+00 2.970000e+00 1.324402e+00 9.591696e-01 0.000000e+00 -2.525236e-02
0.000000e+00 3.025000e+00 1.317712e+00 9.511886e-01 0.000000e+00 -2.416102e-02
0.000000e+00 3.080000e+00 1.311217e+00 9.434918e-01 0.000000e+00 -2.313609e-02
0.000000e+00 3.135000e+00 1.304963e+00 9.360910e-01 0.000000e+00 -2.217307e-02
0.000000e+00 3.190000e+00 1.298990e+00 9.289960e-01 0.000000e+00 -2.126400e-02
0.000000e+00 3.245000e+00 1.293306e+00 9.221956e-01 0.000000e+00 -2.040497e-02
0.000000e+00 3.300000e+00 1.287878e+00 9.156582e-01 0.000000e+00 -1.959721e-02
0.000000e+00 3.355000e+00 1.282656e+00 9.093490e-01 0.000000e+00 -1.884057e-02
0.000000e+00 3.410000e+00 1.277592e+00 9.032483e-01 0.000000e+00 -1.812520e-02
0.000000e+00 3.465000e+00 1.272657e+00 8.973564e-01 0.000000e+00 -1.742948e-02
0.000000e+00 3.520000e+00 1.267843e+00 8.916839e-01 0.000000e+00 -1.672729e-02
0.000000e+00 3.575000e+00 1.263161e+00 8.862384e-01 0.000000e+00 -1.600092e-02
0.000000e+00 3.630000e+00 1.258627e+00 8.810176e-01 0.000000e+00 -1.525120e-02
0.000000e+00 3.685000e+00 1.254260e+00 8.760104e-01 0.000000e+00 -1.449888e-02
0.000000e+00 3.740000e+00 1.250074e+00 8.712001e-01 0.000000e+00 -1.377634e-02
0.000000e+00 3.795000e+00 1.246070e+00 8.665622e-01 0.000000e+00 -1.311342e-02
0.000000e+00 3.850000e+00 1.242223e+00 8.620636e-01 0.000000e+00 -1.252367e-02
0.000000e+00 3.905000e+00 1.238492e+00 8.576668e-01 0.000000e+00 -1.199793e-02
0.000000e+00 3.960000e+00 1.234829e+00 8.533435e-01 0.000000e+00 -1.150960e-02
0.000000e+00 4.015000e+00 1.231203e+00 8.490861e-01 0.000000e+00 -1.102980e-02
0.000000e+00 4.070000e+00 1.227608e+00 8.449106e-01 0.000000e+00 -1.054286e-02
0.000000e+00 4.125000e+00 1.224061e+00 8.408461e-01 0.000000e+00 -1.005092e-02
0.000000e+00 4.180000e+00 1.220596e+00 8.369205e-01 0.000000e+00 -9.564918e-03
0.000000e+00 4.235000e+00 1.217245e+00 8.331505e-01 0.000000e+00 -9.090991e-03
0.000000e+00 4.290000e+00 1.214038e+00 8.295401e-01 0.000000e+00 -8.625721e-03
0.000000e+00 4.345000e+00 1.210988e+00 8.260846e-01 0.000000e+00 -8.164156e-03
0.000000e+00 4.400000e+00 1.208097e+00 8.227741e-01 0.000000e+00 -7.711165e-03
0.000000e+00 4.455000e+00 1.205346e+00 8.195953e-01 0.000000e+00 -7.283178e-03
0.000000e+00 4.510000e+00 1.202701e+00 8.165298e-01 0.000000e+00 -6.898501e-03
0.000000e+00 4.565000e+00 1.200122e+00 8.135565e-01 0.000000e+00 -6.567283e-03
0.000000e+00 4.620000e+00 1.197578e+00 8.106574e-01 0.000000e+00 -6.291727e-03
0.000000e+00 4.675000e+00 1.195056e+00 8.078262e-01 0.000000e+00 -6.073371e-03
0.000000e+00 4.730000e+00 1.192572e+00 8.050669e-01 0.000000e+00 -5.913632e-03
0.000000e+00 4.785000e+00 1.190145e+00 8.023819e-01 0.000000e+00 -5.801210e-03
0.000000e+00 4.840000e+00 1.187781e+00 7.997556e-01 0.000000e+00 -5.699522e-03
0.000000e+00 4.895000e+00 1.185468e+00 7.971578e-01 0.000000e+00 -5.556155e-03
0.000000e+00 4.950000e+00 1.183193e+00 7.945734e-01 0.000000e+00 -5.338946e-03
0.000000e+00 5.005000e+00 1.180976e+00 7.920397e-01 0.000000e+00 -5.071533e-03
0.000000e+00 5.060000e+00 1.178887e+00 7.896545e-01 0.000000e+00 -4.832073e-03
0.000000e+00 5.115000e+00 1.177015e+00 7.875372e-01 0.000000e+00 -4.707910e-03
0.000000e+00 5.170000e+00 1.175415e+00 7.857553e-01 0.000000e+00 -4.733806e-03
0.000000e+00 5.225000e+00 1.174049e+00 7.842640e-01 0.000000e+00 -4.857999e-03
0.000000e+00 5.280000e+00 1.172800e+00 7.829170e-01 0.000000e+00 -4.974213e-03
0.000000e+00 5.335000e+00 1.171534e+00 7.815457e-01 0.000000e+00 -4.998710e-03
0.000000e+00 5.390000e+00 1.170171e+00 7.800469e-01 0.000000e+00 -4.924246e-03
0.000000e+00 5.445000e+00 1.168712e+00 7.784139e-01 0.000000e+00 -4.813924e-03
0.000000e+00 5.500000e+00 1.167203e+00 7.767025e-01 0.000000e+00 -4.744624e-03
0.000000e+00 5.555000e+00 1.165688e+00 7.749747e-01 0.000000e+00 -4.755499e-03
0.000000e+00 5.610000e+00 1.164182e+00 7.732651e-01 0.000000e+00 -4.834115e-03
0.000000e+00 5.665000e+00 1.162684e+00 7.715848e-01 0.000000e+00 -4.936975e-03
0.000000e+00 5.720000e+00 1.161197e+00 7.699428e-01 0.000000e+00 -5.018661e-03
0.000000e+00 5.775000e+00 1.159742e+00 7.683594e-01 0.000000e+00 -5.047847e-03
0.000000e+00 5.830000e+00 1.158357e+00 7.668623e-01 0.000000e+00 -5.010592e-03
0.000000e+00 5.885000e+00 1.157078e+00 7.654757e-01 0.000000e+00 -4.912843e-03
0.000000e+00 5.940000e+00 1.155922e+00 7.642090e-01 0.000000e+00 -4.783099e-03
0.000000e+00 5.995000e+00 1.154882e+00 7.630475e-01 0.000000e+00 -4.664393e-03
0.000000e+00 6.050000e+00 1.153910e+00 7.619453e-01 0.000000e+00 -4.591891e-03
0.000000e+00 6.105000e+00 1.152930e+00 7.608294e-01 0.000000e+00 -4.570196e-03
0.000000e+00 6.160000e+00 1.151860e+00 7.596241e-01 0.000000e+00 -4.569442e-03
0.000000e+00 6.215000e+00 1.150657e+00 7.582906e-01 0.000000e+00 -4.545936e-03
0.000000e+00 6.270000e+00 1.149341e+00 7.568553e-01 0.000000e+00 -4.473317e-03
0.000000e+00 6.325000e+00 1.147997e+00 7.554038e-01 0.000000e+00 -4.359748e-03
0.000000e+00 6.380000e+00 1.146729e+00 7.540404e-01 0.000000e+00 -4.238783e-03
0.000000e+00 6.435000e+00 1.145615e+00 7.528372e-01 0.000000e+00 -4.143627e-03
0.000000e+00 6.490000e+00 1.144671e+00 7.518045e-01 0.000000e+00 -4.084029e-03
0.000000e+00 6.545000e+00 1.143855e+00 7.508932e-01 0.000000e+00 -4.041286e-03
0.000000e+00 6.600000e+00 1.143090e+00 7.500258e-01 0.000000e+00 -3.983215e-03
0.000000e+00 6.655000e+00 1.142300e+00 7.491310e-01 0.000000e+00 -3.886830e-03
0.000000e+00 6.710000e+00 1.141439e+00 7.481679e-01 0.000000e+00 -3.752695e-03
0.000000e+00 6.765000e+00 1.140494e+00 7.471290e-01 0.000000e+00 -3.601489e-03
0.000000e+00 6.820000e+00 1.139478e+00 7.460300e-01 0.000000e+00 -3.456926e-03
0.000000e+00 6.875000e+00 1.138422e+00 7.448966e-01 0.000000e+00 -3.328399e-03
0.000000e+00 6.930000e+00 1.137357e+00 7.437559e-01 0.000000e+00 -3.205023e-03
0.000000e+00 6.985000e+00 1.136318e+00 7.426341e-01 0.000000e+00 -3.064656e-03
0.000000e+00 7.040000e+00 1.135332e+00 7.415570e-01 0.000000e+00 -2.891669e-03
0.000000e+00 7.095000e+00 1.134422e+00 7.405491e-01 0.000000e+00 -2.690685e-03
0.000000e+00 7.150000e+00 1.133598e+00 7.396278e-01 0.000000e+00 -2.485969e-03
0.000000e+00 7.205000e+00 1.132854e+00 7.387951e-01 0.000000e+00 -2.306263e-03
0.000000e+00 7.260000e+00 1.132164e+00 7.380313e-01 0.000000e+00 -2.165236e-03
0.000000e+00 7.315000e+00 1.131490e+00 7.372981e-01 0.000000e+00 -2.051427e-03
0.000000e+00 7.370000e+00 1.130795e+00 7.365551e-01 0.000000e+00 -1.935336e-03
0.000000e+00 7.425000e+00 1.130068e+00 7.357824e-01 0.000000e+00 -1.788462e-03
0.000000e+00 7.480000e+00 1.129329e+00 7.349958e-01 0.000000e+00 -1.599552e-03
0.000000e+00 7.535000e+00 1.128627e+00 7.342391e-01 0.000000e+00 -1.375709e-03
0.000000e+00 7.590000e+00 1.128004e+00 7.335576e-01 0.000000e+00 -1.129098e-03
0.000000e+00 7.645000e+00 1.127476e+00 7.329700e-01 0.000000e+00 -8.616292e-04
0.000000e+00 7.700000e+00 1.127020e+00 7.324569e-01 0.000000e+00 -5.620089e-04
0.000000e+00 7.755000e+00 1.126592e+00 7.319787e-01 0.000000e+00 -2.193034e-04
0.000000e+00 7.810000e+00 1.126161e+00 7.315061e-01 0.000000e+00 1.593366e-04
0.000000e+00 7.865000e+00 1.125730e+00 7.310430e-01 0.000000e+00 5.438658e-04
0.000000e+00 7.920000e+00 1.125334e+00 7.306238e-01 0.000000e+00 8.956960e-04
0.000000e+00 7.975000e+00 1.125016e+00 7.302906e-01 0.000000e+00 1.190363e-03
0.000000e+00 8.030000e+00 1.124799e+00 7.300625e-01 0.000000e+00 1.433426e-03
0.000000e+00 8.085000e+00 1.124662e+00 7.299134e-01 0.000000e+00 1.660468e-03
0.000000e+00 8.140000e+00 1.124539e+00 7.297717e-01 0.000000e+00 1.918718e-03
0.000000e+00 8.195000e+00 1.124343e+00 7.295449e-01 0.000000e+00 2.241188e-03
0.000000e+00 8.250000e+00 1.123997e+00 7.291572e-01 0.000000e+00 2.629084e-03
0.000000e+00 8.305000e+00 1.123474e+00 7.285842e-01 0.000000e+00 3.050356e-03
0.000000e+00 8.360000e+00 1.122804e+00 7.278616e-01 0.000000e+00 3.458179e-03
0.000000e+00 8.415000e+00 1.122065e+00 7.270725e-01 0.000000e+00 3.814178e-03
0.000000e+00 8.470000e+00 1.121357e+00 7.263199e-01 0.000000e+00 4.099935e-03
0.000000e+00 8.525000e+00 1.120770e+00 7.256936e-01 0.000000e+00 4.315670e-03
0.000000e+00 8.580000e+00 1.120353e+00 7.252432e-01 0.000000e+00 4.472638e-03
0.000000e+00 8.635000e+00 1.120103e+00 7.249650e-01 0.000000e+00 4.587264e-03
0.000000e+00 8.690000e+00 1.119969e+00 7.248081e-01 0.000000e+00 4.678089e-03
0.000000e+00 8.745000e+00 1.119880e+00 7.247001e-01 0.000000e+00 4.763569e-03
0.000000e+00 8.800000e+00 1.119771e+00 7.245765e-01 0.000000e+00 4.859836e-03
0.000000e+00 8.855000e+00 1.119608e+00 7.244012e-01 0.000000e+00 4.979199e-03
0.000000e+00 8.910000e+00 1.119380e+00 7.241634e-01 0.000000e+00 5.133662e-03
0.000000e+00 8.965000e+00 1.119088e+00 7.238573e-01 0.000000e+00 5.339795e-03
0.000000e+00 9.020000e+00 1.118723e+00 7.234711e-01 0.000000e+00 5.612351e-03
0.000000e+00 9.075000e+00 1.118280e+00 7.229929e-01 0.000000e+00 5.950299e-03
0.000000e+00 9.130000e+00 1.117753e+00 7.224186e-01 0.000000e+00 6.334240e-03
0.000000e+00 9.185000e+00 1.117144e+00 7.217525e-01 0.000000e+00 6.737203e-03
0.000000e+00 9.240000e+00 1.116475e+00 7.210198e-01 0.000000e+00 7.132163e-03
0.000000e+00 9.295000e+00 1.115797e+00 7.202820e-01 0.000000e+00 7.491822e-03
0.000000e+00 9.350000e+00 1.115192e+00 7.196296e-01 0.000000e+00 7.793483e-03
0.000000e+00 9.405000e+00 1.114738e+00 7.191470e-01 0.000000e+00 8.030917e-03
0.000000e+00 9.460000e+00 1.114479e+00 7.188769e-01 0.000000e+00 8.222791e-03
0.000000e+00 9.515000e+00 1.114403e+00 7.188026e-01 0.000000e+00 8.401930e-03
0.000000e+00 9.570000e+00 1.114453e+00 7.188599e-01 0.000000e+00 8.594273e-03
0.000000e+00 9.625000e+00 1.114542e+00 7.189557e-01 0.000000e+00 8.793950e-03
0.000000e+00 9.680000e+00 1.114582e+00 7.190031e-01 0.000000e+00 8.955847e-03
0.000000e+00 9.735000e+00 1.114514e+00 7.189466e-01 0.000000e+00 9.012406e-03
0.000000e+00 9.790000e+00 1.114322e+00 7.187719e-01 0.000000e+00 8.928947e-03
0.000000e+00 9.845000e+00 1.114037e+00 7.184930e-01 0.000000e+00 8.743250e-03
0.000000e+00 9.900000e+00 1.113725e+00 7.181461e-01 0.000000e+00 8.569009e-03
0.000000e+00 9.955000e+00 1.113446e+00 7.177663e-01 0.000000e+00 8.540415e-03
0.000000e+00 1.001000e+01 1.101640e+00 7.050500e-01 -0.000000e+00 -2.260000e-03
0.000000e+00 1.006500e+01 1.101640e+00 7.050500e-01 -0.000000e+00 -2.260000e-03
0.000000e+00 1.012000e+01 1.101640e+00 7.050500e-01 -0.000000e+00 -2.260000e-03
0.000000e+00 1.017500e+01 1.101640e+00 7.050500e-01 -0.000000e+00 -2.260000e-03
0.000000e+00 1.023000e+01 1.101640e+00 7.050500e-01 -0.000000e+00 -2.260000e-03
0.000000e+00 1.028500e+01 1.101640e+00 7.050500e-01 -0.000000e+00 -2.260000e-03
0.000000e+00 1.034000e+01 1.101640e+00 7.050500e-01 -0.000000e+00 -2.260000e-03
0.000000e+00 1.039500e+01 1.101640e+00 7.050500e-01 -0.000000e+00 -2.260000e-03
0.000000e+00 1.045000e+01 1.101640e+00 7.050500e-01 -0.000000e+00 -2.260000e-03
0.000000e+00 1.050500e+01 1.101640e+00 7.050500e-01 -0.000000e+00 -2.260000e-03
0.000000e+00 1.056000e+01 1.101640e+00 7.050500e-01 -0.000000e+00 -2.260000e-03
0.000000e+00 1.061500e+01 1.101640e+00 7.050500e-01 -0.000000e+00 -2.260000e-03
0.000000e+00 1.067000e+01 1.101640e+00 7.050500e-01 -0.000000e+00 -2.260000e-03
0.000000e+00 1.072500e+01 1.101640e+00 7.050500e-01 -0.000000e+00 -2.260000e-03
0.000000e+00 1.078000e+01 1.101640e+00 7.050500e-01 -0.000000e+00 -2.260000e-03
0.000000e+00 1.083500e+01 1.101640e+00 7.050500e-01 -0.000000e+00 -2.260000e-03
0.000000e+00 1.089000e+01 1.101640e+00 7.050500e-01 -0.000000e+00 -2.260000e-03
0.000000e+00 1.094500e+01 1.101640e+00 7.050500e-01 -0.000000e+00 -2.260000e-03
0.000000e+00 1.100000e+01 1.101640e+00 7.050500e-01 -0.000000e+00 -2.260000e-03
