#############TIME##################
2.470003e+01 
###################################
0.000000e+00 0.000000e+00 1.192548e+01 4.155412e+01 0.000000e+00 -1.503519e+00
0.000000e+00 5.500000e-02 1.192548e+01 4.155412e+01 0.000000e+00 -1.503519e+00
0.000000e+00 1.100000e-01 1.192542e+01 4.155359e+01 0.000000e+00 -1.503533e+00
0.000000e+00 1.650000e-01 9.093485e+00 2.379469e+01 0.000000e+00 -9.986467e-01
0.000000e+00 2.200000e-01 7.023251e+00 1.545336e+01 0.000000e+00 -8.233779e-01
0.000000e+00 2.750000e-01 5.723935e+00 1.100408e+01 0.000000e+00 -6.825127e-01
0.000000e+00 3.300000e-01 4.864458e+00 8.389509e+00 0.000000e+00 -5.792360e-01
0.000000e+00 3.850000e-01 4.254936e+00 6.719088e+00 0.000000e+00 -4.997837e-01
0.000000e+00 4.400000e-01 3.810594e+00 5.587297e+00 0.000000e+00 -4.365460e-01
0.000000e+00 4.950000e-01 3.471238e+00 4.775862e+00 0.000000e+00 -3.849287e-01
0.000000e+00 5.500000e-01 3.202691e+00 4.172565e+00 0.000000e+00 -3.426641e-01
0.000000e+00 6.050000e-01 2.984576e+00 3.708580e+00 0.000000e+00 -3.070788e-01
0.000000e+00 6.600000e-01 2.804332e+00 3.343163e+00 0.000000e+00 -2.768615e-01
0.000000e+00 7.150000e-01 2.652812e+00 3.048761e+00 0.000000e+00 -2.508884e-01
0.000000e+00 7.700000e-01 2.524151e+00 2.807516e+00 0.000000e+00 -2.285206e-01
0.000000e+00 8.250000e-01 2.413891e+00 2.606641e+00 0.000000e+00 -2.090869e-01
0.000000e+00 8.800000e-01 2.318482e+00 2.437219e+00 0.000000e+00 -1.920597e-01
0.000000e+00 9.350000e-01 2.234676e+00 2.292595e+00 0.000000e+00 -1.769224e-01
0.000000e+00 9.900000e-01 2.159778e+00 2.167891e+00 0.000000e+00 -1.633095e-01
0.000000e+00 1.045000e+00 2.092152e+00 2.059398e+00 0.000000e+00 -1.510117e-01
0.000000e+00 1.100000e+00 2.031431e+00 1.964298e+00 0.000000e+00 -1.399786e-01
0.000000e+00 1.155000e+00 1.977607e+00 1.880342e+00 0.000000e+00 -1.301800e-01
0.000000e+00 1.210000e+00 1.930086e+00 1.805725e+00 0.000000e+00 -1.215208e-01
0.000000e+00 1.265000e+00 1.887655e+00 1.738997e+00 0.000000e+00 -1.138392e-01
0.000000e+00 1.320000e+00 1.849222e+00 1.679002e+00 0.000000e+00 -1.069587e-01
0.000000e+00 1.375000e+00 1.814042e+00 1.624796e+00 0.000000e+00 -1.007247e-01
0.000000e+00 1.430000e+00 1.781587e+00 1.575607e+00 0.000000e+00 -9.502179e-02
0.000000e+00 1.485000e+00 1.751489e+00 1.530792e+00 0.000000e+00 -8.977361e-02
0.000000e+00 1.540000e+00 1.723526e+00 1.489811e+00 0.000000e+00 -8.493294e-02
0.000000e+00 1.595000e+00 1.697558e+00 1.452199e+00 0.000000e+00 -8.046728e-02
0.000000e+00 1.650000e+00 1.673429e+00 1.417560e+00 0.000000e+00 -7.634699e-02
0.000000e+00 1.705000e+00 1.650937e+00 1.385561e+00 0.000000e+00 -7.253951e-02
0.000000e+00 1.760000e+00 1.629865e+00 1.355919e+00 0.000000e+00 -6.900620e-02
0.000000e+00 1.815000e+00 1.610043e+00 1.328399e+00 0.000000e+00 -6.570276e-02
0.000000e+00 1.870000e+00 1.591361e+00 1.302789e+00 0.000000e+00 -6.258771e-02
0.000000e+00 1.925000e+00 1.573739e+00 1.278901e+00 0.000000e+00 -5.963096e-02
0.000000e+00 1.980000e+00 1.557108e+00 1.256564e+00 0.000000e+00 -5.681389e-02
0.000000e+00 2.035000e+00 1.541400e+00 1.235629e+00 0.000000e+00 -5.412572e-02
0.000000e+00 2.090000e+00 1.526553e+00 1.215966e+00 0.000000e+00 -5.156145e-02
0.000000e+00 2.145000e+00 1.512515e+00 1.197465e+00 0.000000e+00 -4.912128e-02
0.000000e+00 2.200000e+00 1.499243e+00 1.180034e+00 0.000000e+00 -4.681048e-02
0.000000e+00 2.255000e+00 1.486699e+00 1.163598e+00 0.000000e+00 -4.463902e-02
0.000000e+00 2.310000e+00 1.474840e+00 1.148087e+00 0.000000e+00 -4.261952e-02
0.000000e+00 2.365000e+00 1.463612e+00 1.133435e+00 0.000000e+00 -4.076265e-02
0.000000e+00 2.420000e+00 1.452957e+00 1.119574e+00 0.000000e+00 -3.907029e-02
0.000000e+00 2.475000e+00 1.442808e+00 1.106437e+00 0.000000e+00 -3.752977e-02
0.000000e+00 2.530000e+00 1.433104e+00 1.093961e+00 0.000000e+00 -3.611317e-02
0.000000e+00 2.585000e+00 1.423790e+00 1.082086e+00 0.000000e+00 -3.478365e-02
0.000000e+00 2.640000e+00 1.414826e+00 1.070763e+00 0.000000e+00 -3.350648e-02
0.000000e+00 2.695000e+00 1.406190e+00 1.059947e+00 0.000000e+00 -3.225940e-02
0.000000e+00 2.750000e+00 1.397871e+00 1.049603e+00 0.000000e+00 -3.103708e-02
0.000000e+00 2.805000e+00 1.389872e+00 1.039702e+00 0.000000e+00 -2.984803e-02
0.000000e+00 2.860000e+00 1.382198e+00 1.030219e+00 0.000000e+00 -2.870632e-02
0.000000e+00 2.915000e+00 1.374853e+00 1.021132e+00 0.000000e+00 -2.762279e-02
0.000000e+00 2.970000e+00 1.367831e+00 1.012422e+00 0.000000e+00 -2.660005e-02
0.000000e+00 3.025000e+00 1.361114e+00 1.004069e+00 0.000000e+00 -2.563284e-02
0.000000e+00 3.080000e+00 1.354671e+00 9.960487e-01 0.000000e+00 -2.471233e-02
0.000000e+00 3.135000e+00 1.348465e+00 9.883397e-01 0.000000e+00 -2.383077e-02
0.000000e+00 3.190000e+00 1.342457e+00 9.809185e-01 0.000000e+00 -2.298357e-02
0.000000e+00 3.245000e+00 1.336615e+00 9.737652e-01 0.000000e+00 -2.216781e-02
0.000000e+00 3.300000e+00 1.330925e+00 9.668665e-01 0.000000e+00 -2.137963e-02
0.000000e+00 3.355000e+00 1.325388e+00 9.602160e-01 0.000000e+00 -2.061336e-02
0.000000e+00 3.410000e+00 1.320019e+00 9.538110e-01 0.000000e+00 -1.986416e-02
0.000000e+00 3.465000e+00 1.314835e+00 9.476447e-01 0.000000e+00 -1.913252e-02
0.000000e+00 3.520000e+00 1.309843e+00 9.417014e-01 0.000000e+00 -1.842629e-02
0.000000e+00 3.575000e+00 1.305040e+00 9.359579e-01 0.000000e+00 -1.775766e-02
0.000000e+00 3.630000e+00 1.300412e+00 9.303918e-01 0.000000e+00 -1.713575e-02
0.000000e+00 3.685000e+00 1.295940e+00 9.249899e-01 0.000000e+00 -1.655997e-02
0.000000e+00 3.740000e+00 1.291607e+00 9.197502e-01 0.000000e+00 -1.601941e-02
0.000000e+00 3.795000e+00 1.287396e+00 9.146757e-01 0.000000e+00 -1.549939e-02
0.000000e+00 3.850000e+00 1.283290e+00 9.097650e-01 0.000000e+00 -1.499025e-02
0.000000e+00 3.905000e+00 1.279273e+00 9.050084e-01 0.000000e+00 -1.449166e-02
0.000000e+00 3.960000e+00 1.275337e+00 9.003933e-01 0.000000e+00 -1.400934e-02
0.000000e+00 4.015000e+00 1.271489e+00 8.959127e-01 0.000000e+00 -1.354778e-02
0.000000e+00 4.070000e+00 1.267747e+00 8.915671e-01 0.000000e+00 -1.310620e-02
0.000000e+00 4.125000e+00 1.264131e+00 8.873577e-01 0.000000e+00 -1.268113e-02
0.000000e+00 4.180000e+00 1.260644e+00 8.832770e-01 0.000000e+00 -1.227204e-02
0.000000e+00 4.235000e+00 1.257272e+00 8.793064e-01 0.000000e+00 -1.188314e-02
0.000000e+00 4.290000e+00 1.253990e+00 8.754267e-01 0.000000e+00 -1.151824e-02
0.000000e+00 4.345000e+00 1.250776e+00 8.716301e-01 0.000000e+00 -1.117405e-02
0.000000e+00 4.400000e+00 1.247619e+00 8.679229e-01 0.000000e+00 -1.083972e-02
0.000000e+00 4.455000e+00 1.244518e+00 8.643153e-01 0.000000e+00 -1.050507e-02
0.000000e+00 4.510000e+00 1.241473e+00 8.608075e-01 0.000000e+00 -1.017063e-02
0.000000e+00 4.565000e+00 1.238482e+00 8.573857e-01 0.000000e+00 -9.849723e-03
0.000000e+00 4.620000e+00 1.235543e+00 8.540323e-01 0.000000e+00 -9.559828e-03
0.000000e+00 4.675000e+00 1.232665e+00 8.507389e-01 0.000000e+00 -9.310500e-03
0.000000e+00 4.730000e+00 1.229861e+00 8.475103e-01 0.000000e+00 -9.098035e-03
0.000000e+00 4.785000e+00 1.227140e+00 8.443563e-01 0.000000e+00 -8.909989e-03
0.000000e+00 4.840000e+00 1.224498e+00 8.412815e-01 0.000000e+00 -8.733648e-03
0.000000e+00 4.895000e+00 1.221915e+00 8.382815e-01 0.000000e+00 -8.561027e-03
0.000000e+00 4.950000e+00 1.219372e+00 8.353471e-01 0.000000e+00 -8.388887e-03
0.000000e+00 5.005000e+00 1.216852e+00 8.324687e-01 0.000000e+00 -8.217604e-03
0.000000e+00 5.060000e+00 1.214348e+00 8.296372e-01 0.000000e+00 -8.051510e-03
0.000000e+00 5.115000e+00 1.211862e+00 8.268437e-01 0.000000e+00 -7.898368e-03
0.000000e+00 5.170000e+00 1.209404e+00 8.240839e-01 0.000000e+00 -7.765366e-03
0.000000e+00 5.225000e+00 1.206989e+00 8.213618e-01 0.000000e+00 -7.655129e-03
0.000000e+00 5.280000e+00 1.204631e+00 8.186829e-01 0.000000e+00 -7.568398e-03
0.000000e+00 5.335000e+00 1.202320e+00 8.160393e-01 0.000000e+00 -7.513329e-03
0.000000e+00 5.390000e+00 1.200022e+00 8.133999e-01 0.000000e+00 -7.511027e-03
0.000000e+00 5.445000e+00 1.197689e+00 8.107246e-01 0.000000e+00 -7.584954e-03
0.000000e+00 5.500000e+00 1.195295e+00 8.079996e-01 0.000000e+00 -7.736196e-03
0.000000e+00 5.555000e+00 1.192872e+00 8.052651e-01 0.000000e+00 -7.926580e-03
0.000000e+00 5.610000e+00 1.190494e+00 8.026057e-01 0.000000e+00 -8.089291e-03
0.000000e+00 5.665000e+00 1.188246e+00 8.001069e-01 0.000000e+00 -8.163511e-03
0.000000e+00 5.720000e+00 1.186169e+00 7.978019e-01 0.000000e+00 -8.133179e-03
0.000000e+00 5.775000e+00 1.184234e+00 7.956468e-01 0.000000e+00 -8.041920e-03
0.000000e+00 5.830000e+00 1.182363e+00 7.935471e-01 0.000000e+00 -7.968649e-03
0.000000e+00 5.885000e+00 1.180475e+00 7.914137e-01 0.000000e+00 -7.981300e-03
0.000000e+00 5.940000e+00 1.178529e+00 7.892080e-01 0.000000e+00 -8.099741e-03
0.000000e+00 5.995000e+00 1.176534e+00 7.869510e-01 0.000000e+00 -8.290892e-03
0.000000e+00 6.050000e+00 1.174526e+00 7.846940e-01 0.000000e+00 -8.494568e-03
0.000000e+00 6.105000e+00 1.172542e+00 7.824841e-01 0.000000e+00 -8.656846e-03
0.000000e+00 6.160000e+00 1.170604e+00 7.803433e-01 0.000000e+00 -8.752555e-03
0.000000e+00 6.215000e+00 1.168714e+00 7.782674e-01 0.000000e+00 -8.790598e-03
0.000000e+00 6.270000e+00 1.166864e+00 7.762362e-01 0.000000e+00 -8.803888e-03
0.000000e+00 6.325000e+00 1.165041e+00 7.742255e-01 0.000000e+00 -8.831684e-03
0.000000e+00 6.380000e+00 1.163229e+00 7.722153e-01 0.000000e+00 -8.902881e-03
0.000000e+00 6.435000e+00 1.161421e+00 7.701957e-01 0.000000e+00 -9.025539e-03
0.000000e+00 6.490000e+00 1.159613e+00 7.681710e-01 0.000000e+00 -9.184973e-03
0.000000e+00 6.545000e+00 1.157819e+00 7.661641e-01 0.000000e+00 -9.350378e-03
0.000000e+00 6.600000e+00 1.156066e+00 7.642145e-01 0.000000e+00 -9.486897e-03
0.000000e+00 6.655000e+00 1.154394e+00 7.623697e-01 0.000000e+00 -9.567372e-03
0.000000e+00 6.710000e+00 1.152841e+00 7.606716e-01 0.000000e+00 -9.578489e-03
0.000000e+00 6.765000e+00 1.151434e+00 7.591417e-01 0.000000e+00 -9.520217e-03
0.000000e+00 6.820000e+00 1.150172e+00 7.577711e-01 0.000000e+00 -9.401790e-03
0.000000e+00 6.875000e+00 1.149025e+00 7.565196e-01 0.000000e+00 -9.238698e-03
0.000000e+00 6.930000e+00 1.147940e+00 7.553245e-01 0.000000e+00 -9.052191e-03
0.000000e+00 6.985000e+00 1.146854e+00 7.541172e-01 0.000000e+00 -8.869070e-03
0.000000e+00 7.040000e+00 1.145709e+00 7.528414e-01 0.000000e+00 -8.718661e-03
0.000000e+00 7.095000e+00 1.144471e+00 7.514663e-01 0.000000e+00 -8.626180e-03
0.000000e+00 7.150000e+00 1.143131e+00 7.499882e-01 0.000000e+00 -8.605353e-03
0.000000e+00 7.205000e+00 1.141701e+00 7.484244e-01 0.000000e+00 -8.654685e-03
0.000000e+00 7.260000e+00 1.140207e+00 7.468021e-01 0.000000e+00 -8.759389e-03
0.000000e+00 7.315000e+00 1.138683e+00 7.451524e-01 0.000000e+00 -8.897055e-03
0.000000e+00 7.370000e+00 1.137167e+00 7.435120e-01 0.000000e+00 -9.042812e-03
0.000000e+00 7.425000e+00 1.135709e+00 7.419292e-01 0.000000e+00 -9.171294e-03
0.000000e+00 7.480000e+00 1.134366e+00 7.404622e-01 0.000000e+00 -9.256817e-03
0.000000e+00 7.535000e+00 1.133186e+00 7.391662e-01 0.000000e+00 -9.275751e-03
0.000000e+00 7.590000e+00 1.132191e+00 7.380688e-01 0.000000e+00 -9.213718e-03
0.000000e+00 7.645000e+00 1.131357e+00 7.371488e-01 0.000000e+00 -9.075616e-03
0.000000e+00 7.700000e+00 1.130614e+00 7.363343e-01 0.000000e+00 -8.890662e-03
0.000000e+00 7.755000e+00 1.129868e+00 7.355266e-01 0.000000e+00 -8.705220e-03
0.000000e+00 7.810000e+00 1.129041e+00 7.346364e-01 0.000000e+00 -8.566084e-03
0.000000e+00 7.865000e+00 1.128088e+00 7.336132e-01 0.000000e+00 -8.502035e-03
0.000000e+00 7.920000e+00 1.127012e+00 7.324547e-01 0.000000e+00 -8.513322e-03
0.000000e+00 7.975000e+00 1.125847e+00 7.311938e-01 0.000000e+00 -8.576195e-03
0.000000e+00 8.030000e+00 1.124633e+00 7.298737e-01 0.000000e+00 -8.659654e-03
0.000000e+00 8.085000e+00 1.123397e+00 7.285260e-01 0.000000e+00 -8.744341e-03
0.000000e+00 8.140000e+00 1.122149e+00 7.271652e-01 0.000000e+00 -8.831273e-03
0.000000e+00 8.195000e+00 1.120892e+00 7.258007e-01 0.000000e+00 -8.933712e-03
0.000000e+00 8.250000e+00 1.119646e+00 7.244552e-01 0.000000e+00 -9.057809e-03
0.000000e+00 8.305000e+00 1.118453e+00 7.231730e-01 0.000000e+00 -9.186626e-03
0.000000e+00 8.360000e+00 1.117365e+00 7.220097e-01 0.000000e+00 -9.279793e-03
0.000000e+00 8.415000e+00 1.116427e+00 7.210073e-01 0.000000e+00 -9.290738e-03
0.000000e+00 8.470000e+00 1.115646e+00 7.201685e-01 0.000000e+00 -9.193977e-03
0.000000e+00 8.525000e+00 1.114975e+00 7.194437e-01 0.000000e+00 -9.006395e-03
0.000000e+00 8.580000e+00 1.114334e+00 7.187453e-01 0.000000e+00 -8.785444e-03
0.000000e+00 8.635000e+00 1.113634e+00 7.179825e-01 0.000000e+00 -8.603835e-03
0.000000e+00 8.690000e+00 1.112818e+00 7.170982e-01 0.000000e+00 -8.514547e-03
0.000000e+00 8.745000e+00 1.111884e+00 7.160921e-01 0.000000e+00 -8.524605e-03
0.000000e+00 8.800000e+00 1.110881e+00 7.150201e-01 0.000000e+00 -8.592466e-03
0.000000e+00 8.855000e+00 1.109893e+00 7.139676e-01 0.000000e+00 -8.649727e-03
0.000000e+00 8.910000e+00 1.108993e+00 7.130112e-01 0.000000e+00 -8.635146e-03
0.000000e+00 8.965000e+00 1.108215e+00 7.121837e-01 0.000000e+00 -8.524653e-03
0.000000e+00 9.020000e+00 1.107539e+00 7.114595e-01 0.000000e+00 -8.342697e-03
0.000000e+00 9.075000e+00 1.106900e+00 7.107703e-01 0.000000e+00 -8.148875e-03
0.000000e+00 9.130000e+00 1.106225e+00 7.100404e-01 0.000000e+00 -8.008100e-03
0.000000e+00 9.185000e+00 1.105468e+00 7.092224e-01 0.000000e+00 -7.959747e-03
0.000000e+00 9.240000e+00 1.104627e+00 7.083184e-01 0.000000e+00 -7.999038e-03
0.000000e+00 9.295000e+00 1.103748e+00 7.073770e-01 0.000000e+00 -8.079143e-03
0.000000e+00 9.350000e+00 1.102899e+00 7.064703e-01 0.000000e+00 -8.132211e-03
0.000000e+00 9.405000e+00 1.102141e+00 7.056627e-01 0.000000e+00 -8.099093e-03
0.000000e+00 9.460000e+00 1.101505e+00 7.049864e-01 0.000000e+00 -7.954915e-03
0.000000e+00 9.515000e+00 1.100981e+00 7.044312e-01 0.000000e+00 -7.720372e-03
0.000000e+00 9.570000e+00 1.100524e+00 7.039530e-01 0.000000e+00 -7.451730e-03
0.000000e+00 9.625000e+00 1.100082e+00 7.034934e-01 0.000000e+00 -7.216599e-03
0.000000e+00 9.680000e+00 1.099607e+00 7.030004e-01 0.000000e+00 -7.065818e-03
0.000000e+00 9.735000e+00 1.099075e+00 7.024406e-01 0.000000e+00 -7.017205e-03
0.000000e+00 9.790000e+00 1.098481e+00 7.018052e-01 0.000000e+00 -7.055161e-03
0.000000e+00 9.845000e+00 1.097842e+00 7.011083e-01 0.000000e+00 -7.147923e-03
0.000000e+00 9.900000e+00 1.097180e+00 7.003745e-01 0.000000e+00 -7.266201e-03
0.000000e+00 9.955000e+00 1.096532e+00 6.996423e-01 0.000000e+00 -7.368278e-03
0.000000e+00 1.001000e+01 1.101640e+00 7.050500e-01 -0.000000e+00 -2.260000e-03
0.000000e+00 1.006500e+01 1.101640e+00 7.050500e-01 -0.000000e+00 -2.260000e-03
0.000000e+00 1.012000e+01 1.101640e+00 7.050500e-01 -0.000000e+00 -2.260000e-03
0.000000e+00 1.017500e+01 1.101640e+00 7.050500e-01 -0.000000e+00 -2.260000e-03
0.000000e+00 1.023000e+01 1.101640e+00 7.050500e-01 -0.000000e+00 -2.260000e-03
0.000000e+00 1.028500e+01 1.101640e+00 7.050500e-01 -0.000000e+00 -2.260000e-03
0.000000e+00 1.034000e+01 1.101640e+00 7.050500e-01 -0.000000e+00 -2.260000e-03
0.000000e+00 1.039500e+01 1.101640e+00 7.050500e-01 -0.000000e+00 -2.260000e-03
0.000000e+00 1.045000e+01 1.101640e+00 7.050500e-01 -0.000000e+00 -2.260000e-03
0.000000e+00 1.050500e+01 1.101640e+00 7.050500e-01 -0.000000e+00 -2.260000e-03
0.000000e+00 1.056000e+01 1.101640e+00 7.050500e-01 -0.000000e+00 -2.260000e-03
0.000000e+00 1.061500e+01 1.101640e+00 7.050500e-01 -0.000000e+00 -2.260000e-03
0.000000e+00 1.067000e+01 1.101640e+00 7.050500e-01 -0.000000e+00 -2.260000e-03
0.000000e+00 1.072500e+01 1.101640e+00 7.050500e-01 -0.000000e+00 -2.260000e-03
0.000000e+00 1.078000e+01 1.101640e+00 7.050500e-01 -0.000000e+00 -2.260000e-03
0.000000e+00 1.083500e+01 1.101640e+00 7.050500e-01 -0.000000e+00 -2.260000e-03
0.000000e+00 1.089000e+01 1.101640e+00 7.050500e-01 -0.000000e+00 -2.260000e-03
0.000000e+00 1.094500e+01 1.101640e+00 7.050500e-01 -0.000000e+00 -2.260000e-03
0.000000e+00 1.100000e+01 1.101640e+00 7.050500e-01 -0.000000e+00 -2.260000e-03
