#############TIME##################
5.000715e+01 
###################################
0.000000e+00 0.000000e+00 6.963879e+00 2.951501e+01 0.000000e+00 0.000000e+00
0.000000e+00 1.100000e-01 6.963879e+00 2.951501e+01 0.000000e+00 -1.636329e+00
0.000000e+00 2.200000e-01 5.656264e+00 1.362128e+01 0.000000e+00 -6.146825e-01
0.000000e+00 3.300000e-01 4.848839e+00 7.814183e+00 0.000000e+00 -5.040391e-01
0.000000e+00 4.400000e-01 3.767774e+00 5.317890e+00 0.000000e+00 -4.041329e-01
0.000000e+00 5.500000e-01 3.090212e+00 4.017173e+00 0.000000e+00 -3.195235e-01
0.000000e+00 6.600000e-01 2.717317e+00 3.242722e+00 0.000000e+00 -2.582665e-01
0.000000e+00 7.700000e-01 2.448702e+00 2.730980e+00 0.000000e+00 -2.145516e-01
0.000000e+00 8.800000e-01 2.248638e+00 2.376675e+00 0.000000e+00 -1.827296e-01
0.000000e+00 9.900000e-01 2.099338e+00 2.117155e+00 0.000000e+00 -1.575661e-01
0.000000e+00 1.100000e+00 1.983696e+00 1.920684e+00 0.000000e+00 -1.377245e-01
0.000000e+00 1.210000e+00 1.889292e+00 1.766757e+00 0.000000e+00 -1.216491e-01
0.000000e+00 1.320000e+00 1.811282e+00 1.643639e+00 0.000000e+00 -1.086343e-01
0.000000e+00 1.430000e+00 1.746209e+00 1.542929e+00 0.000000e+00 -9.783586e-02
0.000000e+00 1.540000e+00 1.691085e+00 1.459272e+00 0.000000e+00 -8.884673e-02
0.000000e+00 1.650000e+00 1.643547e+00 1.388701e+00 0.000000e+00 -8.126248e-02
0.000000e+00 1.760000e+00 1.602264e+00 1.328482e+00 0.000000e+00 -7.483383e-02
0.000000e+00 1.870000e+00 1.566273e+00 1.276517e+00 0.000000e+00 -6.930272e-02
0.000000e+00 1.980000e+00 1.534694e+00 1.231264e+00 0.000000e+00 -6.445757e-02
0.000000e+00 2.090000e+00 1.506584e+00 1.191518e+00 0.000000e+00 -6.009216e-02
0.000000e+00 2.200000e+00 1.481108e+00 1.156358e+00 0.000000e+00 -5.605112e-02
0.000000e+00 2.310000e+00 1.457672e+00 1.125048e+00 0.000000e+00 -5.223152e-02
0.000000e+00 2.420000e+00 1.435992e+00 1.096996e+00 0.000000e+00 -4.859420e-02
0.000000e+00 2.530000e+00 1.415999e+00 1.071719e+00 0.000000e+00 -4.514810e-02
0.000000e+00 2.640000e+00 1.397671e+00 1.048821e+00 0.000000e+00 -4.193843e-02
0.000000e+00 2.750000e+00 1.380911e+00 1.027977e+00 0.000000e+00 -3.902740e-02
0.000000e+00 2.860000e+00 1.365545e+00 1.008935e+00 0.000000e+00 -3.644173e-02
0.000000e+00 2.970000e+00 1.351380e+00 9.914827e-01 0.000000e+00 -3.414374e-02
0.000000e+00 3.080000e+00 1.338253e+00 9.754344e-01 0.000000e+00 -3.207664e-02
0.000000e+00 3.190000e+00 1.326048e+00 9.606288e-01 0.000000e+00 -3.020248e-02
0.000000e+00 3.300000e+00 1.314676e+00 9.469282e-01 0.000000e+00 -2.850173e-02
0.000000e+00 3.410000e+00 1.304063e+00 9.342146e-01 0.000000e+00 -2.696091e-02
0.000000e+00 3.520000e+00 1.294135e+00 9.223861e-01 0.000000e+00 -2.556446e-02
0.000000e+00 3.630000e+00 1.284826e+00 9.113540e-01 0.000000e+00 -2.429332e-02
0.000000e+00 3.740000e+00 1.276073e+00 9.010409e-01 0.000000e+00 -2.312653e-02
0.000000e+00 3.850000e+00 1.267827e+00 8.913791e-01 0.000000e+00 -2.204351e-02
0.000000e+00 3.960000e+00 1.260044e+00 8.823095e-01 0.000000e+00 -2.102585e-02
0.000000e+00 4.070000e+00 1.252690e+00 8.737805e-01 0.000000e+00 -2.005848e-02
0.000000e+00 4.180000e+00 1.245734e+00 8.657464e-01 0.000000e+00 -1.913037e-02
0.000000e+00 4.290000e+00 1.239149e+00 8.581665e-01 0.000000e+00 -1.823490e-02
0.000000e+00 4.400000e+00 1.232911e+00 8.510038e-01 0.000000e+00 -1.736981e-02
0.000000e+00 4.510000e+00 1.226997e+00 8.442248e-01 0.000000e+00 -1.653702e-02
0.000000e+00 4.620000e+00 1.221382e+00 8.377987e-01 0.000000e+00 -1.574198e-02
0.000000e+00 4.730000e+00 1.216046e+00 8.316982e-01 0.000000e+00 -1.499279e-02
0.000000e+00 4.840000e+00 1.210968e+00 8.258988e-01 0.000000e+00 -1.429870e-02
0.000000e+00 4.950000e+00 1.206128e+00 8.203792e-01 0.000000e+00 -1.366793e-02
0.000000e+00 5.060000e+00 1.201508e+00 8.151205e-01 0.000000e+00 -1.310516e-02
0.000000e+00 5.170000e+00 1.197092e+00 8.101051e-01 0.000000e+00 -1.260908e-02
0.000000e+00 5.280000e+00 1.192861e+00 8.053167e-01 0.000000e+00 -1.217128e-02
0.000000e+00 5.390000e+00 1.188803e+00 8.007397e-01 0.000000e+00 -1.177701e-02
0.000000e+00 5.500000e+00 1.184905e+00 7.963598e-01 0.000000e+00 -1.140820e-02
0.000000e+00 5.610000e+00 1.181159e+00 7.921643e-01 0.000000e+00 -1.104785e-02
0.000000e+00 5.720000e+00 1.177557e+00 7.881423e-01 0.000000e+00 -1.068432e-02
0.000000e+00 5.830000e+00 1.174097e+00 7.842840e-01 0.000000e+00 -1.031421e-02
0.000000e+00 5.940000e+00 1.170771e+00 7.805802e-01 0.000000e+00 -9.942586e-03
0.000000e+00 6.050000e+00 1.167575e+00 7.770219e-01 0.000000e+00 -9.580597e-03
0.000000e+00 6.160000e+00 1.164501e+00 7.736009e-01 0.000000e+00 -9.241065e-03
0.000000e+00 6.270000e+00 1.161541e+00 7.703104e-01 0.000000e+00 -8.933484e-03
0.000000e+00 6.380000e+00 1.158687e+00 7.671443e-01 0.000000e+00 -8.660091e-03
0.000000e+00 6.490000e+00 1.155933e+00 7.640967e-01 0.000000e+00 -8.414529e-03
0.000000e+00 6.600000e+00 1.153272e+00 7.611610e-01 0.000000e+00 -8.183798e-03
0.000000e+00 6.710000e+00 1.150699e+00 7.583295e-01 0.000000e+00 -7.953051e-03
0.000000e+00 6.820000e+00 1.148208e+00 7.555946e-01 0.000000e+00 -7.711549e-03
0.000000e+00 6.930000e+00 1.145798e+00 7.529496e-01 0.000000e+00 -7.457444e-03
0.000000e+00 7.040000e+00 1.143466e+00 7.503898e-01 0.000000e+00 -7.199333e-03
0.000000e+00 7.150000e+00 1.141209e+00 7.479122e-01 0.000000e+00 -6.953611e-03
0.000000e+00 7.260000e+00 1.139025e+00 7.455145e-01 0.000000e+00 -6.738246e-03
0.000000e+00 7.370000e+00 1.136907e+00 7.431937e-01 0.000000e+00 -6.565102e-03
0.000000e+00 7.480000e+00 1.134851e+00 7.409459e-01 0.000000e+00 -6.433832e-03
0.000000e+00 7.590000e+00 1.132849e+00 7.387668e-01 0.000000e+00 -6.330123e-03
0.000000e+00 7.700000e+00 1.130900e+00 7.366525e-01 0.000000e+00 -6.229651e-03
0.000000e+00 7.810000e+00 1.129002e+00 7.346004e-01 0.000000e+00 -6.106748e-03
0.000000e+00 7.920000e+00 1.127159e+00 7.326088e-01 0.000000e+00 -5.944697e-03
0.000000e+00 8.030000e+00 1.125371e+00 7.306767e-01 0.000000e+00 -5.743036e-03
0.000000e+00 8.140000e+00 1.123640e+00 7.288026e-01 0.000000e+00 -5.518648e-03
0.000000e+00 8.250000e+00 1.121965e+00 7.269848e-01 0.000000e+00 -5.298645e-03
0.000000e+00 8.360000e+00 1.120343e+00 7.252210e-01 0.000000e+00 -5.108526e-03
0.000000e+00 8.470000e+00 1.118769e+00 7.235094e-01 0.000000e+00 -4.958865e-03
0.000000e+00 8.580000e+00 1.117239e+00 7.218472e-01 0.000000e+00 -4.840474e-03
0.000000e+00 8.690000e+00 1.115748e+00 7.202337e-01 0.000000e+00 -4.725615e-03
0.000000e+00 8.800000e+00 1.114290e+00 7.186643e-01 0.000000e+00 -4.585095e-03
0.000000e+00 8.910000e+00 1.112866e+00 7.171385e-01 0.000000e+00 -4.396262e-03
0.000000e+00 9.020000e+00 1.111465e+00 7.156460e-01 0.000000e+00 -4.166124e-03
0.000000e+00 9.130000e+00 1.110098e+00 7.141923e-01 0.000000e+00 -3.909965e-03
0.000000e+00 9.240000e+00 1.108748e+00 7.127572e-01 0.000000e+00 -3.681049e-03
0.000000e+00 9.350000e+00 1.107450e+00 7.113701e-01 0.000000e+00 -3.490639e-03
0.000000e+00 9.460000e+00 1.106166e+00 7.099813e-01 0.000000e+00 -3.403632e-03
0.000000e+00 9.570000e+00 1.104987e+00 7.086825e-01 0.000000e+00 -3.332763e-03
0.000000e+00 9.680000e+00 1.103777e+00 7.073282e-01 0.000000e+00 -3.374265e-03
0.000000e+00 9.790000e+00 1.102770e+00 7.061989e-01 0.000000e+00 -3.256291e-03
0.000000e+00 9.900000e+00 1.101545e+00 7.049115e-01 0.000000e+00 -3.777396e-03
0.000000e+00 1.001000e+01 1.101657e+00 7.050522e-01 0.000000e+00 -2.269193e-03
0.000000e+00 1.012000e+01 1.101657e+00 7.050522e-01 0.000000e+00 -2.269196e-03
0.000000e+00 1.023000e+01 1.101657e+00 7.050522e-01 0.000000e+00 -2.269199e-03
0.000000e+00 1.034000e+01 1.101657e+00 7.050522e-01 0.000000e+00 -2.269202e-03
0.000000e+00 1.045000e+01 1.101657e+00 7.050522e-01 0.000000e+00 -2.269204e-03
0.000000e+00 1.056000e+01 1.101657e+00 7.050522e-01 0.000000e+00 -2.269207e-03
0.000000e+00 1.067000e+01 1.101657e+00 7.050522e-01 0.000000e+00 -2.269209e-03
0.000000e+00 1.078000e+01 1.101657e+00 7.050522e-01 0.000000e+00 -2.269212e-03
0.000000e+00 1.089000e+01 1.101657e+00 7.050522e-01 0.000000e+00 -2.269214e-03
0.000000e+00 1.100000e+01 1.101657e+00 7.050522e-01 0.000000e+00 -2.269214e-03
