#############TIME##################
1.070110e+01 
###################################
0.000000e+00 0.000000e+00 2.443711e+01 2.443773e+01 0.000000e+00 -3.042345e+00
0.000000e+00 5.500000e-02 2.443711e+01 2.443773e+01 0.000000e+00 -3.042345e+00
0.000000e+00 1.100000e-01 2.443181e+01 2.443244e+01 0.000000e+00 -3.042351e+00
0.000000e+00 1.650000e-01 1.513490e+01 1.513528e+01 0.000000e+00 -2.293737e+00
0.000000e+00 2.200000e-01 1.118139e+01 1.118165e+01 0.000000e+00 -1.931971e+00
0.000000e+00 2.750000e-01 8.765174e+00 8.765355e+00 0.000000e+00 -1.637215e+00
0.000000e+00 3.300000e-01 7.232989e+00 7.233125e+00 0.000000e+00 -1.420190e+00
0.000000e+00 3.850000e-01 6.142683e+00 6.142789e+00 0.000000e+00 -1.243147e+00
0.000000e+00 4.400000e-01 5.365290e+00 5.365374e+00 0.000000e+00 -1.102137e+00
0.000000e+00 4.950000e-01 4.772013e+00 4.772083e+00 0.000000e+00 -9.837272e-01
0.000000e+00 5.500000e-01 4.312215e+00 4.312274e+00 0.000000e+00 -8.857296e-01
0.000000e+00 6.050000e-01 3.945597e+00 3.945648e+00 0.000000e+00 -8.014977e-01
0.000000e+00 6.600000e-01 3.648077e+00 3.648120e+00 0.000000e+00 -7.295000e-01
0.000000e+00 7.150000e-01 3.401878e+00 3.401916e+00 0.000000e+00 -6.667916e-01
0.000000e+00 7.700000e-01 3.195476e+00 3.195510e+00 0.000000e+00 -6.120352e-01
0.000000e+00 8.250000e-01 3.020033e+00 3.020064e+00 0.000000e+00 -5.637353e-01
0.000000e+00 8.800000e-01 2.869306e+00 2.869334e+00 0.000000e+00 -5.209499e-01
0.000000e+00 9.350000e-01 2.738502e+00 2.738527e+00 0.000000e+00 -4.828055e-01
0.000000e+00 9.900000e-01 2.624073e+00 2.624095e+00 0.000000e+00 -4.486337e-01
0.000000e+00 1.045000e+00 2.523262e+00 2.523283e+00 0.000000e+00 -4.178515e-01
0.000000e+00 1.100000e+00 2.433916e+00 2.433935e+00 0.000000e+00 -3.899865e-01
0.000000e+00 1.155000e+00 2.354279e+00 2.354296e+00 0.000000e+00 -3.646484e-01
0.000000e+00 1.210000e+00 2.282895e+00 2.282911e+00 0.000000e+00 -3.415282e-01
0.000000e+00 1.265000e+00 2.218550e+00 2.218565e+00 0.000000e+00 -3.203762e-01
0.000000e+00 1.320000e+00 2.160251e+00 2.160265e+00 0.000000e+00 -3.009825e-01
0.000000e+00 1.375000e+00 2.107210e+00 2.107224e+00 0.000000e+00 -2.831560e-01
0.000000e+00 1.430000e+00 2.058809e+00 2.058821e+00 0.000000e+00 -2.667170e-01
0.000000e+00 1.485000e+00 2.014538e+00 2.014550e+00 0.000000e+00 -2.515018e-01
0.000000e+00 1.540000e+00 1.973940e+00 1.973951e+00 0.000000e+00 -2.373761e-01
0.000000e+00 1.595000e+00 1.936568e+00 1.936579e+00 0.000000e+00 -2.242428e-01
0.000000e+00 1.650000e+00 1.901992e+00 1.902002e+00 0.000000e+00 -2.120369e-01
0.000000e+00 1.705000e+00 1.869832e+00 1.869842e+00 0.000000e+00 -2.007081e-01
0.000000e+00 1.760000e+00 1.839796e+00 1.839806e+00 0.000000e+00 -1.901993e-01
0.000000e+00 1.815000e+00 1.811690e+00 1.811699e+00 0.000000e+00 -1.804358e-01
0.000000e+00 1.870000e+00 1.785395e+00 1.785403e+00 0.000000e+00 -1.713279e-01
0.000000e+00 1.925000e+00 1.760824e+00 1.760832e+00 0.000000e+00 -1.627849e-01
0.000000e+00 1.980000e+00 1.737880e+00 1.737888e+00 0.000000e+00 -1.547333e-01
0.000000e+00 2.035000e+00 1.716429e+00 1.716437e+00 0.000000e+00 -1.471260e-01
0.000000e+00 2.090000e+00 1.696315e+00 1.696322e+00 0.000000e+00 -1.399395e-01
0.000000e+00 2.145000e+00 1.677378e+00 1.677385e+00 0.000000e+00 -1.331620e-01
0.000000e+00 2.200000e+00 1.659479e+00 1.659485e+00 0.000000e+00 -1.267820e-01
0.000000e+00 2.255000e+00 1.642504e+00 1.642511e+00 0.000000e+00 -1.207827e-01
0.000000e+00 2.310000e+00 1.626367e+00 1.626373e+00 0.000000e+00 -1.151424e-01
0.000000e+00 2.365000e+00 1.610996e+00 1.611002e+00 0.000000e+00 -1.098375e-01
0.000000e+00 2.420000e+00 1.596332e+00 1.596338e+00 0.000000e+00 -1.048448e-01
0.000000e+00 2.475000e+00 1.582328e+00 1.582334e+00 0.000000e+00 -1.001409e-01
0.000000e+00 2.530000e+00 1.568955e+00 1.568960e+00 0.000000e+00 -9.570042e-02
0.000000e+00 2.585000e+00 1.556197e+00 1.556202e+00 0.000000e+00 -9.149468e-02
0.000000e+00 2.640000e+00 1.544048e+00 1.544053e+00 0.000000e+00 -8.749375e-02
0.000000e+00 2.695000e+00 1.532501e+00 1.532506e+00 0.000000e+00 -8.366986e-02
0.000000e+00 2.750000e+00 1.521538e+00 1.521543e+00 0.000000e+00 -8.000171e-02
0.000000e+00 2.805000e+00 1.511122e+00 1.511127e+00 0.000000e+00 -7.647702e-02
0.000000e+00 2.860000e+00 1.501200e+00 1.501205e+00 0.000000e+00 -7.309267e-02
0.000000e+00 2.915000e+00 1.491709e+00 1.491714e+00 0.000000e+00 -6.985237e-02
0.000000e+00 2.970000e+00 1.482584e+00 1.482588e+00 0.000000e+00 -6.676277e-02
0.000000e+00 3.025000e+00 1.473768e+00 1.473772e+00 0.000000e+00 -6.382938e-02
0.000000e+00 3.080000e+00 1.465220e+00 1.465224e+00 0.000000e+00 -6.105319e-02
0.000000e+00 3.135000e+00 1.456920e+00 1.456924e+00 0.000000e+00 -5.842892e-02
0.000000e+00 3.190000e+00 1.448863e+00 1.448867e+00 0.000000e+00 -5.594503e-02
0.000000e+00 3.245000e+00 1.441060e+00 1.441064e+00 0.000000e+00 -5.358542e-02
0.000000e+00 3.300000e+00 1.433526e+00 1.433529e+00 0.000000e+00 -5.133227e-02
0.000000e+00 3.355000e+00 1.426274e+00 1.426278e+00 0.000000e+00 -4.916885e-02
0.000000e+00 3.410000e+00 1.419311e+00 1.419315e+00 0.000000e+00 -4.708177e-02
0.000000e+00 3.465000e+00 1.412635e+00 1.412638e+00 0.000000e+00 -4.506194e-02
0.000000e+00 3.520000e+00 1.406232e+00 1.406236e+00 0.000000e+00 -4.310462e-02
0.000000e+00 3.575000e+00 1.400083e+00 1.400087e+00 0.000000e+00 -4.120862e-02
0.000000e+00 3.630000e+00 1.394163e+00 1.394166e+00 0.000000e+00 -3.937520e-02
0.000000e+00 3.685000e+00 1.388443e+00 1.388446e+00 0.000000e+00 -3.760710e-02
0.000000e+00 3.740000e+00 1.382895e+00 1.382898e+00 0.000000e+00 -3.590769e-02
0.000000e+00 3.795000e+00 1.377493e+00 1.377496e+00 0.000000e+00 -3.428035e-02
0.000000e+00 3.850000e+00 1.372212e+00 1.372215e+00 0.000000e+00 -3.272795e-02
0.000000e+00 3.905000e+00 1.367034e+00 1.367037e+00 0.000000e+00 -3.125218e-02
0.000000e+00 3.960000e+00 1.361947e+00 1.361950e+00 0.000000e+00 -2.985289e-02
0.000000e+00 4.015000e+00 1.356945e+00 1.356948e+00 0.000000e+00 -2.852755e-02
0.000000e+00 4.070000e+00 1.352032e+00 1.352035e+00 0.000000e+00 -2.727096e-02
0.000000e+00 4.125000e+00 1.347219e+00 1.347221e+00 0.000000e+00 -2.607547e-02
0.000000e+00 4.180000e+00 1.342519e+00 1.342522e+00 0.000000e+00 -2.493166e-02
0.000000e+00 4.235000e+00 1.337950e+00 1.337952e+00 0.000000e+00 -2.382935e-02
0.000000e+00 4.290000e+00 1.333528e+00 1.333530e+00 0.000000e+00 -2.275872e-02
0.000000e+00 4.345000e+00 1.329265e+00 1.329267e+00 0.000000e+00 -2.171123e-02
0.000000e+00 4.400000e+00 1.325169e+00 1.325172e+00 0.000000e+00 -2.068035e-02
0.000000e+00 4.455000e+00 1.321242e+00 1.321245e+00 0.000000e+00 -1.966203e-02
0.000000e+00 4.510000e+00 1.317479e+00 1.317482e+00 0.000000e+00 -1.865483e-02
0.000000e+00 4.565000e+00 1.313869e+00 1.313871e+00 0.000000e+00 -1.765982e-02
0.000000e+00 4.620000e+00 1.310395e+00 1.310397e+00 0.000000e+00 -1.668022e-02
0.000000e+00 4.675000e+00 1.307036e+00 1.307039e+00 0.000000e+00 -1.572081e-02
0.000000e+00 4.730000e+00 1.303772e+00 1.303774e+00 0.000000e+00 -1.478727e-02
0.000000e+00 4.785000e+00 1.300578e+00 1.300580e+00 0.000000e+00 -1.388558e-02
0.000000e+00 4.840000e+00 1.297436e+00 1.297438e+00 0.000000e+00 -1.302141e-02
0.000000e+00 4.895000e+00 1.294327e+00 1.294329e+00 0.000000e+00 -1.219970e-02
0.000000e+00 4.950000e+00 1.291236e+00 1.291238e+00 0.000000e+00 -1.142438e-02
0.000000e+00 5.005000e+00 1.288151e+00 1.288153e+00 0.000000e+00 -1.069820e-02
0.000000e+00 5.060000e+00 1.285063e+00 1.285065e+00 0.000000e+00 -1.002259e-02
0.000000e+00 5.115000e+00 1.281970e+00 1.281972e+00 0.000000e+00 -9.397688e-03
0.000000e+00 5.170000e+00 1.278870e+00 1.278872e+00 0.000000e+00 -8.822173e-03
0.000000e+00 5.225000e+00 1.275770e+00 1.275772e+00 0.000000e+00 -8.293055e-03
0.000000e+00 5.280000e+00 1.272681e+00 1.272683e+00 0.000000e+00 -7.805459e-03
0.000000e+00 5.335000e+00 1.269621e+00 1.269623e+00 0.000000e+00 -7.352603e-03
0.000000e+00 5.390000e+00 1.266608e+00 1.266610e+00 0.000000e+00 -6.926212e-03
0.000000e+00 5.445000e+00 1.263662e+00 1.263663e+00 0.000000e+00 -6.517402e-03
0.000000e+00 5.500000e+00 1.260797e+00 1.260799e+00 0.000000e+00 -6.117957e-03
0.000000e+00 5.555000e+00 1.258026e+00 1.258027e+00 0.000000e+00 -5.721687e-03
0.000000e+00 5.610000e+00 1.255348e+00 1.255350e+00 0.000000e+00 -5.325519e-03
0.000000e+00 5.665000e+00 1.252759e+00 1.252761e+00 0.000000e+00 -4.929990e-03
0.000000e+00 5.720000e+00 1.250245e+00 1.250246e+00 0.000000e+00 -4.538997e-03
0.000000e+00 5.775000e+00 1.247787e+00 1.247788e+00 0.000000e+00 -4.158887e-03
0.000000e+00 5.830000e+00 1.245365e+00 1.245366e+00 0.000000e+00 -3.797133e-03
0.000000e+00 5.885000e+00 1.242961e+00 1.242963e+00 0.000000e+00 -3.460875e-03
0.000000e+00 5.940000e+00 1.240565e+00 1.240566e+00 0.000000e+00 -3.155540e-03
0.000000e+00 5.995000e+00 1.238170e+00 1.238172e+00 0.000000e+00 -2.883822e-03
0.000000e+00 6.050000e+00 1.235780e+00 1.235782e+00 0.000000e+00 -2.645261e-03
0.000000e+00 6.105000e+00 1.233403e+00 1.233405e+00 0.000000e+00 -2.436631e-03
0.000000e+00 6.160000e+00 1.231049e+00 1.231050e+00 0.000000e+00 -2.253081e-03
0.000000e+00 6.215000e+00 1.228726e+00 1.228727e+00 0.000000e+00 -2.089740e-03
0.000000e+00 6.270000e+00 1.226438e+00 1.226439e+00 0.000000e+00 -1.943322e-03
0.000000e+00 6.325000e+00 1.224183e+00 1.224184e+00 0.000000e+00 -1.813245e-03
0.000000e+00 6.380000e+00 1.221952e+00 1.221954e+00 0.000000e+00 -1.701931e-03
0.000000e+00 6.435000e+00 1.219733e+00 1.219734e+00 0.000000e+00 -1.614247e-03
0.000000e+00 6.490000e+00 1.217508e+00 1.217509e+00 0.000000e+00 -1.556312e-03
0.000000e+00 6.545000e+00 1.215265e+00 1.215266e+00 0.000000e+00 -1.534046e-03
0.000000e+00 6.600000e+00 1.212995e+00 1.212996e+00 0.000000e+00 -1.551825e-03
0.000000e+00 6.655000e+00 1.210695e+00 1.210697e+00 0.000000e+00 -1.611535e-03
0.000000e+00 6.710000e+00 1.208371e+00 1.208372e+00 0.000000e+00 -1.712233e-03
0.000000e+00 6.765000e+00 1.206031e+00 1.206032e+00 0.000000e+00 -1.850477e-03
0.000000e+00 6.820000e+00 1.203688e+00 1.203689e+00 0.000000e+00 -2.021263e-03
0.000000e+00 6.875000e+00 1.201352e+00 1.201353e+00 0.000000e+00 -2.219317e-03
0.000000e+00 6.930000e+00 1.199032e+00 1.199033e+00 0.000000e+00 -2.440445e-03
0.000000e+00 6.985000e+00 1.196731e+00 1.196732e+00 0.000000e+00 -2.682597e-03
0.000000e+00 7.040000e+00 1.194448e+00 1.194448e+00 0.000000e+00 -2.946419e-03
0.000000e+00 7.095000e+00 1.192175e+00 1.192175e+00 0.000000e+00 -3.235182e-03
0.000000e+00 7.150000e+00 1.189901e+00 1.189902e+00 0.000000e+00 -3.554200e-03
0.000000e+00 7.205000e+00 1.187615e+00 1.187616e+00 0.000000e+00 -3.909961e-03
0.000000e+00 7.260000e+00 1.185300e+00 1.185301e+00 0.000000e+00 -4.309205e-03
0.000000e+00 7.315000e+00 1.182945e+00 1.182946e+00 0.000000e+00 -4.758109e-03
0.000000e+00 7.370000e+00 1.180540e+00 1.180541e+00 0.000000e+00 -5.261626e-03
0.000000e+00 7.425000e+00 1.178080e+00 1.178081e+00 0.000000e+00 -5.823017e-03
0.000000e+00 7.480000e+00 1.175564e+00 1.175565e+00 0.000000e+00 -6.443650e-03
0.000000e+00 7.535000e+00 1.172996e+00 1.172996e+00 0.000000e+00 -7.123156e-03
0.000000e+00 7.590000e+00 1.170381e+00 1.170381e+00 0.000000e+00 -7.859971e-03
0.000000e+00 7.645000e+00 1.167725e+00 1.167726e+00 0.000000e+00 -8.652149e-03
0.000000e+00 7.700000e+00 1.165033e+00 1.165034e+00 0.000000e+00 -9.498190e-03
0.000000e+00 7.755000e+00 1.162308e+00 1.162308e+00 0.000000e+00 -1.039759e-02
0.000000e+00 7.810000e+00 1.159548e+00 1.159548e+00 0.000000e+00 -1.135094e-02
0.000000e+00 7.865000e+00 1.156752e+00 1.156752e+00 0.000000e+00 -1.235957e-02
0.000000e+00 7.920000e+00 1.153915e+00 1.153916e+00 0.000000e+00 -1.342515e-02
0.000000e+00 7.975000e+00 1.151035e+00 1.151036e+00 0.000000e+00 -1.454941e-02
0.000000e+00 8.030000e+00 1.148108e+00 1.148108e+00 0.000000e+00 -1.573425e-02
0.000000e+00 8.085000e+00 1.145129e+00 1.145129e+00 0.000000e+00 -1.698179e-02
0.000000e+00 8.140000e+00 1.142094e+00 1.142095e+00 0.000000e+00 -1.829402e-02
0.000000e+00 8.195000e+00 1.139004e+00 1.139005e+00 0.000000e+00 -1.967141e-02
0.000000e+00 8.250000e+00 1.135862e+00 1.135862e+00 0.000000e+00 -2.111113e-02
0.000000e+00 8.305000e+00 1.132675e+00 1.132675e+00 0.000000e+00 -2.260547e-02
0.000000e+00 8.360000e+00 1.129459e+00 1.129459e+00 0.000000e+00 -2.414162e-02
0.000000e+00 8.415000e+00 1.126231e+00 1.126232e+00 0.000000e+00 -2.570303e-02
0.000000e+00 8.470000e+00 1.123010e+00 1.123010e+00 0.000000e+00 -2.727189e-02
0.000000e+00 8.525000e+00 1.119809e+00 1.119810e+00 0.000000e+00 -2.883149e-02
0.000000e+00 8.580000e+00 1.116642e+00 1.116642e+00 0.000000e+00 -3.036752e-02
0.000000e+00 8.635000e+00 1.113518e+00 1.113518e+00 0.000000e+00 -3.186813e-02
0.000000e+00 8.690000e+00 1.110445e+00 1.110445e+00 0.000000e+00 -3.332309e-02
0.000000e+00 8.745000e+00 1.107435e+00 1.107435e+00 0.000000e+00 -3.472288e-02
0.000000e+00 8.800000e+00 1.104500e+00 1.104500e+00 0.000000e+00 -3.605801e-02
0.000000e+00 8.855000e+00 1.101655e+00 1.101655e+00 0.000000e+00 -3.731887e-02
0.000000e+00 8.910000e+00 1.098915e+00 1.098915e+00 0.000000e+00 -3.849604e-02
0.000000e+00 8.965000e+00 1.096291e+00 1.096290e+00 0.000000e+00 -3.958092e-02
0.000000e+00 9.020000e+00 1.093793e+00 1.093793e+00 0.000000e+00 -4.056686e-02
0.000000e+00 9.075000e+00 1.091427e+00 1.091427e+00 0.000000e+00 -4.144986e-02
0.000000e+00 9.130000e+00 1.089193e+00 1.089193e+00 0.000000e+00 -4.222900e-02
0.000000e+00 9.185000e+00 1.087087e+00 1.087087e+00 0.000000e+00 -4.290507e-02
0.000000e+00 9.240000e+00 1.085097e+00 1.085097e+00 0.000000e+00 -4.347951e-02
0.000000e+00 9.295000e+00 1.083211e+00 1.083211e+00 0.000000e+00 -4.395213e-02
0.000000e+00 9.350000e+00 1.081412e+00 1.081412e+00 0.000000e+00 -4.432389e-02
0.000000e+00 9.405000e+00 1.079685e+00 1.079685e+00 0.000000e+00 -4.459732e-02
0.000000e+00 9.460000e+00 1.078017e+00 1.078017e+00 0.000000e+00 -4.478642e-02
0.000000e+00 9.515000e+00 1.076402e+00 1.076401e+00 0.000000e+00 -4.491093e-02
0.000000e+00 9.570000e+00 1.074831e+00 1.074831e+00 0.000000e+00 -4.500994e-02
0.000000e+00 9.625000e+00 1.073318e+00 1.073317e+00 0.000000e+00 -4.511049e-02
0.000000e+00 9.680000e+00 1.071848e+00 1.071848e+00 0.000000e+00 -4.526276e-02
0.000000e+00 9.735000e+00 1.070460e+00 1.070459e+00 0.000000e+00 -4.545929e-02
0.000000e+00 9.790000e+00 1.069104e+00 1.069104e+00 0.000000e+00 -4.575840e-02
0.000000e+00 9.845000e+00 1.067874e+00 1.067874e+00 0.000000e+00 -4.606810e-02
0.000000e+00 9.900000e+00 1.066615e+00 1.066615e+00 0.000000e+00 -4.651771e-02
0.000000e+00 9.955000e+00 1.065671e+00 1.065671e+00 0.000000e+00 -4.675275e-02
0.000000e+00 1.001000e+01 1.105114e+00 1.105114e+00 -0.000000e+00 -1.013850e-02
0.000000e+00 1.006500e+01 1.105114e+00 1.105114e+00 -0.000000e+00 -1.013850e-02
0.000000e+00 1.012000e+01 1.105114e+00 1.105114e+00 -0.000000e+00 -1.013850e-02
0.000000e+00 1.017500e+01 1.105114e+00 1.105114e+00 -0.000000e+00 -1.013850e-02
0.000000e+00 1.023000e+01 1.105114e+00 1.105114e+00 -0.000000e+00 -1.013850e-02
0.000000e+00 1.028500e+01 1.105114e+00 1.105114e+00 -0.000000e+00 -1.013850e-02
0.000000e+00 1.034000e+01 1.105114e+00 1.105114e+00 -0.000000e+00 -1.013850e-02
0.000000e+00 1.039500e+01 1.105114e+00 1.105114e+00 -0.000000e+00 -1.013850e-02
0.000000e+00 1.045000e+01 1.105114e+00 1.105114e+00 -0.000000e+00 -1.013850e-02
0.000000e+00 1.050500e+01 1.105114e+00 1.105114e+00 -0.000000e+00 -1.013850e-02
0.000000e+00 1.056000e+01 1.105114e+00 1.105114e+00 -0.000000e+00 -1.013850e-02
0.000000e+00 1.061500e+01 1.105114e+00 1.105114e+00 -0.000000e+00 -1.013850e-02
0.000000e+00 1.067000e+01 1.105114e+00 1.105114e+00 -0.000000e+00 -1.013850e-02
0.000000e+00 1.072500e+01 1.105114e+00 1.105114e+00 -0.000000e+00 -1.013850e-02
0.000000e+00 1.078000e+01 1.105114e+00 1.105114e+00 -0.000000e+00 -1.013850e-02
0.000000e+00 1.083500e+01 1.105114e+00 1.105114e+00 -0.000000e+00 -1.013850e-02
0.000000e+00 1.089000e+01 1.105114e+00 1.105114e+00 -0.000000e+00 -1.013850e-02
0.000000e+00 1.094500e+01 1.105114e+00 1.105114e+00 -0.000000e+00 -1.013850e-02
0.000000e+00 1.100000e+01 1.105114e+00 1.105114e+00 -0.000000e+00 -1.013850e-02
