#############TIME##################
5.302936e+00 
###################################
0.000000e+00 0.000000e+00 2.468131e+01 2.468195e+01 0.000000e+00 -3.047302e+00
0.000000e+00 5.500000e-02 2.468131e+01 2.468195e+01 0.000000e+00 -3.047302e+00
0.000000e+00 1.100000e-01 2.468606e+01 2.468670e+01 0.000000e+00 -3.047288e+00
0.000000e+00 1.650000e-01 1.528709e+01 1.528748e+01 0.000000e+00 -2.301237e+00
0.000000e+00 2.200000e-01 1.129287e+01 1.129314e+01 0.000000e+00 -1.941136e+00
0.000000e+00 2.750000e-01 8.853281e+00 8.853464e+00 0.000000e+00 -1.647972e+00
0.000000e+00 3.300000e-01 7.304499e+00 7.304636e+00 0.000000e+00 -1.432580e+00
0.000000e+00 3.850000e-01 6.202631e+00 6.202738e+00 0.000000e+00 -1.257195e+00
0.000000e+00 4.400000e-01 5.416969e+00 5.417055e+00 0.000000e+00 -1.117784e+00
0.000000e+00 4.950000e-01 4.817445e+00 4.817515e+00 0.000000e+00 -1.000960e+00
0.000000e+00 5.500000e-01 4.352943e+00 4.353003e+00 0.000000e+00 -9.044554e-01
0.000000e+00 6.050000e-01 3.982488e+00 3.982539e+00 0.000000e+00 -8.216841e-01
0.000000e+00 6.600000e-01 3.681543e+00 3.681587e+00 0.000000e+00 -7.511615e-01
0.000000e+00 7.150000e-01 3.432244e+00 3.432283e+00 0.000000e+00 -6.899343e-01
0.000000e+00 7.700000e-01 3.223020e+00 3.223055e+00 0.000000e+00 -6.366620e-01
0.000000e+00 8.250000e-01 3.045039e+00 3.045069e+00 0.000000e+00 -5.898284e-01
0.000000e+00 8.800000e-01 2.892041e+00 2.892069e+00 0.000000e+00 -5.484810e-01
0.000000e+00 9.350000e-01 2.759191e+00 2.759216e+00 0.000000e+00 -5.117407e-01
0.000000e+00 9.900000e-01 2.642855e+00 2.642878e+00 0.000000e+00 -4.789510e-01
0.000000e+00 1.045000e+00 2.540181e+00 2.540202e+00 0.000000e+00 -4.495492e-01
0.000000e+00 1.100000e+00 2.448942e+00 2.448961e+00 0.000000e+00 -4.230832e-01
0.000000e+00 1.155000e+00 2.367356e+00 2.367374e+00 0.000000e+00 -3.991725e-01
0.000000e+00 1.210000e+00 2.293990e+00 2.294006e+00 0.000000e+00 -3.775023e-01
0.000000e+00 1.265000e+00 2.227672e+00 2.227688e+00 0.000000e+00 -3.578068e-01
0.000000e+00 1.320000e+00 2.167439e+00 2.167454e+00 0.000000e+00 -3.398626e-01
0.000000e+00 1.375000e+00 2.112487e+00 2.112501e+00 0.000000e+00 -3.234795e-01
0.000000e+00 1.430000e+00 2.062144e+00 2.062157e+00 0.000000e+00 -3.084954e-01
0.000000e+00 1.485000e+00 2.015840e+00 2.015852e+00 0.000000e+00 -2.947702e-01
0.000000e+00 1.540000e+00 1.973096e+00 1.973107e+00 0.000000e+00 -2.821821e-01
0.000000e+00 1.595000e+00 1.933501e+00 1.933511e+00 0.000000e+00 -2.706236e-01
0.000000e+00 1.650000e+00 1.896705e+00 1.896715e+00 0.000000e+00 -2.599999e-01
0.000000e+00 1.705000e+00 1.862407e+00 1.862417e+00 0.000000e+00 -2.502270e-01
0.000000e+00 1.760000e+00 1.830344e+00 1.830354e+00 0.000000e+00 -2.412314e-01
0.000000e+00 1.815000e+00 1.800288e+00 1.800297e+00 0.000000e+00 -2.329490e-01
0.000000e+00 1.870000e+00 1.772036e+00 1.772045e+00 0.000000e+00 -2.253236e-01
0.000000e+00 1.925000e+00 1.745411e+00 1.745419e+00 0.000000e+00 -2.183059e-01
0.000000e+00 1.980000e+00 1.720253e+00 1.720260e+00 0.000000e+00 -2.118521e-01
0.000000e+00 2.035000e+00 1.696423e+00 1.696430e+00 0.000000e+00 -2.059227e-01
0.000000e+00 2.090000e+00 1.673797e+00 1.673804e+00 0.000000e+00 -2.004826e-01
0.000000e+00 2.145000e+00 1.652264e+00 1.652271e+00 0.000000e+00 -1.954998e-01
0.000000e+00 2.200000e+00 1.631724e+00 1.631731e+00 0.000000e+00 -1.909456e-01
0.000000e+00 2.255000e+00 1.612091e+00 1.612097e+00 0.000000e+00 -1.867936e-01
0.000000e+00 2.310000e+00 1.593285e+00 1.593291e+00 0.000000e+00 -1.830198e-01
0.000000e+00 2.365000e+00 1.575237e+00 1.575242e+00 0.000000e+00 -1.796019e-01
0.000000e+00 2.420000e+00 1.557883e+00 1.557888e+00 0.000000e+00 -1.765197e-01
0.000000e+00 2.475000e+00 1.541166e+00 1.541171e+00 0.000000e+00 -1.737549e-01
0.000000e+00 2.530000e+00 1.525033e+00 1.525038e+00 0.000000e+00 -1.712916e-01
0.000000e+00 2.585000e+00 1.509437e+00 1.509441e+00 0.000000e+00 -1.691153e-01
0.000000e+00 2.640000e+00 1.494332e+00 1.494336e+00 0.000000e+00 -1.672127e-01
0.000000e+00 2.695000e+00 1.479680e+00 1.479684e+00 0.000000e+00 -1.655714e-01
0.000000e+00 2.750000e+00 1.465446e+00 1.465451e+00 0.000000e+00 -1.641789e-01
0.000000e+00 2.805000e+00 1.451601e+00 1.451605e+00 0.000000e+00 -1.630226e-01
0.000000e+00 2.860000e+00 1.438119e+00 1.438123e+00 0.000000e+00 -1.620898e-01
0.000000e+00 2.915000e+00 1.424977e+00 1.424981e+00 0.000000e+00 -1.613682e-01
0.000000e+00 2.970000e+00 1.412154e+00 1.412158e+00 0.000000e+00 -1.608466e-01
0.000000e+00 3.025000e+00 1.399629e+00 1.399632e+00 0.000000e+00 -1.605157e-01
0.000000e+00 3.080000e+00 1.387381e+00 1.387384e+00 0.000000e+00 -1.603674e-01
0.000000e+00 3.135000e+00 1.375392e+00 1.375395e+00 0.000000e+00 -1.603937e-01
0.000000e+00 3.190000e+00 1.363650e+00 1.363653e+00 0.000000e+00 -1.605837e-01
0.000000e+00 3.245000e+00 1.352153e+00 1.352156e+00 0.000000e+00 -1.609212e-01
0.000000e+00 3.300000e+00 1.340908e+00 1.340911e+00 0.000000e+00 -1.613842e-01
0.000000e+00 3.355000e+00 1.329931e+00 1.329933e+00 0.000000e+00 -1.619461e-01
0.000000e+00 3.410000e+00 1.319240e+00 1.319242e+00 0.000000e+00 -1.625784e-01
0.000000e+00 3.465000e+00 1.308849e+00 1.308852e+00 0.000000e+00 -1.632537e-01
0.000000e+00 3.520000e+00 1.298769e+00 1.298771e+00 0.000000e+00 -1.639466e-01
0.000000e+00 3.575000e+00 1.289007e+00 1.289009e+00 0.000000e+00 -1.646354e-01
0.000000e+00 3.630000e+00 1.279574e+00 1.279576e+00 0.000000e+00 -1.653026e-01
0.000000e+00 3.685000e+00 1.270487e+00 1.270489e+00 0.000000e+00 -1.659359e-01
0.000000e+00 3.740000e+00 1.261768e+00 1.261770e+00 0.000000e+00 -1.665248e-01
0.000000e+00 3.795000e+00 1.253425e+00 1.253426e+00 0.000000e+00 -1.670536e-01
0.000000e+00 3.850000e+00 1.245440e+00 1.245442e+00 0.000000e+00 -1.674923e-01
0.000000e+00 3.905000e+00 1.237770e+00 1.237772e+00 0.000000e+00 -1.677959e-01
0.000000e+00 3.960000e+00 1.230365e+00 1.230367e+00 0.000000e+00 -1.679227e-01
0.000000e+00 4.015000e+00 1.223224e+00 1.223225e+00 0.000000e+00 -1.678740e-01
0.000000e+00 4.070000e+00 1.216441e+00 1.216443e+00 0.000000e+00 -1.677329e-01
0.000000e+00 4.125000e+00 1.210219e+00 1.210220e+00 0.000000e+00 -1.676742e-01
0.000000e+00 4.180000e+00 1.204830e+00 1.204831e+00 0.000000e+00 -1.679342e-01
0.000000e+00 4.235000e+00 1.200489e+00 1.200490e+00 0.000000e+00 -1.686997e-01
0.000000e+00 4.290000e+00 1.197128e+00 1.197128e+00 0.000000e+00 -1.699296e-01
0.000000e+00 4.345000e+00 1.194396e+00 1.194397e+00 0.000000e+00 -1.713379e-01
0.000000e+00 4.400000e+00 1.191816e+00 1.191817e+00 0.000000e+00 -1.725338e-01
0.000000e+00 4.455000e+00 1.188891e+00 1.188892e+00 0.000000e+00 -1.731078e-01
0.000000e+00 4.510000e+00 1.185219e+00 1.185220e+00 0.000000e+00 -1.727495e-01
0.000000e+00 4.565000e+00 1.180849e+00 1.180850e+00 0.000000e+00 -1.715063e-01
0.000000e+00 4.620000e+00 1.176164e+00 1.176164e+00 0.000000e+00 -1.697266e-01
0.000000e+00 4.675000e+00 1.171562e+00 1.171562e+00 0.000000e+00 -1.677709e-01
0.000000e+00 4.730000e+00 1.167282e+00 1.167283e+00 0.000000e+00 -1.658636e-01
0.000000e+00 4.785000e+00 1.163367e+00 1.163368e+00 0.000000e+00 -1.640568e-01
0.000000e+00 4.840000e+00 1.159728e+00 1.159728e+00 0.000000e+00 -1.622851e-01
0.000000e+00 4.895000e+00 1.156260e+00 1.156260e+00 0.000000e+00 -1.604607e-01
0.000000e+00 4.950000e+00 1.152928e+00 1.152928e+00 0.000000e+00 -1.585518e-01
0.000000e+00 5.005000e+00 1.149776e+00 1.149777e+00 0.000000e+00 -1.566008e-01
0.000000e+00 5.060000e+00 1.146871e+00 1.146871e+00 0.000000e+00 -1.546766e-01
0.000000e+00 5.115000e+00 1.144226e+00 1.144226e+00 0.000000e+00 -1.528123e-01
0.000000e+00 5.170000e+00 1.141784e+00 1.141784e+00 0.000000e+00 -1.509826e-01
0.000000e+00 5.225000e+00 1.139457e+00 1.139457e+00 0.000000e+00 -1.491313e-01
0.000000e+00 5.280000e+00 1.137183e+00 1.137184e+00 0.000000e+00 -1.472181e-01
0.000000e+00 5.335000e+00 1.134962e+00 1.134962e+00 0.000000e+00 -1.452442e-01
0.000000e+00 5.390000e+00 1.132828e+00 1.132828e+00 0.000000e+00 -1.432408e-01
0.000000e+00 5.445000e+00 1.130818e+00 1.130818e+00 0.000000e+00 -1.412392e-01
0.000000e+00 5.500000e+00 1.128935e+00 1.128936e+00 0.000000e+00 -1.392505e-01
0.000000e+00 5.555000e+00 1.127157e+00 1.127158e+00 0.000000e+00 -1.372673e-01
0.000000e+00 5.610000e+00 1.125453e+00 1.125454e+00 0.000000e+00 -1.352787e-01
0.000000e+00 5.665000e+00 1.123805e+00 1.123805e+00 0.000000e+00 -1.332814e-01
0.000000e+00 5.720000e+00 1.122209e+00 1.122209e+00 0.000000e+00 -1.312805e-01
0.000000e+00 5.775000e+00 1.120676e+00 1.120676e+00 0.000000e+00 -1.292847e-01
0.000000e+00 5.830000e+00 1.119215e+00 1.119215e+00 0.000000e+00 -1.273015e-01
0.000000e+00 5.885000e+00 1.117837e+00 1.117837e+00 0.000000e+00 -1.253376e-01
0.000000e+00 5.940000e+00 1.116544e+00 1.116544e+00 0.000000e+00 -1.233979e-01
0.000000e+00 5.995000e+00 1.115334e+00 1.115334e+00 0.000000e+00 -1.214844e-01
0.000000e+00 6.050000e+00 1.114192e+00 1.114192e+00 0.000000e+00 -1.195944e-01
0.000000e+00 6.105000e+00 1.113101e+00 1.113101e+00 0.000000e+00 -1.177218e-01
0.000000e+00 6.160000e+00 1.112044e+00 1.112044e+00 0.000000e+00 -1.158603e-01
0.000000e+00 6.215000e+00 1.111010e+00 1.111010e+00 0.000000e+00 -1.140075e-01
0.000000e+00 6.270000e+00 1.109995e+00 1.109995e+00 0.000000e+00 -1.121650e-01
0.000000e+00 6.325000e+00 1.109001e+00 1.109001e+00 0.000000e+00 -1.103364e-01
0.000000e+00 6.380000e+00 1.108031e+00 1.108031e+00 0.000000e+00 -1.085250e-01
0.000000e+00 6.435000e+00 1.107090e+00 1.107090e+00 0.000000e+00 -1.067334e-01
0.000000e+00 6.490000e+00 1.106179e+00 1.106179e+00 0.000000e+00 -1.049634e-01
0.000000e+00 6.545000e+00 1.105302e+00 1.105302e+00 0.000000e+00 -1.032169e-01
0.000000e+00 6.600000e+00 1.104463e+00 1.104463e+00 0.000000e+00 -1.014953e-01
0.000000e+00 6.655000e+00 1.103660e+00 1.103660e+00 0.000000e+00 -9.979985e-02
0.000000e+00 6.710000e+00 1.102895e+00 1.102895e+00 0.000000e+00 -9.813051e-02
0.000000e+00 6.765000e+00 1.102166e+00 1.102166e+00 0.000000e+00 -9.648685e-02
0.000000e+00 6.820000e+00 1.101470e+00 1.101470e+00 0.000000e+00 -9.486834e-02
0.000000e+00 6.875000e+00 1.100806e+00 1.100806e+00 0.000000e+00 -9.327454e-02
0.000000e+00 6.930000e+00 1.100171e+00 1.100171e+00 0.000000e+00 -9.170509e-02
0.000000e+00 6.985000e+00 1.099563e+00 1.099563e+00 0.000000e+00 -9.015963e-02
0.000000e+00 7.040000e+00 1.098979e+00 1.098979e+00 0.000000e+00 -8.863774e-02
0.000000e+00 7.095000e+00 1.098418e+00 1.098418e+00 0.000000e+00 -8.713895e-02
0.000000e+00 7.150000e+00 1.097877e+00 1.097877e+00 0.000000e+00 -8.566278e-02
0.000000e+00 7.205000e+00 1.097354e+00 1.097354e+00 0.000000e+00 -8.420873e-02
0.000000e+00 7.260000e+00 1.096846e+00 1.096846e+00 0.000000e+00 -8.277634e-02
0.000000e+00 7.315000e+00 1.096352e+00 1.096351e+00 0.000000e+00 -8.136517e-02
0.000000e+00 7.370000e+00 1.095870e+00 1.095870e+00 0.000000e+00 -7.997489e-02
0.000000e+00 7.425000e+00 1.095399e+00 1.095399e+00 0.000000e+00 -7.860523e-02
0.000000e+00 7.480000e+00 1.094938e+00 1.094938e+00 0.000000e+00 -7.725596e-02
0.000000e+00 7.535000e+00 1.094486e+00 1.094486e+00 0.000000e+00 -7.592689e-02
0.000000e+00 7.590000e+00 1.094043e+00 1.094043e+00 0.000000e+00 -7.461788e-02
0.000000e+00 7.645000e+00 1.093609e+00 1.093609e+00 0.000000e+00 -7.332880e-02
0.000000e+00 7.700000e+00 1.093182e+00 1.093182e+00 0.000000e+00 -7.205949e-02
0.000000e+00 7.755000e+00 1.092763e+00 1.092763e+00 0.000000e+00 -7.080971e-02
0.000000e+00 7.810000e+00 1.092352e+00 1.092352e+00 0.000000e+00 -6.957918e-02
0.000000e+00 7.865000e+00 1.091948e+00 1.091948e+00 0.000000e+00 -6.836758e-02
0.000000e+00 7.920000e+00 1.091551e+00 1.091551e+00 0.000000e+00 -6.717463e-02
0.000000e+00 7.975000e+00 1.091161e+00 1.091161e+00 0.000000e+00 -6.600017e-02
0.000000e+00 8.030000e+00 1.090777e+00 1.090777e+00 0.000000e+00 -6.484406e-02
0.000000e+00 8.085000e+00 1.090401e+00 1.090401e+00 0.000000e+00 -6.370615e-02
0.000000e+00 8.140000e+00 1.090031e+00 1.090031e+00 0.000000e+00 -6.258615e-02
0.000000e+00 8.195000e+00 1.089668e+00 1.089668e+00 0.000000e+00 -6.148367e-02
0.000000e+00 8.250000e+00 1.089310e+00 1.089310e+00 0.000000e+00 -6.039824e-02
0.000000e+00 8.305000e+00 1.088958e+00 1.088958e+00 0.000000e+00 -5.932945e-02
0.000000e+00 8.360000e+00 1.088612e+00 1.088612e+00 0.000000e+00 -5.827698e-02
0.000000e+00 8.415000e+00 1.088271e+00 1.088271e+00 0.000000e+00 -5.724061e-02
0.000000e+00 8.470000e+00 1.087935e+00 1.087935e+00 0.000000e+00 -5.622010e-02
0.000000e+00 8.525000e+00 1.087605e+00 1.087605e+00 0.000000e+00 -5.521517e-02
0.000000e+00 8.580000e+00 1.087279e+00 1.087279e+00 0.000000e+00 -5.422548e-02
0.000000e+00 8.635000e+00 1.086958e+00 1.086958e+00 0.000000e+00 -5.325068e-02
0.000000e+00 8.690000e+00 1.086641e+00 1.086641e+00 0.000000e+00 -5.229041e-02
0.000000e+00 8.745000e+00 1.086329e+00 1.086329e+00 0.000000e+00 -5.134437e-02
0.000000e+00 8.800000e+00 1.086020e+00 1.086020e+00 0.000000e+00 -5.041229e-02
0.000000e+00 8.855000e+00 1.085715e+00 1.085715e+00 0.000000e+00 -4.949387e-02
0.000000e+00 8.910000e+00 1.085414e+00 1.085413e+00 0.000000e+00 -4.858877e-02
0.000000e+00 8.965000e+00 1.085116e+00 1.085116e+00 0.000000e+00 -4.769653e-02
0.000000e+00 9.020000e+00 1.084821e+00 1.084821e+00 0.000000e+00 -4.681659e-02
0.000000e+00 9.075000e+00 1.084530e+00 1.084530e+00 0.000000e+00 -4.594834e-02
0.000000e+00 9.130000e+00 1.084242e+00 1.084242e+00 0.000000e+00 -4.509114e-02
0.000000e+00 9.185000e+00 1.083956e+00 1.083956e+00 0.000000e+00 -4.424423e-02
0.000000e+00 9.240000e+00 1.083673e+00 1.083673e+00 0.000000e+00 -4.340666e-02
0.000000e+00 9.295000e+00 1.083393e+00 1.083393e+00 0.000000e+00 -4.257691e-02
0.000000e+00 9.350000e+00 1.083115e+00 1.083115e+00 0.000000e+00 -4.175379e-02
0.000000e+00 9.405000e+00 1.082840e+00 1.082840e+00 0.000000e+00 -4.093626e-02
0.000000e+00 9.460000e+00 1.082567e+00 1.082567e+00 0.000000e+00 -4.012530e-02
0.000000e+00 9.515000e+00 1.082298e+00 1.082298e+00 0.000000e+00 -3.932004e-02
0.000000e+00 9.570000e+00 1.082031e+00 1.082031e+00 0.000000e+00 -3.852002e-02
0.000000e+00 9.625000e+00 1.081769e+00 1.081769e+00 0.000000e+00 -3.771533e-02
0.000000e+00 9.680000e+00 1.081507e+00 1.081507e+00 0.000000e+00 -3.690425e-02
0.000000e+00 9.735000e+00 1.081254e+00 1.081254e+00 0.000000e+00 -3.607617e-02
0.000000e+00 9.790000e+00 1.080993e+00 1.080992e+00 0.000000e+00 -3.526665e-02
0.000000e+00 9.845000e+00 1.080756e+00 1.080756e+00 0.000000e+00 -3.448030e-02
0.000000e+00 9.900000e+00 1.080485e+00 1.080484e+00 0.000000e+00 -3.381929e-02
0.000000e+00 9.955000e+00 1.080308e+00 1.080307e+00 0.000000e+00 -3.319777e-02
0.000000e+00 1.001000e+01 1.105114e+00 1.105114e+00 -0.000000e+00 -1.013850e-02
0.000000e+00 1.006500e+01 1.105114e+00 1.105114e+00 -0.000000e+00 -1.013850e-02
0.000000e+00 1.012000e+01 1.105114e+00 1.105114e+00 -0.000000e+00 -1.013850e-02
0.000000e+00 1.017500e+01 1.105114e+00 1.105114e+00 -0.000000e+00 -1.013850e-02
0.000000e+00 1.023000e+01 1.105114e+00 1.105114e+00 -0.000000e+00 -1.013850e-02
0.000000e+00 1.028500e+01 1.105114e+00 1.105114e+00 -0.000000e+00 -1.013850e-02
0.000000e+00 1.034000e+01 1.105114e+00 1.105114e+00 -0.000000e+00 -1.013850e-02
0.000000e+00 1.039500e+01 1.105114e+00 1.105114e+00 -0.000000e+00 -1.013850e-02
0.000000e+00 1.045000e+01 1.105114e+00 1.105114e+00 -0.000000e+00 -1.013850e-02
0.000000e+00 1.050500e+01 1.105114e+00 1.105114e+00 -0.000000e+00 -1.013850e-02
0.000000e+00 1.056000e+01 1.105114e+00 1.105114e+00 -0.000000e+00 -1.013850e-02
0.000000e+00 1.061500e+01 1.105114e+00 1.105114e+00 -0.000000e+00 -1.013850e-02
0.000000e+00 1.067000e+01 1.105114e+00 1.105114e+00 -0.000000e+00 -1.013850e-02
0.000000e+00 1.072500e+01 1.105114e+00 1.105114e+00 -0.000000e+00 -1.013850e-02
0.000000e+00 1.078000e+01 1.105114e+00 1.105114e+00 -0.000000e+00 -1.013850e-02
0.000000e+00 1.083500e+01 1.105114e+00 1.105114e+00 -0.000000e+00 -1.013850e-02
0.000000e+00 1.089000e+01 1.105114e+00 1.105114e+00 -0.000000e+00 -1.013850e-02
0.000000e+00 1.094500e+01 1.105114e+00 1.105114e+00 -0.000000e+00 -1.013850e-02
0.000000e+00 1.100000e+01 1.105114e+00 1.105114e+00 -0.000000e+00 -1.013850e-02
