#############TIME##################
1.060586e+01 
###################################
0.000000e+00 0.000000e+00 2.451213e+01 2.451276e+01 0.000000e+00 -3.042268e+00
0.000000e+00 5.500000e-02 2.451213e+01 2.451276e+01 0.000000e+00 -3.042268e+00
0.000000e+00 1.100000e-01 2.450672e+01 2.450735e+01 0.000000e+00 -3.042273e+00
0.000000e+00 1.650000e-01 1.518083e+01 1.518122e+01 0.000000e+00 -2.293664e+00
0.000000e+00 2.200000e-01 1.121530e+01 1.121556e+01 0.000000e+00 -1.931883e+00
0.000000e+00 2.750000e-01 8.792044e+00 8.792225e+00 0.000000e+00 -1.637075e+00
0.000000e+00 3.300000e-01 7.255086e+00 7.255222e+00 0.000000e+00 -1.420021e+00
0.000000e+00 3.850000e-01 6.161049e+00 6.161155e+00 0.000000e+00 -1.242988e+00
0.000000e+00 4.400000e-01 5.380933e+00 5.381018e+00 0.000000e+00 -1.102002e+00
0.000000e+00 4.950000e-01 4.785698e+00 4.785768e+00 0.000000e+00 -9.836049e-01
0.000000e+00 5.500000e-01 4.324550e+00 4.324609e+00 0.000000e+00 -8.855939e-01
0.000000e+00 6.050000e-01 3.956962e+00 3.957013e+00 0.000000e+00 -8.013282e-01
0.000000e+00 6.600000e-01 3.658655e+00 3.658698e+00 0.000000e+00 -7.292940e-01
0.000000e+00 7.150000e-01 3.411708e+00 3.411746e+00 0.000000e+00 -6.665667e-01
0.000000e+00 7.700000e-01 3.204546e+00 3.204580e+00 0.000000e+00 -6.118210e-01
0.000000e+00 8.250000e-01 3.028352e+00 3.028382e+00 0.000000e+00 -5.635575e-01
0.000000e+00 8.800000e-01 2.876953e+00 2.876981e+00 0.000000e+00 -5.208162e-01
0.000000e+00 9.350000e-01 2.745626e+00 2.745651e+00 0.000000e+00 -4.827006e-01
0.000000e+00 9.900000e-01 2.630844e+00 2.630867e+00 0.000000e+00 -4.485278e-01
0.000000e+00 1.045000e+00 2.529808e+00 2.529829e+00 0.000000e+00 -4.177178e-01
0.000000e+00 1.100000e+00 2.440283e+00 2.440302e+00 0.000000e+00 -3.898171e-01
0.000000e+00 1.155000e+00 2.360438e+00 2.360456e+00 0.000000e+00 -3.644584e-01
0.000000e+00 1.210000e+00 2.288798e+00 2.288814e+00 0.000000e+00 -3.413431e-01
0.000000e+00 1.265000e+00 2.224188e+00 2.224204e+00 0.000000e+00 -3.202107e-01
0.000000e+00 1.320000e+00 2.165691e+00 2.165705e+00 0.000000e+00 -3.008249e-01
0.000000e+00 1.375000e+00 2.112563e+00 2.112577e+00 0.000000e+00 -2.829735e-01
0.000000e+00 1.430000e+00 2.064162e+00 2.064175e+00 0.000000e+00 -2.664791e-01
0.000000e+00 1.485000e+00 2.019888e+00 2.019900e+00 0.000000e+00 -2.512093e-01
0.000000e+00 1.540000e+00 1.979177e+00 1.979188e+00 0.000000e+00 -2.370713e-01
0.000000e+00 1.595000e+00 1.941530e+00 1.941541e+00 0.000000e+00 -2.239928e-01
0.000000e+00 1.650000e+00 1.906562e+00 1.906572e+00 0.000000e+00 -2.118968e-01
0.000000e+00 1.705000e+00 1.874004e+00 1.874014e+00 0.000000e+00 -2.006899e-01
0.000000e+00 1.760000e+00 1.843682e+00 1.843691e+00 0.000000e+00 -1.902650e-01
0.000000e+00 1.815000e+00 1.815462e+00 1.815471e+00 0.000000e+00 -1.805170e-01
0.000000e+00 1.870000e+00 1.789210e+00 1.789218e+00 0.000000e+00 -1.713591e-01
0.000000e+00 1.925000e+00 1.764755e+00 1.764763e+00 0.000000e+00 -1.627333e-01
0.000000e+00 1.980000e+00 1.741903e+00 1.741911e+00 0.000000e+00 -1.546076e-01
0.000000e+00 2.035000e+00 1.720459e+00 1.720467e+00 0.000000e+00 -1.469649e-01
0.000000e+00 2.090000e+00 1.700250e+00 1.700257e+00 0.000000e+00 -1.397896e-01
0.000000e+00 2.145000e+00 1.681134e+00 1.681141e+00 0.000000e+00 -1.330607e-01
0.000000e+00 2.200000e+00 1.663007e+00 1.663014e+00 0.000000e+00 -1.267510e-01
0.000000e+00 2.255000e+00 1.645784e+00 1.645790e+00 0.000000e+00 -1.208306e-01
0.000000e+00 2.310000e+00 1.629400e+00 1.629407e+00 0.000000e+00 -1.152683e-01
0.000000e+00 2.365000e+00 1.613809e+00 1.613815e+00 0.000000e+00 -1.100330e-01
0.000000e+00 2.420000e+00 1.598978e+00 1.598984e+00 0.000000e+00 -1.050917e-01
0.000000e+00 2.475000e+00 1.584886e+00 1.584891e+00 0.000000e+00 -1.004109e-01
0.000000e+00 2.530000e+00 1.571514e+00 1.571520e+00 0.000000e+00 -9.595837e-02
0.000000e+00 2.585000e+00 1.558839e+00 1.558844e+00 0.000000e+00 -9.170707e-02
0.000000e+00 2.640000e+00 1.546818e+00 1.546823e+00 0.000000e+00 -8.763855e-02
0.000000e+00 2.695000e+00 1.535396e+00 1.535401e+00 0.000000e+00 -8.374399e-02
0.000000e+00 2.750000e+00 1.524503e+00 1.524508e+00 0.000000e+00 -8.002265e-02
0.000000e+00 2.805000e+00 1.514067e+00 1.514072e+00 0.000000e+00 -7.647825e-02
0.000000e+00 2.860000e+00 1.504024e+00 1.504029e+00 0.000000e+00 -7.311463e-02
0.000000e+00 2.915000e+00 1.494325e+00 1.494330e+00 0.000000e+00 -6.993183e-02
0.000000e+00 2.970000e+00 1.484942e+00 1.484946e+00 0.000000e+00 -6.692383e-02
0.000000e+00 3.025000e+00 1.475865e+00 1.475869e+00 0.000000e+00 -6.407812e-02
0.000000e+00 3.080000e+00 1.467099e+00 1.467103e+00 0.000000e+00 -6.137728e-02
0.000000e+00 3.135000e+00 1.458658e+00 1.458662e+00 0.000000e+00 -5.880183e-02
0.000000e+00 3.190000e+00 1.450552e+00 1.450556e+00 0.000000e+00 -5.633337e-02
0.000000e+00 3.245000e+00 1.442784e+00 1.442788e+00 0.000000e+00 -5.395699e-02
0.000000e+00 3.300000e+00 1.435348e+00 1.435352e+00 0.000000e+00 -5.166255e-02
0.000000e+00 3.355000e+00 1.428226e+00 1.428230e+00 0.000000e+00 -4.944476e-02
0.000000e+00 3.410000e+00 1.421392e+00 1.421396e+00 0.000000e+00 -4.730235e-02
0.000000e+00 3.465000e+00 1.414816e+00 1.414819e+00 0.000000e+00 -4.523680e-02
0.000000e+00 3.520000e+00 1.408463e+00 1.408467e+00 0.000000e+00 -4.325093e-02
0.000000e+00 3.575000e+00 1.402303e+00 1.402307e+00 0.000000e+00 -4.134791e-02
0.000000e+00 3.630000e+00 1.396307e+00 1.396310e+00 0.000000e+00 -3.953039e-02
0.000000e+00 3.685000e+00 1.390450e+00 1.390453e+00 0.000000e+00 -3.779994e-02
0.000000e+00 3.740000e+00 1.384716e+00 1.384719e+00 0.000000e+00 -3.615653e-02
0.000000e+00 3.795000e+00 1.379095e+00 1.379098e+00 0.000000e+00 -3.459803e-02
0.000000e+00 3.850000e+00 1.373584e+00 1.373587e+00 0.000000e+00 -3.311991e-02
0.000000e+00 3.905000e+00 1.368189e+00 1.368192e+00 0.000000e+00 -3.171520e-02
0.000000e+00 3.960000e+00 1.362923e+00 1.362926e+00 0.000000e+00 -3.037485e-02
0.000000e+00 4.015000e+00 1.357802e+00 1.357805e+00 0.000000e+00 -2.908860e-02
0.000000e+00 4.070000e+00 1.352841e+00 1.352844e+00 0.000000e+00 -2.784601e-02
0.000000e+00 4.125000e+00 1.348056e+00 1.348059e+00 0.000000e+00 -2.663741e-02
0.000000e+00 4.180000e+00 1.343456e+00 1.343459e+00 0.000000e+00 -2.545483e-02
0.000000e+00 4.235000e+00 1.339046e+00 1.339049e+00 0.000000e+00 -2.429247e-02
0.000000e+00 4.290000e+00 1.334823e+00 1.334826e+00 0.000000e+00 -2.314710e-02
0.000000e+00 4.345000e+00 1.330777e+00 1.330779e+00 0.000000e+00 -2.201808e-02
0.000000e+00 4.400000e+00 1.326893e+00 1.326895e+00 0.000000e+00 -2.090727e-02
0.000000e+00 4.455000e+00 1.323150e+00 1.323152e+00 0.000000e+00 -1.981855e-02
0.000000e+00 4.510000e+00 1.319525e+00 1.319527e+00 0.000000e+00 -1.875727e-02
0.000000e+00 4.565000e+00 1.315994e+00 1.315997e+00 0.000000e+00 -1.772953e-02
0.000000e+00 4.620000e+00 1.312534e+00 1.312537e+00 0.000000e+00 -1.674136e-02
0.000000e+00 4.675000e+00 1.309124e+00 1.309126e+00 0.000000e+00 -1.579813e-02
0.000000e+00 4.730000e+00 1.305744e+00 1.305747e+00 0.000000e+00 -1.490405e-02
0.000000e+00 4.785000e+00 1.302383e+00 1.302385e+00 0.000000e+00 -1.406197e-02
0.000000e+00 4.840000e+00 1.299028e+00 1.299030e+00 0.000000e+00 -1.327332e-02
0.000000e+00 4.895000e+00 1.295677e+00 1.295679e+00 0.000000e+00 -1.253818e-02
0.000000e+00 4.950000e+00 1.292328e+00 1.292330e+00 0.000000e+00 -1.185527e-02
0.000000e+00 5.005000e+00 1.288988e+00 1.288990e+00 0.000000e+00 -1.122188e-02
0.000000e+00 5.060000e+00 1.285665e+00 1.285667e+00 0.000000e+00 -1.063366e-02
0.000000e+00 5.115000e+00 1.282374e+00 1.282376e+00 0.000000e+00 -1.008464e-02
0.000000e+00 5.170000e+00 1.279130e+00 1.279132e+00 0.000000e+00 -9.567453e-03
0.000000e+00 5.225000e+00 1.275950e+00 1.275952e+00 0.000000e+00 -9.074042e-03
0.000000e+00 5.280000e+00 1.272850e+00 1.272852e+00 0.000000e+00 -8.596610e-03
0.000000e+00 5.335000e+00 1.269841e+00 1.269843e+00 0.000000e+00 -8.128677e-03
0.000000e+00 5.390000e+00 1.266928e+00 1.266930e+00 0.000000e+00 -7.665983e-03
0.000000e+00 5.445000e+00 1.264111e+00 1.264113e+00 0.000000e+00 -7.207040e-03
0.000000e+00 5.500000e+00 1.261381e+00 1.261382e+00 0.000000e+00 -6.753227e-03
0.000000e+00 5.555000e+00 1.258723e+00 1.258725e+00 0.000000e+00 -6.308409e-03
0.000000e+00 5.610000e+00 1.256122e+00 1.256123e+00 0.000000e+00 -5.878155e-03
0.000000e+00 5.665000e+00 1.253559e+00 1.253561e+00 0.000000e+00 -5.468658e-03
0.000000e+00 5.720000e+00 1.251021e+00 1.251023e+00 0.000000e+00 -5.085520e-03
0.000000e+00 5.775000e+00 1.248499e+00 1.248501e+00 0.000000e+00 -4.732651e-03
0.000000e+00 5.830000e+00 1.245990e+00 1.245992e+00 0.000000e+00 -4.411552e-03
0.000000e+00 5.885000e+00 1.243497e+00 1.243498e+00 0.000000e+00 -4.121243e-03
0.000000e+00 5.940000e+00 1.241024e+00 1.241026e+00 0.000000e+00 -3.858870e-03
0.000000e+00 5.995000e+00 1.238580e+00 1.238581e+00 0.000000e+00 -3.620799e-03
0.000000e+00 6.050000e+00 1.236168e+00 1.236169e+00 0.000000e+00 -3.403858e-03
0.000000e+00 6.105000e+00 1.233790e+00 1.233791e+00 0.000000e+00 -3.206369e-03
0.000000e+00 6.160000e+00 1.231442e+00 1.231443e+00 0.000000e+00 -3.028735e-03
0.000000e+00 6.215000e+00 1.229113e+00 1.229115e+00 0.000000e+00 -2.873464e-03
0.000000e+00 6.270000e+00 1.226794e+00 1.226795e+00 0.000000e+00 -2.744686e-03
0.000000e+00 6.325000e+00 1.224469e+00 1.224470e+00 0.000000e+00 -2.647265e-03
0.000000e+00 6.380000e+00 1.222130e+00 1.222131e+00 0.000000e+00 -2.585701e-03
0.000000e+00 6.435000e+00 1.219770e+00 1.219772e+00 0.000000e+00 -2.563028e-03
0.000000e+00 6.490000e+00 1.217391e+00 1.217392e+00 0.000000e+00 -2.580033e-03
0.000000e+00 6.545000e+00 1.214996e+00 1.214997e+00 0.000000e+00 -2.635043e-03
0.000000e+00 6.600000e+00 1.212594e+00 1.212596e+00 0.000000e+00 -2.724379e-03
0.000000e+00 6.655000e+00 1.210198e+00 1.210199e+00 0.000000e+00 -2.843375e-03
0.000000e+00 6.710000e+00 1.207815e+00 1.207816e+00 0.000000e+00 -2.987610e-03
0.000000e+00 6.765000e+00 1.205452e+00 1.205453e+00 0.000000e+00 -3.154003e-03
0.000000e+00 6.820000e+00 1.203112e+00 1.203113e+00 0.000000e+00 -3.341504e-03
0.000000e+00 6.875000e+00 1.200791e+00 1.200792e+00 0.000000e+00 -3.551287e-03
0.000000e+00 6.930000e+00 1.198482e+00 1.198483e+00 0.000000e+00 -3.786531e-03
0.000000e+00 6.985000e+00 1.196171e+00 1.196172e+00 0.000000e+00 -4.051959e-03
0.000000e+00 7.040000e+00 1.193847e+00 1.193848e+00 0.000000e+00 -4.353276e-03
0.000000e+00 7.095000e+00 1.191495e+00 1.191496e+00 0.000000e+00 -4.696563e-03
0.000000e+00 7.150000e+00 1.189106e+00 1.189107e+00 0.000000e+00 -5.087604e-03
0.000000e+00 7.205000e+00 1.186671e+00 1.186672e+00 0.000000e+00 -5.531168e-03
0.000000e+00 7.260000e+00 1.184188e+00 1.184189e+00 0.000000e+00 -6.030369e-03
0.000000e+00 7.315000e+00 1.181657e+00 1.181657e+00 0.000000e+00 -6.586334e-03
0.000000e+00 7.370000e+00 1.179080e+00 1.179081e+00 0.000000e+00 -7.198349e-03
0.000000e+00 7.425000e+00 1.176463e+00 1.176464e+00 0.000000e+00 -7.864512e-03
0.000000e+00 7.480000e+00 1.173812e+00 1.173812e+00 0.000000e+00 -8.582690e-03
0.000000e+00 7.535000e+00 1.171129e+00 1.171130e+00 0.000000e+00 -9.351465e-03
0.000000e+00 7.590000e+00 1.168418e+00 1.168419e+00 0.000000e+00 -1.017075e-02
0.000000e+00 7.645000e+00 1.165677e+00 1.165678e+00 0.000000e+00 -1.104190e-02
0.000000e+00 7.700000e+00 1.162903e+00 1.162903e+00 0.000000e+00 -1.196733e-02
0.000000e+00 7.755000e+00 1.160090e+00 1.160090e+00 0.000000e+00 -1.294978e-02
0.000000e+00 7.810000e+00 1.157234e+00 1.157234e+00 0.000000e+00 -1.399166e-02
0.000000e+00 7.865000e+00 1.154330e+00 1.154330e+00 0.000000e+00 -1.509470e-02
0.000000e+00 7.920000e+00 1.151375e+00 1.151376e+00 0.000000e+00 -1.626009e-02
0.000000e+00 7.975000e+00 1.148367e+00 1.148368e+00 0.000000e+00 -1.748897e-02
0.000000e+00 8.030000e+00 1.145304e+00 1.145305e+00 0.000000e+00 -1.878250e-02
0.000000e+00 8.085000e+00 1.142186e+00 1.142186e+00 0.000000e+00 -2.014115e-02
0.000000e+00 8.140000e+00 1.139013e+00 1.139013e+00 0.000000e+00 -2.156315e-02
0.000000e+00 8.195000e+00 1.135793e+00 1.135794e+00 0.000000e+00 -2.304279e-02
0.000000e+00 8.250000e+00 1.132536e+00 1.132537e+00 0.000000e+00 -2.456967e-02
0.000000e+00 8.305000e+00 1.129257e+00 1.129257e+00 0.000000e+00 -2.612938e-02
0.000000e+00 8.360000e+00 1.125971e+00 1.125971e+00 0.000000e+00 -2.770555e-02
0.000000e+00 8.415000e+00 1.122694e+00 1.122694e+00 0.000000e+00 -2.928196e-02
0.000000e+00 8.470000e+00 1.119440e+00 1.119440e+00 0.000000e+00 -3.084384e-02
0.000000e+00 8.525000e+00 1.116222e+00 1.116222e+00 0.000000e+00 -3.237789e-02
0.000000e+00 8.580000e+00 1.113055e+00 1.113055e+00 0.000000e+00 -3.387140e-02
0.000000e+00 8.635000e+00 1.109955e+00 1.109955e+00 0.000000e+00 -3.531152e-02
0.000000e+00 8.690000e+00 1.106937e+00 1.106937e+00 0.000000e+00 -3.668527e-02
0.000000e+00 8.745000e+00 1.104020e+00 1.104020e+00 0.000000e+00 -3.798038e-02
0.000000e+00 8.800000e+00 1.101219e+00 1.101219e+00 0.000000e+00 -3.918638e-02
0.000000e+00 8.855000e+00 1.098546e+00 1.098546e+00 0.000000e+00 -4.029548e-02
0.000000e+00 8.910000e+00 1.096008e+00 1.096008e+00 0.000000e+00 -4.130301e-02
0.000000e+00 8.965000e+00 1.093607e+00 1.093607e+00 0.000000e+00 -4.220757e-02
0.000000e+00 9.020000e+00 1.091337e+00 1.091337e+00 0.000000e+00 -4.301113e-02
0.000000e+00 9.075000e+00 1.089187e+00 1.089187e+00 0.000000e+00 -4.371867e-02
0.000000e+00 9.130000e+00 1.087143e+00 1.087143e+00 0.000000e+00 -4.433725e-02
0.000000e+00 9.185000e+00 1.085189e+00 1.085188e+00 0.000000e+00 -4.487353e-02
0.000000e+00 9.240000e+00 1.083308e+00 1.083307e+00 0.000000e+00 -4.533157e-02
0.000000e+00 9.295000e+00 1.081489e+00 1.081489e+00 0.000000e+00 -4.571011e-02
0.000000e+00 9.350000e+00 1.079725e+00 1.079725e+00 0.000000e+00 -4.600542e-02
0.000000e+00 9.405000e+00 1.078016e+00 1.078016e+00 0.000000e+00 -4.621262e-02
0.000000e+00 9.460000e+00 1.076364e+00 1.076364e+00 0.000000e+00 -4.633727e-02
0.000000e+00 9.515000e+00 1.074780e+00 1.074780e+00 0.000000e+00 -4.639140e-02
0.000000e+00 9.570000e+00 1.073264e+00 1.073263e+00 0.000000e+00 -4.640932e-02
0.000000e+00 9.625000e+00 1.071832e+00 1.071831e+00 0.000000e+00 -4.641658e-02
0.000000e+00 9.680000e+00 1.070467e+00 1.070466e+00 0.000000e+00 -4.646601e-02
0.000000e+00 9.735000e+00 1.069200e+00 1.069199e+00 0.000000e+00 -4.655445e-02
0.000000e+00 9.790000e+00 1.067971e+00 1.067970e+00 0.000000e+00 -4.674746e-02
0.000000e+00 9.845000e+00 1.066868e+00 1.066867e+00 0.000000e+00 -4.695443e-02
0.000000e+00 9.900000e+00 1.065724e+00 1.065723e+00 0.000000e+00 -4.731289e-02
0.000000e+00 9.955000e+00 1.064897e+00 1.064896e+00 0.000000e+00 -4.746497e-02
0.000000e+00 1.001000e+01 1.105114e+00 1.105114e+00 -0.000000e+00 -1.013850e-02
0.000000e+00 1.006500e+01 1.105114e+00 1.105114e+00 -0.000000e+00 -1.013850e-02
0.000000e+00 1.012000e+01 1.105114e+00 1.105114e+00 -0.000000e+00 -1.013850e-02
0.000000e+00 1.017500e+01 1.105114e+00 1.105114e+00 -0.000000e+00 -1.013850e-02
0.000000e+00 1.023000e+01 1.105114e+00 1.105114e+00 -0.000000e+00 -1.013850e-02
0.000000e+00 1.028500e+01 1.105114e+00 1.105114e+00 -0.000000e+00 -1.013850e-02
0.000000e+00 1.034000e+01 1.105114e+00 1.105114e+00 -0.000000e+00 -1.013850e-02
0.000000e+00 1.039500e+01 1.105114e+00 1.105114e+00 -0.000000e+00 -1.013850e-02
0.000000e+00 1.045000e+01 1.105114e+00 1.105114e+00 -0.000000e+00 -1.013850e-02
0.000000e+00 1.050500e+01 1.105114e+00 1.105114e+00 -0.000000e+00 -1.013850e-02
0.000000e+00 1.056000e+01 1.105114e+00 1.105114e+00 -0.000000e+00 -1.013850e-02
0.000000e+00 1.061500e+01 1.105114e+00 1.105114e+00 -0.000000e+00 -1.013850e-02
0.000000e+00 1.067000e+01 1.105114e+00 1.105114e+00 -0.000000e+00 -1.013850e-02
0.000000e+00 1.072500e+01 1.105114e+00 1.105114e+00 -0.000000e+00 -1.013850e-02
0.000000e+00 1.078000e+01 1.105114e+00 1.105114e+00 -0.000000e+00 -1.013850e-02
0.000000e+00 1.083500e+01 1.105114e+00 1.105114e+00 -0.000000e+00 -1.013850e-02
0.000000e+00 1.089000e+01 1.105114e+00 1.105114e+00 -0.000000e+00 -1.013850e-02
0.000000e+00 1.094500e+01 1.105114e+00 1.105114e+00 -0.000000e+00 -1.013850e-02
0.000000e+00 1.100000e+01 1.105114e+00 1.105114e+00 -0.000000e+00 -1.013850e-02
