#############TIME##################
2.860387e+01 
###################################
0.000000e+00 0.000000e+00 2.315660e+01 2.315718e+01 0.000000e+00 -3.044493e+00
0.000000e+00 5.500000e-02 2.315660e+01 2.315718e+01 0.000000e+00 -3.044493e+00
0.000000e+00 1.100000e-01 2.315606e+01 2.315664e+01 0.000000e+00 -3.044493e+00
0.000000e+00 1.650000e-01 1.434338e+01 1.434374e+01 0.000000e+00 -2.296995e+00
0.000000e+00 2.200000e-01 1.059704e+01 1.059728e+01 0.000000e+00 -1.935930e+00
0.000000e+00 2.750000e-01 8.307957e+00 8.308124e+00 0.000000e+00 -1.641837e+00
0.000000e+00 3.300000e-01 6.855403e+00 6.855528e+00 0.000000e+00 -1.425533e+00
0.000000e+00 3.850000e-01 5.821913e+00 5.822010e+00 0.000000e+00 -1.249225e+00
0.000000e+00 4.400000e-01 5.085206e+00 5.085283e+00 0.000000e+00 -1.108910e+00
0.000000e+00 4.950000e-01 4.523175e+00 4.523238e+00 0.000000e+00 -9.911693e-01
0.000000e+00 5.500000e-01 4.087757e+00 4.087810e+00 0.000000e+00 -8.937873e-01
0.000000e+00 6.050000e-01 3.740583e+00 3.740628e+00 0.000000e+00 -8.101541e-01
0.000000e+00 6.600000e-01 3.458717e+00 3.458757e+00 0.000000e+00 -7.387667e-01
0.000000e+00 7.150000e-01 3.225366e+00 3.225400e+00 0.000000e+00 -6.766777e-01
0.000000e+00 7.700000e-01 3.029682e+00 3.029712e+00 0.000000e+00 -6.225410e-01
0.000000e+00 8.250000e-01 2.863376e+00 2.863403e+00 0.000000e+00 -5.748399e-01
0.000000e+00 8.800000e-01 2.720583e+00 2.720608e+00 0.000000e+00 -5.326160e-01
0.000000e+00 9.350000e-01 2.596766e+00 2.596788e+00 0.000000e+00 -4.949878e-01
0.000000e+00 9.900000e-01 2.488517e+00 2.488537e+00 0.000000e+00 -4.612948e-01
0.000000e+00 1.045000e+00 2.393157e+00 2.393175e+00 0.000000e+00 -4.309722e-01
0.000000e+00 1.100000e+00 2.308591e+00 2.308608e+00 0.000000e+00 -4.035663e-01
0.000000e+00 1.155000e+00 2.233140e+00 2.233156e+00 0.000000e+00 -3.786964e-01
0.000000e+00 1.210000e+00 2.165456e+00 2.165471e+00 0.000000e+00 -3.560485e-01
0.000000e+00 1.265000e+00 2.104438e+00 2.104452e+00 0.000000e+00 -3.353589e-01
0.000000e+00 1.320000e+00 2.049186e+00 2.049199e+00 0.000000e+00 -3.164071e-01
0.000000e+00 1.375000e+00 1.998955e+00 1.998967e+00 0.000000e+00 -2.990068e-01
0.000000e+00 1.430000e+00 1.953127e+00 1.953138e+00 0.000000e+00 -2.829994e-01
0.000000e+00 1.485000e+00 1.911178e+00 1.911189e+00 0.000000e+00 -2.682469e-01
0.000000e+00 1.540000e+00 1.872661e+00 1.872671e+00 0.000000e+00 -2.546248e-01
0.000000e+00 1.595000e+00 1.837183e+00 1.837192e+00 0.000000e+00 -2.420183e-01
0.000000e+00 1.650000e+00 1.804395e+00 1.804404e+00 0.000000e+00 -2.303195e-01
0.000000e+00 1.705000e+00 1.773988e+00 1.773997e+00 0.000000e+00 -2.194293e-01
0.000000e+00 1.760000e+00 1.745694e+00 1.745702e+00 0.000000e+00 -2.092604e-01
0.000000e+00 1.815000e+00 1.719285e+00 1.719293e+00 0.000000e+00 -1.997410e-01
0.000000e+00 1.870000e+00 1.694581e+00 1.694588e+00 0.000000e+00 -1.908159e-01
0.000000e+00 1.925000e+00 1.671436e+00 1.671443e+00 0.000000e+00 -1.824447e-01
0.000000e+00 1.980000e+00 1.649734e+00 1.649741e+00 0.000000e+00 -1.745962e-01
0.000000e+00 2.035000e+00 1.629369e+00 1.629375e+00 0.000000e+00 -1.672411e-01
0.000000e+00 2.090000e+00 1.610235e+00 1.610241e+00 0.000000e+00 -1.603459e-01
0.000000e+00 2.145000e+00 1.592223e+00 1.592229e+00 0.000000e+00 -1.538707e-01
0.000000e+00 2.200000e+00 1.575223e+00 1.575228e+00 0.000000e+00 -1.477727e-01
0.000000e+00 2.255000e+00 1.559134e+00 1.559139e+00 0.000000e+00 -1.420121e-01
0.000000e+00 2.310000e+00 1.543873e+00 1.543878e+00 0.000000e+00 -1.365576e-01
0.000000e+00 2.365000e+00 1.529380e+00 1.529385e+00 0.000000e+00 -1.313886e-01
0.000000e+00 2.420000e+00 1.515609e+00 1.515614e+00 0.000000e+00 -1.264918e-01
0.000000e+00 2.475000e+00 1.502521e+00 1.502526e+00 0.000000e+00 -1.218563e-01
0.000000e+00 2.530000e+00 1.490079e+00 1.490083e+00 0.000000e+00 -1.174688e-01
0.000000e+00 2.585000e+00 1.478238e+00 1.478242e+00 0.000000e+00 -1.133127e-01
0.000000e+00 2.640000e+00 1.466954e+00 1.466958e+00 0.000000e+00 -1.093696e-01
0.000000e+00 2.695000e+00 1.456184e+00 1.456188e+00 0.000000e+00 -1.056222e-01
0.000000e+00 2.750000e+00 1.445888e+00 1.445892e+00 0.000000e+00 -1.020563e-01
0.000000e+00 2.805000e+00 1.436035e+00 1.436039e+00 0.000000e+00 -9.866063e-02
0.000000e+00 2.860000e+00 1.426597e+00 1.426601e+00 0.000000e+00 -9.542557e-02
0.000000e+00 2.915000e+00 1.417550e+00 1.417554e+00 0.000000e+00 -9.234164e-02
0.000000e+00 2.970000e+00 1.408871e+00 1.408875e+00 0.000000e+00 -8.939932e-02
0.000000e+00 3.025000e+00 1.400539e+00 1.400542e+00 0.000000e+00 -8.658959e-02
0.000000e+00 3.080000e+00 1.392534e+00 1.392537e+00 0.000000e+00 -8.390457e-02
0.000000e+00 3.135000e+00 1.384837e+00 1.384840e+00 0.000000e+00 -8.133764e-02
0.000000e+00 3.190000e+00 1.377430e+00 1.377433e+00 0.000000e+00 -7.888280e-02
0.000000e+00 3.245000e+00 1.370297e+00 1.370300e+00 0.000000e+00 -7.653413e-02
0.000000e+00 3.300000e+00 1.363424e+00 1.363427e+00 0.000000e+00 -7.428547e-02
0.000000e+00 3.355000e+00 1.356796e+00 1.356798e+00 0.000000e+00 -7.213087e-02
0.000000e+00 3.410000e+00 1.350400e+00 1.350402e+00 0.000000e+00 -7.006505e-02
0.000000e+00 3.465000e+00 1.344223e+00 1.344226e+00 0.000000e+00 -6.808383e-02
0.000000e+00 3.520000e+00 1.338254e+00 1.338257e+00 0.000000e+00 -6.618387e-02
0.000000e+00 3.575000e+00 1.332480e+00 1.332483e+00 0.000000e+00 -6.436205e-02
0.000000e+00 3.630000e+00 1.326891e+00 1.326894e+00 0.000000e+00 -6.261472e-02
0.000000e+00 3.685000e+00 1.321478e+00 1.321481e+00 0.000000e+00 -6.093733e-02
0.000000e+00 3.740000e+00 1.316235e+00 1.316237e+00 0.000000e+00 -5.932468e-02
0.000000e+00 3.795000e+00 1.311156e+00 1.311158e+00 0.000000e+00 -5.777163e-02
0.000000e+00 3.850000e+00 1.306235e+00 1.306238e+00 0.000000e+00 -5.627397e-02
0.000000e+00 3.905000e+00 1.301466e+00 1.301468e+00 0.000000e+00 -5.482895e-02
0.000000e+00 3.960000e+00 1.296841e+00 1.296843e+00 0.000000e+00 -5.343522e-02
0.000000e+00 4.015000e+00 1.292352e+00 1.292354e+00 0.000000e+00 -5.209223e-02
0.000000e+00 4.070000e+00 1.287991e+00 1.287993e+00 0.000000e+00 -5.079946e-02
0.000000e+00 4.125000e+00 1.283751e+00 1.283753e+00 0.000000e+00 -4.955599e-02
0.000000e+00 4.180000e+00 1.279627e+00 1.279629e+00 0.000000e+00 -4.836020e-02
0.000000e+00 4.235000e+00 1.275613e+00 1.275615e+00 0.000000e+00 -4.720997e-02
0.000000e+00 4.290000e+00 1.271705e+00 1.271707e+00 0.000000e+00 -4.610283e-02
0.000000e+00 4.345000e+00 1.267901e+00 1.267902e+00 0.000000e+00 -4.503612e-02
0.000000e+00 4.400000e+00 1.264196e+00 1.264197e+00 0.000000e+00 -4.400714e-02
0.000000e+00 4.455000e+00 1.260587e+00 1.260589e+00 0.000000e+00 -4.301339e-02
0.000000e+00 4.510000e+00 1.257073e+00 1.257074e+00 0.000000e+00 -4.205289e-02
0.000000e+00 4.565000e+00 1.253647e+00 1.253648e+00 0.000000e+00 -4.112453e-02
0.000000e+00 4.620000e+00 1.250305e+00 1.250307e+00 0.000000e+00 -4.022819e-02
0.000000e+00 4.675000e+00 1.247043e+00 1.247044e+00 0.000000e+00 -3.936426e-02
0.000000e+00 4.730000e+00 1.243854e+00 1.243855e+00 0.000000e+00 -3.853280e-02
0.000000e+00 4.785000e+00 1.240736e+00 1.240738e+00 0.000000e+00 -3.773260e-02
0.000000e+00 4.840000e+00 1.237689e+00 1.237690e+00 0.000000e+00 -3.696079e-02
0.000000e+00 4.895000e+00 1.234712e+00 1.234714e+00 0.000000e+00 -3.621347e-02
0.000000e+00 4.950000e+00 1.231808e+00 1.231809e+00 0.000000e+00 -3.548734e-02
0.000000e+00 5.005000e+00 1.228973e+00 1.228975e+00 0.000000e+00 -3.478128e-02
0.000000e+00 5.060000e+00 1.226204e+00 1.226205e+00 0.000000e+00 -3.409702e-02
0.000000e+00 5.115000e+00 1.223492e+00 1.223493e+00 0.000000e+00 -3.343799e-02
0.000000e+00 5.170000e+00 1.220831e+00 1.220833e+00 0.000000e+00 -3.280677e-02
0.000000e+00 5.225000e+00 1.218221e+00 1.218222e+00 0.000000e+00 -3.220262e-02
0.000000e+00 5.280000e+00 1.215663e+00 1.215664e+00 0.000000e+00 -3.162066e-02
0.000000e+00 5.335000e+00 1.213163e+00 1.213164e+00 0.000000e+00 -3.105371e-02
0.000000e+00 5.390000e+00 1.210725e+00 1.210726e+00 0.000000e+00 -3.049572e-02
0.000000e+00 5.445000e+00 1.208349e+00 1.208350e+00 0.000000e+00 -2.994483e-02
0.000000e+00 5.500000e+00 1.206028e+00 1.206029e+00 0.000000e+00 -2.940414e-02
0.000000e+00 5.555000e+00 1.203753e+00 1.203754e+00 0.000000e+00 -2.887954e-02
0.000000e+00 5.610000e+00 1.201517e+00 1.201518e+00 0.000000e+00 -2.837616e-02
0.000000e+00 5.665000e+00 1.199314e+00 1.199315e+00 0.000000e+00 -2.789556e-02
0.000000e+00 5.720000e+00 1.197147e+00 1.197148e+00 0.000000e+00 -2.743559e-02
0.000000e+00 5.775000e+00 1.195018e+00 1.195019e+00 0.000000e+00 -2.699245e-02
0.000000e+00 5.830000e+00 1.192928e+00 1.192929e+00 0.000000e+00 -2.656355e-02
0.000000e+00 5.885000e+00 1.190877e+00 1.190878e+00 0.000000e+00 -2.614897e-02
0.000000e+00 5.940000e+00 1.188859e+00 1.188860e+00 0.000000e+00 -2.575076e-02
0.000000e+00 5.995000e+00 1.186870e+00 1.186871e+00 0.000000e+00 -2.537094e-02
0.000000e+00 6.050000e+00 1.184908e+00 1.184909e+00 0.000000e+00 -2.500983e-02
0.000000e+00 6.105000e+00 1.182973e+00 1.182974e+00 0.000000e+00 -2.466560e-02
0.000000e+00 6.160000e+00 1.181069e+00 1.181070e+00 0.000000e+00 -2.433519e-02
0.000000e+00 6.215000e+00 1.179198e+00 1.179199e+00 0.000000e+00 -2.401522e-02
0.000000e+00 6.270000e+00 1.177364e+00 1.177365e+00 0.000000e+00 -2.370252e-02
0.000000e+00 6.325000e+00 1.175569e+00 1.175569e+00 0.000000e+00 -2.339402e-02
0.000000e+00 6.380000e+00 1.173814e+00 1.173814e+00 0.000000e+00 -2.308686e-02
0.000000e+00 6.435000e+00 1.172100e+00 1.172101e+00 0.000000e+00 -2.277914e-02
0.000000e+00 6.490000e+00 1.170426e+00 1.170427e+00 0.000000e+00 -2.247081e-02
0.000000e+00 6.545000e+00 1.168789e+00 1.168789e+00 0.000000e+00 -2.216401e-02
0.000000e+00 6.600000e+00 1.167183e+00 1.167184e+00 0.000000e+00 -2.186232e-02
0.000000e+00 6.655000e+00 1.165605e+00 1.165606e+00 0.000000e+00 -2.156920e-02
0.000000e+00 6.710000e+00 1.164050e+00 1.164050e+00 0.000000e+00 -2.128681e-02
0.000000e+00 6.765000e+00 1.162515e+00 1.162515e+00 0.000000e+00 -2.101591e-02
0.000000e+00 6.820000e+00 1.160999e+00 1.161000e+00 0.000000e+00 -2.075650e-02
0.000000e+00 6.875000e+00 1.159502e+00 1.159502e+00 0.000000e+00 -2.050859e-02
0.000000e+00 6.930000e+00 1.158023e+00 1.158023e+00 0.000000e+00 -2.027211e-02
0.000000e+00 6.985000e+00 1.156562e+00 1.156562e+00 0.000000e+00 -2.004623e-02
0.000000e+00 7.040000e+00 1.155120e+00 1.155121e+00 0.000000e+00 -1.982894e-02
0.000000e+00 7.095000e+00 1.153700e+00 1.153701e+00 0.000000e+00 -1.961769e-02
0.000000e+00 7.150000e+00 1.152303e+00 1.152303e+00 0.000000e+00 -1.941095e-02
0.000000e+00 7.205000e+00 1.150926e+00 1.150927e+00 0.000000e+00 -1.920974e-02
0.000000e+00 7.260000e+00 1.149567e+00 1.149567e+00 0.000000e+00 -1.901751e-02
0.000000e+00 7.315000e+00 1.148218e+00 1.148218e+00 0.000000e+00 -1.883835e-02
0.000000e+00 7.370000e+00 1.146877e+00 1.146878e+00 0.000000e+00 -1.867423e-02
0.000000e+00 7.425000e+00 1.145546e+00 1.145547e+00 0.000000e+00 -1.852322e-02
0.000000e+00 7.480000e+00 1.144231e+00 1.144231e+00 0.000000e+00 -1.837974e-02
0.000000e+00 7.535000e+00 1.142939e+00 1.142940e+00 0.000000e+00 -1.823688e-02
0.000000e+00 7.590000e+00 1.141678e+00 1.141678e+00 0.000000e+00 -1.808935e-02
0.000000e+00 7.645000e+00 1.140448e+00 1.140448e+00 0.000000e+00 -1.793534e-02
0.000000e+00 7.700000e+00 1.139246e+00 1.139246e+00 0.000000e+00 -1.777647e-02
0.000000e+00 7.755000e+00 1.138068e+00 1.138068e+00 0.000000e+00 -1.761619e-02
0.000000e+00 7.810000e+00 1.136909e+00 1.136909e+00 0.000000e+00 -1.745781e-02
0.000000e+00 7.865000e+00 1.135766e+00 1.135766e+00 0.000000e+00 -1.730325e-02
0.000000e+00 7.920000e+00 1.134639e+00 1.134639e+00 0.000000e+00 -1.715287e-02
0.000000e+00 7.975000e+00 1.133528e+00 1.133529e+00 0.000000e+00 -1.700603e-02
0.000000e+00 8.030000e+00 1.132434e+00 1.132435e+00 0.000000e+00 -1.686178e-02
0.000000e+00 8.085000e+00 1.131357e+00 1.131358e+00 0.000000e+00 -1.671917e-02
0.000000e+00 8.140000e+00 1.130297e+00 1.130297e+00 0.000000e+00 -1.657748e-02
0.000000e+00 8.195000e+00 1.129254e+00 1.129255e+00 0.000000e+00 -1.643634e-02
0.000000e+00 8.250000e+00 1.128229e+00 1.128229e+00 0.000000e+00 -1.629600e-02
0.000000e+00 8.305000e+00 1.127220e+00 1.127221e+00 0.000000e+00 -1.615747e-02
0.000000e+00 8.360000e+00 1.126226e+00 1.126227e+00 0.000000e+00 -1.602243e-02
0.000000e+00 8.415000e+00 1.125244e+00 1.125244e+00 0.000000e+00 -1.589283e-02
0.000000e+00 8.470000e+00 1.124270e+00 1.124270e+00 0.000000e+00 -1.577027e-02
0.000000e+00 8.525000e+00 1.123301e+00 1.123301e+00 0.000000e+00 -1.565557e-02
0.000000e+00 8.580000e+00 1.122336e+00 1.122336e+00 0.000000e+00 -1.554848e-02
0.000000e+00 8.635000e+00 1.121375e+00 1.121375e+00 0.000000e+00 -1.544762e-02
0.000000e+00 8.690000e+00 1.120422e+00 1.120422e+00 0.000000e+00 -1.535036e-02
0.000000e+00 8.745000e+00 1.119478e+00 1.119479e+00 0.000000e+00 -1.525280e-02
0.000000e+00 8.800000e+00 1.118551e+00 1.118551e+00 0.000000e+00 -1.515015e-02
0.000000e+00 8.855000e+00 1.117643e+00 1.117644e+00 0.000000e+00 -1.503773e-02
0.000000e+00 8.910000e+00 1.116760e+00 1.116760e+00 0.000000e+00 -1.491239e-02
0.000000e+00 8.965000e+00 1.115901e+00 1.115901e+00 0.000000e+00 -1.477360e-02
0.000000e+00 9.020000e+00 1.115064e+00 1.115064e+00 0.000000e+00 -1.462308e-02
0.000000e+00 9.075000e+00 1.114244e+00 1.114244e+00 0.000000e+00 -1.446274e-02
0.000000e+00 9.130000e+00 1.113436e+00 1.113436e+00 0.000000e+00 -1.429154e-02
0.000000e+00 9.185000e+00 1.112635e+00 1.112635e+00 0.000000e+00 -1.410407e-02
0.000000e+00 9.240000e+00 1.111840e+00 1.111840e+00 0.000000e+00 -1.389283e-02
0.000000e+00 9.295000e+00 1.111050e+00 1.111050e+00 0.000000e+00 -1.365507e-02
0.000000e+00 9.350000e+00 1.110268e+00 1.110268e+00 0.000000e+00 -1.340060e-02
0.000000e+00 9.405000e+00 1.109492e+00 1.109492e+00 0.000000e+00 -1.315628e-02
0.000000e+00 9.460000e+00 1.108721e+00 1.108721e+00 0.000000e+00 -1.296019e-02
0.000000e+00 9.515000e+00 1.107952e+00 1.107952e+00 0.000000e+00 -1.284905e-02
0.000000e+00 9.570000e+00 1.107186e+00 1.107186e+00 0.000000e+00 -1.283832e-02
0.000000e+00 9.625000e+00 1.106419e+00 1.106419e+00 0.000000e+00 -1.291715e-02
0.000000e+00 9.680000e+00 1.105660e+00 1.105660e+00 0.000000e+00 -1.304299e-02
0.000000e+00 9.735000e+00 1.104904e+00 1.104904e+00 0.000000e+00 -1.317391e-02
0.000000e+00 9.790000e+00 1.104170e+00 1.104170e+00 0.000000e+00 -1.326199e-02
0.000000e+00 9.845000e+00 1.103440e+00 1.103440e+00 0.000000e+00 -1.331260e-02
0.000000e+00 9.900000e+00 1.102752e+00 1.102752e+00 0.000000e+00 -1.329946e-02
0.000000e+00 9.955000e+00 1.102039e+00 1.102039e+00 0.000000e+00 -1.330560e-02
0.000000e+00 1.001000e+01 1.105114e+00 1.105114e+00 -0.000000e+00 -1.013850e-02
0.000000e+00 1.006500e+01 1.105114e+00 1.105114e+00 -0.000000e+00 -1.013850e-02
0.000000e+00 1.012000e+01 1.105114e+00 1.105114e+00 -0.000000e+00 -1.013850e-02
0.000000e+00 1.017500e+01 1.105114e+00 1.105114e+00 -0.000000e+00 -1.013850e-02
0.000000e+00 1.023000e+01 1.105114e+00 1.105114e+00 -0.000000e+00 -1.013850e-02
0.000000e+00 1.028500e+01 1.105114e+00 1.105114e+00 -0.000000e+00 -1.013850e-02
0.000000e+00 1.034000e+01 1.105114e+00 1.105114e+00 -0.000000e+00 -1.013850e-02
0.000000e+00 1.039500e+01 1.105114e+00 1.105114e+00 -0.000000e+00 -1.013850e-02
0.000000e+00 1.045000e+01 1.105114e+00 1.105114e+00 -0.000000e+00 -1.013850e-02
0.000000e+00 1.050500e+01 1.105114e+00 1.105114e+00 -0.000000e+00 -1.013850e-02
0.000000e+00 1.056000e+01 1.105114e+00 1.105114e+00 -0.000000e+00 -1.013850e-02
0.000000e+00 1.061500e+01 1.105114e+00 1.105114e+00 -0.000000e+00 -1.013850e-02
0.000000e+00 1.067000e+01 1.105114e+00 1.105114e+00 -0.000000e+00 -1.013850e-02
0.000000e+00 1.072500e+01 1.105114e+00 1.105114e+00 -0.000000e+00 -1.013850e-02
0.000000e+00 1.078000e+01 1.105114e+00 1.105114e+00 -0.000000e+00 -1.013850e-02
0.000000e+00 1.083500e+01 1.105114e+00 1.105114e+00 -0.000000e+00 -1.013850e-02
0.000000e+00 1.089000e+01 1.105114e+00 1.105114e+00 -0.000000e+00 -1.013850e-02
0.000000e+00 1.094500e+01 1.105114e+00 1.105114e+00 -0.000000e+00 -1.013850e-02
0.000000e+00 1.100000e+01 1.105114e+00 1.105114e+00 -0.000000e+00 -1.013850e-02
