#############TIME##################
1.450297e+01 
###################################
0.000000e+00 0.000000e+00 2.280570e+01 2.280627e+01 0.000000e+00 -3.043995e+00
0.000000e+00 5.500000e-02 2.280570e+01 2.280627e+01 0.000000e+00 -3.043995e+00
0.000000e+00 1.100000e-01 2.280418e+01 2.280475e+01 0.000000e+00 -3.043996e+00
0.000000e+00 1.650000e-01 1.412597e+01 1.412632e+01 0.000000e+00 -2.296229e+00
0.000000e+00 2.200000e-01 1.043662e+01 1.043685e+01 0.000000e+00 -1.934983e+00
0.000000e+00 2.750000e-01 8.182214e+00 8.182376e+00 0.000000e+00 -1.640715e+00
0.000000e+00 3.300000e-01 6.751764e+00 6.751886e+00 0.000000e+00 -1.424240e+00
0.000000e+00 3.850000e-01 5.733977e+00 5.734071e+00 0.000000e+00 -1.247758e+00
0.000000e+00 4.400000e-01 5.008497e+00 5.008573e+00 0.000000e+00 -1.107271e+00
0.000000e+00 4.950000e-01 4.455055e+00 4.455117e+00 0.000000e+00 -9.893553e-01
0.000000e+00 5.500000e-01 4.026290e+00 4.026342e+00 0.000000e+00 -8.918052e-01
0.000000e+00 6.050000e-01 3.684421e+00 3.684465e+00 0.000000e+00 -8.080077e-01
0.000000e+00 6.600000e-01 3.406875e+00 3.406914e+00 0.000000e+00 -7.364578e-01
0.000000e+00 7.150000e-01 3.177110e+00 3.177143e+00 0.000000e+00 -6.742093e-01
0.000000e+00 7.700000e-01 2.984446e+00 2.984475e+00 0.000000e+00 -6.199151e-01
0.000000e+00 8.250000e-01 2.820722e+00 2.820748e+00 0.000000e+00 -5.720577e-01
0.000000e+00 8.800000e-01 2.680166e+00 2.680190e+00 0.000000e+00 -5.296768e-01
0.000000e+00 9.350000e-01 2.558310e+00 2.558332e+00 0.000000e+00 -4.918900e-01
0.000000e+00 9.900000e-01 2.451799e+00 2.451818e+00 0.000000e+00 -4.580362e-01
0.000000e+00 1.045000e+00 2.357991e+00 2.358008e+00 0.000000e+00 -4.275506e-01
0.000000e+00 1.100000e+00 2.274822e+00 2.274838e+00 0.000000e+00 -3.999806e-01
0.000000e+00 1.155000e+00 2.200637e+00 2.200652e+00 0.000000e+00 -3.749468e-01
0.000000e+00 1.210000e+00 2.134103e+00 2.134117e+00 0.000000e+00 -3.521358e-01
0.000000e+00 1.265000e+00 2.074133e+00 2.074146e+00 0.000000e+00 -3.312831e-01
0.000000e+00 1.320000e+00 2.019834e+00 2.019846e+00 0.000000e+00 -3.121653e-01
0.000000e+00 1.375000e+00 1.970464e+00 1.970476e+00 0.000000e+00 -2.945909e-01
0.000000e+00 1.430000e+00 1.925406e+00 1.925417e+00 0.000000e+00 -2.783950e-01
0.000000e+00 1.485000e+00 1.884140e+00 1.884150e+00 0.000000e+00 -2.634342e-01
0.000000e+00 1.540000e+00 1.846222e+00 1.846231e+00 0.000000e+00 -2.495831e-01
0.000000e+00 1.595000e+00 1.811275e+00 1.811284e+00 0.000000e+00 -2.367319e-01
0.000000e+00 1.650000e+00 1.778976e+00 1.778984e+00 0.000000e+00 -2.247840e-01
0.000000e+00 1.705000e+00 1.749042e+00 1.749050e+00 0.000000e+00 -2.136557e-01
0.000000e+00 1.760000e+00 1.721231e+00 1.721238e+00 0.000000e+00 -2.032735e-01
0.000000e+00 1.815000e+00 1.695331e+00 1.695338e+00 0.000000e+00 -1.935726e-01
0.000000e+00 1.870000e+00 1.671158e+00 1.671165e+00 0.000000e+00 -1.844945e-01
0.000000e+00 1.925000e+00 1.648553e+00 1.648560e+00 0.000000e+00 -1.759859e-01
0.000000e+00 1.980000e+00 1.627377e+00 1.627383e+00 0.000000e+00 -1.679981e-01
0.000000e+00 2.035000e+00 1.607505e+00 1.607511e+00 0.000000e+00 -1.604868e-01
0.000000e+00 2.090000e+00 1.588829e+00 1.588835e+00 0.000000e+00 -1.534118e-01
0.000000e+00 2.145000e+00 1.571250e+00 1.571256e+00 0.000000e+00 -1.467375e-01
0.000000e+00 2.200000e+00 1.554679e+00 1.554684e+00 0.000000e+00 -1.404324e-01
0.000000e+00 2.255000e+00 1.539033e+00 1.539038e+00 0.000000e+00 -1.344692e-01
0.000000e+00 2.310000e+00 1.524237e+00 1.524242e+00 0.000000e+00 -1.288240e-01
0.000000e+00 2.365000e+00 1.510224e+00 1.510229e+00 0.000000e+00 -1.234756e-01
0.000000e+00 2.420000e+00 1.496933e+00 1.496937e+00 0.000000e+00 -1.184044e-01
0.000000e+00 2.475000e+00 1.484310e+00 1.484315e+00 0.000000e+00 -1.135918e-01
0.000000e+00 2.530000e+00 1.472310e+00 1.472314e+00 0.000000e+00 -1.090194e-01
0.000000e+00 2.585000e+00 1.460890e+00 1.460894e+00 0.000000e+00 -1.046694e-01
0.000000e+00 2.640000e+00 1.450015e+00 1.450019e+00 0.000000e+00 -1.005248e-01
0.000000e+00 2.695000e+00 1.439651e+00 1.439655e+00 0.000000e+00 -9.656988e-02
0.000000e+00 2.750000e+00 1.429767e+00 1.429771e+00 0.000000e+00 -9.279031e-02
0.000000e+00 2.805000e+00 1.420334e+00 1.420338e+00 0.000000e+00 -8.917364e-02
0.000000e+00 2.860000e+00 1.411324e+00 1.411327e+00 0.000000e+00 -8.570926e-02
0.000000e+00 2.915000e+00 1.402709e+00 1.402712e+00 0.000000e+00 -8.238863e-02
0.000000e+00 2.970000e+00 1.394462e+00 1.394466e+00 0.000000e+00 -7.920512e-02
0.000000e+00 3.025000e+00 1.386559e+00 1.386562e+00 0.000000e+00 -7.615360e-02
0.000000e+00 3.080000e+00 1.378974e+00 1.378977e+00 0.000000e+00 -7.322960e-02
0.000000e+00 3.135000e+00 1.371688e+00 1.371691e+00 0.000000e+00 -7.042844e-02
0.000000e+00 3.190000e+00 1.364680e+00 1.364683e+00 0.000000e+00 -6.774461e-02
0.000000e+00 3.245000e+00 1.357936e+00 1.357939e+00 0.000000e+00 -6.517154e-02
0.000000e+00 3.300000e+00 1.351442e+00 1.351445e+00 0.000000e+00 -6.270185e-02
0.000000e+00 3.355000e+00 1.345187e+00 1.345189e+00 0.000000e+00 -6.032753e-02
0.000000e+00 3.410000e+00 1.339162e+00 1.339164e+00 0.000000e+00 -5.804018e-02
0.000000e+00 3.465000e+00 1.333361e+00 1.333363e+00 0.000000e+00 -5.583112e-02
0.000000e+00 3.520000e+00 1.327778e+00 1.327781e+00 0.000000e+00 -5.369200e-02
0.000000e+00 3.575000e+00 1.322410e+00 1.322412e+00 0.000000e+00 -5.161579e-02
0.000000e+00 3.630000e+00 1.317246e+00 1.317249e+00 0.000000e+00 -4.959788e-02
0.000000e+00 3.685000e+00 1.312277e+00 1.312279e+00 0.000000e+00 -4.763663e-02
0.000000e+00 3.740000e+00 1.307487e+00 1.307489e+00 0.000000e+00 -4.573288e-02
0.000000e+00 3.795000e+00 1.302861e+00 1.302863e+00 0.000000e+00 -4.388849e-02
0.000000e+00 3.850000e+00 1.298386e+00 1.298389e+00 0.000000e+00 -4.210455e-02
0.000000e+00 3.905000e+00 1.294054e+00 1.294056e+00 0.000000e+00 -4.038027e-02
0.000000e+00 3.960000e+00 1.289856e+00 1.289858e+00 0.000000e+00 -3.871283e-02
0.000000e+00 4.015000e+00 1.285790e+00 1.285792e+00 0.000000e+00 -3.709817e-02
0.000000e+00 4.070000e+00 1.281852e+00 1.281854e+00 0.000000e+00 -3.553197e-02
0.000000e+00 4.125000e+00 1.278038e+00 1.278039e+00 0.000000e+00 -3.401034e-02
0.000000e+00 4.180000e+00 1.274343e+00 1.274345e+00 0.000000e+00 -3.252982e-02
0.000000e+00 4.235000e+00 1.270766e+00 1.270768e+00 0.000000e+00 -3.108727e-02
0.000000e+00 4.290000e+00 1.267302e+00 1.267304e+00 0.000000e+00 -2.967979e-02
0.000000e+00 4.345000e+00 1.263950e+00 1.263952e+00 0.000000e+00 -2.830497e-02
0.000000e+00 4.400000e+00 1.260706e+00 1.260707e+00 0.000000e+00 -2.696128e-02
0.000000e+00 4.455000e+00 1.257564e+00 1.257565e+00 0.000000e+00 -2.564827e-02
0.000000e+00 4.510000e+00 1.254518e+00 1.254520e+00 0.000000e+00 -2.436663e-02
0.000000e+00 4.565000e+00 1.251561e+00 1.251563e+00 0.000000e+00 -2.311782e-02
0.000000e+00 4.620000e+00 1.248685e+00 1.248687e+00 0.000000e+00 -2.190369e-02
0.000000e+00 4.675000e+00 1.245882e+00 1.245884e+00 0.000000e+00 -2.072593e-02
0.000000e+00 4.730000e+00 1.243146e+00 1.243148e+00 0.000000e+00 -1.958545e-02
0.000000e+00 4.785000e+00 1.240474e+00 1.240475e+00 0.000000e+00 -1.848156e-02
0.000000e+00 4.840000e+00 1.237864e+00 1.237866e+00 0.000000e+00 -1.741132e-02
0.000000e+00 4.895000e+00 1.235322e+00 1.235323e+00 0.000000e+00 -1.636945e-02
0.000000e+00 4.950000e+00 1.232851e+00 1.232852e+00 0.000000e+00 -1.534941e-02
0.000000e+00 5.005000e+00 1.230456e+00 1.230457e+00 0.000000e+00 -1.434558e-02
0.000000e+00 5.060000e+00 1.228135e+00 1.228137e+00 0.000000e+00 -1.335580e-02
0.000000e+00 5.115000e+00 1.225883e+00 1.225885e+00 0.000000e+00 -1.238267e-02
0.000000e+00 5.170000e+00 1.223687e+00 1.223689e+00 0.000000e+00 -1.143247e-02
0.000000e+00 5.225000e+00 1.221536e+00 1.221537e+00 0.000000e+00 -1.051184e-02
0.000000e+00 5.280000e+00 1.219423e+00 1.219424e+00 0.000000e+00 -9.623870e-03
0.000000e+00 5.335000e+00 1.217349e+00 1.217351e+00 0.000000e+00 -8.766158e-03
0.000000e+00 5.390000e+00 1.215323e+00 1.215324e+00 0.000000e+00 -7.932168e-03
0.000000e+00 5.445000e+00 1.213351e+00 1.213352e+00 0.000000e+00 -7.115106e-03
0.000000e+00 5.500000e+00 1.211434e+00 1.211435e+00 0.000000e+00 -6.311397e-03
0.000000e+00 5.555000e+00 1.209569e+00 1.209570e+00 0.000000e+00 -5.521092e-03
0.000000e+00 5.610000e+00 1.207753e+00 1.207754e+00 0.000000e+00 -4.744968e-03
0.000000e+00 5.665000e+00 1.205983e+00 1.205985e+00 0.000000e+00 -3.981088e-03
0.000000e+00 5.720000e+00 1.204267e+00 1.204268e+00 0.000000e+00 -3.224513e-03
0.000000e+00 5.775000e+00 1.202607e+00 1.202608e+00 0.000000e+00 -2.471646e-03
0.000000e+00 5.830000e+00 1.200998e+00 1.200999e+00 0.000000e+00 -1.726523e-03
0.000000e+00 5.885000e+00 1.199420e+00 1.199421e+00 0.000000e+00 -1.003705e-03
0.000000e+00 5.940000e+00 1.197844e+00 1.197845e+00 0.000000e+00 -3.237254e-04
0.000000e+00 5.995000e+00 1.196248e+00 1.196249e+00 0.000000e+00 2.979104e-04
0.000000e+00 6.050000e+00 1.194630e+00 1.194631e+00 0.000000e+00 8.617257e-04
0.000000e+00 6.105000e+00 1.193014e+00 1.193014e+00 0.000000e+00 1.387370e-03
0.000000e+00 6.160000e+00 1.191438e+00 1.191438e+00 0.000000e+00 1.905364e-03
0.000000e+00 6.215000e+00 1.189934e+00 1.189935e+00 0.000000e+00 2.441536e-03
0.000000e+00 6.270000e+00 1.188511e+00 1.188512e+00 0.000000e+00 3.003155e-03
0.000000e+00 6.325000e+00 1.187148e+00 1.187149e+00 0.000000e+00 3.575381e-03
0.000000e+00 6.380000e+00 1.185808e+00 1.185809e+00 0.000000e+00 4.130623e-03
0.000000e+00 6.435000e+00 1.184459e+00 1.184460e+00 0.000000e+00 4.645095e-03
0.000000e+00 6.490000e+00 1.183093e+00 1.183094e+00 0.000000e+00 5.112424e-03
0.000000e+00 6.545000e+00 1.181728e+00 1.181729e+00 0.000000e+00 5.546210e-03
0.000000e+00 6.600000e+00 1.180395e+00 1.180396e+00 0.000000e+00 5.970687e-03
0.000000e+00 6.655000e+00 1.179119e+00 1.179120e+00 0.000000e+00 6.405964e-03
0.000000e+00 6.710000e+00 1.177905e+00 1.177906e+00 0.000000e+00 6.856873e-03
0.000000e+00 6.765000e+00 1.176736e+00 1.176737e+00 0.000000e+00 7.311604e-03
0.000000e+00 6.820000e+00 1.175585e+00 1.175585e+00 0.000000e+00 7.750031e-03
0.000000e+00 6.875000e+00 1.174427e+00 1.174428e+00 0.000000e+00 8.155801e-03
0.000000e+00 6.930000e+00 1.173258e+00 1.173259e+00 0.000000e+00 8.524804e-03
0.000000e+00 6.985000e+00 1.172088e+00 1.172089e+00 0.000000e+00 8.865819e-03
0.000000e+00 7.040000e+00 1.170937e+00 1.170938e+00 0.000000e+00 9.194285e-03
0.000000e+00 7.095000e+00 1.169824e+00 1.169824e+00 0.000000e+00 9.523801e-03
0.000000e+00 7.150000e+00 1.168755e+00 1.168756e+00 0.000000e+00 9.860061e-03
0.000000e+00 7.205000e+00 1.167728e+00 1.167729e+00 0.000000e+00 1.019959e-02
0.000000e+00 7.260000e+00 1.166728e+00 1.166729e+00 0.000000e+00 1.053257e-02
0.000000e+00 7.315000e+00 1.165741e+00 1.165742e+00 0.000000e+00 1.084754e-02
0.000000e+00 7.370000e+00 1.164756e+00 1.164757e+00 0.000000e+00 1.113579e-02
0.000000e+00 7.425000e+00 1.163770e+00 1.163770e+00 0.000000e+00 1.139470e-02
0.000000e+00 7.480000e+00 1.162786e+00 1.162787e+00 0.000000e+00 1.162908e-02
0.000000e+00 7.535000e+00 1.161814e+00 1.161815e+00 0.000000e+00 1.184958e-02
0.000000e+00 7.590000e+00 1.160861e+00 1.160861e+00 0.000000e+00 1.206697e-02
0.000000e+00 7.645000e+00 1.159933e+00 1.159933e+00 0.000000e+00 1.228486e-02
0.000000e+00 7.700000e+00 1.159032e+00 1.159033e+00 0.000000e+00 1.249612e-02
0.000000e+00 7.755000e+00 1.158152e+00 1.158153e+00 0.000000e+00 1.268794e-02
0.000000e+00 7.810000e+00 1.157277e+00 1.157278e+00 0.000000e+00 1.285251e-02
0.000000e+00 7.865000e+00 1.156388e+00 1.156388e+00 0.000000e+00 1.299399e-02
0.000000e+00 7.920000e+00 1.155478e+00 1.155478e+00 0.000000e+00 1.312478e-02
0.000000e+00 7.975000e+00 1.154566e+00 1.154567e+00 0.000000e+00 1.325551e-02
0.000000e+00 8.030000e+00 1.153690e+00 1.153690e+00 0.000000e+00 1.339025e-02
0.000000e+00 8.085000e+00 1.152881e+00 1.152881e+00 0.000000e+00 1.353091e-02
0.000000e+00 8.140000e+00 1.152146e+00 1.152146e+00 0.000000e+00 1.368207e-02
0.000000e+00 8.195000e+00 1.151467e+00 1.151468e+00 0.000000e+00 1.384639e-02
0.000000e+00 8.250000e+00 1.150816e+00 1.150816e+00 0.000000e+00 1.401549e-02
0.000000e+00 8.305000e+00 1.150162e+00 1.150162e+00 0.000000e+00 1.417016e-02
0.000000e+00 8.360000e+00 1.149478e+00 1.149478e+00 0.000000e+00 1.429290e-02
0.000000e+00 8.415000e+00 1.148743e+00 1.148744e+00 0.000000e+00 1.437885e-02
0.000000e+00 8.470000e+00 1.147963e+00 1.147963e+00 0.000000e+00 1.443336e-02
0.000000e+00 8.525000e+00 1.147168e+00 1.147168e+00 0.000000e+00 1.446319e-02
0.000000e+00 8.580000e+00 1.146404e+00 1.146404e+00 0.000000e+00 1.447521e-02
0.000000e+00 8.635000e+00 1.145697e+00 1.145698e+00 0.000000e+00 1.448199e-02
0.000000e+00 8.690000e+00 1.145040e+00 1.145041e+00 0.000000e+00 1.450018e-02
0.000000e+00 8.745000e+00 1.144407e+00 1.144408e+00 0.000000e+00 1.453687e-02
0.000000e+00 8.800000e+00 1.143775e+00 1.143776e+00 0.000000e+00 1.457932e-02
0.000000e+00 8.855000e+00 1.143134e+00 1.143134e+00 0.000000e+00 1.460270e-02
0.000000e+00 8.910000e+00 1.142476e+00 1.142477e+00 0.000000e+00 1.458970e-02
0.000000e+00 8.965000e+00 1.141800e+00 1.141800e+00 0.000000e+00 1.454316e-02
0.000000e+00 9.020000e+00 1.141109e+00 1.141109e+00 0.000000e+00 1.448247e-02
0.000000e+00 9.075000e+00 1.140424e+00 1.140424e+00 0.000000e+00 1.443111e-02
0.000000e+00 9.130000e+00 1.139774e+00 1.139774e+00 0.000000e+00 1.440702e-02
0.000000e+00 9.185000e+00 1.139177e+00 1.139177e+00 0.000000e+00 1.441924e-02
0.000000e+00 9.240000e+00 1.138629e+00 1.138629e+00 0.000000e+00 1.446812e-02
0.000000e+00 9.295000e+00 1.138102e+00 1.138102e+00 0.000000e+00 1.454610e-02
0.000000e+00 9.350000e+00 1.137559e+00 1.137559e+00 0.000000e+00 1.464022e-02
0.000000e+00 9.405000e+00 1.136971e+00 1.136971e+00 0.000000e+00 1.473435e-02
0.000000e+00 9.460000e+00 1.136331e+00 1.136332e+00 0.000000e+00 1.481370e-02
0.000000e+00 9.515000e+00 1.135662e+00 1.135662e+00 0.000000e+00 1.486459e-02
0.000000e+00 9.570000e+00 1.135002e+00 1.135002e+00 0.000000e+00 1.487714e-02
0.000000e+00 9.625000e+00 1.134385e+00 1.134385e+00 0.000000e+00 1.483282e-02
0.000000e+00 9.680000e+00 1.133825e+00 1.133825e+00 0.000000e+00 1.470542e-02
0.000000e+00 9.735000e+00 1.133292e+00 1.133293e+00 0.000000e+00 1.444042e-02
0.000000e+00 9.790000e+00 1.132752e+00 1.132752e+00 0.000000e+00 1.401053e-02
0.000000e+00 9.845000e+00 1.132129e+00 1.132129e+00 0.000000e+00 1.341874e-02
0.000000e+00 9.900000e+00 1.131435e+00 1.131435e+00 0.000000e+00 1.283390e-02
0.000000e+00 9.955000e+00 1.130601e+00 1.130601e+00 0.000000e+00 1.237931e-02
0.000000e+00 1.001000e+01 1.105114e+00 1.105114e+00 -0.000000e+00 -1.013850e-02
0.000000e+00 1.006500e+01 1.105114e+00 1.105114e+00 -0.000000e+00 -1.013850e-02
0.000000e+00 1.012000e+01 1.105114e+00 1.105114e+00 -0.000000e+00 -1.013850e-02
0.000000e+00 1.017500e+01 1.105114e+00 1.105114e+00 -0.000000e+00 -1.013850e-02
0.000000e+00 1.023000e+01 1.105114e+00 1.105114e+00 -0.000000e+00 -1.013850e-02
0.000000e+00 1.028500e+01 1.105114e+00 1.105114e+00 -0.000000e+00 -1.013850e-02
0.000000e+00 1.034000e+01 1.105114e+00 1.105114e+00 -0.000000e+00 -1.013850e-02
0.000000e+00 1.039500e+01 1.105114e+00 1.105114e+00 -0.000000e+00 -1.013850e-02
0.000000e+00 1.045000e+01 1.105114e+00 1.105114e+00 -0.000000e+00 -1.013850e-02
0.000000e+00 1.050500e+01 1.105114e+00 1.105114e+00 -0.000000e+00 -1.013850e-02
0.000000e+00 1.056000e+01 1.105114e+00 1.105114e+00 -0.000000e+00 -1.013850e-02
0.000000e+00 1.061500e+01 1.105114e+00 1.105114e+00 -0.000000e+00 -1.013850e-02
0.000000e+00 1.067000e+01 1.105114e+00 1.105114e+00 -0.000000e+00 -1.013850e-02
0.000000e+00 1.072500e+01 1.105114e+00 1.105114e+00 -0.000000e+00 -1.013850e-02
0.000000e+00 1.078000e+01 1.105114e+00 1.105114e+00 -0.000000e+00 -1.013850e-02
0.000000e+00 1.083500e+01 1.105114e+00 1.105114e+00 -0.000000e+00 -1.013850e-02
0.000000e+00 1.089000e+01 1.105114e+00 1.105114e+00 -0.000000e+00 -1.013850e-02
0.000000e+00 1.094500e+01 1.105114e+00 1.105114e+00 -0.000000e+00 -1.013850e-02
0.000000e+00 1.100000e+01 1.105114e+00 1.105114e+00 -0.000000e+00 -1.013850e-02
