#############TIME##################
1.740653e+01 
###################################
0.000000e+00 0.000000e+00 2.231647e+01 2.231702e+01 0.000000e+00 -3.044294e+00
0.000000e+00 5.500000e-02 2.231647e+01 2.231702e+01 0.000000e+00 -3.044294e+00
0.000000e+00 1.100000e-01 2.231560e+01 2.231615e+01 0.000000e+00 -3.044294e+00
0.000000e+00 1.650000e-01 1.382302e+01 1.382336e+01 0.000000e+00 -2.296694e+00
0.000000e+00 2.200000e-01 1.021268e+01 1.021291e+01 0.000000e+00 -1.935560e+00
0.000000e+00 2.750000e-01 8.006653e+00 8.006810e+00 0.000000e+00 -1.641402e+00
0.000000e+00 3.300000e-01 6.606856e+00 6.606974e+00 0.000000e+00 -1.425033e+00
0.000000e+00 3.850000e-01 5.610901e+00 5.610992e+00 0.000000e+00 -1.248658e+00
0.000000e+00 4.400000e-01 4.900966e+00 4.901039e+00 0.000000e+00 -1.108279e+00
0.000000e+00 4.950000e-01 4.359372e+00 4.359432e+00 0.000000e+00 -9.904725e-01
0.000000e+00 5.500000e-01 3.939792e+00 3.939842e+00 0.000000e+00 -8.930282e-01
0.000000e+00 6.050000e-01 3.605252e+00 3.605295e+00 0.000000e+00 -8.093339e-01
0.000000e+00 6.600000e-01 3.333657e+00 3.333694e+00 0.000000e+00 -7.378857e-01
0.000000e+00 7.150000e-01 3.108820e+00 3.108852e+00 0.000000e+00 -6.757364e-01
0.000000e+00 7.700000e-01 2.920287e+00 2.920315e+00 0.000000e+00 -6.215395e-01
0.000000e+00 8.250000e-01 2.760069e+00 2.760094e+00 0.000000e+00 -5.737784e-01
0.000000e+00 8.800000e-01 2.622515e+00 2.622537e+00 0.000000e+00 -5.314945e-01
0.000000e+00 9.350000e-01 2.503250e+00 2.503270e+00 0.000000e+00 -4.938063e-01
0.000000e+00 9.900000e-01 2.398990e+00 2.399009e+00 0.000000e+00 -4.600533e-01
0.000000e+00 1.045000e+00 2.307155e+00 2.307172e+00 0.000000e+00 -4.296705e-01
0.000000e+00 1.100000e+00 2.225727e+00 2.225742e+00 0.000000e+00 -4.022047e-01
0.000000e+00 1.155000e+00 2.153088e+00 2.153102e+00 0.000000e+00 -3.772754e-01
0.000000e+00 1.210000e+00 2.087936e+00 2.087949e+00 0.000000e+00 -3.545686e-01
0.000000e+00 1.265000e+00 2.029207e+00 2.029219e+00 0.000000e+00 -3.338195e-01
0.000000e+00 1.320000e+00 1.976027e+00 1.976038e+00 0.000000e+00 -3.148047e-01
0.000000e+00 1.375000e+00 1.927670e+00 1.927681e+00 0.000000e+00 -2.973332e-01
0.000000e+00 1.430000e+00 1.883531e+00 1.883541e+00 0.000000e+00 -2.812405e-01
0.000000e+00 1.485000e+00 1.843100e+00 1.843109e+00 0.000000e+00 -2.663833e-01
0.000000e+00 1.540000e+00 1.805945e+00 1.805954e+00 0.000000e+00 -2.526359e-01
0.000000e+00 1.595000e+00 1.771699e+00 1.771707e+00 0.000000e+00 -2.398880e-01
0.000000e+00 1.650000e+00 1.740042e+00 1.740050e+00 0.000000e+00 -2.280428e-01
0.000000e+00 1.705000e+00 1.710702e+00 1.710710e+00 0.000000e+00 -2.170162e-01
0.000000e+00 1.760000e+00 1.683441e+00 1.683448e+00 0.000000e+00 -2.067346e-01
0.000000e+00 1.815000e+00 1.658052e+00 1.658058e+00 0.000000e+00 -1.971335e-01
0.000000e+00 1.870000e+00 1.634354e+00 1.634361e+00 0.000000e+00 -1.881549e-01
0.000000e+00 1.925000e+00 1.612192e+00 1.612198e+00 0.000000e+00 -1.797469e-01
0.000000e+00 1.980000e+00 1.591426e+00 1.591431e+00 0.000000e+00 -1.718622e-01
0.000000e+00 2.035000e+00 1.571932e+00 1.571938e+00 0.000000e+00 -1.644582e-01
0.000000e+00 2.090000e+00 1.553602e+00 1.553607e+00 0.000000e+00 -1.574965e-01
0.000000e+00 2.145000e+00 1.536335e+00 1.536340e+00 0.000000e+00 -1.509417e-01
0.000000e+00 2.200000e+00 1.520045e+00 1.520050e+00 0.000000e+00 -1.447621e-01
0.000000e+00 2.255000e+00 1.504652e+00 1.504656e+00 0.000000e+00 -1.389287e-01
0.000000e+00 2.310000e+00 1.490086e+00 1.490091e+00 0.000000e+00 -1.334156e-01
0.000000e+00 2.365000e+00 1.476287e+00 1.476291e+00 0.000000e+00 -1.281995e-01
0.000000e+00 2.420000e+00 1.463198e+00 1.463202e+00 0.000000e+00 -1.232598e-01
0.000000e+00 2.475000e+00 1.450769e+00 1.450773e+00 0.000000e+00 -1.185777e-01
0.000000e+00 2.530000e+00 1.438953e+00 1.438957e+00 0.000000e+00 -1.141359e-01
0.000000e+00 2.585000e+00 1.427707e+00 1.427711e+00 0.000000e+00 -1.099182e-01
0.000000e+00 2.640000e+00 1.416992e+00 1.416996e+00 0.000000e+00 -1.059092e-01
0.000000e+00 2.695000e+00 1.406771e+00 1.406774e+00 0.000000e+00 -1.020947e-01
0.000000e+00 2.750000e+00 1.397011e+00 1.397015e+00 0.000000e+00 -9.846165e-02
0.000000e+00 2.805000e+00 1.387685e+00 1.387688e+00 0.000000e+00 -9.499830e-02
0.000000e+00 2.860000e+00 1.378765e+00 1.378768e+00 0.000000e+00 -9.169436e-02
0.000000e+00 2.915000e+00 1.370230e+00 1.370233e+00 0.000000e+00 -8.854052e-02
0.000000e+00 2.970000e+00 1.362055e+00 1.362058e+00 0.000000e+00 -8.552809e-02
0.000000e+00 3.025000e+00 1.354220e+00 1.354223e+00 0.000000e+00 -8.264872e-02
0.000000e+00 3.080000e+00 1.346704e+00 1.346706e+00 0.000000e+00 -7.989441e-02
0.000000e+00 3.135000e+00 1.339487e+00 1.339490e+00 0.000000e+00 -7.725763e-02
0.000000e+00 3.190000e+00 1.332552e+00 1.332555e+00 0.000000e+00 -7.473161e-02
0.000000e+00 3.245000e+00 1.325885e+00 1.325887e+00 0.000000e+00 -7.231042e-02
0.000000e+00 3.300000e+00 1.319471e+00 1.319473e+00 0.000000e+00 -6.998880e-02
0.000000e+00 3.355000e+00 1.313298e+00 1.313300e+00 0.000000e+00 -6.776186e-02
0.000000e+00 3.410000e+00 1.307355e+00 1.307357e+00 0.000000e+00 -6.562474e-02
0.000000e+00 3.465000e+00 1.301630e+00 1.301632e+00 0.000000e+00 -6.357240e-02
0.000000e+00 3.520000e+00 1.296111e+00 1.296113e+00 0.000000e+00 -6.159980e-02
0.000000e+00 3.575000e+00 1.290789e+00 1.290791e+00 0.000000e+00 -5.970214e-02
0.000000e+00 3.630000e+00 1.285653e+00 1.285655e+00 0.000000e+00 -5.787516e-02
0.000000e+00 3.685000e+00 1.280696e+00 1.280698e+00 0.000000e+00 -5.611536e-02
0.000000e+00 3.740000e+00 1.275910e+00 1.275912e+00 0.000000e+00 -5.441991e-02
0.000000e+00 3.795000e+00 1.271289e+00 1.271291e+00 0.000000e+00 -5.278639e-02
0.000000e+00 3.850000e+00 1.266825e+00 1.266827e+00 0.000000e+00 -5.121249e-02
0.000000e+00 3.905000e+00 1.262512e+00 1.262513e+00 0.000000e+00 -4.969577e-02
0.000000e+00 3.960000e+00 1.258340e+00 1.258342e+00 0.000000e+00 -4.823356e-02
0.000000e+00 4.015000e+00 1.254305e+00 1.254306e+00 0.000000e+00 -4.682316e-02
0.000000e+00 4.070000e+00 1.250399e+00 1.250400e+00 0.000000e+00 -4.546204e-02
0.000000e+00 4.125000e+00 1.246618e+00 1.246619e+00 0.000000e+00 -4.414801e-02
0.000000e+00 4.180000e+00 1.242957e+00 1.242959e+00 0.000000e+00 -4.287922e-02
0.000000e+00 4.235000e+00 1.239413e+00 1.239415e+00 0.000000e+00 -4.165392e-02
0.000000e+00 4.290000e+00 1.235982e+00 1.235984e+00 0.000000e+00 -4.047014e-02
0.000000e+00 4.345000e+00 1.232659e+00 1.232660e+00 0.000000e+00 -3.932569e-02
0.000000e+00 4.400000e+00 1.229437e+00 1.229438e+00 0.000000e+00 -3.821859e-02
0.000000e+00 4.455000e+00 1.226313e+00 1.226314e+00 0.000000e+00 -3.714783e-02
0.000000e+00 4.510000e+00 1.223284e+00 1.223285e+00 0.000000e+00 -3.611402e-02
0.000000e+00 4.565000e+00 1.220350e+00 1.220352e+00 0.000000e+00 -3.511892e-02
0.000000e+00 4.620000e+00 1.217513e+00 1.217514e+00 0.000000e+00 -3.416357e-02
0.000000e+00 4.675000e+00 1.214767e+00 1.214769e+00 0.000000e+00 -3.324579e-02
0.000000e+00 4.730000e+00 1.212107e+00 1.212108e+00 0.000000e+00 -3.235918e-02
0.000000e+00 4.785000e+00 1.209522e+00 1.209523e+00 0.000000e+00 -3.149553e-02
0.000000e+00 4.840000e+00 1.207007e+00 1.207008e+00 0.000000e+00 -3.065043e-02
0.000000e+00 4.895000e+00 1.204567e+00 1.204568e+00 0.000000e+00 -2.982836e-02
0.000000e+00 4.950000e+00 1.202218e+00 1.202219e+00 0.000000e+00 -2.904196e-02
0.000000e+00 5.005000e+00 1.199970e+00 1.199971e+00 0.000000e+00 -2.830306e-02
0.000000e+00 5.060000e+00 1.197820e+00 1.197821e+00 0.000000e+00 -2.760933e-02
0.000000e+00 5.115000e+00 1.195733e+00 1.195734e+00 0.000000e+00 -2.693689e-02
0.000000e+00 5.170000e+00 1.193661e+00 1.193662e+00 0.000000e+00 -2.624892e-02
0.000000e+00 5.225000e+00 1.191567e+00 1.191568e+00 0.000000e+00 -2.551835e-02
0.000000e+00 5.280000e+00 1.189455e+00 1.189456e+00 0.000000e+00 -2.474907e-02
0.000000e+00 5.335000e+00 1.187372e+00 1.187373e+00 0.000000e+00 -2.397806e-02
0.000000e+00 5.390000e+00 1.185382e+00 1.185383e+00 0.000000e+00 -2.325560e-02
0.000000e+00 5.445000e+00 1.183528e+00 1.183528e+00 0.000000e+00 -2.261577e-02
0.000000e+00 5.500000e+00 1.181809e+00 1.181809e+00 0.000000e+00 -2.205607e-02
0.000000e+00 5.555000e+00 1.180184e+00 1.180184e+00 0.000000e+00 -2.154160e-02
0.000000e+00 5.610000e+00 1.178605e+00 1.178606e+00 0.000000e+00 -2.103188e-02
0.000000e+00 5.665000e+00 1.177052e+00 1.177053e+00 0.000000e+00 -2.050809e-02
0.000000e+00 5.720000e+00 1.175536e+00 1.175536e+00 0.000000e+00 -1.997922e-02
0.000000e+00 5.775000e+00 1.174076e+00 1.174077e+00 0.000000e+00 -1.946573e-02
0.000000e+00 5.830000e+00 1.172679e+00 1.172680e+00 0.000000e+00 -1.897762e-02
0.000000e+00 5.885000e+00 1.171323e+00 1.171323e+00 0.000000e+00 -1.850544e-02
0.000000e+00 5.940000e+00 1.169974e+00 1.169975e+00 0.000000e+00 -1.802977e-02
0.000000e+00 5.995000e+00 1.168615e+00 1.168615e+00 0.000000e+00 -1.753886e-02
0.000000e+00 6.050000e+00 1.167252e+00 1.167252e+00 0.000000e+00 -1.703837e-02
0.000000e+00 6.105000e+00 1.165911e+00 1.165912e+00 0.000000e+00 -1.654653e-02
0.000000e+00 6.160000e+00 1.164620e+00 1.164620e+00 0.000000e+00 -1.608086e-02
0.000000e+00 6.215000e+00 1.163389e+00 1.163389e+00 0.000000e+00 -1.564718e-02
0.000000e+00 6.270000e+00 1.162210e+00 1.162211e+00 0.000000e+00 -1.523756e-02
0.000000e+00 6.325000e+00 1.161065e+00 1.161065e+00 0.000000e+00 -1.483646e-02
0.000000e+00 6.380000e+00 1.159936e+00 1.159937e+00 0.000000e+00 -1.442970e-02
0.000000e+00 6.435000e+00 1.158819e+00 1.158820e+00 0.000000e+00 -1.401070e-02
0.000000e+00 6.490000e+00 1.157720e+00 1.157720e+00 0.000000e+00 -1.358159e-02
0.000000e+00 6.545000e+00 1.156650e+00 1.156651e+00 0.000000e+00 -1.314988e-02
0.000000e+00 6.600000e+00 1.155621e+00 1.155621e+00 0.000000e+00 -1.272351e-02
0.000000e+00 6.655000e+00 1.154634e+00 1.154635e+00 0.000000e+00 -1.230722e-02
0.000000e+00 6.710000e+00 1.153687e+00 1.153687e+00 0.000000e+00 -1.190189e-02
0.000000e+00 6.765000e+00 1.152770e+00 1.152771e+00 0.000000e+00 -1.150630e-02
0.000000e+00 6.820000e+00 1.151880e+00 1.151880e+00 0.000000e+00 -1.111914e-02
0.000000e+00 6.875000e+00 1.151012e+00 1.151012e+00 0.000000e+00 -1.073966e-02
0.000000e+00 6.930000e+00 1.150166e+00 1.150167e+00 0.000000e+00 -1.036706e-02
0.000000e+00 6.985000e+00 1.149342e+00 1.149342e+00 0.000000e+00 -9.999714e-03
0.000000e+00 7.040000e+00 1.148536e+00 1.148537e+00 0.000000e+00 -9.635383e-03
0.000000e+00 7.095000e+00 1.147750e+00 1.147750e+00 0.000000e+00 -9.272047e-03
0.000000e+00 7.150000e+00 1.146981e+00 1.146982e+00 0.000000e+00 -8.908524e-03
0.000000e+00 7.205000e+00 1.146232e+00 1.146233e+00 0.000000e+00 -8.544376e-03
0.000000e+00 7.260000e+00 1.145503e+00 1.145503e+00 0.000000e+00 -8.179428e-03
0.000000e+00 7.315000e+00 1.144792e+00 1.144792e+00 0.000000e+00 -7.813545e-03
0.000000e+00 7.370000e+00 1.144097e+00 1.144098e+00 0.000000e+00 -7.446877e-03
0.000000e+00 7.425000e+00 1.143417e+00 1.143417e+00 0.000000e+00 -7.080247e-03
0.000000e+00 7.480000e+00 1.142750e+00 1.142750e+00 0.000000e+00 -6.715218e-03
0.000000e+00 7.535000e+00 1.142096e+00 1.142096e+00 0.000000e+00 -6.353735e-03
0.000000e+00 7.590000e+00 1.141455e+00 1.141456e+00 0.000000e+00 -5.997629e-03
0.000000e+00 7.645000e+00 1.140826e+00 1.140827e+00 0.000000e+00 -5.648284e-03
0.000000e+00 7.700000e+00 1.140209e+00 1.140209e+00 0.000000e+00 -5.306493e-03
0.000000e+00 7.755000e+00 1.139602e+00 1.139602e+00 0.000000e+00 -4.972328e-03
0.000000e+00 7.810000e+00 1.139006e+00 1.139007e+00 0.000000e+00 -4.644953e-03
0.000000e+00 7.865000e+00 1.138425e+00 1.138426e+00 0.000000e+00 -4.322584e-03
0.000000e+00 7.920000e+00 1.137862e+00 1.137862e+00 0.000000e+00 -4.002840e-03
0.000000e+00 7.975000e+00 1.137318e+00 1.137318e+00 0.000000e+00 -3.683506e-03
0.000000e+00 8.030000e+00 1.136796e+00 1.136796e+00 0.000000e+00 -3.363369e-03
0.000000e+00 8.085000e+00 1.136293e+00 1.136293e+00 0.000000e+00 -3.042747e-03
0.000000e+00 8.140000e+00 1.135805e+00 1.135805e+00 0.000000e+00 -2.723524e-03
0.000000e+00 8.195000e+00 1.135324e+00 1.135325e+00 0.000000e+00 -2.408746e-03
0.000000e+00 8.250000e+00 1.134844e+00 1.134844e+00 0.000000e+00 -2.101846e-03
0.000000e+00 8.305000e+00 1.134355e+00 1.134355e+00 0.000000e+00 -1.805440e-03
0.000000e+00 8.360000e+00 1.133855e+00 1.133855e+00 0.000000e+00 -1.519846e-03
0.000000e+00 8.415000e+00 1.133349e+00 1.133349e+00 0.000000e+00 -1.241960e-03
0.000000e+00 8.470000e+00 1.132846e+00 1.132847e+00 0.000000e+00 -9.655513e-04
0.000000e+00 8.525000e+00 1.132361e+00 1.132361e+00 0.000000e+00 -6.836336e-04
0.000000e+00 8.580000e+00 1.131901e+00 1.131902e+00 0.000000e+00 -3.922686e-04
0.000000e+00 8.635000e+00 1.131468e+00 1.131469e+00 0.000000e+00 -9.365720e-05
0.000000e+00 8.690000e+00 1.131052e+00 1.131052e+00 0.000000e+00 2.040148e-04
0.000000e+00 8.745000e+00 1.130639e+00 1.130639e+00 0.000000e+00 4.909362e-04
0.000000e+00 8.800000e+00 1.130219e+00 1.130220e+00 0.000000e+00 7.622782e-04
0.000000e+00 8.855000e+00 1.129794e+00 1.129795e+00 0.000000e+00 1.022823e-03
0.000000e+00 8.910000e+00 1.129376e+00 1.129377e+00 0.000000e+00 1.285754e-03
0.000000e+00 8.965000e+00 1.128980e+00 1.128981e+00 0.000000e+00 1.565110e-03
0.000000e+00 9.020000e+00 1.128613e+00 1.128614e+00 0.000000e+00 1.865860e-03
0.000000e+00 9.075000e+00 1.128265e+00 1.128265e+00 0.000000e+00 2.178108e-03
0.000000e+00 9.130000e+00 1.127911e+00 1.127911e+00 0.000000e+00 2.480555e-03
0.000000e+00 9.185000e+00 1.127525e+00 1.127525e+00 0.000000e+00 2.752609e-03
0.000000e+00 9.240000e+00 1.127094e+00 1.127094e+00 0.000000e+00 2.988754e-03
0.000000e+00 9.295000e+00 1.126631e+00 1.126631e+00 0.000000e+00 3.205698e-03
0.000000e+00 9.350000e+00 1.126166e+00 1.126166e+00 0.000000e+00 3.437090e-03
0.000000e+00 9.405000e+00 1.125735e+00 1.125735e+00 0.000000e+00 3.717313e-03
0.000000e+00 9.460000e+00 1.125360e+00 1.125361e+00 0.000000e+00 4.064293e-03
0.000000e+00 9.515000e+00 1.125038e+00 1.125038e+00 0.000000e+00 4.466080e-03
0.000000e+00 9.570000e+00 1.124741e+00 1.124741e+00 0.000000e+00 4.879859e-03
0.000000e+00 9.625000e+00 1.124429e+00 1.124430e+00 0.000000e+00 5.233849e-03
0.000000e+00 9.680000e+00 1.124078e+00 1.124078e+00 0.000000e+00 5.449113e-03
0.000000e+00 9.735000e+00 1.123676e+00 1.123676e+00 0.000000e+00 5.459502e-03
0.000000e+00 9.790000e+00 1.123249e+00 1.123250e+00 0.000000e+00 5.275839e-03
0.000000e+00 9.845000e+00 1.122815e+00 1.122815e+00 0.000000e+00 4.982667e-03
0.000000e+00 9.900000e+00 1.122432e+00 1.122432e+00 0.000000e+00 4.783559e-03
0.000000e+00 9.955000e+00 1.122066e+00 1.122066e+00 0.000000e+00 4.787967e-03
0.000000e+00 1.001000e+01 1.105114e+00 1.105114e+00 -0.000000e+00 -1.013850e-02
0.000000e+00 1.006500e+01 1.105114e+00 1.105114e+00 -0.000000e+00 -1.013850e-02
0.000000e+00 1.012000e+01 1.105114e+00 1.105114e+00 -0.000000e+00 -1.013850e-02
0.000000e+00 1.017500e+01 1.105114e+00 1.105114e+00 -0.000000e+00 -1.013850e-02
0.000000e+00 1.023000e+01 1.105114e+00 1.105114e+00 -0.000000e+00 -1.013850e-02
0.000000e+00 1.028500e+01 1.105114e+00 1.105114e+00 -0.000000e+00 -1.013850e-02
0.000000e+00 1.034000e+01 1.105114e+00 1.105114e+00 -0.000000e+00 -1.013850e-02
0.000000e+00 1.039500e+01 1.105114e+00 1.105114e+00 -0.000000e+00 -1.013850e-02
0.000000e+00 1.045000e+01 1.105114e+00 1.105114e+00 -0.000000e+00 -1.013850e-02
0.000000e+00 1.050500e+01 1.105114e+00 1.105114e+00 -0.000000e+00 -1.013850e-02
0.000000e+00 1.056000e+01 1.105114e+00 1.105114e+00 -0.000000e+00 -1.013850e-02
0.000000e+00 1.061500e+01 1.105114e+00 1.105114e+00 -0.000000e+00 -1.013850e-02
0.000000e+00 1.067000e+01 1.105114e+00 1.105114e+00 -0.000000e+00 -1.013850e-02
0.000000e+00 1.072500e+01 1.105114e+00 1.105114e+00 -0.000000e+00 -1.013850e-02
0.000000e+00 1.078000e+01 1.105114e+00 1.105114e+00 -0.000000e+00 -1.013850e-02
0.000000e+00 1.083500e+01 1.105114e+00 1.105114e+00 -0.000000e+00 -1.013850e-02
0.000000e+00 1.089000e+01 1.105114e+00 1.105114e+00 -0.000000e+00 -1.013850e-02
0.000000e+00 1.094500e+01 1.105114e+00 1.105114e+00 -0.000000e+00 -1.013850e-02
0.000000e+00 1.100000e+01 1.105114e+00 1.105114e+00 -0.000000e+00 -1.013850e-02
