#############TIME##################
1.580178e+01 
###################################
0.000000e+00 0.000000e+00 2.255415e+01 2.255471e+01 0.000000e+00 -3.044164e+00
0.000000e+00 5.500000e-02 2.255415e+01 2.255471e+01 0.000000e+00 -3.044164e+00
0.000000e+00 1.100000e-01 2.255300e+01 2.255356e+01 0.000000e+00 -3.044165e+00
0.000000e+00 1.650000e-01 1.397020e+01 1.397055e+01 0.000000e+00 -2.296491e+00
0.000000e+00 2.200000e-01 1.032145e+01 1.032168e+01 0.000000e+00 -1.935308e+00
0.000000e+00 2.750000e-01 8.091902e+00 8.092062e+00 0.000000e+00 -1.641103e+00
0.000000e+00 3.300000e-01 6.677201e+00 6.677321e+00 0.000000e+00 -1.424687e+00
0.000000e+00 3.850000e-01 5.670625e+00 5.670718e+00 0.000000e+00 -1.248266e+00
0.000000e+00 4.400000e-01 4.953116e+00 4.953190e+00 0.000000e+00 -1.107842e+00
0.000000e+00 4.950000e-01 4.405739e+00 4.405800e+00 0.000000e+00 -9.899904e-01
0.000000e+00 5.500000e-01 3.981674e+00 3.981725e+00 0.000000e+00 -8.925031e-01
0.000000e+00 6.050000e-01 3.643557e+00 3.643601e+00 0.000000e+00 -8.087665e-01
0.000000e+00 6.600000e-01 3.369062e+00 3.369099e+00 0.000000e+00 -7.372758e-01
0.000000e+00 7.150000e-01 3.141825e+00 3.141858e+00 0.000000e+00 -6.750841e-01
0.000000e+00 7.700000e-01 2.951283e+00 2.951312e+00 0.000000e+00 -6.208448e-01
0.000000e+00 8.250000e-01 2.789361e+00 2.789386e+00 0.000000e+00 -5.730409e-01
0.000000e+00 8.800000e-01 2.650346e+00 2.650369e+00 0.000000e+00 -5.307135e-01
0.000000e+00 9.350000e-01 2.529819e+00 2.529839e+00 0.000000e+00 -4.929809e-01
0.000000e+00 9.900000e-01 2.424459e+00 2.424478e+00 0.000000e+00 -4.591825e-01
0.000000e+00 1.045000e+00 2.331655e+00 2.331673e+00 0.000000e+00 -4.287537e-01
0.000000e+00 1.100000e+00 2.249368e+00 2.249384e+00 0.000000e+00 -4.012420e-01
0.000000e+00 1.155000e+00 2.175961e+00 2.175976e+00 0.000000e+00 -3.762671e-01
0.000000e+00 1.210000e+00 2.110120e+00 2.110134e+00 0.000000e+00 -3.535150e-01
0.000000e+00 1.265000e+00 2.050771e+00 2.050784e+00 0.000000e+00 -3.327205e-01
0.000000e+00 1.320000e+00 1.997032e+00 1.997044e+00 0.000000e+00 -3.136595e-01
0.000000e+00 1.375000e+00 1.948171e+00 1.948182e+00 0.000000e+00 -2.961406e-01
0.000000e+00 1.430000e+00 1.903575e+00 1.903585e+00 0.000000e+00 -2.799992e-01
0.000000e+00 1.485000e+00 1.862728e+00 1.862738e+00 0.000000e+00 -2.650922e-01
0.000000e+00 1.540000e+00 1.825193e+00 1.825202e+00 0.000000e+00 -2.512947e-01
0.000000e+00 1.595000e+00 1.790595e+00 1.790604e+00 0.000000e+00 -2.384966e-01
0.000000e+00 1.650000e+00 1.758615e+00 1.758623e+00 0.000000e+00 -2.266015e-01
0.000000e+00 1.705000e+00 1.728975e+00 1.728983e+00 0.000000e+00 -2.155249e-01
0.000000e+00 1.760000e+00 1.701435e+00 1.701443e+00 0.000000e+00 -2.051934e-01
0.000000e+00 1.815000e+00 1.675787e+00 1.675794e+00 0.000000e+00 -1.955418e-01
0.000000e+00 1.870000e+00 1.651848e+00 1.651855e+00 0.000000e+00 -1.865121e-01
0.000000e+00 1.925000e+00 1.629458e+00 1.629465e+00 0.000000e+00 -1.780518e-01
0.000000e+00 1.980000e+00 1.608478e+00 1.608484e+00 0.000000e+00 -1.701135e-01
0.000000e+00 2.035000e+00 1.588785e+00 1.588790e+00 0.000000e+00 -1.626542e-01
0.000000e+00 2.090000e+00 1.570267e+00 1.570273e+00 0.000000e+00 -1.556350e-01
0.000000e+00 2.145000e+00 1.552829e+00 1.552834e+00 0.000000e+00 -1.490210e-01
0.000000e+00 2.200000e+00 1.536380e+00 1.536385e+00 0.000000e+00 -1.427807e-01
0.000000e+00 2.255000e+00 1.520843e+00 1.520847e+00 0.000000e+00 -1.368857e-01
0.000000e+00 2.310000e+00 1.506143e+00 1.506148e+00 0.000000e+00 -1.313105e-01
0.000000e+00 2.365000e+00 1.492218e+00 1.492222e+00 0.000000e+00 -1.260321e-01
0.000000e+00 2.420000e+00 1.479007e+00 1.479011e+00 0.000000e+00 -1.210292e-01
0.000000e+00 2.475000e+00 1.466459e+00 1.466463e+00 0.000000e+00 -1.162827e-01
0.000000e+00 2.530000e+00 1.454527e+00 1.454531e+00 0.000000e+00 -1.117746e-01
0.000000e+00 2.585000e+00 1.443169e+00 1.443173e+00 0.000000e+00 -1.074885e-01
0.000000e+00 2.640000e+00 1.432347e+00 1.432351e+00 0.000000e+00 -1.034092e-01
0.000000e+00 2.695000e+00 1.422027e+00 1.422030e+00 0.000000e+00 -9.952309e-02
0.000000e+00 2.750000e+00 1.412175e+00 1.412178e+00 0.000000e+00 -9.581766e-02
0.000000e+00 2.805000e+00 1.402761e+00 1.402764e+00 0.000000e+00 -9.228173e-02
0.000000e+00 2.860000e+00 1.393757e+00 1.393760e+00 0.000000e+00 -8.890511e-02
0.000000e+00 2.915000e+00 1.385137e+00 1.385140e+00 0.000000e+00 -8.567836e-02
0.000000e+00 2.970000e+00 1.376878e+00 1.376881e+00 0.000000e+00 -8.259265e-02
0.000000e+00 3.025000e+00 1.368956e+00 1.368959e+00 0.000000e+00 -7.963959e-02
0.000000e+00 3.080000e+00 1.361354e+00 1.361357e+00 0.000000e+00 -7.681113e-02
0.000000e+00 3.135000e+00 1.354053e+00 1.354056e+00 0.000000e+00 -7.409954e-02
0.000000e+00 3.190000e+00 1.347039e+00 1.347042e+00 0.000000e+00 -7.149731e-02
0.000000e+00 3.245000e+00 1.340298e+00 1.340300e+00 0.000000e+00 -6.899718e-02
0.000000e+00 3.300000e+00 1.333816e+00 1.333819e+00 0.000000e+00 -6.659223e-02
0.000000e+00 3.355000e+00 1.327582e+00 1.327584e+00 0.000000e+00 -6.427605e-02
0.000000e+00 3.410000e+00 1.321583e+00 1.321585e+00 0.000000e+00 -6.204305e-02
0.000000e+00 3.465000e+00 1.315806e+00 1.315808e+00 0.000000e+00 -5.988869e-02
0.000000e+00 3.520000e+00 1.310240e+00 1.310242e+00 0.000000e+00 -5.780958e-02
0.000000e+00 3.575000e+00 1.304871e+00 1.304874e+00 0.000000e+00 -5.580327e-02
0.000000e+00 3.630000e+00 1.299691e+00 1.299693e+00 0.000000e+00 -5.386769e-02
0.000000e+00 3.685000e+00 1.294688e+00 1.294690e+00 0.000000e+00 -5.200054e-02
0.000000e+00 3.740000e+00 1.289854e+00 1.289856e+00 0.000000e+00 -5.019875e-02
0.000000e+00 3.795000e+00 1.285183e+00 1.285185e+00 0.000000e+00 -4.845837e-02
0.000000e+00 3.850000e+00 1.280666e+00 1.280668e+00 0.000000e+00 -4.677477e-02
0.000000e+00 3.905000e+00 1.276298e+00 1.276300e+00 0.000000e+00 -4.514328e-02
0.000000e+00 3.960000e+00 1.272074e+00 1.272075e+00 0.000000e+00 -4.355974e-02
0.000000e+00 4.015000e+00 1.267987e+00 1.267989e+00 0.000000e+00 -4.202096e-02
0.000000e+00 4.070000e+00 1.264036e+00 1.264037e+00 0.000000e+00 -4.052475e-02
0.000000e+00 4.125000e+00 1.260214e+00 1.260216e+00 0.000000e+00 -3.906977e-02
0.000000e+00 4.180000e+00 1.256519e+00 1.256521e+00 0.000000e+00 -3.765516e-02
0.000000e+00 4.235000e+00 1.252943e+00 1.252944e+00 0.000000e+00 -3.628034e-02
0.000000e+00 4.290000e+00 1.249477e+00 1.249479e+00 0.000000e+00 -3.494484e-02
0.000000e+00 4.345000e+00 1.246114e+00 1.246115e+00 0.000000e+00 -3.364835e-02
0.000000e+00 4.400000e+00 1.242845e+00 1.242847e+00 0.000000e+00 -3.239069e-02
0.000000e+00 4.455000e+00 1.239666e+00 1.239668e+00 0.000000e+00 -3.117168e-02
0.000000e+00 4.510000e+00 1.236574e+00 1.236575e+00 0.000000e+00 -2.999097e-02
0.000000e+00 4.565000e+00 1.233566e+00 1.233567e+00 0.000000e+00 -2.884755e-02
0.000000e+00 4.620000e+00 1.230641e+00 1.230643e+00 0.000000e+00 -2.773929e-02
0.000000e+00 4.675000e+00 1.227800e+00 1.227802e+00 0.000000e+00 -2.666269e-02
0.000000e+00 4.730000e+00 1.225041e+00 1.225043e+00 0.000000e+00 -2.561304e-02
0.000000e+00 4.785000e+00 1.222365e+00 1.222366e+00 0.000000e+00 -2.458520e-02
0.000000e+00 4.840000e+00 1.219772e+00 1.219773e+00 0.000000e+00 -2.357478e-02
0.000000e+00 4.895000e+00 1.217261e+00 1.217262e+00 0.000000e+00 -2.257939e-02
0.000000e+00 4.950000e+00 1.214831e+00 1.214833e+00 0.000000e+00 -2.159912e-02
0.000000e+00 5.005000e+00 1.212479e+00 1.212481e+00 0.000000e+00 -2.063624e-02
0.000000e+00 5.060000e+00 1.210199e+00 1.210200e+00 0.000000e+00 -1.969397e-02
0.000000e+00 5.115000e+00 1.207983e+00 1.207984e+00 0.000000e+00 -1.877505e-02
0.000000e+00 5.170000e+00 1.205826e+00 1.205827e+00 0.000000e+00 -1.788073e-02
0.000000e+00 5.225000e+00 1.203725e+00 1.203726e+00 0.000000e+00 -1.701060e-02
0.000000e+00 5.280000e+00 1.201677e+00 1.201678e+00 0.000000e+00 -1.616308e-02
0.000000e+00 5.335000e+00 1.199682e+00 1.199683e+00 0.000000e+00 -1.533625e-02
0.000000e+00 5.390000e+00 1.197741e+00 1.197741e+00 0.000000e+00 -1.452832e-02
0.000000e+00 5.445000e+00 1.195852e+00 1.195853e+00 0.000000e+00 -1.373783e-02
0.000000e+00 5.500000e+00 1.194018e+00 1.194019e+00 0.000000e+00 -1.296344e-02
0.000000e+00 5.555000e+00 1.192238e+00 1.192238e+00 0.000000e+00 -1.220375e-02
0.000000e+00 5.610000e+00 1.190511e+00 1.190511e+00 0.000000e+00 -1.145742e-02
0.000000e+00 5.665000e+00 1.188836e+00 1.188837e+00 0.000000e+00 -1.072337e-02
0.000000e+00 5.720000e+00 1.187211e+00 1.187212e+00 0.000000e+00 -1.000118e-02
0.000000e+00 5.775000e+00 1.185633e+00 1.185634e+00 0.000000e+00 -9.291302e-03
0.000000e+00 5.830000e+00 1.184100e+00 1.184100e+00 0.000000e+00 -8.595231e-03
0.000000e+00 5.885000e+00 1.182608e+00 1.182608e+00 0.000000e+00 -7.915296e-03
0.000000e+00 5.940000e+00 1.181156e+00 1.181156e+00 0.000000e+00 -7.254234e-03
0.000000e+00 5.995000e+00 1.179741e+00 1.179742e+00 0.000000e+00 -6.614477e-03
0.000000e+00 6.050000e+00 1.178362e+00 1.178363e+00 0.000000e+00 -5.997301e-03
0.000000e+00 6.105000e+00 1.177015e+00 1.177016e+00 0.000000e+00 -5.402112e-03
0.000000e+00 6.160000e+00 1.175699e+00 1.175700e+00 0.000000e+00 -4.826201e-03
0.000000e+00 6.215000e+00 1.174414e+00 1.174415e+00 0.000000e+00 -4.265220e-03
0.000000e+00 6.270000e+00 1.173161e+00 1.173162e+00 0.000000e+00 -3.714295e-03
0.000000e+00 6.325000e+00 1.171945e+00 1.171946e+00 0.000000e+00 -3.169405e-03
0.000000e+00 6.380000e+00 1.170768e+00 1.170769e+00 0.000000e+00 -2.628549e-03
0.000000e+00 6.435000e+00 1.169629e+00 1.169630e+00 0.000000e+00 -2.092584e-03
0.000000e+00 6.490000e+00 1.168523e+00 1.168523e+00 0.000000e+00 -1.565915e-03
0.000000e+00 6.545000e+00 1.167443e+00 1.167443e+00 0.000000e+00 -1.056805e-03
0.000000e+00 6.600000e+00 1.166386e+00 1.166387e+00 0.000000e+00 -5.760347e-04
0.000000e+00 6.655000e+00 1.165358e+00 1.165358e+00 0.000000e+00 -1.323792e-04
0.000000e+00 6.710000e+00 1.164363e+00 1.164364e+00 0.000000e+00 2.744150e-04
0.000000e+00 6.765000e+00 1.163402e+00 1.163403e+00 0.000000e+00 6.584650e-04
0.000000e+00 6.820000e+00 1.162467e+00 1.162468e+00 0.000000e+00 1.043780e-03
0.000000e+00 6.875000e+00 1.161545e+00 1.161545e+00 0.000000e+00 1.449749e-03
0.000000e+00 6.930000e+00 1.160633e+00 1.160634e+00 0.000000e+00 1.875137e-03
0.000000e+00 6.985000e+00 1.159749e+00 1.159749e+00 0.000000e+00 2.295454e-03
0.000000e+00 7.040000e+00 1.158911e+00 1.158912e+00 0.000000e+00 2.680259e-03
0.000000e+00 7.095000e+00 1.158129e+00 1.158130e+00 0.000000e+00 3.019427e-03
0.000000e+00 7.150000e+00 1.157385e+00 1.157385e+00 0.000000e+00 3.335939e-03
0.000000e+00 7.205000e+00 1.156646e+00 1.156647e+00 0.000000e+00 3.669900e-03
0.000000e+00 7.260000e+00 1.155895e+00 1.155895e+00 0.000000e+00 4.043669e-03
0.000000e+00 7.315000e+00 1.155136e+00 1.155137e+00 0.000000e+00 4.438834e-03
0.000000e+00 7.370000e+00 1.154389e+00 1.154390e+00 0.000000e+00 4.806567e-03
0.000000e+00 7.425000e+00 1.153659e+00 1.153660e+00 0.000000e+00 5.103171e-03
0.000000e+00 7.480000e+00 1.152932e+00 1.152932e+00 0.000000e+00 5.320894e-03
0.000000e+00 7.535000e+00 1.152189e+00 1.152189e+00 0.000000e+00 5.490991e-03
0.000000e+00 7.590000e+00 1.151431e+00 1.151431e+00 0.000000e+00 5.661146e-03
0.000000e+00 7.645000e+00 1.150687e+00 1.150687e+00 0.000000e+00 5.867800e-03
0.000000e+00 7.700000e+00 1.149987e+00 1.149987e+00 0.000000e+00 6.121663e-03
0.000000e+00 7.755000e+00 1.149339e+00 1.149339e+00 0.000000e+00 6.408848e-03
0.000000e+00 7.810000e+00 1.148719e+00 1.148720e+00 0.000000e+00 6.700661e-03
0.000000e+00 7.865000e+00 1.148091e+00 1.148091e+00 0.000000e+00 6.966461e-03
0.000000e+00 7.920000e+00 1.147426e+00 1.147426e+00 0.000000e+00 7.186541e-03
0.000000e+00 7.975000e+00 1.146725e+00 1.146725e+00 0.000000e+00 7.361299e-03
0.000000e+00 8.030000e+00 1.146013e+00 1.146014e+00 0.000000e+00 7.510881e-03
0.000000e+00 8.085000e+00 1.145325e+00 1.145325e+00 0.000000e+00 7.663898e-03
0.000000e+00 8.140000e+00 1.144687e+00 1.144688e+00 0.000000e+00 7.841479e-03
0.000000e+00 8.195000e+00 1.144110e+00 1.144110e+00 0.000000e+00 8.046253e-03
0.000000e+00 8.250000e+00 1.143579e+00 1.143579e+00 0.000000e+00 8.262566e-03
0.000000e+00 8.305000e+00 1.143068e+00 1.143068e+00 0.000000e+00 8.466634e-03
0.000000e+00 8.360000e+00 1.142552e+00 1.142552e+00 0.000000e+00 8.639533e-03
0.000000e+00 8.415000e+00 1.142016e+00 1.142017e+00 0.000000e+00 8.775806e-03
0.000000e+00 8.470000e+00 1.141466e+00 1.141466e+00 0.000000e+00 8.884233e-03
0.000000e+00 8.525000e+00 1.140914e+00 1.140915e+00 0.000000e+00 8.981896e-03
0.000000e+00 8.580000e+00 1.140376e+00 1.140377e+00 0.000000e+00 9.085708e-03
0.000000e+00 8.635000e+00 1.139859e+00 1.139860e+00 0.000000e+00 9.205816e-03
0.000000e+00 8.690000e+00 1.139361e+00 1.139362e+00 0.000000e+00 9.343269e-03
0.000000e+00 8.745000e+00 1.138874e+00 1.138874e+00 0.000000e+00 9.491790e-03
0.000000e+00 8.800000e+00 1.138390e+00 1.138390e+00 0.000000e+00 9.641619e-03
0.000000e+00 8.855000e+00 1.137903e+00 1.137904e+00 0.000000e+00 9.783268e-03
0.000000e+00 8.910000e+00 1.137413e+00 1.137413e+00 0.000000e+00 9.910148e-03
0.000000e+00 8.965000e+00 1.136918e+00 1.136919e+00 0.000000e+00 1.002001e-02
0.000000e+00 9.020000e+00 1.136420e+00 1.136420e+00 0.000000e+00 1.011553e-02
0.000000e+00 9.075000e+00 1.135919e+00 1.135920e+00 0.000000e+00 1.020389e-02
0.000000e+00 9.130000e+00 1.135420e+00 1.135420e+00 0.000000e+00 1.029537e-02
0.000000e+00 9.185000e+00 1.134926e+00 1.134927e+00 0.000000e+00 1.040068e-02
0.000000e+00 9.240000e+00 1.134440e+00 1.134441e+00 0.000000e+00 1.052823e-02
0.000000e+00 9.295000e+00 1.133959e+00 1.133959e+00 0.000000e+00 1.068142e-02
0.000000e+00 9.350000e+00 1.133473e+00 1.133473e+00 0.000000e+00 1.085780e-02
0.000000e+00 9.405000e+00 1.132973e+00 1.132973e+00 0.000000e+00 1.104868e-02
0.000000e+00 9.460000e+00 1.132458e+00 1.132458e+00 0.000000e+00 1.124230e-02
0.000000e+00 9.515000e+00 1.131934e+00 1.131935e+00 0.000000e+00 1.142438e-02
0.000000e+00 9.570000e+00 1.131420e+00 1.131420e+00 0.000000e+00 1.158175e-02
0.000000e+00 9.625000e+00 1.130931e+00 1.130931e+00 0.000000e+00 1.169099e-02
0.000000e+00 9.680000e+00 1.130485e+00 1.130486e+00 0.000000e+00 1.172075e-02
0.000000e+00 9.735000e+00 1.130078e+00 1.130078e+00 0.000000e+00 1.161949e-02
0.000000e+00 9.790000e+00 1.129712e+00 1.129712e+00 0.000000e+00 1.137788e-02
0.000000e+00 9.845000e+00 1.129344e+00 1.129344e+00 0.000000e+00 1.102501e-02
0.000000e+00 9.900000e+00 1.128996e+00 1.128996e+00 0.000000e+00 1.073939e-02
0.000000e+00 9.955000e+00 1.128570e+00 1.128570e+00 0.000000e+00 1.060314e-02
0.000000e+00 1.001000e+01 1.105114e+00 1.105114e+00 -0.000000e+00 -1.013850e-02
0.000000e+00 1.006500e+01 1.105114e+00 1.105114e+00 -0.000000e+00 -1.013850e-02
0.000000e+00 1.012000e+01 1.105114e+00 1.105114e+00 -0.000000e+00 -1.013850e-02
0.000000e+00 1.017500e+01 1.105114e+00 1.105114e+00 -0.000000e+00 -1.013850e-02
0.000000e+00 1.023000e+01 1.105114e+00 1.105114e+00 -0.000000e+00 -1.013850e-02
0.000000e+00 1.028500e+01 1.105114e+00 1.105114e+00 -0.000000e+00 -1.013850e-02
0.000000e+00 1.034000e+01 1.105114e+00 1.105114e+00 -0.000000e+00 -1.013850e-02
0.000000e+00 1.039500e+01 1.105114e+00 1.105114e+00 -0.000000e+00 -1.013850e-02
0.000000e+00 1.045000e+01 1.105114e+00 1.105114e+00 -0.000000e+00 -1.013850e-02
0.000000e+00 1.050500e+01 1.105114e+00 1.105114e+00 -0.000000e+00 -1.013850e-02
0.000000e+00 1.056000e+01 1.105114e+00 1.105114e+00 -0.000000e+00 -1.013850e-02
0.000000e+00 1.061500e+01 1.105114e+00 1.105114e+00 -0.000000e+00 -1.013850e-02
0.000000e+00 1.067000e+01 1.105114e+00 1.105114e+00 -0.000000e+00 -1.013850e-02
0.000000e+00 1.072500e+01 1.105114e+00 1.105114e+00 -0.000000e+00 -1.013850e-02
0.000000e+00 1.078000e+01 1.105114e+00 1.105114e+00 -0.000000e+00 -1.013850e-02
0.000000e+00 1.083500e+01 1.105114e+00 1.105114e+00 -0.000000e+00 -1.013850e-02
0.000000e+00 1.089000e+01 1.105114e+00 1.105114e+00 -0.000000e+00 -1.013850e-02
0.000000e+00 1.094500e+01 1.105114e+00 1.105114e+00 -0.000000e+00 -1.013850e-02
0.000000e+00 1.100000e+01 1.105114e+00 1.105114e+00 -0.000000e+00 -1.013850e-02
