#############TIME##################
1.790290e+01 
###################################
0.000000e+00 0.000000e+00 2.225624e+01 2.225679e+01 0.000000e+00 -3.044330e+00
0.000000e+00 5.500000e-02 2.225624e+01 2.225679e+01 0.000000e+00 -3.044330e+00
0.000000e+00 1.100000e-01 2.225546e+01 2.225601e+01 0.000000e+00 -3.044330e+00
0.000000e+00 1.650000e-01 1.378575e+01 1.378609e+01 0.000000e+00 -2.296750e+00
0.000000e+00 2.200000e-01 1.018515e+01 1.018537e+01 0.000000e+00 -1.935630e+00
0.000000e+00 2.750000e-01 7.985078e+00 7.985235e+00 0.000000e+00 -1.641485e+00
0.000000e+00 3.300000e-01 6.589059e+00 6.589176e+00 0.000000e+00 -1.425130e+00
0.000000e+00 3.850000e-01 5.595797e+00 5.595888e+00 0.000000e+00 -1.248769e+00
0.000000e+00 4.400000e-01 4.887784e+00 4.887857e+00 0.000000e+00 -1.108403e+00
0.000000e+00 4.950000e-01 4.347657e+00 4.347717e+00 0.000000e+00 -9.906107e-01
0.000000e+00 5.500000e-01 3.929216e+00 3.929266e+00 0.000000e+00 -8.931798e-01
0.000000e+00 6.050000e-01 3.595587e+00 3.595630e+00 0.000000e+00 -8.094992e-01
0.000000e+00 6.600000e-01 3.324732e+00 3.324769e+00 0.000000e+00 -7.380647e-01
0.000000e+00 7.150000e-01 3.100508e+00 3.100540e+00 0.000000e+00 -6.759293e-01
0.000000e+00 7.700000e-01 2.912491e+00 2.912519e+00 0.000000e+00 -6.217465e-01
0.000000e+00 8.250000e-01 2.752713e+00 2.752738e+00 0.000000e+00 -5.739993e-01
0.000000e+00 8.800000e-01 2.615539e+00 2.615561e+00 0.000000e+00 -5.317289e-01
0.000000e+00 9.350000e-01 2.496606e+00 2.496626e+00 0.000000e+00 -4.940538e-01
0.000000e+00 9.900000e-01 2.392637e+00 2.392656e+00 0.000000e+00 -4.603138e-01
0.000000e+00 1.045000e+00 2.301058e+00 2.301075e+00 0.000000e+00 -4.299444e-01
0.000000e+00 1.100000e+00 2.219855e+00 2.219871e+00 0.000000e+00 -4.024928e-01
0.000000e+00 1.155000e+00 2.147416e+00 2.147430e+00 0.000000e+00 -3.775788e-01
0.000000e+00 1.210000e+00 2.082444e+00 2.082457e+00 0.000000e+00 -3.548879e-01
0.000000e+00 1.265000e+00 2.023879e+00 2.023892e+00 0.000000e+00 -3.341551e-01
0.000000e+00 1.320000e+00 1.970850e+00 1.970862e+00 0.000000e+00 -3.151565e-01
0.000000e+00 1.375000e+00 1.922634e+00 1.922644e+00 0.000000e+00 -2.977010e-01
0.000000e+00 1.430000e+00 1.878623e+00 1.878633e+00 0.000000e+00 -2.816241e-01
0.000000e+00 1.485000e+00 1.838309e+00 1.838319e+00 0.000000e+00 -2.667829e-01
0.000000e+00 1.540000e+00 1.801261e+00 1.801270e+00 0.000000e+00 -2.530517e-01
0.000000e+00 1.595000e+00 1.767112e+00 1.767120e+00 0.000000e+00 -2.403200e-01
0.000000e+00 1.650000e+00 1.735547e+00 1.735555e+00 0.000000e+00 -2.284909e-01
0.000000e+00 1.705000e+00 1.706295e+00 1.706302e+00 0.000000e+00 -2.174804e-01
0.000000e+00 1.760000e+00 1.679119e+00 1.679126e+00 0.000000e+00 -2.072156e-01
0.000000e+00 1.815000e+00 1.653813e+00 1.653820e+00 0.000000e+00 -1.976322e-01
0.000000e+00 1.870000e+00 1.630197e+00 1.630203e+00 0.000000e+00 -1.886727e-01
0.000000e+00 1.925000e+00 1.608111e+00 1.608117e+00 0.000000e+00 -1.802845e-01
0.000000e+00 1.980000e+00 1.587415e+00 1.587421e+00 0.000000e+00 -1.724199e-01
0.000000e+00 2.035000e+00 1.567986e+00 1.567992e+00 0.000000e+00 -1.650352e-01
0.000000e+00 2.090000e+00 1.549715e+00 1.549720e+00 0.000000e+00 -1.580915e-01
0.000000e+00 2.145000e+00 1.532503e+00 1.532508e+00 0.000000e+00 -1.515539e-01
0.000000e+00 2.200000e+00 1.516265e+00 1.516270e+00 0.000000e+00 -1.453919e-01
0.000000e+00 2.255000e+00 1.500924e+00 1.500929e+00 0.000000e+00 -1.395778e-01
0.000000e+00 2.310000e+00 1.486411e+00 1.486415e+00 0.000000e+00 -1.340868e-01
0.000000e+00 2.365000e+00 1.472663e+00 1.472667e+00 0.000000e+00 -1.288957e-01
0.000000e+00 2.420000e+00 1.459624e+00 1.459628e+00 0.000000e+00 -1.239825e-01
0.000000e+00 2.475000e+00 1.447242e+00 1.447246e+00 0.000000e+00 -1.193271e-01
0.000000e+00 2.530000e+00 1.435470e+00 1.435474e+00 0.000000e+00 -1.149109e-01
0.000000e+00 2.585000e+00 1.424266e+00 1.424270e+00 0.000000e+00 -1.107177e-01
0.000000e+00 2.640000e+00 1.413592e+00 1.413595e+00 0.000000e+00 -1.067329e-01
0.000000e+00 2.695000e+00 1.403413e+00 1.403416e+00 0.000000e+00 -1.029436e-01
0.000000e+00 2.750000e+00 1.393697e+00 1.393701e+00 0.000000e+00 -9.933770e-02
0.000000e+00 2.805000e+00 1.384416e+00 1.384419e+00 0.000000e+00 -9.590377e-02
0.000000e+00 2.860000e+00 1.375542e+00 1.375545e+00 0.000000e+00 -9.263070e-02
0.000000e+00 2.915000e+00 1.367049e+00 1.367051e+00 0.000000e+00 -8.950802e-02
0.000000e+00 2.970000e+00 1.358913e+00 1.358916e+00 0.000000e+00 -8.652624e-02
0.000000e+00 3.025000e+00 1.351116e+00 1.351118e+00 0.000000e+00 -8.367709e-02
0.000000e+00 3.080000e+00 1.343636e+00 1.343639e+00 0.000000e+00 -8.095340e-02
0.000000e+00 3.135000e+00 1.336458e+00 1.336460e+00 0.000000e+00 -7.834878e-02
0.000000e+00 3.190000e+00 1.329564e+00 1.329567e+00 0.000000e+00 -7.585720e-02
0.000000e+00 3.245000e+00 1.322941e+00 1.322944e+00 0.000000e+00 -7.347258e-02
0.000000e+00 3.300000e+00 1.316574e+00 1.316576e+00 0.000000e+00 -7.118879e-02
0.000000e+00 3.355000e+00 1.310449e+00 1.310451e+00 0.000000e+00 -6.899973e-02
0.000000e+00 3.410000e+00 1.304553e+00 1.304555e+00 0.000000e+00 -6.689963e-02
0.000000e+00 3.465000e+00 1.298874e+00 1.298876e+00 0.000000e+00 -6.488342e-02
0.000000e+00 3.520000e+00 1.293402e+00 1.293404e+00 0.000000e+00 -6.294687e-02
0.000000e+00 3.575000e+00 1.288126e+00 1.288128e+00 0.000000e+00 -6.108663e-02
0.000000e+00 3.630000e+00 1.283038e+00 1.283040e+00 0.000000e+00 -5.929986e-02
0.000000e+00 3.685000e+00 1.278129e+00 1.278131e+00 0.000000e+00 -5.758380e-02
0.000000e+00 3.740000e+00 1.273391e+00 1.273393e+00 0.000000e+00 -5.593520e-02
0.000000e+00 3.795000e+00 1.268815e+00 1.268817e+00 0.000000e+00 -5.435024e-02
0.000000e+00 3.850000e+00 1.264393e+00 1.264395e+00 0.000000e+00 -5.282503e-02
0.000000e+00 3.905000e+00 1.260119e+00 1.260121e+00 0.000000e+00 -5.135681e-02
0.000000e+00 3.960000e+00 1.255991e+00 1.255993e+00 0.000000e+00 -4.994506e-02
0.000000e+00 4.015000e+00 1.252008e+00 1.252009e+00 0.000000e+00 -4.859136e-02
0.000000e+00 4.070000e+00 1.248170e+00 1.248172e+00 0.000000e+00 -4.729735e-02
0.000000e+00 4.125000e+00 1.244475e+00 1.244476e+00 0.000000e+00 -4.606120e-02
0.000000e+00 4.180000e+00 1.240908e+00 1.240910e+00 0.000000e+00 -4.487490e-02
0.000000e+00 4.235000e+00 1.237452e+00 1.237453e+00 0.000000e+00 -4.372536e-02
0.000000e+00 4.290000e+00 1.234087e+00 1.234088e+00 0.000000e+00 -4.260050e-02
0.000000e+00 4.345000e+00 1.230804e+00 1.230806e+00 0.000000e+00 -4.149736e-02
0.000000e+00 4.400000e+00 1.227613e+00 1.227614e+00 0.000000e+00 -4.042601e-02
0.000000e+00 4.455000e+00 1.224530e+00 1.224531e+00 0.000000e+00 -3.940437e-02
0.000000e+00 4.510000e+00 1.221570e+00 1.221572e+00 0.000000e+00 -3.844454e-02
0.000000e+00 4.565000e+00 1.218724e+00 1.218725e+00 0.000000e+00 -3.753889e-02
0.000000e+00 4.620000e+00 1.215957e+00 1.215958e+00 0.000000e+00 -3.665794e-02
0.000000e+00 4.675000e+00 1.213226e+00 1.213227e+00 0.000000e+00 -3.576607e-02
0.000000e+00 4.730000e+00 1.210508e+00 1.210509e+00 0.000000e+00 -3.484603e-02
0.000000e+00 4.785000e+00 1.207824e+00 1.207825e+00 0.000000e+00 -3.391445e-02
0.000000e+00 4.840000e+00 1.205224e+00 1.205225e+00 0.000000e+00 -3.301587e-02
0.000000e+00 4.895000e+00 1.202767e+00 1.202768e+00 0.000000e+00 -3.219823e-02
0.000000e+00 4.950000e+00 1.200480e+00 1.200481e+00 0.000000e+00 -3.148401e-02
0.000000e+00 5.005000e+00 1.198339e+00 1.198340e+00 0.000000e+00 -3.085505e-02
0.000000e+00 5.060000e+00 1.196284e+00 1.196284e+00 0.000000e+00 -3.026344e-02
0.000000e+00 5.115000e+00 1.194251e+00 1.194251e+00 0.000000e+00 -2.966142e-02
0.000000e+00 5.170000e+00 1.192208e+00 1.192209e+00 0.000000e+00 -2.902774e-02
0.000000e+00 5.225000e+00 1.190163e+00 1.190164e+00 0.000000e+00 -2.837240e-02
0.000000e+00 5.280000e+00 1.188149e+00 1.188150e+00 0.000000e+00 -2.772098e-02
0.000000e+00 5.335000e+00 1.186194e+00 1.186194e+00 0.000000e+00 -2.709404e-02
0.000000e+00 5.390000e+00 1.184310e+00 1.184311e+00 0.000000e+00 -2.649605e-02
0.000000e+00 5.445000e+00 1.182491e+00 1.182492e+00 0.000000e+00 -2.591868e-02
0.000000e+00 5.500000e+00 1.180725e+00 1.180726e+00 0.000000e+00 -2.535180e-02
0.000000e+00 5.555000e+00 1.179004e+00 1.179005e+00 0.000000e+00 -2.479180e-02
0.000000e+00 5.610000e+00 1.177326e+00 1.177327e+00 0.000000e+00 -2.424183e-02
0.000000e+00 5.665000e+00 1.175693e+00 1.175694e+00 0.000000e+00 -2.370657e-02
0.000000e+00 5.720000e+00 1.174107e+00 1.174107e+00 0.000000e+00 -2.318793e-02
0.000000e+00 5.775000e+00 1.172566e+00 1.172567e+00 0.000000e+00 -2.268489e-02
0.000000e+00 5.830000e+00 1.171072e+00 1.171073e+00 0.000000e+00 -2.219621e-02
0.000000e+00 5.885000e+00 1.169627e+00 1.169628e+00 0.000000e+00 -2.172218e-02
0.000000e+00 5.940000e+00 1.168233e+00 1.168234e+00 0.000000e+00 -2.126354e-02
0.000000e+00 5.995000e+00 1.166887e+00 1.166888e+00 0.000000e+00 -2.081879e-02
0.000000e+00 6.050000e+00 1.165581e+00 1.165582e+00 0.000000e+00 -2.038305e-02
0.000000e+00 6.105000e+00 1.164307e+00 1.164308e+00 0.000000e+00 -1.994981e-02
0.000000e+00 6.160000e+00 1.163059e+00 1.163060e+00 0.000000e+00 -1.951452e-02
0.000000e+00 6.215000e+00 1.161836e+00 1.161836e+00 0.000000e+00 -1.907689e-02
0.000000e+00 6.270000e+00 1.160641e+00 1.160642e+00 0.000000e+00 -1.864037e-02
0.000000e+00 6.325000e+00 1.159479e+00 1.159479e+00 0.000000e+00 -1.820929e-02
0.000000e+00 6.380000e+00 1.158349e+00 1.158350e+00 0.000000e+00 -1.778622e-02
0.000000e+00 6.435000e+00 1.157249e+00 1.157249e+00 0.000000e+00 -1.737136e-02
0.000000e+00 6.490000e+00 1.156172e+00 1.156172e+00 0.000000e+00 -1.696382e-02
0.000000e+00 6.545000e+00 1.155116e+00 1.155116e+00 0.000000e+00 -1.656328e-02
0.000000e+00 6.600000e+00 1.154079e+00 1.154080e+00 0.000000e+00 -1.617039e-02
0.000000e+00 6.655000e+00 1.153063e+00 1.153064e+00 0.000000e+00 -1.578588e-02
0.000000e+00 6.710000e+00 1.152069e+00 1.152069e+00 0.000000e+00 -1.540930e-02
0.000000e+00 6.765000e+00 1.151095e+00 1.151095e+00 0.000000e+00 -1.503851e-02
0.000000e+00 6.820000e+00 1.150142e+00 1.150142e+00 0.000000e+00 -1.467040e-02
0.000000e+00 6.875000e+00 1.149210e+00 1.149211e+00 0.000000e+00 -1.430200e-02
0.000000e+00 6.930000e+00 1.148304e+00 1.148305e+00 0.000000e+00 -1.393151e-02
0.000000e+00 6.985000e+00 1.147426e+00 1.147427e+00 0.000000e+00 -1.355848e-02
0.000000e+00 7.040000e+00 1.146578e+00 1.146578e+00 0.000000e+00 -1.318358e-02
0.000000e+00 7.095000e+00 1.145758e+00 1.145759e+00 0.000000e+00 -1.280819e-02
0.000000e+00 7.150000e+00 1.144963e+00 1.144964e+00 0.000000e+00 -1.243410e-02
0.000000e+00 7.205000e+00 1.144189e+00 1.144189e+00 0.000000e+00 -1.206311e-02
0.000000e+00 7.260000e+00 1.143432e+00 1.143432e+00 0.000000e+00 -1.169671e-02
0.000000e+00 7.315000e+00 1.142689e+00 1.142690e+00 0.000000e+00 -1.133553e-02
0.000000e+00 7.370000e+00 1.141961e+00 1.141961e+00 0.000000e+00 -1.097925e-02
0.000000e+00 7.425000e+00 1.141246e+00 1.141246e+00 0.000000e+00 -1.062673e-02
0.000000e+00 7.480000e+00 1.140544e+00 1.140544e+00 0.000000e+00 -1.027649e-02
0.000000e+00 7.535000e+00 1.139855e+00 1.139855e+00 0.000000e+00 -9.927090e-03
0.000000e+00 7.590000e+00 1.139180e+00 1.139180e+00 0.000000e+00 -9.577237e-03
0.000000e+00 7.645000e+00 1.138519e+00 1.138519e+00 0.000000e+00 -9.225757e-03
0.000000e+00 7.700000e+00 1.137873e+00 1.137874e+00 0.000000e+00 -8.871785e-03
0.000000e+00 7.755000e+00 1.137244e+00 1.137244e+00 0.000000e+00 -8.515201e-03
0.000000e+00 7.810000e+00 1.136632e+00 1.136632e+00 0.000000e+00 -8.157028e-03
0.000000e+00 7.865000e+00 1.136037e+00 1.136037e+00 0.000000e+00 -7.799359e-03
0.000000e+00 7.920000e+00 1.135459e+00 1.135459e+00 0.000000e+00 -7.444679e-03
0.000000e+00 7.975000e+00 1.134898e+00 1.134899e+00 0.000000e+00 -7.094944e-03
0.000000e+00 8.030000e+00 1.134353e+00 1.134353e+00 0.000000e+00 -6.750990e-03
0.000000e+00 8.085000e+00 1.133820e+00 1.133820e+00 0.000000e+00 -6.412616e-03
0.000000e+00 8.140000e+00 1.133296e+00 1.133296e+00 0.000000e+00 -6.079163e-03
0.000000e+00 8.195000e+00 1.132778e+00 1.132778e+00 0.000000e+00 -5.750074e-03
0.000000e+00 8.250000e+00 1.132264e+00 1.132265e+00 0.000000e+00 -5.425015e-03
0.000000e+00 8.305000e+00 1.131756e+00 1.131756e+00 0.000000e+00 -5.103540e-03
0.000000e+00 8.360000e+00 1.131255e+00 1.131256e+00 0.000000e+00 -4.784684e-03
0.000000e+00 8.415000e+00 1.130767e+00 1.130767e+00 0.000000e+00 -4.466902e-03
0.000000e+00 8.470000e+00 1.130294e+00 1.130294e+00 0.000000e+00 -4.148477e-03
0.000000e+00 8.525000e+00 1.129837e+00 1.129837e+00 0.000000e+00 -3.828221e-03
0.000000e+00 8.580000e+00 1.129397e+00 1.129397e+00 0.000000e+00 -3.506134e-03
0.000000e+00 8.635000e+00 1.128969e+00 1.128969e+00 0.000000e+00 -3.183798e-03
0.000000e+00 8.690000e+00 1.128549e+00 1.128549e+00 0.000000e+00 -2.864330e-03
0.000000e+00 8.745000e+00 1.128132e+00 1.128133e+00 0.000000e+00 -2.551755e-03
0.000000e+00 8.800000e+00 1.127713e+00 1.127714e+00 0.000000e+00 -2.249660e-03
0.000000e+00 8.855000e+00 1.127289e+00 1.127289e+00 0.000000e+00 -1.959319e-03
0.000000e+00 8.910000e+00 1.126859e+00 1.126859e+00 0.000000e+00 -1.678058e-03
0.000000e+00 8.965000e+00 1.126429e+00 1.126429e+00 0.000000e+00 -1.399041e-03
0.000000e+00 9.020000e+00 1.126007e+00 1.126007e+00 0.000000e+00 -1.113290e-03
0.000000e+00 9.075000e+00 1.125602e+00 1.125603e+00 0.000000e+00 -8.134981e-04
0.000000e+00 9.130000e+00 1.125218e+00 1.125219e+00 0.000000e+00 -4.975833e-04
0.000000e+00 9.185000e+00 1.124851e+00 1.124852e+00 0.000000e+00 -1.695524e-04
0.000000e+00 9.240000e+00 1.124491e+00 1.124491e+00 0.000000e+00 1.636611e-04
0.000000e+00 9.295000e+00 1.124126e+00 1.124126e+00 0.000000e+00 4.977691e-04
0.000000e+00 9.350000e+00 1.123751e+00 1.123751e+00 0.000000e+00 8.361669e-04
0.000000e+00 9.405000e+00 1.123372e+00 1.123373e+00 0.000000e+00 1.190238e-03
0.000000e+00 9.460000e+00 1.123005e+00 1.123005e+00 0.000000e+00 1.574248e-03
0.000000e+00 9.515000e+00 1.122660e+00 1.122660e+00 0.000000e+00 1.992723e-03
0.000000e+00 9.570000e+00 1.122340e+00 1.122340e+00 0.000000e+00 2.427024e-03
0.000000e+00 9.625000e+00 1.122028e+00 1.122028e+00 0.000000e+00 2.821522e-03
0.000000e+00 9.680000e+00 1.121702e+00 1.121702e+00 0.000000e+00 3.096098e-03
0.000000e+00 9.735000e+00 1.121335e+00 1.121335e+00 0.000000e+00 3.171851e-03
0.000000e+00 9.790000e+00 1.120929e+00 1.120930e+00 0.000000e+00 3.043293e-03
0.000000e+00 9.845000e+00 1.120488e+00 1.120488e+00 0.000000e+00 2.789907e-03
0.000000e+00 9.900000e+00 1.120067e+00 1.120067e+00 0.000000e+00 2.607986e-03
0.000000e+00 9.955000e+00 1.119664e+00 1.119665e+00 0.000000e+00 2.628483e-03
0.000000e+00 1.001000e+01 1.105114e+00 1.105114e+00 -0.000000e+00 -1.013850e-02
0.000000e+00 1.006500e+01 1.105114e+00 1.105114e+00 -0.000000e+00 -1.013850e-02
0.000000e+00 1.012000e+01 1.105114e+00 1.105114e+00 -0.000000e+00 -1.013850e-02
0.000000e+00 1.017500e+01 1.105114e+00 1.105114e+00 -0.000000e+00 -1.013850e-02
0.000000e+00 1.023000e+01 1.105114e+00 1.105114e+00 -0.000000e+00 -1.013850e-02
0.000000e+00 1.028500e+01 1.105114e+00 1.105114e+00 -0.000000e+00 -1.013850e-02
0.000000e+00 1.034000e+01 1.105114e+00 1.105114e+00 -0.000000e+00 -1.013850e-02
0.000000e+00 1.039500e+01 1.105114e+00 1.105114e+00 -0.000000e+00 -1.013850e-02
0.000000e+00 1.045000e+01 1.105114e+00 1.105114e+00 -0.000000e+00 -1.013850e-02
0.000000e+00 1.050500e+01 1.105114e+00 1.105114e+00 -0.000000e+00 -1.013850e-02
0.000000e+00 1.056000e+01 1.105114e+00 1.105114e+00 -0.000000e+00 -1.013850e-02
0.000000e+00 1.061500e+01 1.105114e+00 1.105114e+00 -0.000000e+00 -1.013850e-02
0.000000e+00 1.067000e+01 1.105114e+00 1.105114e+00 -0.000000e+00 -1.013850e-02
0.000000e+00 1.072500e+01 1.105114e+00 1.105114e+00 -0.000000e+00 -1.013850e-02
0.000000e+00 1.078000e+01 1.105114e+00 1.105114e+00 -0.000000e+00 -1.013850e-02
0.000000e+00 1.083500e+01 1.105114e+00 1.105114e+00 -0.000000e+00 -1.013850e-02
0.000000e+00 1.089000e+01 1.105114e+00 1.105114e+00 -0.000000e+00 -1.013850e-02
0.000000e+00 1.094500e+01 1.105114e+00 1.105114e+00 -0.000000e+00 -1.013850e-02
0.000000e+00 1.100000e+01 1.105114e+00 1.105114e+00 -0.000000e+00 -1.013850e-02
