#############TIME##################
2.900503e+01 
###################################
0.000000e+00 0.000000e+00 2.312331e+01 2.312389e+01 0.000000e+00 -3.044471e+00
0.000000e+00 5.500000e-02 2.312331e+01 2.312389e+01 0.000000e+00 -3.044471e+00
0.000000e+00 1.100000e-01 2.312273e+01 2.312331e+01 0.000000e+00 -3.044471e+00
0.000000e+00 1.650000e-01 1.432282e+01 1.432318e+01 0.000000e+00 -2.296959e+00
0.000000e+00 2.200000e-01 1.058190e+01 1.058213e+01 0.000000e+00 -1.935884e+00
0.000000e+00 2.750000e-01 8.296118e+00 8.296284e+00 0.000000e+00 -1.641783e+00
0.000000e+00 3.300000e-01 6.845674e+00 6.845798e+00 0.000000e+00 -1.425471e+00
0.000000e+00 3.850000e-01 5.813683e+00 5.813779e+00 0.000000e+00 -1.249155e+00
0.000000e+00 4.400000e-01 5.078045e+00 5.078123e+00 0.000000e+00 -1.108832e+00
0.000000e+00 4.950000e-01 4.516832e+00 4.516895e+00 0.000000e+00 -9.910849e-01
0.000000e+00 5.500000e-01 4.082051e+00 4.082104e+00 0.000000e+00 -8.936970e-01
0.000000e+00 6.050000e-01 3.735391e+00 3.735437e+00 0.000000e+00 -8.100585e-01
0.000000e+00 6.600000e-01 3.453955e+00 3.453994e+00 0.000000e+00 -7.386674e-01
0.000000e+00 7.150000e-01 3.220975e+00 3.221009e+00 0.000000e+00 -6.765779e-01
0.000000e+00 7.700000e-01 3.025626e+00 3.025657e+00 0.000000e+00 -6.224466e-01
0.000000e+00 8.250000e-01 2.859638e+00 2.859665e+00 0.000000e+00 -5.747601e-01
0.000000e+00 8.800000e-01 2.717162e+00 2.717186e+00 0.000000e+00 -5.325633e-01
0.000000e+00 9.350000e-01 2.593669e+00 2.593691e+00 0.000000e+00 -4.949768e-01
0.000000e+00 9.900000e-01 2.485755e+00 2.485775e+00 0.000000e+00 -4.613405e-01
0.000000e+00 1.045000e+00 2.390734e+00 2.390752e+00 0.000000e+00 -4.310861e-01
0.000000e+00 1.100000e+00 2.306497e+00 2.306514e+00 0.000000e+00 -4.037539e-01
0.000000e+00 1.155000e+00 2.231344e+00 2.231360e+00 0.000000e+00 -3.789536e-01
0.000000e+00 1.210000e+00 2.163904e+00 2.163919e+00 0.000000e+00 -3.563608e-01
0.000000e+00 1.265000e+00 2.103062e+00 2.103076e+00 0.000000e+00 -3.357028e-01
0.000000e+00 1.320000e+00 2.047911e+00 2.047924e+00 0.000000e+00 -3.167536e-01
0.000000e+00 1.375000e+00 1.997712e+00 1.997724e+00 0.000000e+00 -2.993264e-01
0.000000e+00 1.430000e+00 1.951859e+00 1.951870e+00 0.000000e+00 -2.832664e-01
0.000000e+00 1.485000e+00 1.909847e+00 1.909857e+00 0.000000e+00 -2.684422e-01
0.000000e+00 1.540000e+00 1.871245e+00 1.871254e+00 0.000000e+00 -2.547371e-01
0.000000e+00 1.595000e+00 1.835673e+00 1.835682e+00 0.000000e+00 -2.420433e-01
0.000000e+00 1.650000e+00 1.802793e+00 1.802802e+00 0.000000e+00 -2.302596e-01
0.000000e+00 1.705000e+00 1.772305e+00 1.772314e+00 0.000000e+00 -2.192927e-01
0.000000e+00 1.760000e+00 1.743949e+00 1.743957e+00 0.000000e+00 -2.090608e-01
0.000000e+00 1.815000e+00 1.717504e+00 1.717511e+00 0.000000e+00 -1.994959e-01
0.000000e+00 1.870000e+00 1.692790e+00 1.692798e+00 0.000000e+00 -1.905434e-01
0.000000e+00 1.925000e+00 1.669660e+00 1.669667e+00 0.000000e+00 -1.821592e-01
0.000000e+00 1.980000e+00 1.647983e+00 1.647990e+00 0.000000e+00 -1.743047e-01
0.000000e+00 2.035000e+00 1.627642e+00 1.627648e+00 0.000000e+00 -1.669420e-01
0.000000e+00 2.090000e+00 1.608521e+00 1.608527e+00 0.000000e+00 -1.600323e-01
0.000000e+00 2.145000e+00 1.590513e+00 1.590519e+00 0.000000e+00 -1.535363e-01
0.000000e+00 2.200000e+00 1.573517e+00 1.573523e+00 0.000000e+00 -1.474174e-01
0.000000e+00 2.255000e+00 1.557447e+00 1.557452e+00 0.000000e+00 -1.416440e-01
0.000000e+00 2.310000e+00 1.542228e+00 1.542233e+00 0.000000e+00 -1.361895e-01
0.000000e+00 2.365000e+00 1.527797e+00 1.527802e+00 0.000000e+00 -1.310319e-01
0.000000e+00 2.420000e+00 1.514097e+00 1.514101e+00 0.000000e+00 -1.261512e-01
0.000000e+00 2.475000e+00 1.501075e+00 1.501080e+00 0.000000e+00 -1.215286e-01
0.000000e+00 2.530000e+00 1.488683e+00 1.488688e+00 0.000000e+00 -1.171462e-01
0.000000e+00 2.585000e+00 1.476877e+00 1.476881e+00 0.000000e+00 -1.129873e-01
0.000000e+00 2.640000e+00 1.465615e+00 1.465619e+00 0.000000e+00 -1.090368e-01
0.000000e+00 2.695000e+00 1.454862e+00 1.454866e+00 0.000000e+00 -1.052814e-01
0.000000e+00 2.750000e+00 1.444584e+00 1.444588e+00 0.000000e+00 -1.017086e-01
0.000000e+00 2.805000e+00 1.434752e+00 1.434756e+00 0.000000e+00 -9.830678e-02
0.000000e+00 2.860000e+00 1.425338e+00 1.425342e+00 0.000000e+00 -9.506506e-02
0.000000e+00 2.915000e+00 1.416317e+00 1.416321e+00 0.000000e+00 -9.197318e-02
0.000000e+00 2.970000e+00 1.407666e+00 1.407669e+00 0.000000e+00 -8.902186e-02
0.000000e+00 3.025000e+00 1.399363e+00 1.399366e+00 0.000000e+00 -8.620290e-02
0.000000e+00 3.080000e+00 1.391388e+00 1.391391e+00 0.000000e+00 -8.350906e-02
0.000000e+00 3.135000e+00 1.383720e+00 1.383723e+00 0.000000e+00 -8.093379e-02
0.000000e+00 3.190000e+00 1.376342e+00 1.376345e+00 0.000000e+00 -7.847094e-02
0.000000e+00 3.245000e+00 1.369237e+00 1.369240e+00 0.000000e+00 -7.611446e-02
0.000000e+00 3.300000e+00 1.362389e+00 1.362392e+00 0.000000e+00 -7.385829e-02
0.000000e+00 3.355000e+00 1.355785e+00 1.355788e+00 0.000000e+00 -7.169646e-02
0.000000e+00 3.410000e+00 1.349414e+00 1.349417e+00 0.000000e+00 -6.962345e-02
0.000000e+00 3.465000e+00 1.343264e+00 1.343266e+00 0.000000e+00 -6.763441e-02
0.000000e+00 3.520000e+00 1.337323e+00 1.337326e+00 0.000000e+00 -6.572520e-02
0.000000e+00 3.575000e+00 1.331581e+00 1.331583e+00 0.000000e+00 -6.389215e-02
0.000000e+00 3.630000e+00 1.326026e+00 1.326029e+00 0.000000e+00 -6.213165e-02
0.000000e+00 3.685000e+00 1.320650e+00 1.320653e+00 0.000000e+00 -6.043996e-02
0.000000e+00 3.740000e+00 1.315445e+00 1.315447e+00 0.000000e+00 -5.881336e-02
0.000000e+00 3.795000e+00 1.310401e+00 1.310403e+00 0.000000e+00 -5.724852e-02
0.000000e+00 3.850000e+00 1.305511e+00 1.305513e+00 0.000000e+00 -5.574281e-02
0.000000e+00 3.905000e+00 1.300768e+00 1.300770e+00 0.000000e+00 -5.429431e-02
0.000000e+00 3.960000e+00 1.296164e+00 1.296166e+00 0.000000e+00 -5.290132e-02
0.000000e+00 4.015000e+00 1.291692e+00 1.291694e+00 0.000000e+00 -5.156168e-02
0.000000e+00 4.070000e+00 1.287348e+00 1.287350e+00 0.000000e+00 -5.027233e-02
0.000000e+00 4.125000e+00 1.283128e+00 1.283130e+00 0.000000e+00 -4.902940e-02
0.000000e+00 4.180000e+00 1.279030e+00 1.279031e+00 0.000000e+00 -4.782885e-02
0.000000e+00 4.235000e+00 1.275049e+00 1.275051e+00 0.000000e+00 -4.666730e-02
0.000000e+00 4.290000e+00 1.271183e+00 1.271184e+00 0.000000e+00 -4.554264e-02
0.000000e+00 4.345000e+00 1.267423e+00 1.267425e+00 0.000000e+00 -4.445415e-02
0.000000e+00 4.400000e+00 1.263764e+00 1.263766e+00 0.000000e+00 -4.340203e-02
0.000000e+00 4.455000e+00 1.260199e+00 1.260200e+00 0.000000e+00 -4.238678e-02
0.000000e+00 4.510000e+00 1.256721e+00 1.256722e+00 0.000000e+00 -4.140855e-02
0.000000e+00 4.565000e+00 1.253325e+00 1.253327e+00 0.000000e+00 -4.046692e-02
0.000000e+00 4.620000e+00 1.250008e+00 1.250010e+00 0.000000e+00 -3.956083e-02
0.000000e+00 4.675000e+00 1.246768e+00 1.246770e+00 0.000000e+00 -3.868869e-02
0.000000e+00 4.730000e+00 1.243603e+00 1.243604e+00 0.000000e+00 -3.784846e-02
0.000000e+00 4.785000e+00 1.240511e+00 1.240513e+00 0.000000e+00 -3.703772e-02
0.000000e+00 4.840000e+00 1.237493e+00 1.237494e+00 0.000000e+00 -3.625391e-02
0.000000e+00 4.895000e+00 1.234546e+00 1.234547e+00 0.000000e+00 -3.549469e-02
0.000000e+00 4.950000e+00 1.231670e+00 1.231671e+00 0.000000e+00 -3.475847e-02
0.000000e+00 5.005000e+00 1.228861e+00 1.228863e+00 0.000000e+00 -3.404472e-02
0.000000e+00 5.060000e+00 1.226117e+00 1.226118e+00 0.000000e+00 -3.335380e-02
0.000000e+00 5.115000e+00 1.223432e+00 1.223434e+00 0.000000e+00 -3.268628e-02
0.000000e+00 5.170000e+00 1.220805e+00 1.220806e+00 0.000000e+00 -3.204195e-02
0.000000e+00 5.225000e+00 1.218233e+00 1.218234e+00 0.000000e+00 -3.141930e-02
0.000000e+00 5.280000e+00 1.215716e+00 1.215717e+00 0.000000e+00 -3.081580e-02
0.000000e+00 5.335000e+00 1.213253e+00 1.213254e+00 0.000000e+00 -3.022914e-02
0.000000e+00 5.390000e+00 1.210843e+00 1.210844e+00 0.000000e+00 -2.965870e-02
0.000000e+00 5.445000e+00 1.208481e+00 1.208482e+00 0.000000e+00 -2.910621e-02
0.000000e+00 5.500000e+00 1.206160e+00 1.206161e+00 0.000000e+00 -2.857492e-02
0.000000e+00 5.555000e+00 1.203877e+00 1.203878e+00 0.000000e+00 -2.806740e-02
0.000000e+00 5.610000e+00 1.201629e+00 1.201630e+00 0.000000e+00 -2.758325e-02
0.000000e+00 5.665000e+00 1.199420e+00 1.199421e+00 0.000000e+00 -2.711821e-02
0.000000e+00 5.720000e+00 1.197257e+00 1.197258e+00 0.000000e+00 -2.666548e-02
0.000000e+00 5.775000e+00 1.195147e+00 1.195148e+00 0.000000e+00 -2.621867e-02
0.000000e+00 5.830000e+00 1.193092e+00 1.193092e+00 0.000000e+00 -2.577477e-02
0.000000e+00 5.885000e+00 1.191087e+00 1.191088e+00 0.000000e+00 -2.533543e-02
0.000000e+00 5.940000e+00 1.189124e+00 1.189124e+00 0.000000e+00 -2.490565e-02
0.000000e+00 5.995000e+00 1.187193e+00 1.187194e+00 0.000000e+00 -2.449086e-02
0.000000e+00 6.050000e+00 1.185289e+00 1.185290e+00 0.000000e+00 -2.409419e-02
0.000000e+00 6.105000e+00 1.183411e+00 1.183412e+00 0.000000e+00 -2.371544e-02
0.000000e+00 6.160000e+00 1.181562e+00 1.181562e+00 0.000000e+00 -2.335222e-02
0.000000e+00 6.215000e+00 1.179741e+00 1.179742e+00 0.000000e+00 -2.300222e-02
0.000000e+00 6.270000e+00 1.177950e+00 1.177951e+00 0.000000e+00 -2.266489e-02
0.000000e+00 6.325000e+00 1.176184e+00 1.176185e+00 0.000000e+00 -2.234154e-02
0.000000e+00 6.380000e+00 1.174440e+00 1.174441e+00 0.000000e+00 -2.203395e-02
0.000000e+00 6.435000e+00 1.172717e+00 1.172717e+00 0.000000e+00 -2.174272e-02
0.000000e+00 6.490000e+00 1.171015e+00 1.171015e+00 0.000000e+00 -2.146653e-02
0.000000e+00 6.545000e+00 1.169337e+00 1.169338e+00 0.000000e+00 -2.120264e-02
0.000000e+00 6.600000e+00 1.167687e+00 1.167688e+00 0.000000e+00 -2.094789e-02
0.000000e+00 6.655000e+00 1.166066e+00 1.166066e+00 0.000000e+00 -2.069947e-02
0.000000e+00 6.710000e+00 1.164475e+00 1.164476e+00 0.000000e+00 -2.045483e-02
0.000000e+00 6.765000e+00 1.162918e+00 1.162918e+00 0.000000e+00 -2.021139e-02
0.000000e+00 6.820000e+00 1.161396e+00 1.161397e+00 0.000000e+00 -1.996671e-02
0.000000e+00 6.875000e+00 1.159910e+00 1.159911e+00 0.000000e+00 -1.971942e-02
0.000000e+00 6.930000e+00 1.158459e+00 1.158460e+00 0.000000e+00 -1.947021e-02
0.000000e+00 6.985000e+00 1.157037e+00 1.157038e+00 0.000000e+00 -1.922205e-02
0.000000e+00 7.040000e+00 1.155639e+00 1.155640e+00 0.000000e+00 -1.897916e-02
0.000000e+00 7.095000e+00 1.154259e+00 1.154259e+00 0.000000e+00 -1.874518e-02
0.000000e+00 7.150000e+00 1.152895e+00 1.152895e+00 0.000000e+00 -1.852185e-02
0.000000e+00 7.205000e+00 1.151546e+00 1.151546e+00 0.000000e+00 -1.830893e-02
0.000000e+00 7.260000e+00 1.150213e+00 1.150214e+00 0.000000e+00 -1.810529e-02
0.000000e+00 7.315000e+00 1.148896e+00 1.148897e+00 0.000000e+00 -1.791010e-02
0.000000e+00 7.370000e+00 1.147595e+00 1.147595e+00 0.000000e+00 -1.772321e-02
0.000000e+00 7.425000e+00 1.146308e+00 1.146309e+00 0.000000e+00 -1.754451e-02
0.000000e+00 7.480000e+00 1.145038e+00 1.145038e+00 0.000000e+00 -1.737307e-02
0.000000e+00 7.535000e+00 1.143785e+00 1.143786e+00 0.000000e+00 -1.720724e-02
0.000000e+00 7.590000e+00 1.142552e+00 1.142552e+00 0.000000e+00 -1.704573e-02
0.000000e+00 7.645000e+00 1.141335e+00 1.141335e+00 0.000000e+00 -1.688905e-02
0.000000e+00 7.700000e+00 1.140131e+00 1.140131e+00 0.000000e+00 -1.673992e-02
0.000000e+00 7.755000e+00 1.138933e+00 1.138934e+00 0.000000e+00 -1.660197e-02
0.000000e+00 7.810000e+00 1.137739e+00 1.137740e+00 0.000000e+00 -1.647732e-02
0.000000e+00 7.865000e+00 1.136551e+00 1.136552e+00 0.000000e+00 -1.636465e-02
0.000000e+00 7.920000e+00 1.135375e+00 1.135376e+00 0.000000e+00 -1.625904e-02
0.000000e+00 7.975000e+00 1.134219e+00 1.134220e+00 0.000000e+00 -1.615396e-02
0.000000e+00 8.030000e+00 1.133090e+00 1.133090e+00 0.000000e+00 -1.604410e-02
0.000000e+00 8.085000e+00 1.131988e+00 1.131989e+00 0.000000e+00 -1.592739e-02
0.000000e+00 8.140000e+00 1.130913e+00 1.130913e+00 0.000000e+00 -1.580520e-02
0.000000e+00 8.195000e+00 1.129859e+00 1.129859e+00 0.000000e+00 -1.568072e-02
0.000000e+00 8.250000e+00 1.128822e+00 1.128822e+00 0.000000e+00 -1.555689e-02
0.000000e+00 8.305000e+00 1.127801e+00 1.127801e+00 0.000000e+00 -1.543515e-02
0.000000e+00 8.360000e+00 1.126794e+00 1.126795e+00 0.000000e+00 -1.531543e-02
0.000000e+00 8.415000e+00 1.125803e+00 1.125804e+00 0.000000e+00 -1.519706e-02
0.000000e+00 8.470000e+00 1.124828e+00 1.124828e+00 0.000000e+00 -1.507963e-02
0.000000e+00 8.525000e+00 1.123868e+00 1.123868e+00 0.000000e+00 -1.496318e-02
0.000000e+00 8.580000e+00 1.122922e+00 1.122922e+00 0.000000e+00 -1.484777e-02
0.000000e+00 8.635000e+00 1.121990e+00 1.121990e+00 0.000000e+00 -1.473301e-02
0.000000e+00 8.690000e+00 1.121071e+00 1.121071e+00 0.000000e+00 -1.461795e-02
0.000000e+00 8.745000e+00 1.120165e+00 1.120166e+00 0.000000e+00 -1.450143e-02
0.000000e+00 8.800000e+00 1.119271e+00 1.119271e+00 0.000000e+00 -1.438272e-02
0.000000e+00 8.855000e+00 1.118387e+00 1.118387e+00 0.000000e+00 -1.426191e-02
0.000000e+00 8.910000e+00 1.117509e+00 1.117509e+00 0.000000e+00 -1.413999e-02
0.000000e+00 8.965000e+00 1.116637e+00 1.116637e+00 0.000000e+00 -1.401840e-02
0.000000e+00 9.020000e+00 1.115769e+00 1.115770e+00 0.000000e+00 -1.389776e-02
0.000000e+00 9.075000e+00 1.114906e+00 1.114906e+00 0.000000e+00 -1.377607e-02
0.000000e+00 9.130000e+00 1.114048e+00 1.114048e+00 0.000000e+00 -1.364713e-02
0.000000e+00 9.185000e+00 1.113198e+00 1.113198e+00 0.000000e+00 -1.350079e-02
0.000000e+00 9.240000e+00 1.112359e+00 1.112359e+00 0.000000e+00 -1.332641e-02
0.000000e+00 9.295000e+00 1.111535e+00 1.111535e+00 0.000000e+00 -1.311982e-02
0.000000e+00 9.350000e+00 1.110732e+00 1.110732e+00 0.000000e+00 -1.289025e-02
0.000000e+00 9.405000e+00 1.109950e+00 1.109950e+00 0.000000e+00 -1.266393e-02
0.000000e+00 9.460000e+00 1.109190e+00 1.109190e+00 0.000000e+00 -1.247732e-02
0.000000e+00 9.515000e+00 1.108447e+00 1.108447e+00 0.000000e+00 -1.236566e-02
0.000000e+00 9.570000e+00 1.107717e+00 1.107717e+00 0.000000e+00 -1.234297e-02
0.000000e+00 9.625000e+00 1.106992e+00 1.106992e+00 0.000000e+00 -1.240048e-02
0.000000e+00 9.680000e+00 1.106273e+00 1.106273e+00 0.000000e+00 -1.249728e-02
0.000000e+00 9.735000e+00 1.105550e+00 1.105550e+00 0.000000e+00 -1.260076e-02
0.000000e+00 9.790000e+00 1.104843e+00 1.104843e+00 0.000000e+00 -1.266198e-02
0.000000e+00 9.845000e+00 1.104119e+00 1.104119e+00 0.000000e+00 -1.270400e-02
0.000000e+00 9.900000e+00 1.103443e+00 1.103443e+00 0.000000e+00 -1.267817e-02
0.000000e+00 9.955000e+00 1.102687e+00 1.102687e+00 0.000000e+00 -1.273054e-02
0.000000e+00 1.001000e+01 1.105114e+00 1.105114e+00 -0.000000e+00 -1.013850e-02
0.000000e+00 1.006500e+01 1.105114e+00 1.105114e+00 -0.000000e+00 -1.013850e-02
0.000000e+00 1.012000e+01 1.105114e+00 1.105114e+00 -0.000000e+00 -1.013850e-02
0.000000e+00 1.017500e+01 1.105114e+00 1.105114e+00 -0.000000e+00 -1.013850e-02
0.000000e+00 1.023000e+01 1.105114e+00 1.105114e+00 -0.000000e+00 -1.013850e-02
0.000000e+00 1.028500e+01 1.105114e+00 1.105114e+00 -0.000000e+00 -1.013850e-02
0.000000e+00 1.034000e+01 1.105114e+00 1.105114e+00 -0.000000e+00 -1.013850e-02
0.000000e+00 1.039500e+01 1.105114e+00 1.105114e+00 -0.000000e+00 -1.013850e-02
0.000000e+00 1.045000e+01 1.105114e+00 1.105114e+00 -0.000000e+00 -1.013850e-02
0.000000e+00 1.050500e+01 1.105114e+00 1.105114e+00 -0.000000e+00 -1.013850e-02
0.000000e+00 1.056000e+01 1.105114e+00 1.105114e+00 -0.000000e+00 -1.013850e-02
0.000000e+00 1.061500e+01 1.105114e+00 1.105114e+00 -0.000000e+00 -1.013850e-02
0.000000e+00 1.067000e+01 1.105114e+00 1.105114e+00 -0.000000e+00 -1.013850e-02
0.000000e+00 1.072500e+01 1.105114e+00 1.105114e+00 -0.000000e+00 -1.013850e-02
0.000000e+00 1.078000e+01 1.105114e+00 1.105114e+00 -0.000000e+00 -1.013850e-02
0.000000e+00 1.083500e+01 1.105114e+00 1.105114e+00 -0.000000e+00 -1.013850e-02
0.000000e+00 1.089000e+01 1.105114e+00 1.105114e+00 -0.000000e+00 -1.013850e-02
0.000000e+00 1.094500e+01 1.105114e+00 1.105114e+00 -0.000000e+00 -1.013850e-02
0.000000e+00 1.100000e+01 1.105114e+00 1.105114e+00 -0.000000e+00 -1.013850e-02
