#############TIME##################
1.230636e+01 
###################################
0.000000e+00 0.000000e+00 2.348721e+01 2.348781e+01 0.000000e+00 -3.043304e+00
0.000000e+00 5.500000e-02 2.348721e+01 2.348781e+01 0.000000e+00 -3.043304e+00
0.000000e+00 1.100000e-01 2.348431e+01 2.348490e+01 0.000000e+00 -3.043307e+00
0.000000e+00 1.650000e-01 1.454749e+01 1.454785e+01 0.000000e+00 -2.295206e+00
0.000000e+00 2.200000e-01 1.074775e+01 1.074799e+01 0.000000e+00 -1.933754e+00
0.000000e+00 2.750000e-01 8.425741e+00 8.425911e+00 0.000000e+00 -1.639291e+00
0.000000e+00 3.300000e-01 6.952740e+00 6.952868e+00 0.000000e+00 -1.422606e+00
0.000000e+00 3.850000e-01 5.904798e+00 5.904897e+00 0.000000e+00 -1.245895e+00
0.000000e+00 4.400000e-01 5.157922e+00 5.158001e+00 0.000000e+00 -1.105172e+00
0.000000e+00 4.950000e-01 4.588162e+00 4.588228e+00 0.000000e+00 -9.870151e-01
0.000000e+00 5.500000e-01 4.146701e+00 4.146756e+00 0.000000e+00 -8.892396e-01
0.000000e+00 6.050000e-01 3.794671e+00 3.794718e+00 0.000000e+00 -8.052288e-01
0.000000e+00 6.600000e-01 3.508888e+00 3.508928e+00 0.000000e+00 -7.334688e-01
0.000000e+00 7.150000e-01 3.272339e+00 3.272375e+00 0.000000e+00 -6.710085e-01
0.000000e+00 7.700000e-01 3.074045e+00 3.074076e+00 0.000000e+00 -6.164948e-01
0.000000e+00 8.250000e-01 2.905595e+00 2.905623e+00 0.000000e+00 -5.684094e-01
0.000000e+00 8.800000e-01 2.761028e+00 2.761053e+00 0.000000e+00 -5.257940e-01
0.000000e+00 9.350000e-01 2.635719e+00 2.635742e+00 0.000000e+00 -4.877725e-01
0.000000e+00 9.900000e-01 2.526187e+00 2.526208e+00 0.000000e+00 -4.536915e-01
0.000000e+00 1.045000e+00 2.429697e+00 2.429716e+00 0.000000e+00 -4.229936e-01
0.000000e+00 1.100000e+00 2.344116e+00 2.344133e+00 0.000000e+00 -3.952309e-01
0.000000e+00 1.155000e+00 2.267743e+00 2.267760e+00 0.000000e+00 -3.700248e-01
0.000000e+00 1.210000e+00 2.199223e+00 2.199238e+00 0.000000e+00 -3.470585e-01
0.000000e+00 1.265000e+00 2.137455e+00 2.137469e+00 0.000000e+00 -3.260607e-01
0.000000e+00 1.320000e+00 2.081540e+00 2.081553e+00 0.000000e+00 -3.067993e-01
0.000000e+00 1.375000e+00 2.030734e+00 2.030746e+00 0.000000e+00 -2.890743e-01
0.000000e+00 1.430000e+00 1.984414e+00 1.984425e+00 0.000000e+00 -2.727138e-01
0.000000e+00 1.485000e+00 1.942046e+00 1.942057e+00 0.000000e+00 -2.575710e-01
0.000000e+00 1.540000e+00 1.903169e+00 1.903180e+00 0.000000e+00 -2.435222e-01
0.000000e+00 1.595000e+00 1.867379e+00 1.867389e+00 0.000000e+00 -2.304631e-01
0.000000e+00 1.650000e+00 1.834323e+00 1.834333e+00 0.000000e+00 -2.183056e-01
0.000000e+00 1.705000e+00 1.803697e+00 1.803705e+00 0.000000e+00 -2.069731e-01
0.000000e+00 1.760000e+00 1.775239e+00 1.775247e+00 0.000000e+00 -1.963969e-01
0.000000e+00 1.815000e+00 1.748732e+00 1.748740e+00 0.000000e+00 -1.865134e-01
0.000000e+00 1.870000e+00 1.723988e+00 1.723996e+00 0.000000e+00 -1.772628e-01
0.000000e+00 1.925000e+00 1.700849e+00 1.700857e+00 0.000000e+00 -1.685895e-01
0.000000e+00 1.980000e+00 1.679177e+00 1.679184e+00 0.000000e+00 -1.604420e-01
0.000000e+00 2.035000e+00 1.658848e+00 1.658854e+00 0.000000e+00 -1.527735e-01
0.000000e+00 2.090000e+00 1.639754e+00 1.639761e+00 0.000000e+00 -1.455412e-01
0.000000e+00 2.145000e+00 1.621800e+00 1.621806e+00 0.000000e+00 -1.387072e-01
0.000000e+00 2.200000e+00 1.604893e+00 1.604899e+00 0.000000e+00 -1.322388e-01
0.000000e+00 2.255000e+00 1.588948e+00 1.588954e+00 0.000000e+00 -1.261097e-01
0.000000e+00 2.310000e+00 1.573879e+00 1.573885e+00 0.000000e+00 -1.203004e-01
0.000000e+00 2.365000e+00 1.559604e+00 1.559609e+00 0.000000e+00 -1.147963e-01
0.000000e+00 2.420000e+00 1.546047e+00 1.546052e+00 0.000000e+00 -1.095856e-01
0.000000e+00 2.475000e+00 1.533144e+00 1.533149e+00 0.000000e+00 -1.046547e-01
0.000000e+00 2.530000e+00 1.520847e+00 1.520852e+00 0.000000e+00 -9.998539e-02
0.000000e+00 2.585000e+00 1.509126e+00 1.509130e+00 0.000000e+00 -9.555415e-02
0.000000e+00 2.640000e+00 1.497959e+00 1.497964e+00 0.000000e+00 -9.133409e-02
0.000000e+00 2.695000e+00 1.487329e+00 1.487334e+00 0.000000e+00 -8.729988e-02
0.000000e+00 2.750000e+00 1.477212e+00 1.477217e+00 0.000000e+00 -8.343281e-02
0.000000e+00 2.805000e+00 1.467573e+00 1.467577e+00 0.000000e+00 -7.972330e-02
0.000000e+00 2.860000e+00 1.458367e+00 1.458371e+00 0.000000e+00 -7.616967e-02
0.000000e+00 2.915000e+00 1.449550e+00 1.449554e+00 0.000000e+00 -7.277389e-02
0.000000e+00 2.970000e+00 1.441081e+00 1.441085e+00 0.000000e+00 -6.953624e-02
0.000000e+00 3.025000e+00 1.432935e+00 1.432939e+00 0.000000e+00 -6.645141e-02
0.000000e+00 3.080000e+00 1.425097e+00 1.425101e+00 0.000000e+00 -6.350710e-02
0.000000e+00 3.135000e+00 1.417566e+00 1.417570e+00 0.000000e+00 -6.068528e-02
0.000000e+00 3.190000e+00 1.410346e+00 1.410350e+00 0.000000e+00 -5.796585e-02
0.000000e+00 3.245000e+00 1.403438e+00 1.403441e+00 0.000000e+00 -5.533214e-02
0.000000e+00 3.300000e+00 1.396829e+00 1.396832e+00 0.000000e+00 -5.277674e-02
0.000000e+00 3.355000e+00 1.390486e+00 1.390489e+00 0.000000e+00 -5.030489e-02
0.000000e+00 3.410000e+00 1.384362e+00 1.384365e+00 0.000000e+00 -4.793254e-02
0.000000e+00 3.465000e+00 1.378408e+00 1.378411e+00 0.000000e+00 -4.567843e-02
0.000000e+00 3.520000e+00 1.372589e+00 1.372592e+00 0.000000e+00 -4.355322e-02
0.000000e+00 3.575000e+00 1.366897e+00 1.366899e+00 0.000000e+00 -4.155175e-02
0.000000e+00 3.630000e+00 1.361350e+00 1.361353e+00 0.000000e+00 -3.965333e-02
0.000000e+00 3.685000e+00 1.355977e+00 1.355979e+00 0.000000e+00 -3.783025e-02
0.000000e+00 3.740000e+00 1.350799e+00 1.350801e+00 0.000000e+00 -3.605934e-02
0.000000e+00 3.795000e+00 1.345819e+00 1.345822e+00 0.000000e+00 -3.432936e-02
0.000000e+00 3.850000e+00 1.341026e+00 1.341028e+00 0.000000e+00 -3.264059e-02
0.000000e+00 3.905000e+00 1.336399e+00 1.336401e+00 0.000000e+00 -3.099859e-02
0.000000e+00 3.960000e+00 1.331922e+00 1.331925e+00 0.000000e+00 -2.940772e-02
0.000000e+00 4.015000e+00 1.327585e+00 1.327587e+00 0.000000e+00 -2.786883e-02
0.000000e+00 4.070000e+00 1.323376e+00 1.323379e+00 0.000000e+00 -2.638151e-02
0.000000e+00 4.125000e+00 1.319284e+00 1.319286e+00 0.000000e+00 -2.494727e-02
0.000000e+00 4.180000e+00 1.315290e+00 1.315293e+00 0.000000e+00 -2.356992e-02
0.000000e+00 4.235000e+00 1.311384e+00 1.311386e+00 0.000000e+00 -2.225254e-02
0.000000e+00 4.290000e+00 1.307559e+00 1.307561e+00 0.000000e+00 -2.099361e-02
0.000000e+00 4.345000e+00 1.303822e+00 1.303824e+00 0.000000e+00 -1.978576e-02
0.000000e+00 4.400000e+00 1.300183e+00 1.300185e+00 0.000000e+00 -1.861863e-02
0.000000e+00 4.455000e+00 1.296647e+00 1.296649e+00 0.000000e+00 -1.748369e-02
0.000000e+00 4.510000e+00 1.293213e+00 1.293215e+00 0.000000e+00 -1.637785e-02
0.000000e+00 4.565000e+00 1.289871e+00 1.289873e+00 0.000000e+00 -1.530335e-02
0.000000e+00 4.620000e+00 1.286606e+00 1.286608e+00 0.000000e+00 -1.426471e-02
0.000000e+00 4.675000e+00 1.283410e+00 1.283412e+00 0.000000e+00 -1.326525e-02
0.000000e+00 4.730000e+00 1.280276e+00 1.280278e+00 0.000000e+00 -1.230558e-02
0.000000e+00 4.785000e+00 1.277202e+00 1.277204e+00 0.000000e+00 -1.138449e-02
0.000000e+00 4.840000e+00 1.274184e+00 1.274186e+00 0.000000e+00 -1.050073e-02
0.000000e+00 4.895000e+00 1.271217e+00 1.271219e+00 0.000000e+00 -9.653506e-03
0.000000e+00 4.950000e+00 1.268302e+00 1.268303e+00 0.000000e+00 -8.840847e-03
0.000000e+00 5.005000e+00 1.265444e+00 1.265445e+00 0.000000e+00 -8.057129e-03
0.000000e+00 5.060000e+00 1.262659e+00 1.262661e+00 0.000000e+00 -7.292015e-03
0.000000e+00 5.115000e+00 1.259969e+00 1.259970e+00 0.000000e+00 -6.532539e-03
0.000000e+00 5.170000e+00 1.257386e+00 1.257388e+00 0.000000e+00 -5.768006e-03
0.000000e+00 5.225000e+00 1.254912e+00 1.254914e+00 0.000000e+00 -4.995323e-03
0.000000e+00 5.280000e+00 1.252529e+00 1.252531e+00 0.000000e+00 -4.221720e-03
0.000000e+00 5.335000e+00 1.250205e+00 1.250206e+00 0.000000e+00 -3.462881e-03
0.000000e+00 5.390000e+00 1.247905e+00 1.247907e+00 0.000000e+00 -2.736954e-03
0.000000e+00 5.445000e+00 1.245606e+00 1.245608e+00 0.000000e+00 -2.057178e-03
0.000000e+00 5.500000e+00 1.243303e+00 1.243304e+00 0.000000e+00 -1.426698e-03
0.000000e+00 5.555000e+00 1.241006e+00 1.241007e+00 0.000000e+00 -8.380896e-04
0.000000e+00 5.610000e+00 1.238736e+00 1.238738e+00 0.000000e+00 -2.777095e-04
0.000000e+00 5.665000e+00 1.236514e+00 1.236515e+00 0.000000e+00 2.675145e-04
0.000000e+00 5.720000e+00 1.234345e+00 1.234347e+00 0.000000e+00 8.043928e-04
0.000000e+00 5.775000e+00 1.232225e+00 1.232227e+00 0.000000e+00 1.331671e-03
0.000000e+00 5.830000e+00 1.230140e+00 1.230141e+00 0.000000e+00 1.842725e-03
0.000000e+00 5.885000e+00 1.228077e+00 1.228078e+00 0.000000e+00 2.330952e-03
0.000000e+00 5.940000e+00 1.226034e+00 1.226035e+00 0.000000e+00 2.794722e-03
0.000000e+00 5.995000e+00 1.224018e+00 1.224019e+00 0.000000e+00 3.239169e-03
0.000000e+00 6.050000e+00 1.222046e+00 1.222047e+00 0.000000e+00 3.673989e-03
0.000000e+00 6.105000e+00 1.220132e+00 1.220133e+00 0.000000e+00 4.108581e-03
0.000000e+00 6.160000e+00 1.218281e+00 1.218282e+00 0.000000e+00 4.547278e-03
0.000000e+00 6.215000e+00 1.216486e+00 1.216488e+00 0.000000e+00 4.987217e-03
0.000000e+00 6.270000e+00 1.214731e+00 1.214732e+00 0.000000e+00 5.419963e-03
0.000000e+00 6.325000e+00 1.212996e+00 1.212997e+00 0.000000e+00 5.835920e-03
0.000000e+00 6.380000e+00 1.211270e+00 1.211271e+00 0.000000e+00 6.229102e-03
0.000000e+00 6.435000e+00 1.209554e+00 1.209555e+00 0.000000e+00 6.599667e-03
0.000000e+00 6.490000e+00 1.207856e+00 1.207857e+00 0.000000e+00 6.952833e-03
0.000000e+00 6.545000e+00 1.206186e+00 1.206187e+00 0.000000e+00 7.294788e-03
0.000000e+00 6.600000e+00 1.204545e+00 1.204546e+00 0.000000e+00 7.627793e-03
0.000000e+00 6.655000e+00 1.202923e+00 1.202924e+00 0.000000e+00 7.947234e-03
0.000000e+00 6.710000e+00 1.201296e+00 1.201297e+00 0.000000e+00 8.242418e-03
0.000000e+00 6.765000e+00 1.199642e+00 1.199643e+00 0.000000e+00 8.501007e-03
0.000000e+00 6.820000e+00 1.197947e+00 1.197948e+00 0.000000e+00 8.715128e-03
0.000000e+00 6.875000e+00 1.196215e+00 1.196216e+00 0.000000e+00 8.886236e-03
0.000000e+00 6.930000e+00 1.194470e+00 1.194470e+00 0.000000e+00 9.026281e-03
0.000000e+00 6.985000e+00 1.192746e+00 1.192747e+00 0.000000e+00 9.154437e-03
0.000000e+00 7.040000e+00 1.191081e+00 1.191082e+00 0.000000e+00 9.290824e-03
0.000000e+00 7.095000e+00 1.189496e+00 1.189497e+00 0.000000e+00 9.449918e-03
0.000000e+00 7.150000e+00 1.187998e+00 1.187998e+00 0.000000e+00 9.636319e-03
0.000000e+00 7.205000e+00 1.186572e+00 1.186573e+00 0.000000e+00 9.844372e-03
0.000000e+00 7.260000e+00 1.185196e+00 1.185197e+00 0.000000e+00 1.006143e-02
0.000000e+00 7.315000e+00 1.183844e+00 1.183845e+00 0.000000e+00 1.027295e-02
0.000000e+00 7.370000e+00 1.182496e+00 1.182497e+00 0.000000e+00 1.046714e-02
0.000000e+00 7.425000e+00 1.181142e+00 1.181143e+00 0.000000e+00 1.063746e-02
0.000000e+00 7.480000e+00 1.179779e+00 1.179780e+00 0.000000e+00 1.078268e-02
0.000000e+00 7.535000e+00 1.178411e+00 1.178412e+00 0.000000e+00 1.090526e-02
0.000000e+00 7.590000e+00 1.177044e+00 1.177045e+00 0.000000e+00 1.100942e-02
0.000000e+00 7.645000e+00 1.175686e+00 1.175687e+00 0.000000e+00 1.109963e-02
0.000000e+00 7.700000e+00 1.174345e+00 1.174346e+00 0.000000e+00 1.117957e-02
0.000000e+00 7.755000e+00 1.173025e+00 1.173026e+00 0.000000e+00 1.125113e-02
0.000000e+00 7.810000e+00 1.171722e+00 1.171723e+00 0.000000e+00 1.131268e-02
0.000000e+00 7.865000e+00 1.170421e+00 1.170422e+00 0.000000e+00 1.135714e-02
0.000000e+00 7.920000e+00 1.169094e+00 1.169095e+00 0.000000e+00 1.137116e-02
0.000000e+00 7.975000e+00 1.167708e+00 1.167709e+00 0.000000e+00 1.133681e-02
0.000000e+00 8.030000e+00 1.166231e+00 1.166232e+00 0.000000e+00 1.123670e-02
0.000000e+00 8.085000e+00 1.164651e+00 1.164652e+00 0.000000e+00 1.106119e-02
0.000000e+00 8.140000e+00 1.162982e+00 1.162982e+00 0.000000e+00 1.081531e-02
0.000000e+00 8.195000e+00 1.161267e+00 1.161268e+00 0.000000e+00 1.052111e-02
0.000000e+00 8.250000e+00 1.159571e+00 1.159572e+00 0.000000e+00 1.021317e-02
0.000000e+00 8.305000e+00 1.157955e+00 1.157955e+00 0.000000e+00 9.927888e-03
0.000000e+00 8.360000e+00 1.156456e+00 1.156457e+00 0.000000e+00 9.690420e-03
0.000000e+00 8.415000e+00 1.155076e+00 1.155076e+00 0.000000e+00 9.504094e-03
0.000000e+00 8.470000e+00 1.153770e+00 1.153771e+00 0.000000e+00 9.347416e-03
0.000000e+00 8.525000e+00 1.152471e+00 1.152471e+00 0.000000e+00 9.181413e-03
0.000000e+00 8.580000e+00 1.151109e+00 1.151109e+00 0.000000e+00 8.964324e-03
0.000000e+00 8.635000e+00 1.149639e+00 1.149639e+00 0.000000e+00 8.667051e-03
0.000000e+00 8.690000e+00 1.148054e+00 1.148055e+00 0.000000e+00 8.282907e-03
0.000000e+00 8.745000e+00 1.146386e+00 1.146386e+00 0.000000e+00 7.827526e-03
0.000000e+00 8.800000e+00 1.144682e+00 1.144682e+00 0.000000e+00 7.329447e-03
0.000000e+00 8.855000e+00 1.142986e+00 1.142986e+00 0.000000e+00 6.816525e-03
0.000000e+00 8.910000e+00 1.141320e+00 1.141320e+00 0.000000e+00 6.304629e-03
0.000000e+00 8.965000e+00 1.139679e+00 1.139679e+00 0.000000e+00 5.793383e-03
0.000000e+00 9.020000e+00 1.138041e+00 1.138041e+00 0.000000e+00 5.269900e-03
0.000000e+00 9.075000e+00 1.136379e+00 1.136379e+00 0.000000e+00 4.717469e-03
0.000000e+00 9.130000e+00 1.134673e+00 1.134674e+00 0.000000e+00 4.123933e-03
0.000000e+00 9.185000e+00 1.132914e+00 1.132914e+00 0.000000e+00 3.485994e-03
0.000000e+00 9.240000e+00 1.131094e+00 1.131095e+00 0.000000e+00 2.807866e-03
0.000000e+00 9.295000e+00 1.129208e+00 1.129208e+00 0.000000e+00 2.096324e-03
0.000000e+00 9.350000e+00 1.127245e+00 1.127245e+00 0.000000e+00 1.354077e-03
0.000000e+00 9.405000e+00 1.125195e+00 1.125195e+00 0.000000e+00 5.755048e-04
0.000000e+00 9.460000e+00 1.123058e+00 1.123058e+00 0.000000e+00 -2.556566e-04
0.000000e+00 9.515000e+00 1.120846e+00 1.120846e+00 0.000000e+00 -1.163566e-03
0.000000e+00 9.570000e+00 1.118579e+00 1.118579e+00 0.000000e+00 -2.176905e-03
0.000000e+00 9.625000e+00 1.116279e+00 1.116280e+00 0.000000e+00 -3.322785e-03
0.000000e+00 9.680000e+00 1.113962e+00 1.113962e+00 0.000000e+00 -4.621505e-03
0.000000e+00 9.735000e+00 1.111621e+00 1.111621e+00 0.000000e+00 -6.093969e-03
0.000000e+00 9.790000e+00 1.109263e+00 1.109263e+00 0.000000e+00 -7.728369e-03
0.000000e+00 9.845000e+00 1.106817e+00 1.106817e+00 0.000000e+00 -9.556467e-03
0.000000e+00 9.900000e+00 1.104435e+00 1.104435e+00 0.000000e+00 -1.138816e-02
0.000000e+00 9.955000e+00 1.101637e+00 1.101637e+00 0.000000e+00 -1.368009e-02
0.000000e+00 1.001000e+01 1.105114e+00 1.105114e+00 -0.000000e+00 -1.013850e-02
0.000000e+00 1.006500e+01 1.105114e+00 1.105114e+00 -0.000000e+00 -1.013850e-02
0.000000e+00 1.012000e+01 1.105114e+00 1.105114e+00 -0.000000e+00 -1.013850e-02
0.000000e+00 1.017500e+01 1.105114e+00 1.105114e+00 -0.000000e+00 -1.013850e-02
0.000000e+00 1.023000e+01 1.105114e+00 1.105114e+00 -0.000000e+00 -1.013850e-02
0.000000e+00 1.028500e+01 1.105114e+00 1.105114e+00 -0.000000e+00 -1.013850e-02
0.000000e+00 1.034000e+01 1.105114e+00 1.105114e+00 -0.000000e+00 -1.013850e-02
0.000000e+00 1.039500e+01 1.105114e+00 1.105114e+00 -0.000000e+00 -1.013850e-02
0.000000e+00 1.045000e+01 1.105114e+00 1.105114e+00 -0.000000e+00 -1.013850e-02
0.000000e+00 1.050500e+01 1.105114e+00 1.105114e+00 -0.000000e+00 -1.013850e-02
0.000000e+00 1.056000e+01 1.105114e+00 1.105114e+00 -0.000000e+00 -1.013850e-02
0.000000e+00 1.061500e+01 1.105114e+00 1.105114e+00 -0.000000e+00 -1.013850e-02
0.000000e+00 1.067000e+01 1.105114e+00 1.105114e+00 -0.000000e+00 -1.013850e-02
0.000000e+00 1.072500e+01 1.105114e+00 1.105114e+00 -0.000000e+00 -1.013850e-02
0.000000e+00 1.078000e+01 1.105114e+00 1.105114e+00 -0.000000e+00 -1.013850e-02
0.000000e+00 1.083500e+01 1.105114e+00 1.105114e+00 -0.000000e+00 -1.013850e-02
0.000000e+00 1.089000e+01 1.105114e+00 1.105114e+00 -0.000000e+00 -1.013850e-02
0.000000e+00 1.094500e+01 1.105114e+00 1.105114e+00 -0.000000e+00 -1.013850e-02
0.000000e+00 1.100000e+01 1.105114e+00 1.105114e+00 -0.000000e+00 -1.013850e-02
