#############TIME##################
1.602982e+00 
###################################
0.000000e+00 0.000000e+00 1.438207e+01 1.438237e+01 0.000000e+00 -3.082367e+00
0.000000e+00 5.500000e-02 1.438207e+01 1.438237e+01 0.000000e+00 -3.082367e+00
0.000000e+00 1.100000e-01 1.442392e+01 1.442421e+01 0.000000e+00 -3.082233e+00
0.000000e+00 1.650000e-01 8.911182e+00 8.911361e+00 0.000000e+00 -2.353599e+00
0.000000e+00 2.200000e-01 6.576703e+00 6.576820e+00 0.000000e+00 -2.004960e+00
0.000000e+00 2.750000e-01 5.156838e+00 5.156917e+00 0.000000e+00 -1.722668e+00
0.000000e+00 3.300000e-01 4.250503e+00 4.250560e+00 0.000000e+00 -1.517702e+00
0.000000e+00 3.850000e-01 3.607721e+00 3.607764e+00 0.000000e+00 -1.352390e+00
0.000000e+00 4.400000e-01 3.148169e+00 3.148201e+00 0.000000e+00 -1.222504e+00
0.000000e+00 4.950000e-01 2.797018e+00 2.797044e+00 0.000000e+00 -1.115046e+00
0.000000e+00 5.500000e-01 2.525306e+00 2.525327e+00 0.000000e+00 -1.027149e+00
0.000000e+00 6.050000e-01 2.308600e+00 2.308617e+00 0.000000e+00 -9.525980e-01
0.000000e+00 6.600000e-01 2.132888e+00 2.132902e+00 0.000000e+00 -8.897005e-01
0.000000e+00 7.150000e-01 1.988256e+00 1.988268e+00 0.000000e+00 -8.352603e-01
0.000000e+00 7.700000e-01 1.867855e+00 1.867864e+00 0.000000e+00 -7.879290e-01
0.000000e+00 8.250000e-01 1.766510e+00 1.766518e+00 0.000000e+00 -7.461335e-01
0.000000e+00 8.800000e-01 1.680486e+00 1.680493e+00 0.000000e+00 -7.089349e-01
0.000000e+00 9.350000e-01 1.606894e+00 1.606900e+00 0.000000e+00 -6.754535e-01
0.000000e+00 9.900000e-01 1.543552e+00 1.543557e+00 0.000000e+00 -6.450620e-01
0.000000e+00 1.045000e+00 1.488760e+00 1.488764e+00 0.000000e+00 -6.172168e-01
0.000000e+00 1.100000e+00 1.441188e+00 1.441192e+00 0.000000e+00 -5.914927e-01
0.000000e+00 1.155000e+00 1.399769e+00 1.399772e+00 0.000000e+00 -5.675379e-01
0.000000e+00 1.210000e+00 1.363630e+00 1.363633e+00 0.000000e+00 -5.450743e-01
0.000000e+00 1.265000e+00 1.332047e+00 1.332049e+00 0.000000e+00 -5.238801e-01
0.000000e+00 1.320000e+00 1.304408e+00 1.304410e+00 0.000000e+00 -5.037837e-01
0.000000e+00 1.375000e+00 1.280190e+00 1.280192e+00 0.000000e+00 -4.846541e-01
0.000000e+00 1.430000e+00 1.258948e+00 1.258950e+00 0.000000e+00 -4.663901e-01
0.000000e+00 1.485000e+00 1.240304e+00 1.240306e+00 0.000000e+00 -4.489112e-01
0.000000e+00 1.540000e+00 1.223935e+00 1.223936e+00 0.000000e+00 -4.321519e-01
0.000000e+00 1.595000e+00 1.209561e+00 1.209562e+00 0.000000e+00 -4.160591e-01
0.000000e+00 1.650000e+00 1.196942e+00 1.196943e+00 0.000000e+00 -4.005901e-01
0.000000e+00 1.705000e+00 1.185866e+00 1.185867e+00 0.000000e+00 -3.857113e-01
0.000000e+00 1.760000e+00 1.176146e+00 1.176147e+00 0.000000e+00 -3.713961e-01
0.000000e+00 1.815000e+00 1.167619e+00 1.167620e+00 0.000000e+00 -3.576229e-01
0.000000e+00 1.870000e+00 1.160140e+00 1.160140e+00 0.000000e+00 -3.443737e-01
0.000000e+00 1.925000e+00 1.153581e+00 1.153581e+00 0.000000e+00 -3.316329e-01
0.000000e+00 1.980000e+00 1.147830e+00 1.147830e+00 0.000000e+00 -3.193866e-01
0.000000e+00 2.035000e+00 1.142787e+00 1.142787e+00 0.000000e+00 -3.076215e-01
0.000000e+00 2.090000e+00 1.138365e+00 1.138366e+00 0.000000e+00 -2.963250e-01
0.000000e+00 2.145000e+00 1.134488e+00 1.134488e+00 0.000000e+00 -2.854843e-01
0.000000e+00 2.200000e+00 1.131087e+00 1.131087e+00 0.000000e+00 -2.750865e-01
0.000000e+00 2.255000e+00 1.128103e+00 1.128103e+00 0.000000e+00 -2.651186e-01
0.000000e+00 2.310000e+00 1.125483e+00 1.125483e+00 0.000000e+00 -2.555672e-01
0.000000e+00 2.365000e+00 1.123182e+00 1.123182e+00 0.000000e+00 -2.464188e-01
0.000000e+00 2.420000e+00 1.121160e+00 1.121160e+00 0.000000e+00 -2.376595e-01
0.000000e+00 2.475000e+00 1.119382e+00 1.119382e+00 0.000000e+00 -2.292752e-01
0.000000e+00 2.530000e+00 1.117817e+00 1.117817e+00 0.000000e+00 -2.212520e-01
0.000000e+00 2.585000e+00 1.116438e+00 1.116438e+00 0.000000e+00 -2.135757e-01
0.000000e+00 2.640000e+00 1.115223e+00 1.115223e+00 0.000000e+00 -2.062323e-01
0.000000e+00 2.695000e+00 1.114150e+00 1.114150e+00 0.000000e+00 -1.992080e-01
0.000000e+00 2.750000e+00 1.113201e+00 1.113202e+00 0.000000e+00 -1.924891e-01
0.000000e+00 2.805000e+00 1.112363e+00 1.112363e+00 0.000000e+00 -1.860621e-01
0.000000e+00 2.860000e+00 1.111620e+00 1.111620e+00 0.000000e+00 -1.799140e-01
0.000000e+00 2.915000e+00 1.110961e+00 1.110961e+00 0.000000e+00 -1.740321e-01
0.000000e+00 2.970000e+00 1.110377e+00 1.110377e+00 0.000000e+00 -1.684040e-01
0.000000e+00 3.025000e+00 1.109857e+00 1.109857e+00 0.000000e+00 -1.630180e-01
0.000000e+00 3.080000e+00 1.109394e+00 1.109394e+00 0.000000e+00 -1.578625e-01
0.000000e+00 3.135000e+00 1.108982e+00 1.108982e+00 0.000000e+00 -1.529264e-01
0.000000e+00 3.190000e+00 1.108614e+00 1.108614e+00 0.000000e+00 -1.481994e-01
0.000000e+00 3.245000e+00 1.108285e+00 1.108285e+00 0.000000e+00 -1.436712e-01
0.000000e+00 3.300000e+00 1.107991e+00 1.107991e+00 0.000000e+00 -1.393323e-01
0.000000e+00 3.355000e+00 1.107728e+00 1.107728e+00 0.000000e+00 -1.351735e-01
0.000000e+00 3.410000e+00 1.107492e+00 1.107492e+00 0.000000e+00 -1.311859e-01
0.000000e+00 3.465000e+00 1.107279e+00 1.107279e+00 0.000000e+00 -1.273613e-01
0.000000e+00 3.520000e+00 1.107089e+00 1.107089e+00 0.000000e+00 -1.236918e-01
0.000000e+00 3.575000e+00 1.106917e+00 1.106917e+00 0.000000e+00 -1.201698e-01
0.000000e+00 3.630000e+00 1.106762e+00 1.106762e+00 0.000000e+00 -1.167881e-01
0.000000e+00 3.685000e+00 1.106622e+00 1.106622e+00 0.000000e+00 -1.135401e-01
0.000000e+00 3.740000e+00 1.106496e+00 1.106496e+00 0.000000e+00 -1.104193e-01
0.000000e+00 3.795000e+00 1.106381e+00 1.106381e+00 0.000000e+00 -1.074196e-01
0.000000e+00 3.850000e+00 1.106278e+00 1.106278e+00 0.000000e+00 -1.045352e-01
0.000000e+00 3.905000e+00 1.106184e+00 1.106184e+00 0.000000e+00 -1.017608e-01
0.000000e+00 3.960000e+00 1.106098e+00 1.106098e+00 0.000000e+00 -9.909098e-02
0.000000e+00 4.015000e+00 1.106021e+00 1.106021e+00 0.000000e+00 -9.652099e-02
0.000000e+00 4.070000e+00 1.105950e+00 1.105950e+00 0.000000e+00 -9.404617e-02
0.000000e+00 4.125000e+00 1.105886e+00 1.105886e+00 0.000000e+00 -9.166209e-02
0.000000e+00 4.180000e+00 1.105827e+00 1.105827e+00 0.000000e+00 -8.936461e-02
0.000000e+00 4.235000e+00 1.105773e+00 1.105773e+00 0.000000e+00 -8.714976e-02
0.000000e+00 4.290000e+00 1.105724e+00 1.105724e+00 0.000000e+00 -8.501381e-02
0.000000e+00 4.345000e+00 1.105680e+00 1.105680e+00 0.000000e+00 -8.295321e-02
0.000000e+00 4.400000e+00 1.105639e+00 1.105639e+00 0.000000e+00 -8.096461e-02
0.000000e+00 4.455000e+00 1.105601e+00 1.105601e+00 0.000000e+00 -7.904480e-02
0.000000e+00 4.510000e+00 1.105566e+00 1.105566e+00 0.000000e+00 -7.719078e-02
0.000000e+00 4.565000e+00 1.105535e+00 1.105535e+00 0.000000e+00 -7.539968e-02
0.000000e+00 4.620000e+00 1.105505e+00 1.105505e+00 0.000000e+00 -7.366877e-02
0.000000e+00 4.675000e+00 1.105479e+00 1.105479e+00 0.000000e+00 -7.199547e-02
0.000000e+00 4.730000e+00 1.105454e+00 1.105454e+00 0.000000e+00 -7.037734e-02
0.000000e+00 4.785000e+00 1.105431e+00 1.105431e+00 0.000000e+00 -6.881205e-02
0.000000e+00 4.840000e+00 1.105410e+00 1.105410e+00 0.000000e+00 -6.729738e-02
0.000000e+00 4.895000e+00 1.105390e+00 1.105390e+00 0.000000e+00 -6.583124e-02
0.000000e+00 4.950000e+00 1.105372e+00 1.105372e+00 0.000000e+00 -6.441162e-02
0.000000e+00 5.005000e+00 1.105356e+00 1.105356e+00 0.000000e+00 -6.303664e-02
0.000000e+00 5.060000e+00 1.105340e+00 1.105340e+00 0.000000e+00 -6.170447e-02
0.000000e+00 5.115000e+00 1.105326e+00 1.105326e+00 0.000000e+00 -6.041341e-02
0.000000e+00 5.170000e+00 1.105313e+00 1.105313e+00 0.000000e+00 -5.916182e-02
0.000000e+00 5.225000e+00 1.105301e+00 1.105301e+00 0.000000e+00 -5.794813e-02
0.000000e+00 5.280000e+00 1.105289e+00 1.105289e+00 0.000000e+00 -5.677087e-02
0.000000e+00 5.335000e+00 1.105279e+00 1.105279e+00 0.000000e+00 -5.562861e-02
0.000000e+00 5.390000e+00 1.105269e+00 1.105269e+00 0.000000e+00 -5.452002e-02
0.000000e+00 5.445000e+00 1.105260e+00 1.105260e+00 0.000000e+00 -5.344381e-02
0.000000e+00 5.500000e+00 1.105251e+00 1.105251e+00 0.000000e+00 -5.239875e-02
0.000000e+00 5.555000e+00 1.105243e+00 1.105243e+00 0.000000e+00 -5.138366e-02
0.000000e+00 5.610000e+00 1.105236e+00 1.105236e+00 0.000000e+00 -5.039744e-02
0.000000e+00 5.665000e+00 1.105229e+00 1.105229e+00 0.000000e+00 -4.943901e-02
0.000000e+00 5.720000e+00 1.105222e+00 1.105222e+00 0.000000e+00 -4.850737e-02
0.000000e+00 5.775000e+00 1.105216e+00 1.105216e+00 0.000000e+00 -4.760152e-02
0.000000e+00 5.830000e+00 1.105210e+00 1.105210e+00 0.000000e+00 -4.672055e-02
0.000000e+00 5.885000e+00 1.105205e+00 1.105205e+00 0.000000e+00 -4.586357e-02
0.000000e+00 5.940000e+00 1.105200e+00 1.105200e+00 0.000000e+00 -4.502971e-02
0.000000e+00 5.995000e+00 1.105195e+00 1.105195e+00 0.000000e+00 -4.421818e-02
0.000000e+00 6.050000e+00 1.105191e+00 1.105191e+00 0.000000e+00 -4.342819e-02
0.000000e+00 6.105000e+00 1.105187e+00 1.105187e+00 0.000000e+00 -4.265898e-02
0.000000e+00 6.160000e+00 1.105183e+00 1.105183e+00 0.000000e+00 -4.190986e-02
0.000000e+00 6.215000e+00 1.105179e+00 1.105179e+00 0.000000e+00 -4.118013e-02
0.000000e+00 6.270000e+00 1.105176e+00 1.105176e+00 0.000000e+00 -4.046914e-02
0.000000e+00 6.325000e+00 1.105173e+00 1.105173e+00 0.000000e+00 -3.977626e-02
0.000000e+00 6.380000e+00 1.105170e+00 1.105170e+00 0.000000e+00 -3.910088e-02
0.000000e+00 6.435000e+00 1.105167e+00 1.105167e+00 0.000000e+00 -3.844243e-02
0.000000e+00 6.490000e+00 1.105164e+00 1.105164e+00 0.000000e+00 -3.780034e-02
0.000000e+00 6.545000e+00 1.105162e+00 1.105162e+00 0.000000e+00 -3.717410e-02
0.000000e+00 6.600000e+00 1.105160e+00 1.105160e+00 0.000000e+00 -3.656318e-02
0.000000e+00 6.655000e+00 1.105157e+00 1.105157e+00 0.000000e+00 -3.596710e-02
0.000000e+00 6.710000e+00 1.105155e+00 1.105155e+00 0.000000e+00 -3.538538e-02
0.000000e+00 6.765000e+00 1.105153e+00 1.105153e+00 0.000000e+00 -3.481757e-02
0.000000e+00 6.820000e+00 1.105151e+00 1.105151e+00 0.000000e+00 -3.426324e-02
0.000000e+00 6.875000e+00 1.105150e+00 1.105150e+00 0.000000e+00 -3.372195e-02
0.000000e+00 6.930000e+00 1.105148e+00 1.105148e+00 0.000000e+00 -3.319332e-02
0.000000e+00 6.985000e+00 1.105146e+00 1.105146e+00 0.000000e+00 -3.267694e-02
0.000000e+00 7.040000e+00 1.105145e+00 1.105145e+00 0.000000e+00 -3.217246e-02
0.000000e+00 7.095000e+00 1.105143e+00 1.105143e+00 0.000000e+00 -3.167950e-02
0.000000e+00 7.150000e+00 1.105142e+00 1.105142e+00 0.000000e+00 -3.119773e-02
0.000000e+00 7.205000e+00 1.105141e+00 1.105141e+00 0.000000e+00 -3.072681e-02
0.000000e+00 7.260000e+00 1.105140e+00 1.105140e+00 0.000000e+00 -3.026641e-02
0.000000e+00 7.315000e+00 1.105139e+00 1.105139e+00 0.000000e+00 -2.981624e-02
0.000000e+00 7.370000e+00 1.105137e+00 1.105137e+00 0.000000e+00 -2.937599e-02
0.000000e+00 7.425000e+00 1.105136e+00 1.105136e+00 0.000000e+00 -2.894536e-02
0.000000e+00 7.480000e+00 1.105135e+00 1.105135e+00 0.000000e+00 -2.852405e-02
0.000000e+00 7.535000e+00 1.105134e+00 1.105134e+00 0.000000e+00 -2.811184e-02
0.000000e+00 7.590000e+00 1.105134e+00 1.105134e+00 0.000000e+00 -2.770862e-02
0.000000e+00 7.645000e+00 1.105133e+00 1.105133e+00 0.000000e+00 -2.731416e-02
0.000000e+00 7.700000e+00 1.105132e+00 1.105132e+00 0.000000e+00 -2.692775e-02
0.000000e+00 7.755000e+00 1.105130e+00 1.105130e+00 0.000000e+00 -2.654833e-02
0.000000e+00 7.810000e+00 1.105128e+00 1.105128e+00 0.000000e+00 -2.617607e-02
0.000000e+00 7.865000e+00 1.105128e+00 1.105128e+00 0.000000e+00 -2.581415e-02
0.000000e+00 7.920000e+00 1.105136e+00 1.105136e+00 0.000000e+00 -2.546657e-02
0.000000e+00 7.975000e+00 1.105147e+00 1.105147e+00 0.000000e+00 -2.512927e-02
0.000000e+00 8.030000e+00 1.105140e+00 1.105140e+00 0.000000e+00 -2.478287e-02
0.000000e+00 8.085000e+00 1.105093e+00 1.105093e+00 0.000000e+00 -2.440634e-02
0.000000e+00 8.140000e+00 1.105028e+00 1.105028e+00 0.000000e+00 -2.401979e-02
0.000000e+00 8.195000e+00 1.105059e+00 1.105059e+00 0.000000e+00 -2.372679e-02
0.000000e+00 8.250000e+00 1.105396e+00 1.105396e+00 0.000000e+00 -2.371781e-02
0.000000e+00 8.305000e+00 1.106243e+00 1.106243e+00 0.000000e+00 -2.417835e-02
0.000000e+00 8.360000e+00 1.107544e+00 1.107544e+00 0.000000e+00 -2.505656e-02
0.000000e+00 8.415000e+00 1.108987e+00 1.108987e+00 0.000000e+00 -2.605683e-02
0.000000e+00 8.470000e+00 1.110173e+00 1.110173e+00 0.000000e+00 -2.680362e-02
0.000000e+00 8.525000e+00 1.110796e+00 1.110796e+00 0.000000e+00 -2.701514e-02
0.000000e+00 8.580000e+00 1.110858e+00 1.110858e+00 0.000000e+00 -2.670745e-02
0.000000e+00 8.635000e+00 1.110535e+00 1.110535e+00 0.000000e+00 -2.608116e-02
0.000000e+00 8.690000e+00 1.109971e+00 1.109971e+00 0.000000e+00 -2.529792e-02
0.000000e+00 8.745000e+00 1.109274e+00 1.109275e+00 0.000000e+00 -2.445997e-02
0.000000e+00 8.800000e+00 1.108587e+00 1.108587e+00 0.000000e+00 -2.365105e-02
0.000000e+00 8.855000e+00 1.108081e+00 1.108081e+00 0.000000e+00 -2.296233e-02
0.000000e+00 8.910000e+00 1.107860e+00 1.107860e+00 0.000000e+00 -2.245356e-02
0.000000e+00 8.965000e+00 1.107852e+00 1.107852e+00 0.000000e+00 -2.207798e-02
0.000000e+00 9.020000e+00 1.107846e+00 1.107846e+00 0.000000e+00 -2.170407e-02
0.000000e+00 9.075000e+00 1.107655e+00 1.107655e+00 0.000000e+00 -2.121870e-02
0.000000e+00 9.130000e+00 1.107260e+00 1.107260e+00 0.000000e+00 -2.062284e-02
0.000000e+00 9.185000e+00 1.106781e+00 1.106781e+00 0.000000e+00 -2.000602e-02
0.000000e+00 9.240000e+00 1.106334e+00 1.106334e+00 0.000000e+00 -1.944274e-02
0.000000e+00 9.295000e+00 1.105947e+00 1.105947e+00 0.000000e+00 -1.893720e-02
0.000000e+00 9.350000e+00 1.105583e+00 1.105583e+00 0.000000e+00 -1.844476e-02
0.000000e+00 9.405000e+00 1.105207e+00 1.105207e+00 0.000000e+00 -1.793446e-02
0.000000e+00 9.460000e+00 1.104832e+00 1.104832e+00 0.000000e+00 -1.741145e-02
0.000000e+00 9.515000e+00 1.104485e+00 1.104485e+00 0.000000e+00 -1.690662e-02
0.000000e+00 9.570000e+00 1.104178e+00 1.104178e+00 0.000000e+00 -1.642683e-02
0.000000e+00 9.625000e+00 1.103885e+00 1.103885e+00 0.000000e+00 -1.596499e-02
0.000000e+00 9.680000e+00 1.103596e+00 1.103596e+00 0.000000e+00 -1.549256e-02
0.000000e+00 9.735000e+00 1.103292e+00 1.103292e+00 0.000000e+00 -1.502748e-02
0.000000e+00 9.790000e+00 1.103009e+00 1.103008e+00 0.000000e+00 -1.455293e-02
0.000000e+00 9.845000e+00 1.102709e+00 1.102709e+00 0.000000e+00 -1.410235e-02
0.000000e+00 9.900000e+00 1.102452e+00 1.102452e+00 0.000000e+00 -1.361928e-02
0.000000e+00 9.955000e+00 1.102132e+00 1.102132e+00 0.000000e+00 -1.320604e-02
0.000000e+00 1.001000e+01 1.105114e+00 1.105114e+00 -0.000000e+00 -1.013850e-02
0.000000e+00 1.006500e+01 1.105114e+00 1.105114e+00 -0.000000e+00 -1.013850e-02
0.000000e+00 1.012000e+01 1.105114e+00 1.105114e+00 -0.000000e+00 -1.013850e-02
0.000000e+00 1.017500e+01 1.105114e+00 1.105114e+00 -0.000000e+00 -1.013850e-02
0.000000e+00 1.023000e+01 1.105114e+00 1.105114e+00 -0.000000e+00 -1.013850e-02
0.000000e+00 1.028500e+01 1.105114e+00 1.105114e+00 -0.000000e+00 -1.013850e-02
0.000000e+00 1.034000e+01 1.105114e+00 1.105114e+00 -0.000000e+00 -1.013850e-02
0.000000e+00 1.039500e+01 1.105114e+00 1.105114e+00 -0.000000e+00 -1.013850e-02
0.000000e+00 1.045000e+01 1.105114e+00 1.105114e+00 -0.000000e+00 -1.013850e-02
0.000000e+00 1.050500e+01 1.105114e+00 1.105114e+00 -0.000000e+00 -1.013850e-02
0.000000e+00 1.056000e+01 1.105114e+00 1.105114e+00 -0.000000e+00 -1.013850e-02
0.000000e+00 1.061500e+01 1.105114e+00 1.105114e+00 -0.000000e+00 -1.013850e-02
0.000000e+00 1.067000e+01 1.105114e+00 1.105114e+00 -0.000000e+00 -1.013850e-02
0.000000e+00 1.072500e+01 1.105114e+00 1.105114e+00 -0.000000e+00 -1.013850e-02
0.000000e+00 1.078000e+01 1.105114e+00 1.105114e+00 -0.000000e+00 -1.013850e-02
0.000000e+00 1.083500e+01 1.105114e+00 1.105114e+00 -0.000000e+00 -1.013850e-02
0.000000e+00 1.089000e+01 1.105114e+00 1.105114e+00 -0.000000e+00 -1.013850e-02
0.000000e+00 1.094500e+01 1.105114e+00 1.105114e+00 -0.000000e+00 -1.013850e-02
0.000000e+00 1.100000e+01 1.105114e+00 1.105114e+00 -0.000000e+00 -1.013850e-02
