#############TIME##################
1.380254e+01 
###################################
0.000000e+00 0.000000e+00 2.297743e+01 2.297800e+01 0.000000e+00 -3.043846e+00
0.000000e+00 5.500000e-02 2.297743e+01 2.297800e+01 0.000000e+00 -3.043846e+00
0.000000e+00 1.100000e-01 2.297559e+01 2.297617e+01 0.000000e+00 -3.043848e+00
0.000000e+00 1.650000e-01 1.423257e+01 1.423293e+01 0.000000e+00 -2.295989e+00
0.000000e+00 2.200000e-01 1.051544e+01 1.051568e+01 0.000000e+00 -1.934688e+00
0.000000e+00 2.750000e-01 8.243931e+00 8.244095e+00 0.000000e+00 -1.640371e+00
0.000000e+00 3.300000e-01 6.802649e+00 6.802773e+00 0.000000e+00 -1.423850e+00
0.000000e+00 3.850000e-01 5.777142e+00 5.777237e+00 0.000000e+00 -1.247323e+00
0.000000e+00 4.400000e-01 5.046184e+00 5.046260e+00 0.000000e+00 -1.106792e+00
0.000000e+00 4.950000e-01 4.488587e+00 4.488650e+00 0.000000e+00 -9.888276e-01
0.000000e+00 5.500000e-01 4.056622e+00 4.056675e+00 0.000000e+00 -8.912282e-01
0.000000e+00 6.050000e-01 3.712214e+00 3.712259e+00 0.000000e+00 -8.073798e-01
0.000000e+00 6.600000e-01 3.432618e+00 3.432657e+00 0.000000e+00 -7.357778e-01
0.000000e+00 7.150000e-01 3.201159e+00 3.201193e+00 0.000000e+00 -6.734774e-01
0.000000e+00 7.700000e-01 3.007076e+00 3.007106e+00 0.000000e+00 -6.191321e-01
0.000000e+00 8.250000e-01 2.842147e+00 2.842174e+00 0.000000e+00 -5.712249e-01
0.000000e+00 8.800000e-01 2.700557e+00 2.700581e+00 0.000000e+00 -5.287959e-01
0.000000e+00 9.350000e-01 2.577802e+00 2.577824e+00 0.000000e+00 -4.909633e-01
0.000000e+00 9.900000e-01 2.470500e+00 2.470520e+00 0.000000e+00 -4.570667e-01
0.000000e+00 1.045000e+00 2.375989e+00 2.376008e+00 0.000000e+00 -4.265419e-01
0.000000e+00 1.100000e+00 2.292191e+00 2.292208e+00 0.000000e+00 -3.989370e-01
0.000000e+00 1.155000e+00 2.217438e+00 2.217453e+00 0.000000e+00 -3.738720e-01
0.000000e+00 1.210000e+00 2.150391e+00 2.150406e+00 0.000000e+00 -3.510327e-01
0.000000e+00 1.265000e+00 2.089960e+00 2.089973e+00 0.000000e+00 -3.301528e-01
0.000000e+00 1.320000e+00 2.035249e+00 2.035261e+00 0.000000e+00 -3.110066e-01
0.000000e+00 1.375000e+00 1.985515e+00 1.985527e+00 0.000000e+00 -2.934007e-01
0.000000e+00 1.430000e+00 1.940139e+00 1.940150e+00 0.000000e+00 -2.771683e-01
0.000000e+00 1.485000e+00 1.898598e+00 1.898608e+00 0.000000e+00 -2.621650e-01
0.000000e+00 1.540000e+00 1.860445e+00 1.860454e+00 0.000000e+00 -2.482654e-01
0.000000e+00 1.595000e+00 1.825296e+00 1.825305e+00 0.000000e+00 -2.353603e-01
0.000000e+00 1.650000e+00 1.792821e+00 1.792830e+00 0.000000e+00 -2.233554e-01
0.000000e+00 1.705000e+00 1.762732e+00 1.762740e+00 0.000000e+00 -2.121687e-01
0.000000e+00 1.760000e+00 1.734780e+00 1.734788e+00 0.000000e+00 -2.017287e-01
0.000000e+00 1.815000e+00 1.708751e+00 1.708759e+00 0.000000e+00 -1.919712e-01
0.000000e+00 1.870000e+00 1.684461e+00 1.684469e+00 0.000000e+00 -1.828378e-01
0.000000e+00 1.925000e+00 1.661751e+00 1.661758e+00 0.000000e+00 -1.742743e-01
0.000000e+00 1.980000e+00 1.640481e+00 1.640487e+00 0.000000e+00 -1.662311e-01
0.000000e+00 2.035000e+00 1.620529e+00 1.620535e+00 0.000000e+00 -1.586630e-01
0.000000e+00 2.090000e+00 1.601784e+00 1.601790e+00 0.000000e+00 -1.515298e-01
0.000000e+00 2.145000e+00 1.584147e+00 1.584153e+00 0.000000e+00 -1.447959e-01
0.000000e+00 2.200000e+00 1.567527e+00 1.567532e+00 0.000000e+00 -1.384304e-01
0.000000e+00 2.255000e+00 1.551839e+00 1.551844e+00 0.000000e+00 -1.324067e-01
0.000000e+00 2.310000e+00 1.537006e+00 1.537011e+00 0.000000e+00 -1.267020e-01
0.000000e+00 2.365000e+00 1.522958e+00 1.522963e+00 0.000000e+00 -1.212965e-01
0.000000e+00 2.420000e+00 1.509629e+00 1.509634e+00 0.000000e+00 -1.161725e-01
0.000000e+00 2.475000e+00 1.496965e+00 1.496969e+00 0.000000e+00 -1.113127e-01
0.000000e+00 2.530000e+00 1.484915e+00 1.484919e+00 0.000000e+00 -1.067004e-01
0.000000e+00 2.585000e+00 1.473437e+00 1.473441e+00 0.000000e+00 -1.023185e-01
0.000000e+00 2.640000e+00 1.462495e+00 1.462499e+00 0.000000e+00 -9.815014e-02
0.000000e+00 2.695000e+00 1.452058e+00 1.452061e+00 0.000000e+00 -9.417814e-02
0.000000e+00 2.750000e+00 1.442099e+00 1.442103e+00 0.000000e+00 -9.038540e-02
0.000000e+00 2.805000e+00 1.432597e+00 1.432601e+00 0.000000e+00 -8.675522e-02
0.000000e+00 2.860000e+00 1.423530e+00 1.423534e+00 0.000000e+00 -8.327237e-02
0.000000e+00 2.915000e+00 1.414876e+00 1.414879e+00 0.000000e+00 -7.992462e-02
0.000000e+00 2.970000e+00 1.406609e+00 1.406613e+00 0.000000e+00 -7.670379e-02
0.000000e+00 3.025000e+00 1.398703e+00 1.398706e+00 0.000000e+00 -7.360565e-02
0.000000e+00 3.080000e+00 1.391127e+00 1.391130e+00 0.000000e+00 -7.062843e-02
0.000000e+00 3.135000e+00 1.383856e+00 1.383859e+00 0.000000e+00 -6.777044e-02
0.000000e+00 3.190000e+00 1.376868e+00 1.376871e+00 0.000000e+00 -6.502823e-02
0.000000e+00 3.245000e+00 1.370145e+00 1.370148e+00 0.000000e+00 -6.239598e-02
0.000000e+00 3.300000e+00 1.363675e+00 1.363678e+00 0.000000e+00 -5.986625e-02
0.000000e+00 3.355000e+00 1.357446e+00 1.357449e+00 0.000000e+00 -5.743135e-02
0.000000e+00 3.410000e+00 1.351448e+00 1.351451e+00 0.000000e+00 -5.508434e-02
0.000000e+00 3.465000e+00 1.345672e+00 1.345675e+00 0.000000e+00 -5.281914e-02
0.000000e+00 3.520000e+00 1.340109e+00 1.340112e+00 0.000000e+00 -5.063006e-02
0.000000e+00 3.575000e+00 1.334751e+00 1.334754e+00 0.000000e+00 -4.851150e-02
0.000000e+00 3.630000e+00 1.329591e+00 1.329593e+00 0.000000e+00 -4.645808e-02
0.000000e+00 3.685000e+00 1.324619e+00 1.324622e+00 0.000000e+00 -4.446533e-02
0.000000e+00 3.740000e+00 1.319828e+00 1.319830e+00 0.000000e+00 -4.253046e-02
0.000000e+00 3.795000e+00 1.315204e+00 1.315206e+00 0.000000e+00 -4.065270e-02
0.000000e+00 3.850000e+00 1.310735e+00 1.310738e+00 0.000000e+00 -3.883302e-02
0.000000e+00 3.905000e+00 1.306408e+00 1.306410e+00 0.000000e+00 -3.707337e-02
0.000000e+00 3.960000e+00 1.302210e+00 1.302212e+00 0.000000e+00 -3.537564e-02
0.000000e+00 4.015000e+00 1.298130e+00 1.298132e+00 0.000000e+00 -3.374030e-02
0.000000e+00 4.070000e+00 1.294162e+00 1.294164e+00 0.000000e+00 -3.216516e-02
0.000000e+00 4.125000e+00 1.290305e+00 1.290307e+00 0.000000e+00 -3.064464e-02
0.000000e+00 4.180000e+00 1.286563e+00 1.286565e+00 0.000000e+00 -2.917022e-02
0.000000e+00 4.235000e+00 1.282940e+00 1.282942e+00 0.000000e+00 -2.773264e-02
0.000000e+00 4.290000e+00 1.279440e+00 1.279442e+00 0.000000e+00 -2.632507e-02
0.000000e+00 4.345000e+00 1.276058e+00 1.276059e+00 0.000000e+00 -2.494587e-02
0.000000e+00 4.400000e+00 1.272782e+00 1.272784e+00 0.000000e+00 -2.359889e-02
0.000000e+00 4.455000e+00 1.269598e+00 1.269600e+00 0.000000e+00 -2.229094e-02
0.000000e+00 4.510000e+00 1.266492e+00 1.266494e+00 0.000000e+00 -2.102746e-02
0.000000e+00 4.565000e+00 1.263458e+00 1.263460e+00 0.000000e+00 -1.980921e-02
0.000000e+00 4.620000e+00 1.260497e+00 1.260498e+00 0.000000e+00 -1.863199e-02
0.000000e+00 4.675000e+00 1.257612e+00 1.257613e+00 0.000000e+00 -1.748913e-02
0.000000e+00 4.730000e+00 1.254806e+00 1.254808e+00 0.000000e+00 -1.637469e-02
0.000000e+00 4.785000e+00 1.252081e+00 1.252082e+00 0.000000e+00 -1.528451e-02
0.000000e+00 4.840000e+00 1.249436e+00 1.249437e+00 0.000000e+00 -1.421497e-02
0.000000e+00 4.895000e+00 1.246874e+00 1.246875e+00 0.000000e+00 -1.316141e-02
0.000000e+00 4.950000e+00 1.244398e+00 1.244400e+00 0.000000e+00 -1.211941e-02
0.000000e+00 5.005000e+00 1.242005e+00 1.242007e+00 0.000000e+00 -1.108920e-02
0.000000e+00 5.060000e+00 1.239679e+00 1.239680e+00 0.000000e+00 -1.008015e-02
0.000000e+00 5.115000e+00 1.237389e+00 1.237390e+00 0.000000e+00 -9.110503e-03
0.000000e+00 5.170000e+00 1.235106e+00 1.235107e+00 0.000000e+00 -8.199979e-03
0.000000e+00 5.225000e+00 1.232812e+00 1.232814e+00 0.000000e+00 -7.358245e-03
0.000000e+00 5.280000e+00 1.230519e+00 1.230520e+00 0.000000e+00 -6.576711e-03
0.000000e+00 5.335000e+00 1.228258e+00 1.228259e+00 0.000000e+00 -5.830221e-03
0.000000e+00 5.390000e+00 1.226068e+00 1.226069e+00 0.000000e+00 -5.089023e-03
0.000000e+00 5.445000e+00 1.223971e+00 1.223972e+00 0.000000e+00 -4.334259e-03
0.000000e+00 5.500000e+00 1.221961e+00 1.221962e+00 0.000000e+00 -3.567366e-03
0.000000e+00 5.555000e+00 1.220009e+00 1.220010e+00 0.000000e+00 -2.807319e-03
0.000000e+00 5.610000e+00 1.218081e+00 1.218083e+00 0.000000e+00 -2.077533e-03
0.000000e+00 5.665000e+00 1.216160e+00 1.216161e+00 0.000000e+00 -1.391002e-03
0.000000e+00 5.720000e+00 1.214250e+00 1.214251e+00 0.000000e+00 -7.430966e-04
0.000000e+00 5.775000e+00 1.212377e+00 1.212378e+00 0.000000e+00 -1.160110e-04
0.000000e+00 5.830000e+00 1.210565e+00 1.210566e+00 0.000000e+00 5.089340e-04
0.000000e+00 5.885000e+00 1.208820e+00 1.208821e+00 0.000000e+00 1.139521e-03
0.000000e+00 5.940000e+00 1.207127e+00 1.207128e+00 0.000000e+00 1.768661e-03
0.000000e+00 5.995000e+00 1.205462e+00 1.205463e+00 0.000000e+00 2.379977e-03
0.000000e+00 6.050000e+00 1.203803e+00 1.203804e+00 0.000000e+00 2.958547e-03
0.000000e+00 6.105000e+00 1.202143e+00 1.202144e+00 0.000000e+00 3.499785e-03
0.000000e+00 6.160000e+00 1.200493e+00 1.200494e+00 0.000000e+00 4.011424e-03
0.000000e+00 6.215000e+00 1.198876e+00 1.198876e+00 0.000000e+00 4.508365e-03
0.000000e+00 6.270000e+00 1.197306e+00 1.197307e+00 0.000000e+00 5.004207e-03
0.000000e+00 6.325000e+00 1.195791e+00 1.195792e+00 0.000000e+00 5.504443e-03
0.000000e+00 6.380000e+00 1.194319e+00 1.194320e+00 0.000000e+00 6.004587e-03
0.000000e+00 6.435000e+00 1.192874e+00 1.192875e+00 0.000000e+00 6.493497e-03
0.000000e+00 6.490000e+00 1.191438e+00 1.191439e+00 0.000000e+00 6.959564e-03
0.000000e+00 6.545000e+00 1.190004e+00 1.190005e+00 0.000000e+00 7.396417e-03
0.000000e+00 6.600000e+00 1.188574e+00 1.188575e+00 0.000000e+00 7.805506e-03
0.000000e+00 6.655000e+00 1.187158e+00 1.187159e+00 0.000000e+00 8.194637e-03
0.000000e+00 6.710000e+00 1.185769e+00 1.185770e+00 0.000000e+00 8.573399e-03
0.000000e+00 6.765000e+00 1.184413e+00 1.184414e+00 0.000000e+00 8.947838e-03
0.000000e+00 6.820000e+00 1.183087e+00 1.183088e+00 0.000000e+00 9.317139e-03
0.000000e+00 6.875000e+00 1.181779e+00 1.181779e+00 0.000000e+00 9.674199e-03
0.000000e+00 6.930000e+00 1.180474e+00 1.180475e+00 0.000000e+00 1.001006e-02
0.000000e+00 6.985000e+00 1.179166e+00 1.179167e+00 0.000000e+00 1.031993e-02
0.000000e+00 7.040000e+00 1.177861e+00 1.177862e+00 0.000000e+00 1.060764e-02
0.000000e+00 7.095000e+00 1.176578e+00 1.176579e+00 0.000000e+00 1.088563e-02
0.000000e+00 7.150000e+00 1.175342e+00 1.175342e+00 0.000000e+00 1.117047e-02
0.000000e+00 7.205000e+00 1.174171e+00 1.174172e+00 0.000000e+00 1.147550e-02
0.000000e+00 7.260000e+00 1.173072e+00 1.173073e+00 0.000000e+00 1.180431e-02
0.000000e+00 7.315000e+00 1.172030e+00 1.172030e+00 0.000000e+00 1.214795e-02
0.000000e+00 7.370000e+00 1.171014e+00 1.171015e+00 0.000000e+00 1.248747e-02
0.000000e+00 7.425000e+00 1.169991e+00 1.169992e+00 0.000000e+00 1.280078e-02
0.000000e+00 7.480000e+00 1.168936e+00 1.168936e+00 0.000000e+00 1.307100e-02
0.000000e+00 7.535000e+00 1.167839e+00 1.167839e+00 0.000000e+00 1.329285e-02
0.000000e+00 7.590000e+00 1.166714e+00 1.166714e+00 0.000000e+00 1.347452e-02
0.000000e+00 7.645000e+00 1.165587e+00 1.165588e+00 0.000000e+00 1.363402e-02
0.000000e+00 7.700000e+00 1.164490e+00 1.164490e+00 0.000000e+00 1.379164e-02
0.000000e+00 7.755000e+00 1.163440e+00 1.163441e+00 0.000000e+00 1.396140e-02
0.000000e+00 7.810000e+00 1.162440e+00 1.162441e+00 0.000000e+00 1.414513e-02
0.000000e+00 7.865000e+00 1.161471e+00 1.161472e+00 0.000000e+00 1.433196e-02
0.000000e+00 7.920000e+00 1.160506e+00 1.160507e+00 0.000000e+00 1.450384e-02
0.000000e+00 7.975000e+00 1.159523e+00 1.159523e+00 0.000000e+00 1.464442e-02
0.000000e+00 8.030000e+00 1.158513e+00 1.158514e+00 0.000000e+00 1.474721e-02
0.000000e+00 8.085000e+00 1.157491e+00 1.157492e+00 0.000000e+00 1.481877e-02
0.000000e+00 8.140000e+00 1.156488e+00 1.156488e+00 0.000000e+00 1.487627e-02
0.000000e+00 8.195000e+00 1.155532e+00 1.155533e+00 0.000000e+00 1.494106e-02
0.000000e+00 8.250000e+00 1.154639e+00 1.154640e+00 0.000000e+00 1.503078e-02
0.000000e+00 8.305000e+00 1.153798e+00 1.153798e+00 0.000000e+00 1.515042e-02
0.000000e+00 8.360000e+00 1.152982e+00 1.152982e+00 0.000000e+00 1.528419e-02
0.000000e+00 8.415000e+00 1.152170e+00 1.152170e+00 0.000000e+00 1.539575e-02
0.000000e+00 8.470000e+00 1.151353e+00 1.151354e+00 0.000000e+00 1.544614e-02
0.000000e+00 8.525000e+00 1.150525e+00 1.150525e+00 0.000000e+00 1.542596e-02
0.000000e+00 8.580000e+00 1.149666e+00 1.149666e+00 0.000000e+00 1.537476e-02
0.000000e+00 8.635000e+00 1.148760e+00 1.148761e+00 0.000000e+00 1.535803e-02
0.000000e+00 8.690000e+00 1.147834e+00 1.147834e+00 0.000000e+00 1.540843e-02
0.000000e+00 8.745000e+00 1.146964e+00 1.146964e+00 0.000000e+00 1.548843e-02
0.000000e+00 8.800000e+00 1.146219e+00 1.146219e+00 0.000000e+00 1.552013e-02
0.000000e+00 8.855000e+00 1.145572e+00 1.145573e+00 0.000000e+00 1.546285e-02
0.000000e+00 8.910000e+00 1.144885e+00 1.144885e+00 0.000000e+00 1.535205e-02
0.000000e+00 8.965000e+00 1.144008e+00 1.144008e+00 0.000000e+00 1.525501e-02
0.000000e+00 9.020000e+00 1.142916e+00 1.142917e+00 0.000000e+00 1.519108e-02
0.000000e+00 9.075000e+00 1.141737e+00 1.141738e+00 0.000000e+00 1.511726e-02
0.000000e+00 9.130000e+00 1.140646e+00 1.140646e+00 0.000000e+00 1.498536e-02
0.000000e+00 9.185000e+00 1.139740e+00 1.139741e+00 0.000000e+00 1.480017e-02
0.000000e+00 9.240000e+00 1.139007e+00 1.139007e+00 0.000000e+00 1.461813e-02
0.000000e+00 9.295000e+00 1.138370e+00 1.138370e+00 0.000000e+00 1.449306e-02
0.000000e+00 9.350000e+00 1.137756e+00 1.137757e+00 0.000000e+00 1.443966e-02
0.000000e+00 9.405000e+00 1.137116e+00 1.137116e+00 0.000000e+00 1.443942e-02
0.000000e+00 9.460000e+00 1.136415e+00 1.136416e+00 0.000000e+00 1.446320e-02
0.000000e+00 9.515000e+00 1.135641e+00 1.135641e+00 0.000000e+00 1.447892e-02
0.000000e+00 9.570000e+00 1.134804e+00 1.134805e+00 0.000000e+00 1.445057e-02
0.000000e+00 9.625000e+00 1.133938e+00 1.133938e+00 0.000000e+00 1.433276e-02
0.000000e+00 9.680000e+00 1.133082e+00 1.133083e+00 0.000000e+00 1.408558e-02
0.000000e+00 9.735000e+00 1.132249e+00 1.132249e+00 0.000000e+00 1.366367e-02
0.000000e+00 9.790000e+00 1.131446e+00 1.131446e+00 0.000000e+00 1.306308e-02
0.000000e+00 9.845000e+00 1.130631e+00 1.130631e+00 0.000000e+00 1.230758e-02
0.000000e+00 9.900000e+00 1.129820e+00 1.129820e+00 0.000000e+00 1.156183e-02
0.000000e+00 9.955000e+00 1.128955e+00 1.128956e+00 0.000000e+00 1.094646e-02
0.000000e+00 1.001000e+01 1.105114e+00 1.105114e+00 -0.000000e+00 -1.013850e-02
0.000000e+00 1.006500e+01 1.105114e+00 1.105114e+00 -0.000000e+00 -1.013850e-02
0.000000e+00 1.012000e+01 1.105114e+00 1.105114e+00 -0.000000e+00 -1.013850e-02
0.000000e+00 1.017500e+01 1.105114e+00 1.105114e+00 -0.000000e+00 -1.013850e-02
0.000000e+00 1.023000e+01 1.105114e+00 1.105114e+00 -0.000000e+00 -1.013850e-02
0.000000e+00 1.028500e+01 1.105114e+00 1.105114e+00 -0.000000e+00 -1.013850e-02
0.000000e+00 1.034000e+01 1.105114e+00 1.105114e+00 -0.000000e+00 -1.013850e-02
0.000000e+00 1.039500e+01 1.105114e+00 1.105114e+00 -0.000000e+00 -1.013850e-02
0.000000e+00 1.045000e+01 1.105114e+00 1.105114e+00 -0.000000e+00 -1.013850e-02
0.000000e+00 1.050500e+01 1.105114e+00 1.105114e+00 -0.000000e+00 -1.013850e-02
0.000000e+00 1.056000e+01 1.105114e+00 1.105114e+00 -0.000000e+00 -1.013850e-02
0.000000e+00 1.061500e+01 1.105114e+00 1.105114e+00 -0.000000e+00 -1.013850e-02
0.000000e+00 1.067000e+01 1.105114e+00 1.105114e+00 -0.000000e+00 -1.013850e-02
0.000000e+00 1.072500e+01 1.105114e+00 1.105114e+00 -0.000000e+00 -1.013850e-02
0.000000e+00 1.078000e+01 1.105114e+00 1.105114e+00 -0.000000e+00 -1.013850e-02
0.000000e+00 1.083500e+01 1.105114e+00 1.105114e+00 -0.000000e+00 -1.013850e-02
0.000000e+00 1.089000e+01 1.105114e+00 1.105114e+00 -0.000000e+00 -1.013850e-02
0.000000e+00 1.094500e+01 1.105114e+00 1.105114e+00 -0.000000e+00 -1.013850e-02
0.000000e+00 1.100000e+01 1.105114e+00 1.105114e+00 -0.000000e+00 -1.013850e-02
