#############TIME##################
1.510138e+01 
###################################
0.000000e+00 0.000000e+00 2.268137e+01 2.268194e+01 0.000000e+00 -3.044077e+00
0.000000e+00 5.500000e-02 2.268137e+01 2.268194e+01 0.000000e+00 -3.044077e+00
0.000000e+00 1.100000e-01 2.268005e+01 2.268062e+01 0.000000e+00 -3.044078e+00
0.000000e+00 1.650000e-01 1.404896e+01 1.404931e+01 0.000000e+00 -2.296362e+00
0.000000e+00 2.200000e-01 1.037961e+01 1.037984e+01 0.000000e+00 -1.935153e+00
0.000000e+00 2.750000e-01 8.137433e+00 8.137594e+00 0.000000e+00 -1.640925e+00
0.000000e+00 3.300000e-01 6.714760e+00 6.714881e+00 0.000000e+00 -1.424484e+00
0.000000e+00 3.850000e-01 5.702525e+00 5.702618e+00 0.000000e+00 -1.248037e+00
0.000000e+00 4.400000e-01 4.980999e+00 4.981074e+00 0.000000e+00 -1.107583e+00
0.000000e+00 4.950000e-01 4.430568e+00 4.430630e+00 0.000000e+00 -9.897021e-01
0.000000e+00 5.500000e-01 4.004137e+00 4.004189e+00 0.000000e+00 -8.921851e-01
0.000000e+00 6.050000e-01 3.664134e+00 3.664178e+00 0.000000e+00 -8.084194e-01
0.000000e+00 6.600000e-01 3.388108e+00 3.388146e+00 0.000000e+00 -7.368996e-01
0.000000e+00 7.150000e-01 3.159606e+00 3.159639e+00 0.000000e+00 -6.746790e-01
0.000000e+00 7.700000e-01 2.968005e+00 2.968034e+00 0.000000e+00 -6.204108e-01
0.000000e+00 8.250000e-01 2.805186e+00 2.805212e+00 0.000000e+00 -5.725780e-01
0.000000e+00 8.800000e-01 2.665405e+00 2.665428e+00 0.000000e+00 -5.302216e-01
0.000000e+00 9.350000e-01 2.544215e+00 2.544236e+00 0.000000e+00 -4.924601e-01
0.000000e+00 9.900000e-01 2.438278e+00 2.438297e+00 0.000000e+00 -4.586334e-01
0.000000e+00 1.045000e+00 2.344966e+00 2.344983e+00 0.000000e+00 -4.281773e-01
0.000000e+00 1.100000e+00 2.262227e+00 2.262243e+00 0.000000e+00 -4.006394e-01
0.000000e+00 1.155000e+00 2.188417e+00 2.188432e+00 0.000000e+00 -3.756398e-01
0.000000e+00 1.210000e+00 2.122214e+00 2.122227e+00 0.000000e+00 -3.528641e-01
0.000000e+00 1.265000e+00 2.062538e+00 2.062551e+00 0.000000e+00 -3.320466e-01
0.000000e+00 1.320000e+00 2.008505e+00 2.008517e+00 0.000000e+00 -3.129627e-01
0.000000e+00 1.375000e+00 1.959378e+00 1.959389e+00 0.000000e+00 -2.954204e-01
0.000000e+00 1.430000e+00 1.914543e+00 1.914553e+00 0.000000e+00 -2.792546e-01
0.000000e+00 1.485000e+00 1.873479e+00 1.873489e+00 0.000000e+00 -2.643221e-01
0.000000e+00 1.540000e+00 1.835749e+00 1.835758e+00 0.000000e+00 -2.504977e-01
0.000000e+00 1.595000e+00 1.800975e+00 1.800984e+00 0.000000e+00 -2.376716e-01
0.000000e+00 1.650000e+00 1.768837e+00 1.768845e+00 0.000000e+00 -2.257475e-01
0.000000e+00 1.705000e+00 1.739054e+00 1.739062e+00 0.000000e+00 -2.146411e-01
0.000000e+00 1.760000e+00 1.711386e+00 1.711394e+00 0.000000e+00 -2.042793e-01
0.000000e+00 1.815000e+00 1.685622e+00 1.685629e+00 0.000000e+00 -1.945973e-01
0.000000e+00 1.870000e+00 1.661578e+00 1.661585e+00 0.000000e+00 -1.855372e-01
0.000000e+00 1.925000e+00 1.639092e+00 1.639099e+00 0.000000e+00 -1.770466e-01
0.000000e+00 1.980000e+00 1.618024e+00 1.618030e+00 0.000000e+00 -1.690780e-01
0.000000e+00 2.035000e+00 1.598248e+00 1.598254e+00 0.000000e+00 -1.615886e-01
0.000000e+00 2.090000e+00 1.579653e+00 1.579658e+00 0.000000e+00 -1.545397e-01
0.000000e+00 2.145000e+00 1.562139e+00 1.562145e+00 0.000000e+00 -1.478968e-01
0.000000e+00 2.200000e+00 1.545618e+00 1.545623e+00 0.000000e+00 -1.416289e-01
0.000000e+00 2.255000e+00 1.530008e+00 1.530013e+00 0.000000e+00 -1.357078e-01
0.000000e+00 2.310000e+00 1.515238e+00 1.515243e+00 0.000000e+00 -1.301084e-01
0.000000e+00 2.365000e+00 1.501243e+00 1.501248e+00 0.000000e+00 -1.248072e-01
0.000000e+00 2.420000e+00 1.487966e+00 1.487970e+00 0.000000e+00 -1.197828e-01
0.000000e+00 2.475000e+00 1.475356e+00 1.475360e+00 0.000000e+00 -1.150150e-01
0.000000e+00 2.530000e+00 1.463368e+00 1.463372e+00 0.000000e+00 -1.104848e-01
0.000000e+00 2.585000e+00 1.451961e+00 1.451965e+00 0.000000e+00 -1.061746e-01
0.000000e+00 2.640000e+00 1.441099e+00 1.441103e+00 0.000000e+00 -1.020681e-01
0.000000e+00 2.695000e+00 1.430748e+00 1.430751e+00 0.000000e+00 -9.815064e-02
0.000000e+00 2.750000e+00 1.420874e+00 1.420878e+00 0.000000e+00 -9.440960e-02
0.000000e+00 2.805000e+00 1.411447e+00 1.411451e+00 0.000000e+00 -9.083402e-02
0.000000e+00 2.860000e+00 1.402437e+00 1.402441e+00 0.000000e+00 -8.741458e-02
0.000000e+00 2.915000e+00 1.393816e+00 1.393819e+00 0.000000e+00 -8.414303e-02
0.000000e+00 2.970000e+00 1.385556e+00 1.385559e+00 0.000000e+00 -8.101162e-02
0.000000e+00 3.025000e+00 1.377636e+00 1.377639e+00 0.000000e+00 -7.801266e-02
0.000000e+00 3.080000e+00 1.370035e+00 1.370038e+00 0.000000e+00 -7.513824e-02
0.000000e+00 3.135000e+00 1.362736e+00 1.362739e+00 0.000000e+00 -7.238036e-02
0.000000e+00 3.190000e+00 1.355725e+00 1.355728e+00 0.000000e+00 -6.973111e-02
0.000000e+00 3.245000e+00 1.348990e+00 1.348993e+00 0.000000e+00 -6.718297e-02
0.000000e+00 3.300000e+00 1.342518e+00 1.342521e+00 0.000000e+00 -6.472889e-02
0.000000e+00 3.355000e+00 1.336297e+00 1.336300e+00 0.000000e+00 -6.236248e-02
0.000000e+00 3.410000e+00 1.330315e+00 1.330318e+00 0.000000e+00 -6.007810e-02
0.000000e+00 3.465000e+00 1.324559e+00 1.324561e+00 0.000000e+00 -5.787118e-02
0.000000e+00 3.520000e+00 1.319015e+00 1.319018e+00 0.000000e+00 -5.573845e-02
0.000000e+00 3.575000e+00 1.313670e+00 1.313673e+00 0.000000e+00 -5.367795e-02
0.000000e+00 3.630000e+00 1.308511e+00 1.308514e+00 0.000000e+00 -5.168863e-02
0.000000e+00 3.685000e+00 1.303526e+00 1.303528e+00 0.000000e+00 -4.976960e-02
0.000000e+00 3.740000e+00 1.298703e+00 1.298705e+00 0.000000e+00 -4.791940e-02
0.000000e+00 3.795000e+00 1.294035e+00 1.294037e+00 0.000000e+00 -4.613559e-02
0.000000e+00 3.850000e+00 1.289513e+00 1.289515e+00 0.000000e+00 -4.441467e-02
0.000000e+00 3.905000e+00 1.285133e+00 1.285135e+00 0.000000e+00 -4.275235e-02
0.000000e+00 3.960000e+00 1.280889e+00 1.280891e+00 0.000000e+00 -4.114376e-02
0.000000e+00 4.015000e+00 1.276781e+00 1.276783e+00 0.000000e+00 -3.958360e-02
0.000000e+00 4.070000e+00 1.272808e+00 1.272810e+00 0.000000e+00 -3.806636e-02
0.000000e+00 4.125000e+00 1.268969e+00 1.268971e+00 0.000000e+00 -3.658674e-02
0.000000e+00 4.180000e+00 1.265264e+00 1.265265e+00 0.000000e+00 -3.514059e-02
0.000000e+00 4.235000e+00 1.261687e+00 1.261689e+00 0.000000e+00 -3.372567e-02
0.000000e+00 4.290000e+00 1.258233e+00 1.258234e+00 0.000000e+00 -3.234198e-02
0.000000e+00 4.345000e+00 1.254889e+00 1.254891e+00 0.000000e+00 -3.099120e-02
0.000000e+00 4.400000e+00 1.251646e+00 1.251648e+00 0.000000e+00 -2.967551e-02
0.000000e+00 4.455000e+00 1.248495e+00 1.248497e+00 0.000000e+00 -2.839629e-02
0.000000e+00 4.510000e+00 1.245430e+00 1.245431e+00 0.000000e+00 -2.715349e-02
0.000000e+00 4.565000e+00 1.242448e+00 1.242450e+00 0.000000e+00 -2.594573e-02
0.000000e+00 4.620000e+00 1.239550e+00 1.239551e+00 0.000000e+00 -2.477086e-02
0.000000e+00 4.675000e+00 1.236734e+00 1.236735e+00 0.000000e+00 -2.362659e-02
0.000000e+00 4.730000e+00 1.233999e+00 1.234001e+00 0.000000e+00 -2.251066e-02
0.000000e+00 4.785000e+00 1.231346e+00 1.231347e+00 0.000000e+00 -2.142075e-02
0.000000e+00 4.840000e+00 1.228771e+00 1.228772e+00 0.000000e+00 -2.035440e-02
0.000000e+00 4.895000e+00 1.226273e+00 1.226274e+00 0.000000e+00 -1.930919e-02
0.000000e+00 4.950000e+00 1.223849e+00 1.223850e+00 0.000000e+00 -1.828318e-02
0.000000e+00 5.005000e+00 1.221497e+00 1.221498e+00 0.000000e+00 -1.727540e-02
0.000000e+00 5.060000e+00 1.219213e+00 1.219214e+00 0.000000e+00 -1.628606e-02
0.000000e+00 5.115000e+00 1.216993e+00 1.216994e+00 0.000000e+00 -1.531641e-02
0.000000e+00 5.170000e+00 1.214833e+00 1.214834e+00 0.000000e+00 -1.436834e-02
0.000000e+00 5.225000e+00 1.212727e+00 1.212728e+00 0.000000e+00 -1.344391e-02
0.000000e+00 5.280000e+00 1.210670e+00 1.210671e+00 0.000000e+00 -1.254495e-02
0.000000e+00 5.335000e+00 1.208659e+00 1.208660e+00 0.000000e+00 -1.167253e-02
0.000000e+00 5.390000e+00 1.206690e+00 1.206691e+00 0.000000e+00 -1.082657e-02
0.000000e+00 5.445000e+00 1.204765e+00 1.204766e+00 0.000000e+00 -1.000529e-02
0.000000e+00 5.500000e+00 1.202885e+00 1.202886e+00 0.000000e+00 -9.205111e-03
0.000000e+00 5.555000e+00 1.201056e+00 1.201057e+00 0.000000e+00 -8.421174e-03
0.000000e+00 5.610000e+00 1.199281e+00 1.199282e+00 0.000000e+00 -7.648738e-03
0.000000e+00 5.665000e+00 1.197563e+00 1.197564e+00 0.000000e+00 -6.885161e-03
0.000000e+00 5.720000e+00 1.195896e+00 1.195897e+00 0.000000e+00 -6.131525e-03
0.000000e+00 5.775000e+00 1.194272e+00 1.194273e+00 0.000000e+00 -5.392784e-03
0.000000e+00 5.830000e+00 1.192679e+00 1.192680e+00 0.000000e+00 -4.675765e-03
0.000000e+00 5.885000e+00 1.191110e+00 1.191111e+00 0.000000e+00 -3.985651e-03
0.000000e+00 5.940000e+00 1.189563e+00 1.189564e+00 0.000000e+00 -3.322788e-03
0.000000e+00 5.995000e+00 1.188045e+00 1.188046e+00 0.000000e+00 -2.681985e-03
0.000000e+00 6.050000e+00 1.186565e+00 1.186566e+00 0.000000e+00 -2.055142e-03
0.000000e+00 6.105000e+00 1.185131e+00 1.185132e+00 0.000000e+00 -1.435793e-03
0.000000e+00 6.160000e+00 1.183741e+00 1.183742e+00 0.000000e+00 -8.225526e-04
0.000000e+00 6.215000e+00 1.182389e+00 1.182390e+00 0.000000e+00 -2.188517e-04
0.000000e+00 6.270000e+00 1.181069e+00 1.181070e+00 0.000000e+00 3.710628e-04
0.000000e+00 6.325000e+00 1.179780e+00 1.179780e+00 0.000000e+00 9.468469e-04
0.000000e+00 6.380000e+00 1.178529e+00 1.178530e+00 0.000000e+00 1.513401e-03
0.000000e+00 6.435000e+00 1.177324e+00 1.177325e+00 0.000000e+00 2.076894e-03
0.000000e+00 6.490000e+00 1.176165e+00 1.176166e+00 0.000000e+00 2.637659e-03
0.000000e+00 6.545000e+00 1.175034e+00 1.175035e+00 0.000000e+00 3.185298e-03
0.000000e+00 6.600000e+00 1.173904e+00 1.173905e+00 0.000000e+00 3.700792e-03
0.000000e+00 6.655000e+00 1.172749e+00 1.172750e+00 0.000000e+00 4.166007e-03
0.000000e+00 6.710000e+00 1.171564e+00 1.171565e+00 0.000000e+00 4.575404e-03
0.000000e+00 6.765000e+00 1.170369e+00 1.170370e+00 0.000000e+00 4.942176e-03
0.000000e+00 6.820000e+00 1.169202e+00 1.169203e+00 0.000000e+00 5.293925e-03
0.000000e+00 6.875000e+00 1.168099e+00 1.168099e+00 0.000000e+00 5.659534e-03
0.000000e+00 6.930000e+00 1.167073e+00 1.167074e+00 0.000000e+00 6.054100e-03
0.000000e+00 6.985000e+00 1.166109e+00 1.166110e+00 0.000000e+00 6.470323e-03
0.000000e+00 7.040000e+00 1.165171e+00 1.165171e+00 0.000000e+00 6.882062e-03
0.000000e+00 7.095000e+00 1.164222e+00 1.164223e+00 0.000000e+00 7.258890e-03
0.000000e+00 7.150000e+00 1.163249e+00 1.163249e+00 0.000000e+00 7.583826e-03
0.000000e+00 7.205000e+00 1.162258e+00 1.162259e+00 0.000000e+00 7.863814e-03
0.000000e+00 7.260000e+00 1.161277e+00 1.161278e+00 0.000000e+00 8.125766e-03
0.000000e+00 7.315000e+00 1.160333e+00 1.160333e+00 0.000000e+00 8.399603e-03
0.000000e+00 7.370000e+00 1.159445e+00 1.159445e+00 0.000000e+00 8.698312e-03
0.000000e+00 7.425000e+00 1.158618e+00 1.158619e+00 0.000000e+00 9.008711e-03
0.000000e+00 7.480000e+00 1.157844e+00 1.157844e+00 0.000000e+00 9.300810e-03
0.000000e+00 7.535000e+00 1.157097e+00 1.157098e+00 0.000000e+00 9.550326e-03
0.000000e+00 7.590000e+00 1.156344e+00 1.156345e+00 0.000000e+00 9.757644e-03
0.000000e+00 7.645000e+00 1.155554e+00 1.155554e+00 0.000000e+00 9.947666e-03
0.000000e+00 7.700000e+00 1.154717e+00 1.154718e+00 0.000000e+00 1.014965e-02
0.000000e+00 7.755000e+00 1.153860e+00 1.153861e+00 0.000000e+00 1.037340e-02
0.000000e+00 7.810000e+00 1.153035e+00 1.153036e+00 0.000000e+00 1.060209e-02
0.000000e+00 7.865000e+00 1.152290e+00 1.152291e+00 0.000000e+00 1.080721e-02
0.000000e+00 7.920000e+00 1.151640e+00 1.151640e+00 0.000000e+00 1.097285e-02
0.000000e+00 7.975000e+00 1.151051e+00 1.151052e+00 0.000000e+00 1.110783e-02
0.000000e+00 8.030000e+00 1.150465e+00 1.150466e+00 0.000000e+00 1.123563e-02
0.000000e+00 8.085000e+00 1.149834e+00 1.149835e+00 0.000000e+00 1.137349e-02
0.000000e+00 8.140000e+00 1.149146e+00 1.149147e+00 0.000000e+00 1.152047e-02
0.000000e+00 8.195000e+00 1.148423e+00 1.148423e+00 0.000000e+00 1.166319e-02
0.000000e+00 8.250000e+00 1.147700e+00 1.147700e+00 0.000000e+00 1.178998e-02
0.000000e+00 8.305000e+00 1.147008e+00 1.147008e+00 0.000000e+00 1.189923e-02
0.000000e+00 8.360000e+00 1.146359e+00 1.146359e+00 0.000000e+00 1.199683e-02
0.000000e+00 8.415000e+00 1.145748e+00 1.145748e+00 0.000000e+00 1.208811e-02
0.000000e+00 8.470000e+00 1.145157e+00 1.145158e+00 0.000000e+00 1.217256e-02
0.000000e+00 8.525000e+00 1.144565e+00 1.144566e+00 0.000000e+00 1.224456e-02
0.000000e+00 8.580000e+00 1.143955e+00 1.143955e+00 0.000000e+00 1.229837e-02
0.000000e+00 8.635000e+00 1.143323e+00 1.143324e+00 0.000000e+00 1.233345e-02
0.000000e+00 8.690000e+00 1.142682e+00 1.142682e+00 0.000000e+00 1.235718e-02
0.000000e+00 8.745000e+00 1.142053e+00 1.142054e+00 0.000000e+00 1.238334e-02
0.000000e+00 8.800000e+00 1.141461e+00 1.141461e+00 0.000000e+00 1.242724e-02
0.000000e+00 8.855000e+00 1.140916e+00 1.140916e+00 0.000000e+00 1.249948e-02
0.000000e+00 8.910000e+00 1.140416e+00 1.140416e+00 0.000000e+00 1.260167e-02
0.000000e+00 8.965000e+00 1.139943e+00 1.139943e+00 0.000000e+00 1.272553e-02
0.000000e+00 9.020000e+00 1.139469e+00 1.139469e+00 0.000000e+00 1.285571e-02
0.000000e+00 9.075000e+00 1.138967e+00 1.138968e+00 0.000000e+00 1.297497e-02
0.000000e+00 9.130000e+00 1.138421e+00 1.138421e+00 0.000000e+00 1.307043e-02
0.000000e+00 9.185000e+00 1.137828e+00 1.137829e+00 0.000000e+00 1.313894e-02
0.000000e+00 9.240000e+00 1.137206e+00 1.137206e+00 0.000000e+00 1.318984e-02
0.000000e+00 9.295000e+00 1.136580e+00 1.136580e+00 0.000000e+00 1.324271e-02
0.000000e+00 9.350000e+00 1.135980e+00 1.135981e+00 0.000000e+00 1.332048e-02
0.000000e+00 9.405000e+00 1.135426e+00 1.135427e+00 0.000000e+00 1.343799e-02
0.000000e+00 9.460000e+00 1.134918e+00 1.134919e+00 0.000000e+00 1.359337e-02
0.000000e+00 9.515000e+00 1.134436e+00 1.134436e+00 0.000000e+00 1.376212e-02
0.000000e+00 9.570000e+00 1.133952e+00 1.133952e+00 0.000000e+00 1.390453e-02
0.000000e+00 9.625000e+00 1.133434e+00 1.133434e+00 0.000000e+00 1.396651e-02
0.000000e+00 9.680000e+00 1.132877e+00 1.132877e+00 0.000000e+00 1.389760e-02
0.000000e+00 9.735000e+00 1.132280e+00 1.132280e+00 0.000000e+00 1.364322e-02
0.000000e+00 9.790000e+00 1.131684e+00 1.131684e+00 0.000000e+00 1.321200e-02
0.000000e+00 9.845000e+00 1.131089e+00 1.131089e+00 0.000000e+00 1.265326e-02
0.000000e+00 9.900000e+00 1.130573e+00 1.130573e+00 0.000000e+00 1.218786e-02
0.000000e+00 9.955000e+00 1.130054e+00 1.130054e+00 0.000000e+00 1.191980e-02
0.000000e+00 1.001000e+01 1.105114e+00 1.105114e+00 -0.000000e+00 -1.013850e-02
0.000000e+00 1.006500e+01 1.105114e+00 1.105114e+00 -0.000000e+00 -1.013850e-02
0.000000e+00 1.012000e+01 1.105114e+00 1.105114e+00 -0.000000e+00 -1.013850e-02
0.000000e+00 1.017500e+01 1.105114e+00 1.105114e+00 -0.000000e+00 -1.013850e-02
0.000000e+00 1.023000e+01 1.105114e+00 1.105114e+00 -0.000000e+00 -1.013850e-02
0.000000e+00 1.028500e+01 1.105114e+00 1.105114e+00 -0.000000e+00 -1.013850e-02
0.000000e+00 1.034000e+01 1.105114e+00 1.105114e+00 -0.000000e+00 -1.013850e-02
0.000000e+00 1.039500e+01 1.105114e+00 1.105114e+00 -0.000000e+00 -1.013850e-02
0.000000e+00 1.045000e+01 1.105114e+00 1.105114e+00 -0.000000e+00 -1.013850e-02
0.000000e+00 1.050500e+01 1.105114e+00 1.105114e+00 -0.000000e+00 -1.013850e-02
0.000000e+00 1.056000e+01 1.105114e+00 1.105114e+00 -0.000000e+00 -1.013850e-02
0.000000e+00 1.061500e+01 1.105114e+00 1.105114e+00 -0.000000e+00 -1.013850e-02
0.000000e+00 1.067000e+01 1.105114e+00 1.105114e+00 -0.000000e+00 -1.013850e-02
0.000000e+00 1.072500e+01 1.105114e+00 1.105114e+00 -0.000000e+00 -1.013850e-02
0.000000e+00 1.078000e+01 1.105114e+00 1.105114e+00 -0.000000e+00 -1.013850e-02
0.000000e+00 1.083500e+01 1.105114e+00 1.105114e+00 -0.000000e+00 -1.013850e-02
0.000000e+00 1.089000e+01 1.105114e+00 1.105114e+00 -0.000000e+00 -1.013850e-02
0.000000e+00 1.094500e+01 1.105114e+00 1.105114e+00 -0.000000e+00 -1.013850e-02
0.000000e+00 1.100000e+01 1.105114e+00 1.105114e+00 -0.000000e+00 -1.013850e-02
