#############TIME##################
1.810009e+01 
###################################
0.000000e+00 0.000000e+00 2.223421e+01 2.223476e+01 0.000000e+00 -3.044346e+00
0.000000e+00 5.500000e-02 2.223421e+01 2.223476e+01 0.000000e+00 -3.044346e+00
0.000000e+00 1.100000e-01 2.223347e+01 2.223402e+01 0.000000e+00 -3.044346e+00
0.000000e+00 1.650000e-01 1.377213e+01 1.377247e+01 0.000000e+00 -2.296776e+00
0.000000e+00 2.200000e-01 1.017510e+01 1.017532e+01 0.000000e+00 -1.935661e+00
0.000000e+00 2.750000e-01 7.977215e+00 7.977372e+00 0.000000e+00 -1.641521e+00
0.000000e+00 3.300000e-01 6.582579e+00 6.582696e+00 0.000000e+00 -1.425171e+00
0.000000e+00 3.850000e-01 5.590297e+00 5.590388e+00 0.000000e+00 -1.248816e+00
0.000000e+00 4.400000e-01 4.882982e+00 4.883054e+00 0.000000e+00 -1.108456e+00
0.000000e+00 4.950000e-01 4.343389e+00 4.343448e+00 0.000000e+00 -9.906698e-01
0.000000e+00 5.500000e-01 3.925363e+00 3.925413e+00 0.000000e+00 -8.932449e-01
0.000000e+00 6.050000e-01 3.592067e+00 3.592110e+00 0.000000e+00 -8.095699e-01
0.000000e+00 6.600000e-01 3.321485e+00 3.321521e+00 0.000000e+00 -7.381412e-01
0.000000e+00 7.150000e-01 3.097488e+00 3.097520e+00 0.000000e+00 -6.760114e-01
0.000000e+00 7.700000e-01 2.909663e+00 2.909691e+00 0.000000e+00 -6.218345e-01
0.000000e+00 8.250000e-01 2.750048e+00 2.750073e+00 0.000000e+00 -5.740935e-01
0.000000e+00 8.800000e-01 2.613013e+00 2.613036e+00 0.000000e+00 -5.318301e-01
0.000000e+00 9.350000e-01 2.494200e+00 2.494221e+00 0.000000e+00 -4.941624e-01
0.000000e+00 9.900000e-01 2.390338e+00 2.390357e+00 0.000000e+00 -4.604300e-01
0.000000e+00 1.045000e+00 2.298854e+00 2.298871e+00 0.000000e+00 -4.300679e-01
0.000000e+00 1.100000e+00 2.217738e+00 2.217754e+00 0.000000e+00 -4.026229e-01
0.000000e+00 1.155000e+00 2.145378e+00 2.145392e+00 0.000000e+00 -3.777148e-01
0.000000e+00 1.210000e+00 2.080476e+00 2.080490e+00 0.000000e+00 -3.550294e-01
0.000000e+00 1.265000e+00 2.021973e+00 2.021986e+00 0.000000e+00 -3.343019e-01
0.000000e+00 1.320000e+00 1.968999e+00 1.969010e+00 0.000000e+00 -3.153089e-01
0.000000e+00 1.375000e+00 1.920830e+00 1.920840e+00 0.000000e+00 -2.978593e-01
0.000000e+00 1.430000e+00 1.876864e+00 1.876874e+00 0.000000e+00 -2.817887e-01
0.000000e+00 1.485000e+00 1.836594e+00 1.836604e+00 0.000000e+00 -2.669542e-01
0.000000e+00 1.540000e+00 1.799590e+00 1.799599e+00 0.000000e+00 -2.532306e-01
0.000000e+00 1.595000e+00 1.765484e+00 1.765492e+00 0.000000e+00 -2.405077e-01
0.000000e+00 1.650000e+00 1.733960e+00 1.733968e+00 0.000000e+00 -2.286887e-01
0.000000e+00 1.705000e+00 1.704745e+00 1.704753e+00 0.000000e+00 -2.176889e-01
0.000000e+00 1.760000e+00 1.677603e+00 1.677610e+00 0.000000e+00 -2.074341e-01
0.000000e+00 1.815000e+00 1.652325e+00 1.652332e+00 0.000000e+00 -1.978591e-01
0.000000e+00 1.870000e+00 1.628733e+00 1.628740e+00 0.000000e+00 -1.889057e-01
0.000000e+00 1.925000e+00 1.606670e+00 1.606676e+00 0.000000e+00 -1.805222e-01
0.000000e+00 1.980000e+00 1.585997e+00 1.586002e+00 0.000000e+00 -1.726621e-01
0.000000e+00 2.035000e+00 1.566591e+00 1.566596e+00 0.000000e+00 -1.652837e-01
0.000000e+00 2.090000e+00 1.548344e+00 1.548349e+00 0.000000e+00 -1.583490e-01
0.000000e+00 2.145000e+00 1.531159e+00 1.531164e+00 0.000000e+00 -1.518231e-01
0.000000e+00 2.200000e+00 1.514948e+00 1.514953e+00 0.000000e+00 -1.456740e-01
0.000000e+00 2.255000e+00 1.499634e+00 1.499638e+00 0.000000e+00 -1.398724e-01
0.000000e+00 2.310000e+00 1.485146e+00 1.485150e+00 0.000000e+00 -1.343921e-01
0.000000e+00 2.365000e+00 1.471421e+00 1.471426e+00 0.000000e+00 -1.292097e-01
0.000000e+00 2.420000e+00 1.458404e+00 1.458408e+00 0.000000e+00 -1.243045e-01
0.000000e+00 2.475000e+00 1.446043e+00 1.446047e+00 0.000000e+00 -1.196580e-01
0.000000e+00 2.530000e+00 1.434293e+00 1.434297e+00 0.000000e+00 -1.152527e-01
0.000000e+00 2.585000e+00 1.423110e+00 1.423113e+00 0.000000e+00 -1.110723e-01
0.000000e+00 2.640000e+00 1.412456e+00 1.412459e+00 0.000000e+00 -1.071013e-01
0.000000e+00 2.695000e+00 1.402296e+00 1.402299e+00 0.000000e+00 -1.033253e-01
0.000000e+00 2.750000e+00 1.392598e+00 1.392602e+00 0.000000e+00 -9.973164e-02
0.000000e+00 2.805000e+00 1.383334e+00 1.383337e+00 0.000000e+00 -9.630883e-02
0.000000e+00 2.860000e+00 1.374477e+00 1.374480e+00 0.000000e+00 -9.304692e-02
0.000000e+00 2.915000e+00 1.366003e+00 1.366005e+00 0.000000e+00 -8.993684e-02
0.000000e+00 2.970000e+00 1.357889e+00 1.357891e+00 0.000000e+00 -8.696995e-02
0.000000e+00 3.025000e+00 1.350114e+00 1.350116e+00 0.000000e+00 -8.413783e-02
0.000000e+00 3.080000e+00 1.342658e+00 1.342661e+00 0.000000e+00 -8.143227e-02
0.000000e+00 3.135000e+00 1.335503e+00 1.335506e+00 0.000000e+00 -7.884546e-02
0.000000e+00 3.190000e+00 1.328633e+00 1.328635e+00 0.000000e+00 -7.637025e-02
0.000000e+00 3.245000e+00 1.322030e+00 1.322032e+00 0.000000e+00 -7.400033e-02
0.000000e+00 3.300000e+00 1.315681e+00 1.315683e+00 0.000000e+00 -7.173026e-02
0.000000e+00 3.355000e+00 1.309574e+00 1.309576e+00 0.000000e+00 -6.955536e-02
0.000000e+00 3.410000e+00 1.303696e+00 1.303698e+00 0.000000e+00 -6.747135e-02
0.000000e+00 3.465000e+00 1.298037e+00 1.298039e+00 0.000000e+00 -6.547392e-02
0.000000e+00 3.520000e+00 1.292586e+00 1.292588e+00 0.000000e+00 -6.355835e-02
0.000000e+00 3.575000e+00 1.287333e+00 1.287335e+00 0.000000e+00 -6.171951e-02
0.000000e+00 3.630000e+00 1.282266e+00 1.282268e+00 0.000000e+00 -5.995256e-02
0.000000e+00 3.685000e+00 1.277379e+00 1.277381e+00 0.000000e+00 -5.825421e-02
0.000000e+00 3.740000e+00 1.272665e+00 1.272667e+00 0.000000e+00 -5.662391e-02
0.000000e+00 3.795000e+00 1.268124e+00 1.268126e+00 0.000000e+00 -5.506372e-02
0.000000e+00 3.850000e+00 1.263755e+00 1.263757e+00 0.000000e+00 -5.357594e-02
0.000000e+00 3.905000e+00 1.259552e+00 1.259554e+00 0.000000e+00 -5.215891e-02
0.000000e+00 3.960000e+00 1.255500e+00 1.255502e+00 0.000000e+00 -5.080345e-02
0.000000e+00 4.015000e+00 1.251576e+00 1.251577e+00 0.000000e+00 -4.949341e-02
0.000000e+00 4.070000e+00 1.247754e+00 1.247755e+00 0.000000e+00 -4.821233e-02
0.000000e+00 4.125000e+00 1.244021e+00 1.244023e+00 0.000000e+00 -4.695330e-02
0.000000e+00 4.180000e+00 1.240386e+00 1.240387e+00 0.000000e+00 -4.572553e-02
0.000000e+00 4.235000e+00 1.236873e+00 1.236874e+00 0.000000e+00 -4.455068e-02
0.000000e+00 4.290000e+00 1.233506e+00 1.233508e+00 0.000000e+00 -4.344845e-02
0.000000e+00 4.345000e+00 1.230289e+00 1.230290e+00 0.000000e+00 -4.241872e-02
0.000000e+00 4.400000e+00 1.227188e+00 1.227189e+00 0.000000e+00 -4.143409e-02
0.000000e+00 4.455000e+00 1.224149e+00 1.224151e+00 0.000000e+00 -4.045266e-02
0.000000e+00 4.510000e+00 1.221136e+00 1.221137e+00 0.000000e+00 -3.944563e-02
0.000000e+00 4.565000e+00 1.218152e+00 1.218153e+00 0.000000e+00 -3.842004e-02
0.000000e+00 4.620000e+00 1.215245e+00 1.215246e+00 0.000000e+00 -3.741875e-02
0.000000e+00 4.675000e+00 1.212482e+00 1.212483e+00 0.000000e+00 -3.649646e-02
0.000000e+00 4.730000e+00 1.209902e+00 1.209903e+00 0.000000e+00 -3.568540e-02
0.000000e+00 4.785000e+00 1.207489e+00 1.207490e+00 0.000000e+00 -3.497210e-02
0.000000e+00 4.840000e+00 1.205174e+00 1.205175e+00 0.000000e+00 -3.430371e-02
0.000000e+00 4.895000e+00 1.202882e+00 1.202883e+00 0.000000e+00 -3.362212e-02
0.000000e+00 4.950000e+00 1.200574e+00 1.200575e+00 0.000000e+00 -3.289960e-02
0.000000e+00 5.005000e+00 1.198262e+00 1.198263e+00 0.000000e+00 -3.214952e-02
0.000000e+00 5.060000e+00 1.195993e+00 1.195994e+00 0.000000e+00 -3.140829e-02
0.000000e+00 5.115000e+00 1.193805e+00 1.193806e+00 0.000000e+00 -3.070649e-02
0.000000e+00 5.170000e+00 1.191711e+00 1.191711e+00 0.000000e+00 -3.005080e-02
0.000000e+00 5.225000e+00 1.189690e+00 1.189691e+00 0.000000e+00 -2.942665e-02
0.000000e+00 5.280000e+00 1.187719e+00 1.187720e+00 0.000000e+00 -2.881549e-02
0.000000e+00 5.335000e+00 1.185785e+00 1.185786e+00 0.000000e+00 -2.821018e-02
0.000000e+00 5.390000e+00 1.183896e+00 1.183897e+00 0.000000e+00 -2.761702e-02
0.000000e+00 5.445000e+00 1.182068e+00 1.182068e+00 0.000000e+00 -2.704640e-02
0.000000e+00 5.500000e+00 1.180308e+00 1.180309e+00 0.000000e+00 -2.650272e-02
0.000000e+00 5.555000e+00 1.178616e+00 1.178616e+00 0.000000e+00 -2.598166e-02
0.000000e+00 5.610000e+00 1.176980e+00 1.176981e+00 0.000000e+00 -2.547494e-02
0.000000e+00 5.665000e+00 1.175393e+00 1.175394e+00 0.000000e+00 -2.497667e-02
0.000000e+00 5.720000e+00 1.173849e+00 1.173849e+00 0.000000e+00 -2.448553e-02
0.000000e+00 5.775000e+00 1.172345e+00 1.172345e+00 0.000000e+00 -2.400257e-02
0.000000e+00 5.830000e+00 1.170878e+00 1.170879e+00 0.000000e+00 -2.352809e-02
0.000000e+00 5.885000e+00 1.169446e+00 1.169446e+00 0.000000e+00 -2.306081e-02
0.000000e+00 5.940000e+00 1.168044e+00 1.168045e+00 0.000000e+00 -2.259945e-02
0.000000e+00 5.995000e+00 1.166672e+00 1.166673e+00 0.000000e+00 -2.214420e-02
0.000000e+00 6.050000e+00 1.165333e+00 1.165334e+00 0.000000e+00 -2.169646e-02
0.000000e+00 6.105000e+00 1.164027e+00 1.164028e+00 0.000000e+00 -2.125707e-02
0.000000e+00 6.160000e+00 1.162754e+00 1.162754e+00 0.000000e+00 -2.082498e-02
0.000000e+00 6.215000e+00 1.161511e+00 1.161511e+00 0.000000e+00 -2.039754e-02
0.000000e+00 6.270000e+00 1.160295e+00 1.160296e+00 0.000000e+00 -1.997211e-02
0.000000e+00 6.325000e+00 1.159107e+00 1.159108e+00 0.000000e+00 -1.954746e-02
0.000000e+00 6.380000e+00 1.157947e+00 1.157948e+00 0.000000e+00 -1.912406e-02
0.000000e+00 6.435000e+00 1.156817e+00 1.156817e+00 0.000000e+00 -1.870328e-02
0.000000e+00 6.490000e+00 1.155715e+00 1.155716e+00 0.000000e+00 -1.828640e-02
0.000000e+00 6.545000e+00 1.154642e+00 1.154642e+00 0.000000e+00 -1.787427e-02
0.000000e+00 6.600000e+00 1.153593e+00 1.153594e+00 0.000000e+00 -1.746762e-02
0.000000e+00 6.655000e+00 1.152568e+00 1.152568e+00 0.000000e+00 -1.706752e-02
0.000000e+00 6.710000e+00 1.151565e+00 1.151565e+00 0.000000e+00 -1.667532e-02
0.000000e+00 6.765000e+00 1.150584e+00 1.150585e+00 0.000000e+00 -1.629213e-02
0.000000e+00 6.820000e+00 1.149625e+00 1.149625e+00 0.000000e+00 -1.591817e-02
0.000000e+00 6.875000e+00 1.148685e+00 1.148686e+00 0.000000e+00 -1.555249e-02
0.000000e+00 6.930000e+00 1.147765e+00 1.147766e+00 0.000000e+00 -1.519312e-02
0.000000e+00 6.985000e+00 1.146864e+00 1.146864e+00 0.000000e+00 -1.483763e-02
0.000000e+00 7.040000e+00 1.145982e+00 1.145983e+00 0.000000e+00 -1.448339e-02
0.000000e+00 7.095000e+00 1.145121e+00 1.145122e+00 0.000000e+00 -1.412786e-02
0.000000e+00 7.150000e+00 1.144283e+00 1.144284e+00 0.000000e+00 -1.376880e-02
0.000000e+00 7.205000e+00 1.143468e+00 1.143469e+00 0.000000e+00 -1.340477e-02
0.000000e+00 7.260000e+00 1.142675e+00 1.142675e+00 0.000000e+00 -1.303571e-02
0.000000e+00 7.315000e+00 1.141901e+00 1.141902e+00 0.000000e+00 -1.266315e-02
0.000000e+00 7.370000e+00 1.141144e+00 1.141145e+00 0.000000e+00 -1.228976e-02
0.000000e+00 7.425000e+00 1.140402e+00 1.140403e+00 0.000000e+00 -1.191839e-02
0.000000e+00 7.480000e+00 1.139674e+00 1.139675e+00 0.000000e+00 -1.155117e-02
0.000000e+00 7.535000e+00 1.138960e+00 1.138960e+00 0.000000e+00 -1.118915e-02
0.000000e+00 7.590000e+00 1.138261e+00 1.138261e+00 0.000000e+00 -1.083259e-02
0.000000e+00 7.645000e+00 1.137578e+00 1.137578e+00 0.000000e+00 -1.048131e-02
0.000000e+00 7.700000e+00 1.136912e+00 1.136913e+00 0.000000e+00 -1.013483e-02
0.000000e+00 7.755000e+00 1.136265e+00 1.136266e+00 0.000000e+00 -9.792113e-03
0.000000e+00 7.810000e+00 1.135637e+00 1.135637e+00 0.000000e+00 -9.451353e-03
0.000000e+00 7.865000e+00 1.135025e+00 1.135025e+00 0.000000e+00 -9.110253e-03
0.000000e+00 7.920000e+00 1.134429e+00 1.134429e+00 0.000000e+00 -8.766815e-03
0.000000e+00 7.975000e+00 1.133848e+00 1.133848e+00 0.000000e+00 -8.420245e-03
0.000000e+00 8.030000e+00 1.133281e+00 1.133281e+00 0.000000e+00 -8.071353e-03
0.000000e+00 8.085000e+00 1.132727e+00 1.132727e+00 0.000000e+00 -7.722165e-03
0.000000e+00 8.140000e+00 1.132187e+00 1.132187e+00 0.000000e+00 -7.375006e-03
0.000000e+00 8.195000e+00 1.131660e+00 1.131661e+00 0.000000e+00 -7.031644e-03
0.000000e+00 8.250000e+00 1.131146e+00 1.131146e+00 0.000000e+00 -6.692989e-03
0.000000e+00 8.305000e+00 1.130642e+00 1.130642e+00 0.000000e+00 -6.359363e-03
0.000000e+00 8.360000e+00 1.130147e+00 1.130147e+00 0.000000e+00 -6.030936e-03
0.000000e+00 8.415000e+00 1.129658e+00 1.129659e+00 0.000000e+00 -5.707865e-03
0.000000e+00 8.470000e+00 1.129177e+00 1.129177e+00 0.000000e+00 -5.389980e-03
0.000000e+00 8.525000e+00 1.128702e+00 1.128703e+00 0.000000e+00 -5.076297e-03
0.000000e+00 8.580000e+00 1.128238e+00 1.128238e+00 0.000000e+00 -4.764831e-03
0.000000e+00 8.635000e+00 1.127786e+00 1.127786e+00 0.000000e+00 -4.452959e-03
0.000000e+00 8.690000e+00 1.127348e+00 1.127348e+00 0.000000e+00 -4.138180e-03
0.000000e+00 8.745000e+00 1.126923e+00 1.126923e+00 0.000000e+00 -3.818909e-03
0.000000e+00 8.800000e+00 1.126509e+00 1.126509e+00 0.000000e+00 -3.494974e-03
0.000000e+00 8.855000e+00 1.126104e+00 1.126104e+00 0.000000e+00 -3.167796e-03
0.000000e+00 8.910000e+00 1.125704e+00 1.125704e+00 0.000000e+00 -2.840352e-03
0.000000e+00 8.965000e+00 1.125306e+00 1.125306e+00 0.000000e+00 -2.516854e-03
0.000000e+00 9.020000e+00 1.124907e+00 1.124907e+00 0.000000e+00 -2.201737e-03
0.000000e+00 9.075000e+00 1.124505e+00 1.124505e+00 0.000000e+00 -1.897633e-03
0.000000e+00 9.130000e+00 1.124102e+00 1.124102e+00 0.000000e+00 -1.602635e-03
0.000000e+00 9.185000e+00 1.123704e+00 1.123704e+00 0.000000e+00 -1.308439e-03
0.000000e+00 9.240000e+00 1.123316e+00 1.123317e+00 0.000000e+00 -1.001194e-03
0.000000e+00 9.295000e+00 1.122947e+00 1.122947e+00 0.000000e+00 -6.662559e-04
0.000000e+00 9.350000e+00 1.122595e+00 1.122595e+00 0.000000e+00 -2.946373e-04
0.000000e+00 9.405000e+00 1.122254e+00 1.122254e+00 0.000000e+00 1.118196e-04
0.000000e+00 9.460000e+00 1.121913e+00 1.121913e+00 0.000000e+00 5.410547e-04
0.000000e+00 9.515000e+00 1.121563e+00 1.121564e+00 0.000000e+00 9.732069e-04
0.000000e+00 9.570000e+00 1.121204e+00 1.121204e+00 0.000000e+00 1.383370e-03
0.000000e+00 9.625000e+00 1.120843e+00 1.120843e+00 0.000000e+00 1.736140e-03
0.000000e+00 9.680000e+00 1.120498e+00 1.120499e+00 0.000000e+00 1.988231e-03
0.000000e+00 9.735000e+00 1.120179e+00 1.120179e+00 0.000000e+00 2.097753e-03
0.000000e+00 9.790000e+00 1.119886e+00 1.119886e+00 0.000000e+00 2.066289e-03
0.000000e+00 9.845000e+00 1.119594e+00 1.119595e+00 0.000000e+00 1.954565e-03
0.000000e+00 9.900000e+00 1.119290e+00 1.119290e+00 0.000000e+00 1.897077e-03
0.000000e+00 9.955000e+00 1.118925e+00 1.118925e+00 0.000000e+00 1.972271e-03
0.000000e+00 1.001000e+01 1.105114e+00 1.105114e+00 -0.000000e+00 -1.013850e-02
0.000000e+00 1.006500e+01 1.105114e+00 1.105114e+00 -0.000000e+00 -1.013850e-02
0.000000e+00 1.012000e+01 1.105114e+00 1.105114e+00 -0.000000e+00 -1.013850e-02
0.000000e+00 1.017500e+01 1.105114e+00 1.105114e+00 -0.000000e+00 -1.013850e-02
0.000000e+00 1.023000e+01 1.105114e+00 1.105114e+00 -0.000000e+00 -1.013850e-02
0.000000e+00 1.028500e+01 1.105114e+00 1.105114e+00 -0.000000e+00 -1.013850e-02
0.000000e+00 1.034000e+01 1.105114e+00 1.105114e+00 -0.000000e+00 -1.013850e-02
0.000000e+00 1.039500e+01 1.105114e+00 1.105114e+00 -0.000000e+00 -1.013850e-02
0.000000e+00 1.045000e+01 1.105114e+00 1.105114e+00 -0.000000e+00 -1.013850e-02
0.000000e+00 1.050500e+01 1.105114e+00 1.105114e+00 -0.000000e+00 -1.013850e-02
0.000000e+00 1.056000e+01 1.105114e+00 1.105114e+00 -0.000000e+00 -1.013850e-02
0.000000e+00 1.061500e+01 1.105114e+00 1.105114e+00 -0.000000e+00 -1.013850e-02
0.000000e+00 1.067000e+01 1.105114e+00 1.105114e+00 -0.000000e+00 -1.013850e-02
0.000000e+00 1.072500e+01 1.105114e+00 1.105114e+00 -0.000000e+00 -1.013850e-02
0.000000e+00 1.078000e+01 1.105114e+00 1.105114e+00 -0.000000e+00 -1.013850e-02
0.000000e+00 1.083500e+01 1.105114e+00 1.105114e+00 -0.000000e+00 -1.013850e-02
0.000000e+00 1.089000e+01 1.105114e+00 1.105114e+00 -0.000000e+00 -1.013850e-02
0.000000e+00 1.094500e+01 1.105114e+00 1.105114e+00 -0.000000e+00 -1.013850e-02
0.000000e+00 1.100000e+01 1.105114e+00 1.105114e+00 -0.000000e+00 -1.013850e-02
