#############TIME##################
3.605317e+00 
###################################
0.000000e+00 0.000000e+00 2.245572e+01 2.245628e+01 0.000000e+00 -3.053230e+00
0.000000e+00 5.500000e-02 2.245572e+01 2.245628e+01 0.000000e+00 -3.053230e+00
0.000000e+00 1.100000e-01 2.247064e+01 2.247119e+01 0.000000e+00 -3.053187e+00
0.000000e+00 1.650000e-01 1.390324e+01 1.390358e+01 0.000000e+00 -2.310523e+00
0.000000e+00 2.200000e-01 1.026430e+01 1.026453e+01 0.000000e+00 -1.952750e+00
0.000000e+00 2.750000e-01 8.043548e+00 8.043706e+00 0.000000e+00 -1.661863e+00
0.000000e+00 3.300000e-01 6.632058e+00 6.632176e+00 0.000000e+00 -1.448712e+00
0.000000e+00 3.850000e-01 5.628081e+00 5.628173e+00 0.000000e+00 -1.275621e+00
0.000000e+00 4.400000e-01 4.911763e+00 4.911836e+00 0.000000e+00 -1.138451e+00
0.000000e+00 4.950000e-01 4.364900e+00 4.364960e+00 0.000000e+00 -1.023891e+00
0.000000e+00 5.500000e-01 3.941060e+00 3.941110e+00 0.000000e+00 -9.295606e-01
0.000000e+00 6.050000e-01 3.602729e+00 3.602771e+00 0.000000e+00 -8.489537e-01
0.000000e+00 6.600000e-01 3.327395e+00 3.327431e+00 0.000000e+00 -7.806218e-01
0.000000e+00 7.150000e-01 3.098919e+00 3.098951e+00 0.000000e+00 -7.215915e-01
0.000000e+00 7.700000e-01 2.906769e+00 2.906797e+00 0.000000e+00 -6.705282e-01
0.000000e+00 8.250000e-01 2.742931e+00 2.742956e+00 0.000000e+00 -6.259110e-01
0.000000e+00 8.800000e-01 2.601717e+00 2.601739e+00 0.000000e+00 -5.867919e-01
0.000000e+00 9.350000e-01 2.478741e+00 2.478761e+00 0.000000e+00 -5.522888e-01
0.000000e+00 9.900000e-01 2.370709e+00 2.370727e+00 0.000000e+00 -5.217460e-01
0.000000e+00 1.045000e+00 2.275030e+00 2.275047e+00 0.000000e+00 -4.946003e-01
0.000000e+00 1.100000e+00 2.189681e+00 2.189696e+00 0.000000e+00 -4.704017e-01
0.000000e+00 1.155000e+00 2.113038e+00 2.113052e+00 0.000000e+00 -4.487726e-01
0.000000e+00 1.210000e+00 2.043794e+00 2.043806e+00 0.000000e+00 -4.294018e-01
0.000000e+00 1.265000e+00 1.980883e+00 1.980895e+00 0.000000e+00 -4.120265e-01
0.000000e+00 1.320000e+00 1.923434e+00 1.923445e+00 0.000000e+00 -3.964238e-01
0.000000e+00 1.375000e+00 1.870727e+00 1.870736e+00 0.000000e+00 -3.824019e-01
0.000000e+00 1.430000e+00 1.822161e+00 1.822170e+00 0.000000e+00 -3.697943e-01
0.000000e+00 1.485000e+00 1.777236e+00 1.777244e+00 0.000000e+00 -3.584553e-01
0.000000e+00 1.540000e+00 1.735525e+00 1.735533e+00 0.000000e+00 -3.482581e-01
0.000000e+00 1.595000e+00 1.696662e+00 1.696669e+00 0.000000e+00 -3.390924e-01
0.000000e+00 1.650000e+00 1.660330e+00 1.660336e+00 0.000000e+00 -3.308632e-01
0.000000e+00 1.705000e+00 1.626254e+00 1.626261e+00 0.000000e+00 -3.234868e-01
0.000000e+00 1.760000e+00 1.594206e+00 1.594212e+00 0.000000e+00 -3.168862e-01
0.000000e+00 1.815000e+00 1.563997e+00 1.564003e+00 0.000000e+00 -3.109852e-01
0.000000e+00 1.870000e+00 1.535482e+00 1.535487e+00 0.000000e+00 -3.057053e-01
0.000000e+00 1.925000e+00 1.508547e+00 1.508552e+00 0.000000e+00 -3.009663e-01
0.000000e+00 1.980000e+00 1.483099e+00 1.483104e+00 0.000000e+00 -2.966905e-01
0.000000e+00 2.035000e+00 1.459057e+00 1.459061e+00 0.000000e+00 -2.928068e-01
0.000000e+00 2.090000e+00 1.436342e+00 1.436346e+00 0.000000e+00 -2.892527e-01
0.000000e+00 2.145000e+00 1.414884e+00 1.414888e+00 0.000000e+00 -2.859720e-01
0.000000e+00 2.200000e+00 1.394623e+00 1.394626e+00 0.000000e+00 -2.829121e-01
0.000000e+00 2.255000e+00 1.375507e+00 1.375510e+00 0.000000e+00 -2.800212e-01
0.000000e+00 2.310000e+00 1.357497e+00 1.357499e+00 0.000000e+00 -2.772501e-01
0.000000e+00 2.365000e+00 1.340552e+00 1.340554e+00 0.000000e+00 -2.745547e-01
0.000000e+00 2.420000e+00 1.324630e+00 1.324632e+00 0.000000e+00 -2.718992e-01
0.000000e+00 2.475000e+00 1.309684e+00 1.309686e+00 0.000000e+00 -2.692567e-01
0.000000e+00 2.530000e+00 1.295665e+00 1.295667e+00 0.000000e+00 -2.666077e-01
0.000000e+00 2.585000e+00 1.282523e+00 1.282525e+00 0.000000e+00 -2.639375e-01
0.000000e+00 2.640000e+00 1.270211e+00 1.270213e+00 0.000000e+00 -2.612344e-01
0.000000e+00 2.695000e+00 1.258686e+00 1.258688e+00 0.000000e+00 -2.584885e-01
0.000000e+00 2.750000e+00 1.247906e+00 1.247908e+00 0.000000e+00 -2.556920e-01
0.000000e+00 2.805000e+00 1.237834e+00 1.237835e+00 0.000000e+00 -2.528390e-01
0.000000e+00 2.860000e+00 1.228429e+00 1.228430e+00 0.000000e+00 -2.499266e-01
0.000000e+00 2.915000e+00 1.219655e+00 1.219656e+00 0.000000e+00 -2.469536e-01
0.000000e+00 2.970000e+00 1.211475e+00 1.211476e+00 0.000000e+00 -2.439212e-01
0.000000e+00 3.025000e+00 1.203854e+00 1.203855e+00 0.000000e+00 -2.408316e-01
0.000000e+00 3.080000e+00 1.196759e+00 1.196760e+00 0.000000e+00 -2.376882e-01
0.000000e+00 3.135000e+00 1.190157e+00 1.190158e+00 0.000000e+00 -2.344952e-01
0.000000e+00 3.190000e+00 1.184018e+00 1.184018e+00 0.000000e+00 -2.312575e-01
0.000000e+00 3.245000e+00 1.178312e+00 1.178313e+00 0.000000e+00 -2.279802e-01
0.000000e+00 3.300000e+00 1.173012e+00 1.173013e+00 0.000000e+00 -2.246691e-01
0.000000e+00 3.355000e+00 1.168091e+00 1.168092e+00 0.000000e+00 -2.213300e-01
0.000000e+00 3.410000e+00 1.163525e+00 1.163526e+00 0.000000e+00 -2.179688e-01
0.000000e+00 3.465000e+00 1.159290e+00 1.159290e+00 0.000000e+00 -2.145915e-01
0.000000e+00 3.520000e+00 1.155362e+00 1.155363e+00 0.000000e+00 -2.112040e-01
0.000000e+00 3.575000e+00 1.151722e+00 1.151723e+00 0.000000e+00 -2.078120e-01
0.000000e+00 3.630000e+00 1.148350e+00 1.148350e+00 0.000000e+00 -2.044211e-01
0.000000e+00 3.685000e+00 1.145226e+00 1.145226e+00 0.000000e+00 -2.010365e-01
0.000000e+00 3.740000e+00 1.142333e+00 1.142333e+00 0.000000e+00 -1.976633e-01
0.000000e+00 3.795000e+00 1.139655e+00 1.139655e+00 0.000000e+00 -1.943063e-01
0.000000e+00 3.850000e+00 1.137176e+00 1.137176e+00 0.000000e+00 -1.909699e-01
0.000000e+00 3.905000e+00 1.134882e+00 1.134882e+00 0.000000e+00 -1.876582e-01
0.000000e+00 3.960000e+00 1.132759e+00 1.132759e+00 0.000000e+00 -1.843750e-01
0.000000e+00 4.015000e+00 1.130794e+00 1.130794e+00 0.000000e+00 -1.811238e-01
0.000000e+00 4.070000e+00 1.128977e+00 1.128977e+00 0.000000e+00 -1.779078e-01
0.000000e+00 4.125000e+00 1.127295e+00 1.127295e+00 0.000000e+00 -1.747297e-01
0.000000e+00 4.180000e+00 1.125739e+00 1.125739e+00 0.000000e+00 -1.715922e-01
0.000000e+00 4.235000e+00 1.124299e+00 1.124299e+00 0.000000e+00 -1.684973e-01
0.000000e+00 4.290000e+00 1.122967e+00 1.122967e+00 0.000000e+00 -1.654472e-01
0.000000e+00 4.345000e+00 1.121733e+00 1.121734e+00 0.000000e+00 -1.624434e-01
0.000000e+00 4.400000e+00 1.120592e+00 1.120592e+00 0.000000e+00 -1.594874e-01
0.000000e+00 4.455000e+00 1.119535e+00 1.119535e+00 0.000000e+00 -1.565803e-01
0.000000e+00 4.510000e+00 1.118556e+00 1.118557e+00 0.000000e+00 -1.537231e-01
0.000000e+00 4.565000e+00 1.117650e+00 1.117650e+00 0.000000e+00 -1.509166e-01
0.000000e+00 4.620000e+00 1.116810e+00 1.116810e+00 0.000000e+00 -1.481612e-01
0.000000e+00 4.675000e+00 1.116032e+00 1.116032e+00 0.000000e+00 -1.454574e-01
0.000000e+00 4.730000e+00 1.115310e+00 1.115310e+00 0.000000e+00 -1.428054e-01
0.000000e+00 4.785000e+00 1.114641e+00 1.114641e+00 0.000000e+00 -1.402051e-01
0.000000e+00 4.840000e+00 1.114020e+00 1.114020e+00 0.000000e+00 -1.376567e-01
0.000000e+00 4.895000e+00 1.113444e+00 1.113444e+00 0.000000e+00 -1.351598e-01
0.000000e+00 4.950000e+00 1.112909e+00 1.112909e+00 0.000000e+00 -1.327141e-01
0.000000e+00 5.005000e+00 1.112412e+00 1.112412e+00 0.000000e+00 -1.303194e-01
0.000000e+00 5.060000e+00 1.111950e+00 1.111950e+00 0.000000e+00 -1.279750e-01
0.000000e+00 5.115000e+00 1.111521e+00 1.111521e+00 0.000000e+00 -1.256805e-01
0.000000e+00 5.170000e+00 1.111122e+00 1.111122e+00 0.000000e+00 -1.234352e-01
0.000000e+00 5.225000e+00 1.110751e+00 1.110751e+00 0.000000e+00 -1.212383e-01
0.000000e+00 5.280000e+00 1.110405e+00 1.110405e+00 0.000000e+00 -1.190892e-01
0.000000e+00 5.335000e+00 1.110083e+00 1.110083e+00 0.000000e+00 -1.169873e-01
0.000000e+00 5.390000e+00 1.109784e+00 1.109784e+00 0.000000e+00 -1.149321e-01
0.000000e+00 5.445000e+00 1.109505e+00 1.109505e+00 0.000000e+00 -1.129226e-01
0.000000e+00 5.500000e+00 1.109245e+00 1.109245e+00 0.000000e+00 -1.109571e-01
0.000000e+00 5.555000e+00 1.108999e+00 1.108999e+00 0.000000e+00 -1.090333e-01
0.000000e+00 5.610000e+00 1.108768e+00 1.108768e+00 0.000000e+00 -1.071504e-01
0.000000e+00 5.665000e+00 1.108554e+00 1.108554e+00 0.000000e+00 -1.053114e-01
0.000000e+00 5.720000e+00 1.108363e+00 1.108363e+00 0.000000e+00 -1.035221e-01
0.000000e+00 5.775000e+00 1.108198e+00 1.108198e+00 0.000000e+00 -1.017840e-01
0.000000e+00 5.830000e+00 1.108043e+00 1.108043e+00 0.000000e+00 -1.000842e-01
0.000000e+00 5.885000e+00 1.107867e+00 1.107867e+00 0.000000e+00 -9.839298e-02
0.000000e+00 5.940000e+00 1.107640e+00 1.107640e+00 0.000000e+00 -9.668385e-02
0.000000e+00 5.995000e+00 1.107380e+00 1.107380e+00 0.000000e+00 -9.497470e-02
0.000000e+00 6.050000e+00 1.107196e+00 1.107196e+00 0.000000e+00 -9.336334e-02
0.000000e+00 6.105000e+00 1.107296e+00 1.107296e+00 0.000000e+00 -9.203298e-02
0.000000e+00 6.160000e+00 1.107937e+00 1.107937e+00 0.000000e+00 -9.121599e-02
0.000000e+00 6.215000e+00 1.109222e+00 1.109222e+00 0.000000e+00 -9.099511e-02
0.000000e+00 6.270000e+00 1.110917e+00 1.110917e+00 0.000000e+00 -9.115654e-02
0.000000e+00 6.325000e+00 1.112625e+00 1.112625e+00 0.000000e+00 -9.133623e-02
0.000000e+00 6.380000e+00 1.113875e+00 1.113875e+00 0.000000e+00 -9.111132e-02
0.000000e+00 6.435000e+00 1.114216e+00 1.114216e+00 0.000000e+00 -9.010122e-02
0.000000e+00 6.490000e+00 1.113724e+00 1.113724e+00 0.000000e+00 -8.837529e-02
0.000000e+00 6.545000e+00 1.112821e+00 1.112821e+00 0.000000e+00 -8.631136e-02
0.000000e+00 6.600000e+00 1.111916e+00 1.111916e+00 0.000000e+00 -8.426798e-02
0.000000e+00 6.655000e+00 1.111283e+00 1.111283e+00 0.000000e+00 -8.248746e-02
0.000000e+00 6.710000e+00 1.110942e+00 1.110942e+00 0.000000e+00 -8.098869e-02
0.000000e+00 6.765000e+00 1.110697e+00 1.110697e+00 0.000000e+00 -7.960185e-02
0.000000e+00 6.820000e+00 1.110329e+00 1.110329e+00 0.000000e+00 -7.814318e-02
0.000000e+00 6.875000e+00 1.109771e+00 1.109771e+00 0.000000e+00 -7.655342e-02
0.000000e+00 6.930000e+00 1.109119e+00 1.109119e+00 0.000000e+00 -7.491433e-02
0.000000e+00 6.985000e+00 1.108527e+00 1.108527e+00 0.000000e+00 -7.334684e-02
0.000000e+00 7.040000e+00 1.108084e+00 1.108085e+00 0.000000e+00 -7.191913e-02
0.000000e+00 7.095000e+00 1.107778e+00 1.107778e+00 0.000000e+00 -7.061434e-02
0.000000e+00 7.150000e+00 1.107524e+00 1.107524e+00 0.000000e+00 -6.936580e-02
0.000000e+00 7.205000e+00 1.107236e+00 1.107236e+00 0.000000e+00 -6.811256e-02
0.000000e+00 7.260000e+00 1.106872e+00 1.106872e+00 0.000000e+00 -6.682821e-02
0.000000e+00 7.315000e+00 1.106435e+00 1.106435e+00 0.000000e+00 -6.551758e-02
0.000000e+00 7.370000e+00 1.105952e+00 1.105952e+00 0.000000e+00 -6.420040e-02
0.000000e+00 7.425000e+00 1.105457e+00 1.105457e+00 0.000000e+00 -6.289893e-02
0.000000e+00 7.480000e+00 1.104977e+00 1.104977e+00 0.000000e+00 -6.163054e-02
0.000000e+00 7.535000e+00 1.104524e+00 1.104524e+00 0.000000e+00 -6.040254e-02
0.000000e+00 7.590000e+00 1.104095e+00 1.104095e+00 0.000000e+00 -5.921121e-02
0.000000e+00 7.645000e+00 1.103680e+00 1.103680e+00 0.000000e+00 -5.804716e-02
0.000000e+00 7.700000e+00 1.103268e+00 1.103268e+00 0.000000e+00 -5.690348e-02
0.000000e+00 7.755000e+00 1.102858e+00 1.102858e+00 0.000000e+00 -5.577980e-02
0.000000e+00 7.810000e+00 1.102455e+00 1.102455e+00 0.000000e+00 -5.467958e-02
0.000000e+00 7.865000e+00 1.102060e+00 1.102060e+00 0.000000e+00 -5.360504e-02
0.000000e+00 7.920000e+00 1.101676e+00 1.101676e+00 0.000000e+00 -5.255502e-02
0.000000e+00 7.975000e+00 1.101299e+00 1.101299e+00 0.000000e+00 -5.152677e-02
0.000000e+00 8.030000e+00 1.100930e+00 1.100930e+00 0.000000e+00 -5.051833e-02
0.000000e+00 8.085000e+00 1.100567e+00 1.100567e+00 0.000000e+00 -4.952893e-02
0.000000e+00 8.140000e+00 1.100210e+00 1.100210e+00 0.000000e+00 -4.855798e-02
0.000000e+00 8.195000e+00 1.099858e+00 1.099858e+00 0.000000e+00 -4.760459e-02
0.000000e+00 8.250000e+00 1.099511e+00 1.099511e+00 0.000000e+00 -4.666803e-02
0.000000e+00 8.305000e+00 1.099170e+00 1.099170e+00 0.000000e+00 -4.574819e-02
0.000000e+00 8.360000e+00 1.098836e+00 1.098836e+00 0.000000e+00 -4.484519e-02
0.000000e+00 8.415000e+00 1.098508e+00 1.098508e+00 0.000000e+00 -4.395871e-02
0.000000e+00 8.470000e+00 1.098186e+00 1.098186e+00 0.000000e+00 -4.308791e-02
0.000000e+00 8.525000e+00 1.097870e+00 1.097870e+00 0.000000e+00 -4.223179e-02
0.000000e+00 8.580000e+00 1.097557e+00 1.097557e+00 0.000000e+00 -4.138974e-02
0.000000e+00 8.635000e+00 1.097248e+00 1.097248e+00 0.000000e+00 -4.056143e-02
0.000000e+00 8.690000e+00 1.096943e+00 1.096943e+00 0.000000e+00 -3.974668e-02
0.000000e+00 8.745000e+00 1.096642e+00 1.096642e+00 0.000000e+00 -3.894518e-02
0.000000e+00 8.800000e+00 1.096344e+00 1.096343e+00 0.000000e+00 -3.815653e-02
0.000000e+00 8.855000e+00 1.096048e+00 1.096048e+00 0.000000e+00 -3.738036e-02
0.000000e+00 8.910000e+00 1.095754e+00 1.095754e+00 0.000000e+00 -3.661636e-02
0.000000e+00 8.965000e+00 1.095462e+00 1.095462e+00 0.000000e+00 -3.586422e-02
0.000000e+00 9.020000e+00 1.095173e+00 1.095172e+00 0.000000e+00 -3.512360e-02
0.000000e+00 9.075000e+00 1.094885e+00 1.094885e+00 0.000000e+00 -3.439405e-02
0.000000e+00 9.130000e+00 1.094599e+00 1.094599e+00 0.000000e+00 -3.367499e-02
0.000000e+00 9.185000e+00 1.094315e+00 1.094315e+00 0.000000e+00 -3.296582e-02
0.000000e+00 9.240000e+00 1.094033e+00 1.094033e+00 0.000000e+00 -3.226600e-02
0.000000e+00 9.295000e+00 1.093752e+00 1.093752e+00 0.000000e+00 -3.157496e-02
0.000000e+00 9.350000e+00 1.093474e+00 1.093474e+00 0.000000e+00 -3.089205e-02
0.000000e+00 9.405000e+00 1.093197e+00 1.093197e+00 0.000000e+00 -3.021605e-02
0.000000e+00 9.460000e+00 1.092922e+00 1.092922e+00 0.000000e+00 -2.954600e-02
0.000000e+00 9.515000e+00 1.092650e+00 1.092649e+00 0.000000e+00 -2.888129e-02
0.000000e+00 9.570000e+00 1.092379e+00 1.092379e+00 0.000000e+00 -2.822319e-02
0.000000e+00 9.625000e+00 1.092111e+00 1.092111e+00 0.000000e+00 -2.757074e-02
0.000000e+00 9.680000e+00 1.091844e+00 1.091844e+00 0.000000e+00 -2.692172e-02
0.000000e+00 9.735000e+00 1.091582e+00 1.091581e+00 0.000000e+00 -2.626566e-02
0.000000e+00 9.790000e+00 1.091318e+00 1.091317e+00 0.000000e+00 -2.560423e-02
0.000000e+00 9.845000e+00 1.091062e+00 1.091062e+00 0.000000e+00 -2.494169e-02
0.000000e+00 9.900000e+00 1.090797e+00 1.090797e+00 0.000000e+00 -2.432936e-02
0.000000e+00 9.955000e+00 1.090559e+00 1.090559e+00 0.000000e+00 -2.377194e-02
0.000000e+00 1.001000e+01 1.105114e+00 1.105114e+00 -0.000000e+00 -1.013850e-02
0.000000e+00 1.006500e+01 1.105114e+00 1.105114e+00 -0.000000e+00 -1.013850e-02
0.000000e+00 1.012000e+01 1.105114e+00 1.105114e+00 -0.000000e+00 -1.013850e-02
0.000000e+00 1.017500e+01 1.105114e+00 1.105114e+00 -0.000000e+00 -1.013850e-02
0.000000e+00 1.023000e+01 1.105114e+00 1.105114e+00 -0.000000e+00 -1.013850e-02
0.000000e+00 1.028500e+01 1.105114e+00 1.105114e+00 -0.000000e+00 -1.013850e-02
0.000000e+00 1.034000e+01 1.105114e+00 1.105114e+00 -0.000000e+00 -1.013850e-02
0.000000e+00 1.039500e+01 1.105114e+00 1.105114e+00 -0.000000e+00 -1.013850e-02
0.000000e+00 1.045000e+01 1.105114e+00 1.105114e+00 -0.000000e+00 -1.013850e-02
0.000000e+00 1.050500e+01 1.105114e+00 1.105114e+00 -0.000000e+00 -1.013850e-02
0.000000e+00 1.056000e+01 1.105114e+00 1.105114e+00 -0.000000e+00 -1.013850e-02
0.000000e+00 1.061500e+01 1.105114e+00 1.105114e+00 -0.000000e+00 -1.013850e-02
0.000000e+00 1.067000e+01 1.105114e+00 1.105114e+00 -0.000000e+00 -1.013850e-02
0.000000e+00 1.072500e+01 1.105114e+00 1.105114e+00 -0.000000e+00 -1.013850e-02
0.000000e+00 1.078000e+01 1.105114e+00 1.105114e+00 -0.000000e+00 -1.013850e-02
0.000000e+00 1.083500e+01 1.105114e+00 1.105114e+00 -0.000000e+00 -1.013850e-02
0.000000e+00 1.089000e+01 1.105114e+00 1.105114e+00 -0.000000e+00 -1.013850e-02
0.000000e+00 1.094500e+01 1.105114e+00 1.105114e+00 -0.000000e+00 -1.013850e-02
0.000000e+00 1.100000e+01 1.105114e+00 1.105114e+00 -0.000000e+00 -1.013850e-02
