#############TIME##################
1.480218e+01 
###################################
0.000000e+00 0.000000e+00 2.274142e+01 2.274198e+01 0.000000e+00 -3.044037e+00
0.000000e+00 5.500000e-02 2.274142e+01 2.274198e+01 0.000000e+00 -3.044037e+00
0.000000e+00 1.100000e-01 2.274001e+01 2.274057e+01 0.000000e+00 -3.044038e+00
0.000000e+00 1.650000e-01 1.408609e+01 1.408644e+01 0.000000e+00 -2.296302e+00
0.000000e+00 2.200000e-01 1.040707e+01 1.040730e+01 0.000000e+00 -1.935077e+00
0.000000e+00 2.750000e-01 8.159009e+00 8.159171e+00 0.000000e+00 -1.640831e+00
0.000000e+00 3.300000e-01 6.732611e+00 6.732733e+00 0.000000e+00 -1.424372e+00
0.000000e+00 3.850000e-01 5.717710e+00 5.717804e+00 0.000000e+00 -1.247907e+00
0.000000e+00 4.400000e-01 4.994272e+00 4.994347e+00 0.000000e+00 -1.107438e+00
0.000000e+00 4.950000e-01 4.442378e+00 4.442440e+00 0.000000e+00 -9.895421e-01
0.000000e+00 5.500000e-01 4.014815e+00 4.014867e+00 0.000000e+00 -8.920111e-01
0.000000e+00 6.050000e-01 3.673914e+00 3.673958e+00 0.000000e+00 -8.082306e-01
0.000000e+00 6.600000e-01 3.397167e+00 3.397205e+00 0.000000e+00 -7.366949e-01
0.000000e+00 7.150000e-01 3.168072e+00 3.168105e+00 0.000000e+00 -6.744578e-01
0.000000e+00 7.700000e-01 2.975973e+00 2.976003e+00 0.000000e+00 -6.201734e-01
0.000000e+00 8.250000e-01 2.812727e+00 2.812753e+00 0.000000e+00 -5.723261e-01
0.000000e+00 8.800000e-01 2.672571e+00 2.672595e+00 0.000000e+00 -5.299577e-01
0.000000e+00 9.350000e-01 2.551050e+00 2.551071e+00 0.000000e+00 -4.921865e-01
0.000000e+00 9.900000e-01 2.444819e+00 2.444839e+00 0.000000e+00 -4.583517e-01
0.000000e+00 1.045000e+00 2.351250e+00 2.351267e+00 0.000000e+00 -4.278876e-01
0.000000e+00 1.100000e+00 2.268288e+00 2.268304e+00 0.000000e+00 -4.003402e-01
0.000000e+00 1.155000e+00 2.194286e+00 2.194301e+00 0.000000e+00 -3.753282e-01
0.000000e+00 1.210000e+00 2.127920e+00 2.127934e+00 0.000000e+00 -3.525369e-01
0.000000e+00 1.265000e+00 2.068106e+00 2.068119e+00 0.000000e+00 -3.317011e-01
0.000000e+00 1.320000e+00 2.013952e+00 2.013964e+00 0.000000e+00 -3.125971e-01
0.000000e+00 1.375000e+00 1.964718e+00 1.964729e+00 0.000000e+00 -2.950345e-01
0.000000e+00 1.430000e+00 1.919784e+00 1.919795e+00 0.000000e+00 -2.788496e-01
0.000000e+00 1.485000e+00 1.878628e+00 1.878638e+00 0.000000e+00 -2.639003e-01
0.000000e+00 1.540000e+00 1.840809e+00 1.840819e+00 0.000000e+00 -2.500619e-01
0.000000e+00 1.595000e+00 1.805952e+00 1.805961e+00 0.000000e+00 -2.372242e-01
0.000000e+00 1.650000e+00 1.773735e+00 1.773743e+00 0.000000e+00 -2.252899e-01
0.000000e+00 1.705000e+00 1.743880e+00 1.743888e+00 0.000000e+00 -2.141737e-01
0.000000e+00 1.760000e+00 1.716146e+00 1.716154e+00 0.000000e+00 -2.038015e-01
0.000000e+00 1.815000e+00 1.690323e+00 1.690330e+00 0.000000e+00 -1.941079e-01
0.000000e+00 1.870000e+00 1.666225e+00 1.666232e+00 0.000000e+00 -1.850352e-01
0.000000e+00 1.925000e+00 1.643689e+00 1.643696e+00 0.000000e+00 -1.765319e-01
0.000000e+00 1.980000e+00 1.622572e+00 1.622578e+00 0.000000e+00 -1.685517e-01
0.000000e+00 2.035000e+00 1.602747e+00 1.602753e+00 0.000000e+00 -1.610526e-01
0.000000e+00 2.090000e+00 1.584102e+00 1.584108e+00 0.000000e+00 -1.539964e-01
0.000000e+00 2.145000e+00 1.566539e+00 1.566545e+00 0.000000e+00 -1.473480e-01
0.000000e+00 2.200000e+00 1.549971e+00 1.549976e+00 0.000000e+00 -1.410747e-01
0.000000e+00 2.255000e+00 1.534321e+00 1.534326e+00 0.000000e+00 -1.351466e-01
0.000000e+00 2.310000e+00 1.519519e+00 1.519524e+00 0.000000e+00 -1.295361e-01
0.000000e+00 2.365000e+00 1.505505e+00 1.505510e+00 0.000000e+00 -1.242182e-01
0.000000e+00 2.420000e+00 1.492222e+00 1.492227e+00 0.000000e+00 -1.191707e-01
0.000000e+00 2.475000e+00 1.479617e+00 1.479622e+00 0.000000e+00 -1.143741e-01
0.000000e+00 2.530000e+00 1.467641e+00 1.467646e+00 0.000000e+00 -1.098118e-01
0.000000e+00 2.585000e+00 1.456249e+00 1.456253e+00 0.000000e+00 -1.054691e-01
0.000000e+00 2.640000e+00 1.445398e+00 1.445401e+00 0.000000e+00 -1.013332e-01
0.000000e+00 2.695000e+00 1.435049e+00 1.435053e+00 0.000000e+00 -9.739204e-02
0.000000e+00 2.750000e+00 1.425169e+00 1.425172e+00 0.000000e+00 -9.363386e-02
0.000000e+00 2.805000e+00 1.415727e+00 1.415731e+00 0.000000e+00 -9.004672e-02
0.000000e+00 2.860000e+00 1.406698e+00 1.406701e+00 0.000000e+00 -8.661858e-02
0.000000e+00 2.915000e+00 1.398058e+00 1.398061e+00 0.000000e+00 -8.333769e-02
0.000000e+00 2.970000e+00 1.389786e+00 1.389790e+00 0.000000e+00 -8.019298e-02
0.000000e+00 3.025000e+00 1.381864e+00 1.381867e+00 0.000000e+00 -7.717451e-02
0.000000e+00 3.080000e+00 1.374272e+00 1.374275e+00 0.000000e+00 -7.427369e-02
0.000000e+00 3.135000e+00 1.366993e+00 1.366996e+00 0.000000e+00 -7.148342e-02
0.000000e+00 3.190000e+00 1.360010e+00 1.360013e+00 0.000000e+00 -6.879812e-02
0.000000e+00 3.245000e+00 1.353304e+00 1.353307e+00 0.000000e+00 -6.621355e-02
0.000000e+00 3.300000e+00 1.346858e+00 1.346860e+00 0.000000e+00 -6.372651e-02
0.000000e+00 3.355000e+00 1.340652e+00 1.340654e+00 0.000000e+00 -6.133424e-02
0.000000e+00 3.410000e+00 1.334670e+00 1.334673e+00 0.000000e+00 -5.903386e-02
0.000000e+00 3.465000e+00 1.328898e+00 1.328901e+00 0.000000e+00 -5.682191e-02
0.000000e+00 3.520000e+00 1.323324e+00 1.323326e+00 0.000000e+00 -5.469426e-02
0.000000e+00 3.575000e+00 1.317939e+00 1.317941e+00 0.000000e+00 -5.264614e-02
0.000000e+00 3.630000e+00 1.312736e+00 1.312738e+00 0.000000e+00 -5.067219e-02
0.000000e+00 3.685000e+00 1.307709e+00 1.307711e+00 0.000000e+00 -4.876633e-02
0.000000e+00 3.740000e+00 1.302856e+00 1.302858e+00 0.000000e+00 -4.692178e-02
0.000000e+00 3.795000e+00 1.298173e+00 1.298175e+00 0.000000e+00 -4.513138e-02
0.000000e+00 3.850000e+00 1.293659e+00 1.293661e+00 0.000000e+00 -4.338863e-02
0.000000e+00 3.905000e+00 1.289308e+00 1.289310e+00 0.000000e+00 -4.168893e-02
0.000000e+00 3.960000e+00 1.285114e+00 1.285116e+00 0.000000e+00 -4.003054e-02
0.000000e+00 4.015000e+00 1.281066e+00 1.281068e+00 0.000000e+00 -3.841444e-02
0.000000e+00 4.070000e+00 1.277153e+00 1.277155e+00 0.000000e+00 -3.684309e-02
0.000000e+00 4.125000e+00 1.273362e+00 1.273364e+00 0.000000e+00 -3.531863e-02
0.000000e+00 4.180000e+00 1.269685e+00 1.269687e+00 0.000000e+00 -3.384147e-02
0.000000e+00 4.235000e+00 1.266116e+00 1.266117e+00 0.000000e+00 -3.240986e-02
0.000000e+00 4.290000e+00 1.262649e+00 1.262651e+00 0.000000e+00 -3.102058e-02
0.000000e+00 4.345000e+00 1.259284e+00 1.259285e+00 0.000000e+00 -2.967004e-02
0.000000e+00 4.400000e+00 1.256017e+00 1.256018e+00 0.000000e+00 -2.835507e-02
0.000000e+00 4.455000e+00 1.252847e+00 1.252849e+00 0.000000e+00 -2.707314e-02
0.000000e+00 4.510000e+00 1.249773e+00 1.249775e+00 0.000000e+00 -2.582209e-02
0.000000e+00 4.565000e+00 1.246793e+00 1.246795e+00 0.000000e+00 -2.459978e-02
0.000000e+00 4.620000e+00 1.243907e+00 1.243908e+00 0.000000e+00 -2.340412e-02
0.000000e+00 4.675000e+00 1.241110e+00 1.241111e+00 0.000000e+00 -2.223338e-02
0.000000e+00 4.730000e+00 1.238399e+00 1.238401e+00 0.000000e+00 -2.108657e-02
0.000000e+00 4.785000e+00 1.235769e+00 1.235771e+00 0.000000e+00 -1.996367e-02
0.000000e+00 4.840000e+00 1.233214e+00 1.233215e+00 0.000000e+00 -1.886568e-02
0.000000e+00 4.895000e+00 1.230726e+00 1.230727e+00 0.000000e+00 -1.779431e-02
0.000000e+00 4.950000e+00 1.228300e+00 1.228301e+00 0.000000e+00 -1.675167e-02
0.000000e+00 5.005000e+00 1.225930e+00 1.225932e+00 0.000000e+00 -1.573970e-02
0.000000e+00 5.060000e+00 1.223614e+00 1.223616e+00 0.000000e+00 -1.475931e-02
0.000000e+00 5.115000e+00 1.221351e+00 1.221352e+00 0.000000e+00 -1.380955e-02
0.000000e+00 5.170000e+00 1.219140e+00 1.219141e+00 0.000000e+00 -1.288697e-02
0.000000e+00 5.225000e+00 1.216987e+00 1.216988e+00 0.000000e+00 -1.198592e-02
0.000000e+00 5.280000e+00 1.214895e+00 1.214896e+00 0.000000e+00 -1.110010e-02
0.000000e+00 5.335000e+00 1.212866e+00 1.212867e+00 0.000000e+00 -1.022502e-02
0.000000e+00 5.390000e+00 1.210899e+00 1.210900e+00 0.000000e+00 -9.360362e-03
0.000000e+00 5.445000e+00 1.208986e+00 1.208987e+00 0.000000e+00 -8.510672e-03
0.000000e+00 5.500000e+00 1.207116e+00 1.207117e+00 0.000000e+00 -7.683453e-03
0.000000e+00 5.555000e+00 1.205280e+00 1.205281e+00 0.000000e+00 -6.885224e-03
0.000000e+00 5.610000e+00 1.203474e+00 1.203475e+00 0.000000e+00 -6.117604e-03
0.000000e+00 5.665000e+00 1.201701e+00 1.201702e+00 0.000000e+00 -5.375999e-03
0.000000e+00 5.720000e+00 1.199968e+00 1.199969e+00 0.000000e+00 -4.652030e-03
0.000000e+00 5.775000e+00 1.198282e+00 1.198283e+00 0.000000e+00 -3.938331e-03
0.000000e+00 5.830000e+00 1.196643e+00 1.196644e+00 0.000000e+00 -3.232432e-03
0.000000e+00 5.885000e+00 1.195048e+00 1.195049e+00 0.000000e+00 -2.536836e-03
0.000000e+00 5.940000e+00 1.193491e+00 1.193492e+00 0.000000e+00 -1.855152e-03
0.000000e+00 5.995000e+00 1.191975e+00 1.191976e+00 0.000000e+00 -1.187425e-03
0.000000e+00 6.050000e+00 1.190505e+00 1.190506e+00 0.000000e+00 -5.289080e-04
0.000000e+00 6.105000e+00 1.189087e+00 1.189088e+00 0.000000e+00 1.258105e-04
0.000000e+00 6.160000e+00 1.187716e+00 1.187717e+00 0.000000e+00 7.757283e-04
0.000000e+00 6.215000e+00 1.186374e+00 1.186375e+00 0.000000e+00 1.408999e-03
0.000000e+00 6.270000e+00 1.185033e+00 1.185033e+00 0.000000e+00 2.005939e-03
0.000000e+00 6.325000e+00 1.183667e+00 1.183668e+00 0.000000e+00 2.549366e-03
0.000000e+00 6.380000e+00 1.182275e+00 1.182275e+00 0.000000e+00 3.036388e-03
0.000000e+00 6.435000e+00 1.180876e+00 1.180877e+00 0.000000e+00 3.483411e-03
0.000000e+00 6.490000e+00 1.179511e+00 1.179511e+00 0.000000e+00 3.919829e-03
0.000000e+00 6.545000e+00 1.178212e+00 1.178212e+00 0.000000e+00 4.373230e-03
0.000000e+00 6.600000e+00 1.176991e+00 1.176992e+00 0.000000e+00 4.854481e-03
0.000000e+00 6.655000e+00 1.175832e+00 1.175833e+00 0.000000e+00 5.351742e-03
0.000000e+00 6.710000e+00 1.174698e+00 1.174698e+00 0.000000e+00 5.837586e-03
0.000000e+00 6.765000e+00 1.173554e+00 1.173554e+00 0.000000e+00 6.285083e-03
0.000000e+00 6.820000e+00 1.172387e+00 1.172388e+00 0.000000e+00 6.683108e-03
0.000000e+00 6.875000e+00 1.171212e+00 1.171213e+00 0.000000e+00 7.041811e-03
0.000000e+00 6.930000e+00 1.170060e+00 1.170061e+00 0.000000e+00 7.385412e-03
0.000000e+00 6.985000e+00 1.168960e+00 1.168961e+00 0.000000e+00 7.737434e-03
0.000000e+00 7.040000e+00 1.167923e+00 1.167924e+00 0.000000e+00 8.107425e-03
0.000000e+00 7.095000e+00 1.166939e+00 1.166939e+00 0.000000e+00 8.486848e-03
0.000000e+00 7.150000e+00 1.165979e+00 1.165979e+00 0.000000e+00 8.856037e-03
0.000000e+00 7.205000e+00 1.165016e+00 1.165016e+00 0.000000e+00 9.196863e-03
0.000000e+00 7.260000e+00 1.164035e+00 1.164035e+00 0.000000e+00 9.502491e-03
0.000000e+00 7.315000e+00 1.163042e+00 1.163042e+00 0.000000e+00 9.778612e-03
0.000000e+00 7.370000e+00 1.162057e+00 1.162057e+00 0.000000e+00 1.003730e-02
0.000000e+00 7.425000e+00 1.161105e+00 1.161106e+00 0.000000e+00 1.028969e-02
0.000000e+00 7.480000e+00 1.160201e+00 1.160202e+00 0.000000e+00 1.054280e-02
0.000000e+00 7.535000e+00 1.159340e+00 1.159340e+00 0.000000e+00 1.080002e-02
0.000000e+00 7.590000e+00 1.158503e+00 1.158504e+00 0.000000e+00 1.106127e-02
0.000000e+00 7.645000e+00 1.157672e+00 1.157672e+00 0.000000e+00 1.132070e-02
0.000000e+00 7.700000e+00 1.156837e+00 1.156838e+00 0.000000e+00 1.156535e-02
0.000000e+00 7.755000e+00 1.156006e+00 1.156006e+00 0.000000e+00 1.177948e-02
0.000000e+00 7.810000e+00 1.155189e+00 1.155189e+00 0.000000e+00 1.195398e-02
0.000000e+00 7.865000e+00 1.154396e+00 1.154397e+00 0.000000e+00 1.209411e-02
0.000000e+00 7.920000e+00 1.153627e+00 1.153627e+00 0.000000e+00 1.221853e-02
0.000000e+00 7.975000e+00 1.152873e+00 1.152873e+00 0.000000e+00 1.234884e-02
0.000000e+00 8.030000e+00 1.152124e+00 1.152124e+00 0.000000e+00 1.249644e-02
0.000000e+00 8.085000e+00 1.151372e+00 1.151372e+00 0.000000e+00 1.265525e-02
0.000000e+00 8.140000e+00 1.150616e+00 1.150616e+00 0.000000e+00 1.280520e-02
0.000000e+00 8.195000e+00 1.149859e+00 1.149860e+00 0.000000e+00 1.292451e-02
0.000000e+00 8.250000e+00 1.149109e+00 1.149109e+00 0.000000e+00 1.300332e-02
0.000000e+00 8.305000e+00 1.148372e+00 1.148373e+00 0.000000e+00 1.304978e-02
0.000000e+00 8.360000e+00 1.147662e+00 1.147662e+00 0.000000e+00 1.308473e-02
0.000000e+00 8.415000e+00 1.146994e+00 1.146994e+00 0.000000e+00 1.312995e-02
0.000000e+00 8.470000e+00 1.146379e+00 1.146380e+00 0.000000e+00 1.319895e-02
0.000000e+00 8.525000e+00 1.145818e+00 1.145818e+00 0.000000e+00 1.329478e-02
0.000000e+00 8.580000e+00 1.145289e+00 1.145289e+00 0.000000e+00 1.341168e-02
0.000000e+00 8.635000e+00 1.144760e+00 1.144761e+00 0.000000e+00 1.353647e-02
0.000000e+00 8.690000e+00 1.144205e+00 1.144206e+00 0.000000e+00 1.365034e-02
0.000000e+00 8.745000e+00 1.143610e+00 1.143611e+00 0.000000e+00 1.373436e-02
0.000000e+00 8.800000e+00 1.142976e+00 1.142976e+00 0.000000e+00 1.377792e-02
0.000000e+00 8.855000e+00 1.142315e+00 1.142315e+00 0.000000e+00 1.378463e-02
0.000000e+00 8.910000e+00 1.141647e+00 1.141648e+00 0.000000e+00 1.377078e-02
0.000000e+00 8.965000e+00 1.140995e+00 1.140995e+00 0.000000e+00 1.375764e-02
0.000000e+00 9.020000e+00 1.140374e+00 1.140375e+00 0.000000e+00 1.376190e-02
0.000000e+00 9.075000e+00 1.139792e+00 1.139793e+00 0.000000e+00 1.378899e-02
0.000000e+00 9.130000e+00 1.139241e+00 1.139241e+00 0.000000e+00 1.383237e-02
0.000000e+00 9.185000e+00 1.138698e+00 1.138699e+00 0.000000e+00 1.387881e-02
0.000000e+00 9.240000e+00 1.138141e+00 1.138142e+00 0.000000e+00 1.391770e-02
0.000000e+00 9.295000e+00 1.137552e+00 1.137552e+00 0.000000e+00 1.394859e-02
0.000000e+00 9.350000e+00 1.136927e+00 1.136927e+00 0.000000e+00 1.398342e-02
0.000000e+00 9.405000e+00 1.136280e+00 1.136280e+00 0.000000e+00 1.403956e-02
0.000000e+00 9.460000e+00 1.135636e+00 1.135636e+00 0.000000e+00 1.412999e-02
0.000000e+00 9.515000e+00 1.135018e+00 1.135018e+00 0.000000e+00 1.425052e-02
0.000000e+00 9.570000e+00 1.134444e+00 1.134444e+00 0.000000e+00 1.437792e-02
0.000000e+00 9.625000e+00 1.133911e+00 1.133911e+00 0.000000e+00 1.446194e-02
0.000000e+00 9.680000e+00 1.133406e+00 1.133406e+00 0.000000e+00 1.444194e-02
0.000000e+00 9.735000e+00 1.132893e+00 1.132893e+00 0.000000e+00 1.423878e-02
0.000000e+00 9.790000e+00 1.132362e+00 1.132363e+00 0.000000e+00 1.383273e-02
0.000000e+00 9.845000e+00 1.131773e+00 1.131773e+00 0.000000e+00 1.325278e-02
0.000000e+00 9.900000e+00 1.131185e+00 1.131185e+00 0.000000e+00 1.271202e-02
0.000000e+00 9.955000e+00 1.130547e+00 1.130547e+00 0.000000e+00 1.234697e-02
0.000000e+00 1.001000e+01 1.105114e+00 1.105114e+00 -0.000000e+00 -1.013850e-02
0.000000e+00 1.006500e+01 1.105114e+00 1.105114e+00 -0.000000e+00 -1.013850e-02
0.000000e+00 1.012000e+01 1.105114e+00 1.105114e+00 -0.000000e+00 -1.013850e-02
0.000000e+00 1.017500e+01 1.105114e+00 1.105114e+00 -0.000000e+00 -1.013850e-02
0.000000e+00 1.023000e+01 1.105114e+00 1.105114e+00 -0.000000e+00 -1.013850e-02
0.000000e+00 1.028500e+01 1.105114e+00 1.105114e+00 -0.000000e+00 -1.013850e-02
0.000000e+00 1.034000e+01 1.105114e+00 1.105114e+00 -0.000000e+00 -1.013850e-02
0.000000e+00 1.039500e+01 1.105114e+00 1.105114e+00 -0.000000e+00 -1.013850e-02
0.000000e+00 1.045000e+01 1.105114e+00 1.105114e+00 -0.000000e+00 -1.013850e-02
0.000000e+00 1.050500e+01 1.105114e+00 1.105114e+00 -0.000000e+00 -1.013850e-02
0.000000e+00 1.056000e+01 1.105114e+00 1.105114e+00 -0.000000e+00 -1.013850e-02
0.000000e+00 1.061500e+01 1.105114e+00 1.105114e+00 -0.000000e+00 -1.013850e-02
0.000000e+00 1.067000e+01 1.105114e+00 1.105114e+00 -0.000000e+00 -1.013850e-02
0.000000e+00 1.072500e+01 1.105114e+00 1.105114e+00 -0.000000e+00 -1.013850e-02
0.000000e+00 1.078000e+01 1.105114e+00 1.105114e+00 -0.000000e+00 -1.013850e-02
0.000000e+00 1.083500e+01 1.105114e+00 1.105114e+00 -0.000000e+00 -1.013850e-02
0.000000e+00 1.089000e+01 1.105114e+00 1.105114e+00 -0.000000e+00 -1.013850e-02
0.000000e+00 1.094500e+01 1.105114e+00 1.105114e+00 -0.000000e+00 -1.013850e-02
0.000000e+00 1.100000e+01 1.105114e+00 1.105114e+00 -0.000000e+00 -1.013850e-02
