#############TIME##################
1.560458e+01 
###################################
0.000000e+00 0.000000e+00 2.258828e+01 2.258885e+01 0.000000e+00 -3.044141e+00
0.000000e+00 5.500000e-02 2.258828e+01 2.258885e+01 0.000000e+00 -3.044141e+00
0.000000e+00 1.100000e-01 2.258709e+01 2.258765e+01 0.000000e+00 -3.044142e+00
0.000000e+00 1.650000e-01 1.399136e+01 1.399170e+01 0.000000e+00 -2.296457e+00
0.000000e+00 2.200000e-01 1.033709e+01 1.033732e+01 0.000000e+00 -1.935266e+00
0.000000e+00 2.750000e-01 8.104146e+00 8.104306e+00 0.000000e+00 -1.641054e+00
0.000000e+00 3.300000e-01 6.687291e+00 6.687411e+00 0.000000e+00 -1.424633e+00
0.000000e+00 3.850000e-01 5.679181e+00 5.679273e+00 0.000000e+00 -1.248207e+00
0.000000e+00 4.400000e-01 4.960583e+00 4.960657e+00 0.000000e+00 -1.107777e+00
0.000000e+00 4.950000e-01 4.412381e+00 4.412442e+00 0.000000e+00 -9.899192e-01
0.000000e+00 5.500000e-01 3.987677e+00 3.987728e+00 0.000000e+00 -8.924257e-01
0.000000e+00 6.050000e-01 3.649052e+00 3.649096e+00 0.000000e+00 -8.086828e-01
0.000000e+00 6.600000e-01 3.374146e+00 3.374183e+00 0.000000e+00 -7.371853e-01
0.000000e+00 7.150000e-01 3.146573e+00 3.146606e+00 0.000000e+00 -6.749859e-01
0.000000e+00 7.700000e-01 2.955752e+00 2.955781e+00 0.000000e+00 -6.207380e-01
0.000000e+00 8.250000e-01 2.793595e+00 2.793621e+00 0.000000e+00 -5.729250e-01
0.000000e+00 8.800000e-01 2.654378e+00 2.654401e+00 0.000000e+00 -5.305888e-01
0.000000e+00 9.350000e-01 2.533673e+00 2.533694e+00 0.000000e+00 -4.928482e-01
0.000000e+00 9.900000e-01 2.428154e+00 2.428173e+00 0.000000e+00 -4.590431e-01
0.000000e+00 1.045000e+00 2.335209e+00 2.335227e+00 0.000000e+00 -4.286087e-01
0.000000e+00 1.100000e+00 2.252797e+00 2.252813e+00 0.000000e+00 -4.010916e-01
0.000000e+00 1.155000e+00 2.179282e+00 2.179297e+00 0.000000e+00 -3.761110e-01
0.000000e+00 1.210000e+00 2.113348e+00 2.113361e+00 0.000000e+00 -3.533521e-01
0.000000e+00 1.265000e+00 2.053917e+00 2.053930e+00 0.000000e+00 -3.325497e-01
0.000000e+00 1.320000e+00 2.000107e+00 2.000118e+00 0.000000e+00 -3.134801e-01
0.000000e+00 1.375000e+00 1.951180e+00 1.951191e+00 0.000000e+00 -2.959523e-01
0.000000e+00 1.430000e+00 1.906522e+00 1.906532e+00 0.000000e+00 -2.798026e-01
0.000000e+00 1.485000e+00 1.865616e+00 1.865625e+00 0.000000e+00 -2.648883e-01
0.000000e+00 1.540000e+00 1.828023e+00 1.828032e+00 0.000000e+00 -2.510846e-01
0.000000e+00 1.595000e+00 1.793371e+00 1.793380e+00 0.000000e+00 -2.382816e-01
0.000000e+00 1.650000e+00 1.761339e+00 1.761348e+00 0.000000e+00 -2.263821e-01
0.000000e+00 1.705000e+00 1.731653e+00 1.731661e+00 0.000000e+00 -2.153016e-01
0.000000e+00 1.760000e+00 1.704073e+00 1.704080e+00 0.000000e+00 -2.049657e-01
0.000000e+00 1.815000e+00 1.678390e+00 1.678397e+00 0.000000e+00 -1.953090e-01
0.000000e+00 1.870000e+00 1.654424e+00 1.654430e+00 0.000000e+00 -1.862728e-01
0.000000e+00 1.925000e+00 1.632012e+00 1.632019e+00 0.000000e+00 -1.778046e-01
0.000000e+00 1.980000e+00 1.611015e+00 1.611021e+00 0.000000e+00 -1.698568e-01
0.000000e+00 2.035000e+00 1.591306e+00 1.591312e+00 0.000000e+00 -1.623868e-01
0.000000e+00 2.090000e+00 1.572773e+00 1.572778e+00 0.000000e+00 -1.553565e-01
0.000000e+00 2.145000e+00 1.555315e+00 1.555321e+00 0.000000e+00 -1.487315e-01
0.000000e+00 2.200000e+00 1.538845e+00 1.538851e+00 0.000000e+00 -1.424810e-01
0.000000e+00 2.255000e+00 1.523284e+00 1.523289e+00 0.000000e+00 -1.365769e-01
0.000000e+00 2.310000e+00 1.508561e+00 1.508566e+00 0.000000e+00 -1.309937e-01
0.000000e+00 2.365000e+00 1.494613e+00 1.494618e+00 0.000000e+00 -1.257078e-01
0.000000e+00 2.420000e+00 1.481384e+00 1.481389e+00 0.000000e+00 -1.206977e-01
0.000000e+00 2.475000e+00 1.468823e+00 1.468827e+00 0.000000e+00 -1.159438e-01
0.000000e+00 2.530000e+00 1.456882e+00 1.456886e+00 0.000000e+00 -1.114282e-01
0.000000e+00 2.585000e+00 1.445517e+00 1.445521e+00 0.000000e+00 -1.071347e-01
0.000000e+00 2.640000e+00 1.434689e+00 1.434693e+00 0.000000e+00 -1.030485e-01
0.000000e+00 2.695000e+00 1.424360e+00 1.424364e+00 0.000000e+00 -9.915624e-02
0.000000e+00 2.750000e+00 1.414497e+00 1.414501e+00 0.000000e+00 -9.544567e-02
0.000000e+00 2.805000e+00 1.405070e+00 1.405073e+00 0.000000e+00 -9.190539e-02
0.000000e+00 2.860000e+00 1.396050e+00 1.396053e+00 0.000000e+00 -8.852475e-02
0.000000e+00 2.915000e+00 1.387414e+00 1.387417e+00 0.000000e+00 -8.529365e-02
0.000000e+00 2.970000e+00 1.379141e+00 1.379144e+00 0.000000e+00 -8.220248e-02
0.000000e+00 3.025000e+00 1.371210e+00 1.371213e+00 0.000000e+00 -7.924197e-02
0.000000e+00 3.080000e+00 1.363604e+00 1.363607e+00 0.000000e+00 -7.640323e-02
0.000000e+00 3.135000e+00 1.356306e+00 1.356309e+00 0.000000e+00 -7.367792e-02
0.000000e+00 3.190000e+00 1.349301e+00 1.349304e+00 0.000000e+00 -7.105845e-02
0.000000e+00 3.245000e+00 1.342572e+00 1.342575e+00 0.000000e+00 -6.853829e-02
0.000000e+00 3.300000e+00 1.336104e+00 1.336106e+00 0.000000e+00 -6.611208e-02
0.000000e+00 3.355000e+00 1.329880e+00 1.329882e+00 0.000000e+00 -6.377563e-02
0.000000e+00 3.410000e+00 1.323886e+00 1.323889e+00 0.000000e+00 -6.152549e-02
0.000000e+00 3.465000e+00 1.318109e+00 1.318112e+00 0.000000e+00 -5.935850e-02
0.000000e+00 3.520000e+00 1.312538e+00 1.312541e+00 0.000000e+00 -5.727114e-02
0.000000e+00 3.575000e+00 1.307163e+00 1.307165e+00 0.000000e+00 -5.525928e-02
0.000000e+00 3.630000e+00 1.301975e+00 1.301977e+00 0.000000e+00 -5.331811e-02
0.000000e+00 3.685000e+00 1.296967e+00 1.296969e+00 0.000000e+00 -5.144252e-02
0.000000e+00 3.740000e+00 1.292131e+00 1.292133e+00 0.000000e+00 -4.962751e-02
0.000000e+00 3.795000e+00 1.287462e+00 1.287463e+00 0.000000e+00 -4.786868e-02
0.000000e+00 3.850000e+00 1.282952e+00 1.282954e+00 0.000000e+00 -4.616244e-02
0.000000e+00 3.905000e+00 1.278598e+00 1.278600e+00 0.000000e+00 -4.450610e-02
0.000000e+00 3.960000e+00 1.274391e+00 1.274393e+00 0.000000e+00 -4.289783e-02
0.000000e+00 4.015000e+00 1.270326e+00 1.270328e+00 0.000000e+00 -4.133652e-02
0.000000e+00 4.070000e+00 1.266394e+00 1.266395e+00 0.000000e+00 -3.982155e-02
0.000000e+00 4.125000e+00 1.262584e+00 1.262586e+00 0.000000e+00 -3.835252e-02
0.000000e+00 4.180000e+00 1.258888e+00 1.258890e+00 0.000000e+00 -3.692906e-02
0.000000e+00 4.235000e+00 1.255298e+00 1.255300e+00 0.000000e+00 -3.555054e-02
0.000000e+00 4.290000e+00 1.251809e+00 1.251811e+00 0.000000e+00 -3.421605e-02
0.000000e+00 4.345000e+00 1.248418e+00 1.248419e+00 0.000000e+00 -3.292423e-02
0.000000e+00 4.400000e+00 1.245122e+00 1.245124e+00 0.000000e+00 -3.167303e-02
0.000000e+00 4.455000e+00 1.241922e+00 1.241923e+00 0.000000e+00 -3.045945e-02
0.000000e+00 4.510000e+00 1.238816e+00 1.238817e+00 0.000000e+00 -2.927932e-02
0.000000e+00 4.565000e+00 1.235804e+00 1.235805e+00 0.000000e+00 -2.812764e-02
0.000000e+00 4.620000e+00 1.232887e+00 1.232888e+00 0.000000e+00 -2.699939e-02
0.000000e+00 4.675000e+00 1.230064e+00 1.230065e+00 0.000000e+00 -2.589085e-02
0.000000e+00 4.730000e+00 1.227333e+00 1.227334e+00 0.000000e+00 -2.480055e-02
0.000000e+00 4.785000e+00 1.224691e+00 1.224692e+00 0.000000e+00 -2.372956e-02
0.000000e+00 4.840000e+00 1.222131e+00 1.222132e+00 0.000000e+00 -2.268056e-02
0.000000e+00 4.895000e+00 1.219645e+00 1.219647e+00 0.000000e+00 -2.165640e-02
0.000000e+00 4.950000e+00 1.217228e+00 1.217229e+00 0.000000e+00 -2.065878e-02
0.000000e+00 5.005000e+00 1.214872e+00 1.214873e+00 0.000000e+00 -1.968765e-02
0.000000e+00 5.060000e+00 1.212576e+00 1.212577e+00 0.000000e+00 -1.874168e-02
0.000000e+00 5.115000e+00 1.210338e+00 1.210339e+00 0.000000e+00 -1.781900e-02
0.000000e+00 5.170000e+00 1.208159e+00 1.208160e+00 0.000000e+00 -1.691798e-02
0.000000e+00 5.225000e+00 1.206040e+00 1.206041e+00 0.000000e+00 -1.603733e-02
0.000000e+00 5.280000e+00 1.203980e+00 1.203981e+00 0.000000e+00 -1.517582e-02
0.000000e+00 5.335000e+00 1.201982e+00 1.201983e+00 0.000000e+00 -1.433195e-02
0.000000e+00 5.390000e+00 1.200043e+00 1.200044e+00 0.000000e+00 -1.350401e-02
0.000000e+00 5.445000e+00 1.198162e+00 1.198163e+00 0.000000e+00 -1.269045e-02
0.000000e+00 5.500000e+00 1.196338e+00 1.196339e+00 0.000000e+00 -1.189033e-02
0.000000e+00 5.555000e+00 1.194567e+00 1.194567e+00 0.000000e+00 -1.110365e-02
0.000000e+00 5.610000e+00 1.192845e+00 1.192846e+00 0.000000e+00 -1.033134e-02
0.000000e+00 5.665000e+00 1.191169e+00 1.191170e+00 0.000000e+00 -9.575042e-03
0.000000e+00 5.720000e+00 1.189536e+00 1.189537e+00 0.000000e+00 -8.836831e-03
0.000000e+00 5.775000e+00 1.187943e+00 1.187944e+00 0.000000e+00 -8.118762e-03
0.000000e+00 5.830000e+00 1.186386e+00 1.186387e+00 0.000000e+00 -7.422331e-03
0.000000e+00 5.885000e+00 1.184863e+00 1.184864e+00 0.000000e+00 -6.747872e-03
0.000000e+00 5.940000e+00 1.183373e+00 1.183374e+00 0.000000e+00 -6.094120e-03
0.000000e+00 5.995000e+00 1.181916e+00 1.181917e+00 0.000000e+00 -5.458216e-03
0.000000e+00 6.050000e+00 1.180496e+00 1.180496e+00 0.000000e+00 -4.836318e-03
0.000000e+00 6.105000e+00 1.179117e+00 1.179118e+00 0.000000e+00 -4.224760e-03
0.000000e+00 6.160000e+00 1.177784e+00 1.177785e+00 0.000000e+00 -3.621470e-03
0.000000e+00 6.215000e+00 1.176499e+00 1.176500e+00 0.000000e+00 -3.027104e-03
0.000000e+00 6.270000e+00 1.175257e+00 1.175257e+00 0.000000e+00 -2.445273e-03
0.000000e+00 6.325000e+00 1.174047e+00 1.174048e+00 0.000000e+00 -1.881391e-03
0.000000e+00 6.380000e+00 1.172859e+00 1.172860e+00 0.000000e+00 -1.340297e-03
0.000000e+00 6.435000e+00 1.171684e+00 1.171685e+00 0.000000e+00 -8.236489e-04
0.000000e+00 6.490000e+00 1.170522e+00 1.170523e+00 0.000000e+00 -3.285221e-04
0.000000e+00 6.545000e+00 1.169382e+00 1.169382e+00 0.000000e+00 1.517863e-04
0.000000e+00 6.600000e+00 1.168274e+00 1.168275e+00 0.000000e+00 6.249466e-04
0.000000e+00 6.655000e+00 1.167206e+00 1.167206e+00 0.000000e+00 1.096040e-03
0.000000e+00 6.710000e+00 1.166175e+00 1.166176e+00 0.000000e+00 1.564749e-03
0.000000e+00 6.765000e+00 1.165174e+00 1.165175e+00 0.000000e+00 2.024576e-03
0.000000e+00 6.820000e+00 1.164201e+00 1.164202e+00 0.000000e+00 2.465173e-03
0.000000e+00 6.875000e+00 1.163264e+00 1.163264e+00 0.000000e+00 2.878200e-03
0.000000e+00 6.930000e+00 1.162375e+00 1.162376e+00 0.000000e+00 3.264836e-03
0.000000e+00 6.985000e+00 1.161538e+00 1.161538e+00 0.000000e+00 3.639721e-03
0.000000e+00 7.040000e+00 1.160731e+00 1.160731e+00 0.000000e+00 4.024663e-03
0.000000e+00 7.095000e+00 1.159917e+00 1.159918e+00 0.000000e+00 4.431069e-03
0.000000e+00 7.150000e+00 1.159071e+00 1.159071e+00 0.000000e+00 4.842835e-03
0.000000e+00 7.205000e+00 1.158195e+00 1.158196e+00 0.000000e+00 5.217391e-03
0.000000e+00 7.260000e+00 1.157324e+00 1.157324e+00 0.000000e+00 5.511942e-03
0.000000e+00 7.315000e+00 1.156491e+00 1.156491e+00 0.000000e+00 5.718661e-03
0.000000e+00 7.370000e+00 1.155704e+00 1.155705e+00 0.000000e+00 5.880593e-03
0.000000e+00 7.425000e+00 1.154945e+00 1.154946e+00 0.000000e+00 6.069316e-03
0.000000e+00 7.480000e+00 1.154192e+00 1.154192e+00 0.000000e+00 6.335064e-03
0.000000e+00 7.535000e+00 1.153444e+00 1.153444e+00 0.000000e+00 6.670284e-03
0.000000e+00 7.590000e+00 1.152718e+00 1.152718e+00 0.000000e+00 7.017152e-03
0.000000e+00 7.645000e+00 1.152023e+00 1.152024e+00 0.000000e+00 7.311080e-03
0.000000e+00 7.700000e+00 1.151346e+00 1.151347e+00 0.000000e+00 7.523373e-03
0.000000e+00 7.755000e+00 1.150664e+00 1.150665e+00 0.000000e+00 7.671950e-03
0.000000e+00 7.810000e+00 1.149968e+00 1.149968e+00 0.000000e+00 7.800226e-03
0.000000e+00 7.865000e+00 1.149275e+00 1.149275e+00 0.000000e+00 7.946997e-03
0.000000e+00 7.920000e+00 1.148614e+00 1.148614e+00 0.000000e+00 8.129538e-03
0.000000e+00 7.975000e+00 1.147999e+00 1.147999e+00 0.000000e+00 8.343546e-03
0.000000e+00 8.030000e+00 1.147416e+00 1.147417e+00 0.000000e+00 8.571141e-03
0.000000e+00 8.085000e+00 1.146837e+00 1.146837e+00 0.000000e+00 8.790201e-03
0.000000e+00 8.140000e+00 1.146235e+00 1.146235e+00 0.000000e+00 8.983181e-03
0.000000e+00 8.195000e+00 1.145601e+00 1.145602e+00 0.000000e+00 9.144217e-03
0.000000e+00 8.250000e+00 1.144946e+00 1.144946e+00 0.000000e+00 9.281062e-03
0.000000e+00 8.305000e+00 1.144288e+00 1.144288e+00 0.000000e+00 9.409837e-03
0.000000e+00 8.360000e+00 1.143644e+00 1.143645e+00 0.000000e+00 9.545772e-03
0.000000e+00 8.415000e+00 1.143028e+00 1.143029e+00 0.000000e+00 9.695855e-03
0.000000e+00 8.470000e+00 1.142442e+00 1.142442e+00 0.000000e+00 9.857219e-03
0.000000e+00 8.525000e+00 1.141881e+00 1.141881e+00 0.000000e+00 1.002054e-02
0.000000e+00 8.580000e+00 1.141338e+00 1.141339e+00 0.000000e+00 1.017501e-02
0.000000e+00 8.635000e+00 1.140806e+00 1.140807e+00 0.000000e+00 1.031196e-02
0.000000e+00 8.690000e+00 1.140279e+00 1.140279e+00 0.000000e+00 1.042662e-02
0.000000e+00 8.745000e+00 1.139751e+00 1.139751e+00 0.000000e+00 1.051892e-02
0.000000e+00 8.800000e+00 1.139223e+00 1.139223e+00 0.000000e+00 1.059402e-02
0.000000e+00 8.855000e+00 1.138695e+00 1.138695e+00 0.000000e+00 1.066198e-02
0.000000e+00 8.910000e+00 1.138171e+00 1.138172e+00 0.000000e+00 1.073514e-02
0.000000e+00 8.965000e+00 1.137656e+00 1.137656e+00 0.000000e+00 1.082307e-02
0.000000e+00 9.020000e+00 1.137149e+00 1.137150e+00 0.000000e+00 1.092728e-02
0.000000e+00 9.075000e+00 1.136647e+00 1.136647e+00 0.000000e+00 1.103928e-02
0.000000e+00 9.130000e+00 1.136142e+00 1.136142e+00 0.000000e+00 1.114475e-02
0.000000e+00 9.185000e+00 1.135627e+00 1.135628e+00 0.000000e+00 1.123252e-02
0.000000e+00 9.240000e+00 1.135102e+00 1.135103e+00 0.000000e+00 1.130406e-02
0.000000e+00 9.295000e+00 1.134574e+00 1.134575e+00 0.000000e+00 1.137653e-02
0.000000e+00 9.350000e+00 1.134057e+00 1.134058e+00 0.000000e+00 1.147727e-02
0.000000e+00 9.405000e+00 1.133566e+00 1.133566e+00 0.000000e+00 1.162985e-02
0.000000e+00 9.460000e+00 1.133112e+00 1.133112e+00 0.000000e+00 1.184168e-02
0.000000e+00 9.515000e+00 1.132693e+00 1.132693e+00 0.000000e+00 1.209466e-02
0.000000e+00 9.570000e+00 1.132300e+00 1.132300e+00 0.000000e+00 1.234991e-02
0.000000e+00 9.625000e+00 1.131911e+00 1.131912e+00 0.000000e+00 1.254639e-02
0.000000e+00 9.680000e+00 1.131513e+00 1.131513e+00 0.000000e+00 1.261922e-02
0.000000e+00 9.735000e+00 1.131080e+00 1.131081e+00 0.000000e+00 1.249678e-02
0.000000e+00 9.790000e+00 1.130621e+00 1.130621e+00 0.000000e+00 1.217241e-02
0.000000e+00 9.845000e+00 1.130113e+00 1.130113e+00 0.000000e+00 1.169331e-02
0.000000e+00 9.900000e+00 1.129616e+00 1.129617e+00 0.000000e+00 1.127386e-02
0.000000e+00 9.955000e+00 1.129073e+00 1.129073e+00 0.000000e+00 1.103706e-02
0.000000e+00 1.001000e+01 1.105114e+00 1.105114e+00 -0.000000e+00 -1.013850e-02
0.000000e+00 1.006500e+01 1.105114e+00 1.105114e+00 -0.000000e+00 -1.013850e-02
0.000000e+00 1.012000e+01 1.105114e+00 1.105114e+00 -0.000000e+00 -1.013850e-02
0.000000e+00 1.017500e+01 1.105114e+00 1.105114e+00 -0.000000e+00 -1.013850e-02
0.000000e+00 1.023000e+01 1.105114e+00 1.105114e+00 -0.000000e+00 -1.013850e-02
0.000000e+00 1.028500e+01 1.105114e+00 1.105114e+00 -0.000000e+00 -1.013850e-02
0.000000e+00 1.034000e+01 1.105114e+00 1.105114e+00 -0.000000e+00 -1.013850e-02
0.000000e+00 1.039500e+01 1.105114e+00 1.105114e+00 -0.000000e+00 -1.013850e-02
0.000000e+00 1.045000e+01 1.105114e+00 1.105114e+00 -0.000000e+00 -1.013850e-02
0.000000e+00 1.050500e+01 1.105114e+00 1.105114e+00 -0.000000e+00 -1.013850e-02
0.000000e+00 1.056000e+01 1.105114e+00 1.105114e+00 -0.000000e+00 -1.013850e-02
0.000000e+00 1.061500e+01 1.105114e+00 1.105114e+00 -0.000000e+00 -1.013850e-02
0.000000e+00 1.067000e+01 1.105114e+00 1.105114e+00 -0.000000e+00 -1.013850e-02
0.000000e+00 1.072500e+01 1.105114e+00 1.105114e+00 -0.000000e+00 -1.013850e-02
0.000000e+00 1.078000e+01 1.105114e+00 1.105114e+00 -0.000000e+00 -1.013850e-02
0.000000e+00 1.083500e+01 1.105114e+00 1.105114e+00 -0.000000e+00 -1.013850e-02
0.000000e+00 1.089000e+01 1.105114e+00 1.105114e+00 -0.000000e+00 -1.013850e-02
0.000000e+00 1.094500e+01 1.105114e+00 1.105114e+00 -0.000000e+00 -1.013850e-02
0.000000e+00 1.100000e+01 1.105114e+00 1.105114e+00 -0.000000e+00 -1.013850e-02
