#############TIME##################
2.100336e+01 
###################################
0.000000e+00 0.000000e+00 2.216248e+01 2.216302e+01 0.000000e+00 -3.044959e+00
0.000000e+00 5.500000e-02 2.216248e+01 2.216302e+01 0.000000e+00 -3.044959e+00
0.000000e+00 1.100000e-01 2.216350e+01 2.216404e+01 0.000000e+00 -3.044960e+00
0.000000e+00 1.650000e-01 1.372821e+01 1.372855e+01 0.000000e+00 -2.297792e+00
0.000000e+00 2.200000e-01 1.014267e+01 1.014289e+01 0.000000e+00 -1.936931e+00
0.000000e+00 2.750000e-01 7.952168e+00 7.952323e+00 0.000000e+00 -1.643034e+00
0.000000e+00 3.300000e-01 6.562189e+00 6.562306e+00 0.000000e+00 -1.426909e+00
0.000000e+00 3.850000e-01 5.573335e+00 5.573425e+00 0.000000e+00 -1.250773e+00
0.000000e+00 4.400000e-01 4.868485e+00 4.868557e+00 0.000000e+00 -1.110614e+00
0.000000e+00 4.950000e-01 4.330788e+00 4.330847e+00 0.000000e+00 -9.930275e-01
0.000000e+00 5.500000e-01 3.914281e+00 3.914330e+00 0.000000e+00 -8.957913e-01
0.000000e+00 6.050000e-01 3.582262e+00 3.582304e+00 0.000000e+00 -8.123084e-01
0.000000e+00 6.600000e-01 3.312801e+00 3.312838e+00 0.000000e+00 -7.410883e-01
0.000000e+00 7.150000e-01 3.089856e+00 3.089888e+00 0.000000e+00 -6.791934e-01
0.000000e+00 7.700000e-01 2.903049e+00 2.903077e+00 0.000000e+00 -6.252847e-01
0.000000e+00 8.250000e-01 2.744425e+00 2.744450e+00 0.000000e+00 -5.778432e-01
0.000000e+00 8.800000e-01 2.608317e+00 2.608339e+00 0.000000e+00 -5.358959e-01
0.000000e+00 9.350000e-01 2.490304e+00 2.490324e+00 0.000000e+00 -4.985333e-01
0.000000e+00 9.900000e-01 2.387048e+00 2.387066e+00 0.000000e+00 -4.650614e-01
0.000000e+00 1.045000e+00 2.295933e+00 2.295949e+00 0.000000e+00 -4.348873e-01
0.000000e+00 1.100000e+00 2.214956e+00 2.214972e+00 0.000000e+00 -4.075490e-01
0.000000e+00 1.155000e+00 2.142577e+00 2.142591e+00 0.000000e+00 -3.826852e-01
0.000000e+00 1.210000e+00 2.077621e+00 2.077634e+00 0.000000e+00 -3.600274e-01
0.000000e+00 1.265000e+00 2.019166e+00 2.019178e+00 0.000000e+00 -3.393705e-01
0.000000e+00 1.320000e+00 1.966453e+00 1.966464e+00 0.000000e+00 -3.205443e-01
0.000000e+00 1.375000e+00 1.918798e+00 1.918809e+00 0.000000e+00 -3.033831e-01
0.000000e+00 1.430000e+00 1.875551e+00 1.875561e+00 0.000000e+00 -2.877064e-01
0.000000e+00 1.485000e+00 1.836081e+00 1.836091e+00 0.000000e+00 -2.733175e-01
0.000000e+00 1.540000e+00 1.799817e+00 1.799826e+00 0.000000e+00 -2.600214e-01
0.000000e+00 1.595000e+00 1.766287e+00 1.766295e+00 0.000000e+00 -2.476529e-01
0.000000e+00 1.650000e+00 1.735149e+00 1.735157e+00 0.000000e+00 -2.360977e-01
0.000000e+00 1.705000e+00 1.706184e+00 1.706191e+00 0.000000e+00 -2.252942e-01
0.000000e+00 1.760000e+00 1.679245e+00 1.679252e+00 0.000000e+00 -2.152154e-01
0.000000e+00 1.815000e+00 1.654210e+00 1.654216e+00 0.000000e+00 -2.058405e-01
0.000000e+00 1.870000e+00 1.630933e+00 1.630940e+00 0.000000e+00 -1.971325e-01
0.000000e+00 1.925000e+00 1.609244e+00 1.609250e+00 0.000000e+00 -1.890310e-01
0.000000e+00 1.980000e+00 1.588960e+00 1.588966e+00 0.000000e+00 -1.814632e-01
0.000000e+00 2.035000e+00 1.569917e+00 1.569922e+00 0.000000e+00 -1.743620e-01
0.000000e+00 2.090000e+00 1.551992e+00 1.551998e+00 0.000000e+00 -1.676797e-01
0.000000e+00 2.145000e+00 1.535101e+00 1.535106e+00 0.000000e+00 -1.613881e-01
0.000000e+00 2.200000e+00 1.519178e+00 1.519182e+00 0.000000e+00 -1.554692e-01
0.000000e+00 2.255000e+00 1.504158e+00 1.504163e+00 0.000000e+00 -1.499034e-01
0.000000e+00 2.310000e+00 1.489972e+00 1.489977e+00 0.000000e+00 -1.446650e-01
0.000000e+00 2.365000e+00 1.476547e+00 1.476552e+00 0.000000e+00 -1.397241e-01
0.000000e+00 2.420000e+00 1.463818e+00 1.463822e+00 0.000000e+00 -1.350529e-01
0.000000e+00 2.475000e+00 1.451728e+00 1.451732e+00 0.000000e+00 -1.306294e-01
0.000000e+00 2.530000e+00 1.440235e+00 1.440239e+00 0.000000e+00 -1.264372e-01
0.000000e+00 2.585000e+00 1.429296e+00 1.429300e+00 0.000000e+00 -1.224619e-01
0.000000e+00 2.640000e+00 1.418872e+00 1.418876e+00 0.000000e+00 -1.186892e-01
0.000000e+00 2.695000e+00 1.408924e+00 1.408928e+00 0.000000e+00 -1.151041e-01
0.000000e+00 2.750000e+00 1.399417e+00 1.399420e+00 0.000000e+00 -1.116923e-01
0.000000e+00 2.805000e+00 1.390320e+00 1.390323e+00 0.000000e+00 -1.084418e-01
0.000000e+00 2.860000e+00 1.381611e+00 1.381615e+00 0.000000e+00 -1.053426e-01
0.000000e+00 2.915000e+00 1.373270e+00 1.373273e+00 0.000000e+00 -1.023868e-01
0.000000e+00 2.970000e+00 1.365278e+00 1.365281e+00 0.000000e+00 -9.956681e-02
0.000000e+00 3.025000e+00 1.357617e+00 1.357620e+00 0.000000e+00 -9.687534e-02
0.000000e+00 3.080000e+00 1.350269e+00 1.350272e+00 0.000000e+00 -9.430517e-02
0.000000e+00 3.135000e+00 1.343216e+00 1.343219e+00 0.000000e+00 -9.184912e-02
0.000000e+00 3.190000e+00 1.336442e+00 1.336444e+00 0.000000e+00 -8.950023e-02
0.000000e+00 3.245000e+00 1.329930e+00 1.329933e+00 0.000000e+00 -8.725192e-02
0.000000e+00 3.300000e+00 1.323667e+00 1.323670e+00 0.000000e+00 -8.509815e-02
0.000000e+00 3.355000e+00 1.317638e+00 1.317641e+00 0.000000e+00 -8.303357e-02
0.000000e+00 3.410000e+00 1.311830e+00 1.311833e+00 0.000000e+00 -8.105329e-02
0.000000e+00 3.465000e+00 1.306231e+00 1.306233e+00 0.000000e+00 -7.915269e-02
0.000000e+00 3.520000e+00 1.300827e+00 1.300829e+00 0.000000e+00 -7.732719e-02
0.000000e+00 3.575000e+00 1.295608e+00 1.295610e+00 0.000000e+00 -7.557226e-02
0.000000e+00 3.630000e+00 1.290565e+00 1.290567e+00 0.000000e+00 -7.388361e-02
0.000000e+00 3.685000e+00 1.285687e+00 1.285689e+00 0.000000e+00 -7.225742e-02
0.000000e+00 3.740000e+00 1.280969e+00 1.280971e+00 0.000000e+00 -7.069040e-02
0.000000e+00 3.795000e+00 1.276403e+00 1.276405e+00 0.000000e+00 -6.917978e-02
0.000000e+00 3.850000e+00 1.271984e+00 1.271985e+00 0.000000e+00 -6.772314e-02
0.000000e+00 3.905000e+00 1.267703e+00 1.267705e+00 0.000000e+00 -6.631819e-02
0.000000e+00 3.960000e+00 1.263555e+00 1.263557e+00 0.000000e+00 -6.496263e-02
0.000000e+00 4.015000e+00 1.259534e+00 1.259536e+00 0.000000e+00 -6.365402e-02
0.000000e+00 4.070000e+00 1.255634e+00 1.255635e+00 0.000000e+00 -6.238978e-02
0.000000e+00 4.125000e+00 1.251849e+00 1.251851e+00 0.000000e+00 -6.116735e-02
0.000000e+00 4.180000e+00 1.248177e+00 1.248178e+00 0.000000e+00 -5.998447e-02
0.000000e+00 4.235000e+00 1.244612e+00 1.244613e+00 0.000000e+00 -5.883933e-02
0.000000e+00 4.290000e+00 1.241152e+00 1.241153e+00 0.000000e+00 -5.773057e-02
0.000000e+00 4.345000e+00 1.237792e+00 1.237793e+00 0.000000e+00 -5.665703e-02
0.000000e+00 4.400000e+00 1.234528e+00 1.234529e+00 0.000000e+00 -5.561742e-02
0.000000e+00 4.455000e+00 1.231355e+00 1.231356e+00 0.000000e+00 -5.461012e-02
0.000000e+00 4.510000e+00 1.228269e+00 1.228270e+00 0.000000e+00 -5.363319e-02
0.000000e+00 4.565000e+00 1.225266e+00 1.225268e+00 0.000000e+00 -5.268472e-02
0.000000e+00 4.620000e+00 1.222344e+00 1.222346e+00 0.000000e+00 -5.176310e-02
0.000000e+00 4.675000e+00 1.219501e+00 1.219502e+00 0.000000e+00 -5.086729e-02
0.000000e+00 4.730000e+00 1.216733e+00 1.216734e+00 0.000000e+00 -4.999666e-02
0.000000e+00 4.785000e+00 1.214038e+00 1.214039e+00 0.000000e+00 -4.915071e-02
0.000000e+00 4.840000e+00 1.211413e+00 1.211414e+00 0.000000e+00 -4.832875e-02
0.000000e+00 4.895000e+00 1.208855e+00 1.208856e+00 0.000000e+00 -4.752967e-02
0.000000e+00 4.950000e+00 1.206361e+00 1.206362e+00 0.000000e+00 -4.675202e-02
0.000000e+00 5.005000e+00 1.203927e+00 1.203929e+00 0.000000e+00 -4.599422e-02
0.000000e+00 5.060000e+00 1.201553e+00 1.201554e+00 0.000000e+00 -4.525492e-02
0.000000e+00 5.115000e+00 1.199236e+00 1.199237e+00 0.000000e+00 -4.453317e-02
0.000000e+00 5.170000e+00 1.196973e+00 1.196974e+00 0.000000e+00 -4.382851e-02
0.000000e+00 5.225000e+00 1.194764e+00 1.194765e+00 0.000000e+00 -4.314070e-02
0.000000e+00 5.280000e+00 1.192607e+00 1.192608e+00 0.000000e+00 -4.246953e-02
0.000000e+00 5.335000e+00 1.190499e+00 1.190500e+00 0.000000e+00 -4.181458e-02
0.000000e+00 5.390000e+00 1.188440e+00 1.188441e+00 0.000000e+00 -4.117512e-02
0.000000e+00 5.445000e+00 1.186427e+00 1.186428e+00 0.000000e+00 -4.055029e-02
0.000000e+00 5.500000e+00 1.184461e+00 1.184462e+00 0.000000e+00 -3.993925e-02
0.000000e+00 5.555000e+00 1.182539e+00 1.182540e+00 0.000000e+00 -3.934137e-02
0.000000e+00 5.610000e+00 1.180661e+00 1.180661e+00 0.000000e+00 -3.875629e-02
0.000000e+00 5.665000e+00 1.178825e+00 1.178826e+00 0.000000e+00 -3.818386e-02
0.000000e+00 5.720000e+00 1.177031e+00 1.177032e+00 0.000000e+00 -3.762401e-02
0.000000e+00 5.775000e+00 1.175277e+00 1.175278e+00 0.000000e+00 -3.707661e-02
0.000000e+00 5.830000e+00 1.173562e+00 1.173562e+00 0.000000e+00 -3.654143e-02
0.000000e+00 5.885000e+00 1.171884e+00 1.171884e+00 0.000000e+00 -3.601800e-02
0.000000e+00 5.940000e+00 1.170241e+00 1.170241e+00 0.000000e+00 -3.550560e-02
0.000000e+00 5.995000e+00 1.168630e+00 1.168631e+00 0.000000e+00 -3.500318e-02
0.000000e+00 6.050000e+00 1.167050e+00 1.167050e+00 0.000000e+00 -3.450940e-02
0.000000e+00 6.105000e+00 1.165496e+00 1.165496e+00 0.000000e+00 -3.402277e-02
0.000000e+00 6.160000e+00 1.163965e+00 1.163966e+00 0.000000e+00 -3.354187e-02
0.000000e+00 6.215000e+00 1.162456e+00 1.162457e+00 0.000000e+00 -3.306571e-02
0.000000e+00 6.270000e+00 1.160969e+00 1.160969e+00 0.000000e+00 -3.259394e-02
0.000000e+00 6.325000e+00 1.159504e+00 1.159504e+00 0.000000e+00 -3.212704e-02
0.000000e+00 6.380000e+00 1.158063e+00 1.158064e+00 0.000000e+00 -3.166623e-02
0.000000e+00 6.435000e+00 1.156650e+00 1.156651e+00 0.000000e+00 -3.121323e-02
0.000000e+00 6.490000e+00 1.155267e+00 1.155268e+00 0.000000e+00 -3.076983e-02
0.000000e+00 6.545000e+00 1.153917e+00 1.153918e+00 0.000000e+00 -3.033746e-02
0.000000e+00 6.600000e+00 1.152601e+00 1.152601e+00 0.000000e+00 -2.991673e-02
0.000000e+00 6.655000e+00 1.151316e+00 1.151316e+00 0.000000e+00 -2.950728e-02
0.000000e+00 6.710000e+00 1.150061e+00 1.150061e+00 0.000000e+00 -2.910778e-02
0.000000e+00 6.765000e+00 1.148832e+00 1.148832e+00 0.000000e+00 -2.871626e-02
0.000000e+00 6.820000e+00 1.147625e+00 1.147626e+00 0.000000e+00 -2.833053e-02
0.000000e+00 6.875000e+00 1.146438e+00 1.146438e+00 0.000000e+00 -2.794867e-02
0.000000e+00 6.930000e+00 1.145268e+00 1.145269e+00 0.000000e+00 -2.756944e-02
0.000000e+00 6.985000e+00 1.144116e+00 1.144117e+00 0.000000e+00 -2.719239e-02
0.000000e+00 7.040000e+00 1.142984e+00 1.142984e+00 0.000000e+00 -2.681783e-02
0.000000e+00 7.095000e+00 1.141872e+00 1.141872e+00 0.000000e+00 -2.644652e-02
0.000000e+00 7.150000e+00 1.140783e+00 1.140783e+00 0.000000e+00 -2.607930e-02
0.000000e+00 7.205000e+00 1.139719e+00 1.139719e+00 0.000000e+00 -2.571669e-02
0.000000e+00 7.260000e+00 1.138679e+00 1.138679e+00 0.000000e+00 -2.535874e-02
0.000000e+00 7.315000e+00 1.137663e+00 1.137663e+00 0.000000e+00 -2.500496e-02
0.000000e+00 7.370000e+00 1.136669e+00 1.136669e+00 0.000000e+00 -2.465459e-02
0.000000e+00 7.425000e+00 1.135695e+00 1.135695e+00 0.000000e+00 -2.430685e-02
0.000000e+00 7.480000e+00 1.134739e+00 1.134740e+00 0.000000e+00 -2.396127e-02
0.000000e+00 7.535000e+00 1.133801e+00 1.133801e+00 0.000000e+00 -2.361775e-02
0.000000e+00 7.590000e+00 1.132878e+00 1.132878e+00 0.000000e+00 -2.327659e-02
0.000000e+00 7.645000e+00 1.131971e+00 1.131971e+00 0.000000e+00 -2.293822e-02
0.000000e+00 7.700000e+00 1.131079e+00 1.131079e+00 0.000000e+00 -2.260302e-02
0.000000e+00 7.755000e+00 1.130201e+00 1.130201e+00 0.000000e+00 -2.227122e-02
0.000000e+00 7.810000e+00 1.129336e+00 1.129337e+00 0.000000e+00 -2.194287e-02
0.000000e+00 7.865000e+00 1.128484e+00 1.128484e+00 0.000000e+00 -2.161799e-02
0.000000e+00 7.920000e+00 1.127642e+00 1.127643e+00 0.000000e+00 -2.129668e-02
0.000000e+00 7.975000e+00 1.126811e+00 1.126812e+00 0.000000e+00 -2.097915e-02
0.000000e+00 8.030000e+00 1.125990e+00 1.125990e+00 0.000000e+00 -2.066567e-02
0.000000e+00 8.085000e+00 1.125178e+00 1.125179e+00 0.000000e+00 -2.035644e-02
0.000000e+00 8.140000e+00 1.124376e+00 1.124376e+00 0.000000e+00 -2.005148e-02
0.000000e+00 8.195000e+00 1.123583e+00 1.123583e+00 0.000000e+00 -1.975053e-02
0.000000e+00 8.250000e+00 1.122801e+00 1.122801e+00 0.000000e+00 -1.945306e-02
0.000000e+00 8.305000e+00 1.122031e+00 1.122031e+00 0.000000e+00 -1.915828e-02
0.000000e+00 8.360000e+00 1.121274e+00 1.121274e+00 0.000000e+00 -1.886517e-02
0.000000e+00 8.415000e+00 1.120533e+00 1.120533e+00 0.000000e+00 -1.857262e-02
0.000000e+00 8.470000e+00 1.119809e+00 1.119809e+00 0.000000e+00 -1.827957e-02
0.000000e+00 8.525000e+00 1.119104e+00 1.119104e+00 0.000000e+00 -1.798519e-02
0.000000e+00 8.580000e+00 1.118418e+00 1.118418e+00 0.000000e+00 -1.768903e-02
0.000000e+00 8.635000e+00 1.117752e+00 1.117752e+00 0.000000e+00 -1.739095e-02
0.000000e+00 8.690000e+00 1.117103e+00 1.117104e+00 0.000000e+00 -1.709104e-02
0.000000e+00 8.745000e+00 1.116472e+00 1.116472e+00 0.000000e+00 -1.678929e-02
0.000000e+00 8.800000e+00 1.115855e+00 1.115855e+00 0.000000e+00 -1.648546e-02
0.000000e+00 8.855000e+00 1.115251e+00 1.115251e+00 0.000000e+00 -1.617912e-02
0.000000e+00 8.910000e+00 1.114658e+00 1.114658e+00 0.000000e+00 -1.586988e-02
0.000000e+00 8.965000e+00 1.114075e+00 1.114075e+00 0.000000e+00 -1.555763e-02
0.000000e+00 9.020000e+00 1.113500e+00 1.113500e+00 0.000000e+00 -1.524243e-02
0.000000e+00 9.075000e+00 1.112931e+00 1.112931e+00 0.000000e+00 -1.492393e-02
0.000000e+00 9.130000e+00 1.112368e+00 1.112369e+00 0.000000e+00 -1.460089e-02
0.000000e+00 9.185000e+00 1.111810e+00 1.111811e+00 0.000000e+00 -1.427047e-02
0.000000e+00 9.240000e+00 1.111257e+00 1.111257e+00 0.000000e+00 -1.392882e-02
0.000000e+00 9.295000e+00 1.110707e+00 1.110707e+00 0.000000e+00 -1.357032e-02
0.000000e+00 9.350000e+00 1.110163e+00 1.110163e+00 0.000000e+00 -1.318976e-02
0.000000e+00 9.405000e+00 1.109626e+00 1.109626e+00 0.000000e+00 -1.278099e-02
0.000000e+00 9.460000e+00 1.109097e+00 1.109097e+00 0.000000e+00 -1.234782e-02
0.000000e+00 9.515000e+00 1.108584e+00 1.108584e+00 0.000000e+00 -1.190248e-02
0.000000e+00 9.570000e+00 1.108085e+00 1.108085e+00 0.000000e+00 -1.149046e-02
0.000000e+00 9.625000e+00 1.107617e+00 1.107617e+00 0.000000e+00 -1.115707e-02
0.000000e+00 9.680000e+00 1.107165e+00 1.107165e+00 0.000000e+00 -1.097209e-02
0.000000e+00 9.735000e+00 1.106750e+00 1.106750e+00 0.000000e+00 -1.091689e-02
0.000000e+00 9.790000e+00 1.106317e+00 1.106317e+00 0.000000e+00 -1.095775e-02
0.000000e+00 9.845000e+00 1.105870e+00 1.105870e+00 0.000000e+00 -1.097117e-02
0.000000e+00 9.900000e+00 1.105470e+00 1.105470e+00 0.000000e+00 -1.084855e-02
0.000000e+00 9.955000e+00 1.104954e+00 1.104954e+00 0.000000e+00 -1.079784e-02
0.000000e+00 1.001000e+01 1.105114e+00 1.105114e+00 -0.000000e+00 -1.013850e-02
0.000000e+00 1.006500e+01 1.105114e+00 1.105114e+00 -0.000000e+00 -1.013850e-02
0.000000e+00 1.012000e+01 1.105114e+00 1.105114e+00 -0.000000e+00 -1.013850e-02
0.000000e+00 1.017500e+01 1.105114e+00 1.105114e+00 -0.000000e+00 -1.013850e-02
0.000000e+00 1.023000e+01 1.105114e+00 1.105114e+00 -0.000000e+00 -1.013850e-02
0.000000e+00 1.028500e+01 1.105114e+00 1.105114e+00 -0.000000e+00 -1.013850e-02
0.000000e+00 1.034000e+01 1.105114e+00 1.105114e+00 -0.000000e+00 -1.013850e-02
0.000000e+00 1.039500e+01 1.105114e+00 1.105114e+00 -0.000000e+00 -1.013850e-02
0.000000e+00 1.045000e+01 1.105114e+00 1.105114e+00 -0.000000e+00 -1.013850e-02
0.000000e+00 1.050500e+01 1.105114e+00 1.105114e+00 -0.000000e+00 -1.013850e-02
0.000000e+00 1.056000e+01 1.105114e+00 1.105114e+00 -0.000000e+00 -1.013850e-02
0.000000e+00 1.061500e+01 1.105114e+00 1.105114e+00 -0.000000e+00 -1.013850e-02
0.000000e+00 1.067000e+01 1.105114e+00 1.105114e+00 -0.000000e+00 -1.013850e-02
0.000000e+00 1.072500e+01 1.105114e+00 1.105114e+00 -0.000000e+00 -1.013850e-02
0.000000e+00 1.078000e+01 1.105114e+00 1.105114e+00 -0.000000e+00 -1.013850e-02
0.000000e+00 1.083500e+01 1.105114e+00 1.105114e+00 -0.000000e+00 -1.013850e-02
0.000000e+00 1.089000e+01 1.105114e+00 1.105114e+00 -0.000000e+00 -1.013850e-02
0.000000e+00 1.094500e+01 1.105114e+00 1.105114e+00 -0.000000e+00 -1.013850e-02
0.000000e+00 1.100000e+01 1.105114e+00 1.105114e+00 -0.000000e+00 -1.013850e-02
