#############TIME##################
1.004178e+00 
###################################
0.000000e+00 0.000000e+00 1.013336e+01 1.013353e+01 0.000000e+00 -3.090229e+00
0.000000e+00 5.500000e-02 1.013336e+01 1.013353e+01 0.000000e+00 -3.090229e+00
0.000000e+00 1.100000e-01 1.018724e+01 1.018741e+01 0.000000e+00 -3.090231e+00
0.000000e+00 1.650000e-01 6.300789e+00 6.300894e+00 0.000000e+00 -2.370202e+00
0.000000e+00 2.200000e-01 4.656606e+00 4.656673e+00 0.000000e+00 -2.025904e+00
0.000000e+00 2.750000e-01 3.660897e+00 3.660941e+00 0.000000e+00 -1.746911e+00
0.000000e+00 3.300000e-01 3.029568e+00 3.029599e+00 0.000000e+00 -1.544182e+00
0.000000e+00 3.850000e-01 2.587019e+00 2.587041e+00 0.000000e+00 -1.379674e+00
0.000000e+00 4.400000e-01 2.275123e+00 2.275140e+00 0.000000e+00 -1.249095e+00
0.000000e+00 4.950000e-01 2.040506e+00 2.040519e+00 0.000000e+00 -1.139638e+00
0.000000e+00 5.500000e-01 1.862453e+00 1.862463e+00 0.000000e+00 -1.048327e+00
0.000000e+00 6.050000e-01 1.723220e+00 1.723227e+00 0.000000e+00 -9.692868e-01
0.000000e+00 6.600000e-01 1.612820e+00 1.612826e+00 0.000000e+00 -9.009142e-01
0.000000e+00 7.150000e-01 1.524094e+00 1.524099e+00 0.000000e+00 -8.402792e-01
0.000000e+00 7.700000e-01 1.452153e+00 1.452157e+00 0.000000e+00 -7.861977e-01
0.000000e+00 8.250000e-01 1.393329e+00 1.393332e+00 0.000000e+00 -7.372780e-01
0.000000e+00 8.800000e-01 1.344981e+00 1.344983e+00 0.000000e+00 -6.927222e-01
0.000000e+00 9.350000e-01 1.305064e+00 1.305066e+00 0.000000e+00 -6.517952e-01
0.000000e+00 9.900000e-01 1.272020e+00 1.272021e+00 0.000000e+00 -6.139935e-01
0.000000e+00 1.045000e+00 1.244606e+00 1.244608e+00 0.000000e+00 -5.789013e-01
0.000000e+00 1.100000e+00 1.221826e+00 1.221828e+00 0.000000e+00 -5.462148e-01
0.000000e+00 1.155000e+00 1.202862e+00 1.202863e+00 0.000000e+00 -5.156973e-01
0.000000e+00 1.210000e+00 1.187052e+00 1.187053e+00 0.000000e+00 -4.871607e-01
0.000000e+00 1.265000e+00 1.173861e+00 1.173861e+00 0.000000e+00 -4.604450e-01
0.000000e+00 1.320000e+00 1.162852e+00 1.162853e+00 0.000000e+00 -4.354125e-01
0.000000e+00 1.375000e+00 1.153666e+00 1.153666e+00 0.000000e+00 -4.119447e-01
0.000000e+00 1.430000e+00 1.145998e+00 1.145998e+00 0.000000e+00 -3.899387e-01
0.000000e+00 1.485000e+00 1.139596e+00 1.139596e+00 0.000000e+00 -3.693037e-01
0.000000e+00 1.540000e+00 1.134247e+00 1.134247e+00 0.000000e+00 -3.499564e-01
0.000000e+00 1.595000e+00 1.129774e+00 1.129774e+00 0.000000e+00 -3.318195e-01
0.000000e+00 1.650000e+00 1.126031e+00 1.126031e+00 0.000000e+00 -3.148199e-01
0.000000e+00 1.705000e+00 1.122893e+00 1.122894e+00 0.000000e+00 -2.988879e-01
0.000000e+00 1.760000e+00 1.120261e+00 1.120261e+00 0.000000e+00 -2.839572e-01
0.000000e+00 1.815000e+00 1.118049e+00 1.118049e+00 0.000000e+00 -2.699645e-01
0.000000e+00 1.870000e+00 1.116186e+00 1.116186e+00 0.000000e+00 -2.568491e-01
0.000000e+00 1.925000e+00 1.114615e+00 1.114615e+00 0.000000e+00 -2.445535e-01
0.000000e+00 1.980000e+00 1.113288e+00 1.113288e+00 0.000000e+00 -2.330232e-01
0.000000e+00 2.035000e+00 1.112163e+00 1.112163e+00 0.000000e+00 -2.222065e-01
0.000000e+00 2.090000e+00 1.111209e+00 1.111209e+00 0.000000e+00 -2.120548e-01
0.000000e+00 2.145000e+00 1.110397e+00 1.110397e+00 0.000000e+00 -2.025223e-01
0.000000e+00 2.200000e+00 1.109705e+00 1.109705e+00 0.000000e+00 -1.935662e-01
0.000000e+00 2.255000e+00 1.109113e+00 1.109113e+00 0.000000e+00 -1.851466e-01
0.000000e+00 2.310000e+00 1.108606e+00 1.108606e+00 0.000000e+00 -1.772260e-01
0.000000e+00 2.365000e+00 1.108171e+00 1.108171e+00 0.000000e+00 -1.697699e-01
0.000000e+00 2.420000e+00 1.107796e+00 1.107796e+00 0.000000e+00 -1.627460e-01
0.000000e+00 2.475000e+00 1.107473e+00 1.107473e+00 0.000000e+00 -1.561245e-01
0.000000e+00 2.530000e+00 1.107193e+00 1.107193e+00 0.000000e+00 -1.498777e-01
0.000000e+00 2.585000e+00 1.106951e+00 1.106951e+00 0.000000e+00 -1.439799e-01
0.000000e+00 2.640000e+00 1.106740e+00 1.106740e+00 0.000000e+00 -1.384074e-01
0.000000e+00 2.695000e+00 1.106556e+00 1.106556e+00 0.000000e+00 -1.331383e-01
0.000000e+00 2.750000e+00 1.106396e+00 1.106396e+00 0.000000e+00 -1.281522e-01
0.000000e+00 2.805000e+00 1.106256e+00 1.106256e+00 0.000000e+00 -1.234304e-01
0.000000e+00 2.860000e+00 1.106134e+00 1.106134e+00 0.000000e+00 -1.189555e-01
0.000000e+00 2.915000e+00 1.106026e+00 1.106026e+00 0.000000e+00 -1.147114e-01
0.000000e+00 2.970000e+00 1.105931e+00 1.105931e+00 0.000000e+00 -1.106833e-01
0.000000e+00 3.025000e+00 1.105847e+00 1.105847e+00 0.000000e+00 -1.068573e-01
0.000000e+00 3.080000e+00 1.105773e+00 1.105773e+00 0.000000e+00 -1.032208e-01
0.000000e+00 3.135000e+00 1.105708e+00 1.105708e+00 0.000000e+00 -9.976186e-02
0.000000e+00 3.190000e+00 1.105650e+00 1.105650e+00 0.000000e+00 -9.646954e-02
0.000000e+00 3.245000e+00 1.105598e+00 1.105598e+00 0.000000e+00 -9.333366e-02
0.000000e+00 3.300000e+00 1.105552e+00 1.105552e+00 0.000000e+00 -9.034480e-02
0.000000e+00 3.355000e+00 1.105511e+00 1.105511e+00 0.000000e+00 -8.749417e-02
0.000000e+00 3.410000e+00 1.105475e+00 1.105475e+00 0.000000e+00 -8.477363e-02
0.000000e+00 3.465000e+00 1.105442e+00 1.105442e+00 0.000000e+00 -8.217559e-02
0.000000e+00 3.520000e+00 1.105412e+00 1.105412e+00 0.000000e+00 -7.969299e-02
0.000000e+00 3.575000e+00 1.105386e+00 1.105386e+00 0.000000e+00 -7.731926e-02
0.000000e+00 3.630000e+00 1.105362e+00 1.105362e+00 0.000000e+00 -7.504827e-02
0.000000e+00 3.685000e+00 1.105341e+00 1.105341e+00 0.000000e+00 -7.287430e-02
0.000000e+00 3.740000e+00 1.105322e+00 1.105322e+00 0.000000e+00 -7.079203e-02
0.000000e+00 3.795000e+00 1.105304e+00 1.105304e+00 0.000000e+00 -6.879646e-02
0.000000e+00 3.850000e+00 1.105289e+00 1.105289e+00 0.000000e+00 -6.688293e-02
0.000000e+00 3.905000e+00 1.105275e+00 1.105275e+00 0.000000e+00 -6.504710e-02
0.000000e+00 3.960000e+00 1.105262e+00 1.105262e+00 0.000000e+00 -6.328489e-02
0.000000e+00 4.015000e+00 1.105250e+00 1.105250e+00 0.000000e+00 -6.159247e-02
0.000000e+00 4.070000e+00 1.105239e+00 1.105239e+00 0.000000e+00 -5.996626e-02
0.000000e+00 4.125000e+00 1.105230e+00 1.105230e+00 0.000000e+00 -5.840291e-02
0.000000e+00 4.180000e+00 1.105221e+00 1.105221e+00 0.000000e+00 -5.689926e-02
0.000000e+00 4.235000e+00 1.105213e+00 1.105213e+00 0.000000e+00 -5.545236e-02
0.000000e+00 4.290000e+00 1.105205e+00 1.105205e+00 0.000000e+00 -5.405942e-02
0.000000e+00 4.345000e+00 1.105199e+00 1.105199e+00 0.000000e+00 -5.271782e-02
0.000000e+00 4.400000e+00 1.105193e+00 1.105193e+00 0.000000e+00 -5.142510e-02
0.000000e+00 4.455000e+00 1.105187e+00 1.105187e+00 0.000000e+00 -5.017895e-02
0.000000e+00 4.510000e+00 1.105182e+00 1.105182e+00 0.000000e+00 -4.897717e-02
0.000000e+00 4.565000e+00 1.105177e+00 1.105177e+00 0.000000e+00 -4.781772e-02
0.000000e+00 4.620000e+00 1.105173e+00 1.105173e+00 0.000000e+00 -4.669863e-02
0.000000e+00 4.675000e+00 1.105169e+00 1.105169e+00 0.000000e+00 -4.561809e-02
0.000000e+00 4.730000e+00 1.105165e+00 1.105165e+00 0.000000e+00 -4.457435e-02
0.000000e+00 4.785000e+00 1.105161e+00 1.105161e+00 0.000000e+00 -4.356579e-02
0.000000e+00 4.840000e+00 1.105158e+00 1.105158e+00 0.000000e+00 -4.259084e-02
0.000000e+00 4.895000e+00 1.105155e+00 1.105155e+00 0.000000e+00 -4.164805e-02
0.000000e+00 4.950000e+00 1.105153e+00 1.105153e+00 0.000000e+00 -4.073603e-02
0.000000e+00 5.005000e+00 1.105150e+00 1.105150e+00 0.000000e+00 -3.985346e-02
0.000000e+00 5.060000e+00 1.105148e+00 1.105148e+00 0.000000e+00 -3.899910e-02
0.000000e+00 5.115000e+00 1.105146e+00 1.105146e+00 0.000000e+00 -3.817177e-02
0.000000e+00 5.170000e+00 1.105144e+00 1.105144e+00 0.000000e+00 -3.737034e-02
0.000000e+00 5.225000e+00 1.105142e+00 1.105142e+00 0.000000e+00 -3.659377e-02
0.000000e+00 5.280000e+00 1.105140e+00 1.105140e+00 0.000000e+00 -3.584102e-02
0.000000e+00 5.335000e+00 1.105139e+00 1.105139e+00 0.000000e+00 -3.511116e-02
0.000000e+00 5.390000e+00 1.105137e+00 1.105137e+00 0.000000e+00 -3.440325e-02
0.000000e+00 5.445000e+00 1.105136e+00 1.105136e+00 0.000000e+00 -3.371645e-02
0.000000e+00 5.500000e+00 1.105135e+00 1.105135e+00 0.000000e+00 -3.304992e-02
0.000000e+00 5.555000e+00 1.105133e+00 1.105133e+00 0.000000e+00 -3.240287e-02
0.000000e+00 5.610000e+00 1.105132e+00 1.105132e+00 0.000000e+00 -3.177456e-02
0.000000e+00 5.665000e+00 1.105131e+00 1.105131e+00 0.000000e+00 -3.116427e-02
0.000000e+00 5.720000e+00 1.105130e+00 1.105130e+00 0.000000e+00 -3.057134e-02
0.000000e+00 5.775000e+00 1.105129e+00 1.105129e+00 0.000000e+00 -2.999510e-02
0.000000e+00 5.830000e+00 1.105129e+00 1.105129e+00 0.000000e+00 -2.943494e-02
0.000000e+00 5.885000e+00 1.105128e+00 1.105128e+00 0.000000e+00 -2.889026e-02
0.000000e+00 5.940000e+00 1.105127e+00 1.105127e+00 0.000000e+00 -2.836052e-02
0.000000e+00 5.995000e+00 1.105126e+00 1.105126e+00 0.000000e+00 -2.784516e-02
0.000000e+00 6.050000e+00 1.105126e+00 1.105126e+00 0.000000e+00 -2.734368e-02
0.000000e+00 6.105000e+00 1.105125e+00 1.105125e+00 0.000000e+00 -2.685558e-02
0.000000e+00 6.160000e+00 1.105124e+00 1.105124e+00 0.000000e+00 -2.638040e-02
0.000000e+00 6.215000e+00 1.105124e+00 1.105124e+00 0.000000e+00 -2.591767e-02
0.000000e+00 6.270000e+00 1.105123e+00 1.105123e+00 0.000000e+00 -2.546698e-02
0.000000e+00 6.325000e+00 1.105123e+00 1.105123e+00 0.000000e+00 -2.502791e-02
0.000000e+00 6.380000e+00 1.105122e+00 1.105122e+00 0.000000e+00 -2.460007e-02
0.000000e+00 6.435000e+00 1.105122e+00 1.105122e+00 0.000000e+00 -2.418307e-02
0.000000e+00 6.490000e+00 1.105122e+00 1.105122e+00 0.000000e+00 -2.377656e-02
0.000000e+00 6.545000e+00 1.105121e+00 1.105121e+00 0.000000e+00 -2.338019e-02
0.000000e+00 6.600000e+00 1.105121e+00 1.105121e+00 0.000000e+00 -2.299362e-02
0.000000e+00 6.655000e+00 1.105121e+00 1.105121e+00 0.000000e+00 -2.261654e-02
0.000000e+00 6.710000e+00 1.105120e+00 1.105120e+00 0.000000e+00 -2.224863e-02
0.000000e+00 6.765000e+00 1.105120e+00 1.105120e+00 0.000000e+00 -2.188961e-02
0.000000e+00 6.820000e+00 1.105120e+00 1.105120e+00 0.000000e+00 -2.153919e-02
0.000000e+00 6.875000e+00 1.105119e+00 1.105119e+00 0.000000e+00 -2.119710e-02
0.000000e+00 6.930000e+00 1.105119e+00 1.105119e+00 0.000000e+00 -2.086308e-02
0.000000e+00 6.985000e+00 1.105119e+00 1.105119e+00 0.000000e+00 -2.053687e-02
0.000000e+00 7.040000e+00 1.105119e+00 1.105119e+00 0.000000e+00 -2.021824e-02
0.000000e+00 7.095000e+00 1.105119e+00 1.105119e+00 0.000000e+00 -1.990695e-02
0.000000e+00 7.150000e+00 1.105118e+00 1.105118e+00 0.000000e+00 -1.960278e-02
0.000000e+00 7.205000e+00 1.105118e+00 1.105118e+00 0.000000e+00 -1.930552e-02
0.000000e+00 7.260000e+00 1.105118e+00 1.105118e+00 0.000000e+00 -1.901495e-02
0.000000e+00 7.315000e+00 1.105118e+00 1.105118e+00 0.000000e+00 -1.873089e-02
0.000000e+00 7.370000e+00 1.105118e+00 1.105118e+00 0.000000e+00 -1.845313e-02
0.000000e+00 7.425000e+00 1.105117e+00 1.105117e+00 0.000000e+00 -1.818149e-02
0.000000e+00 7.480000e+00 1.105117e+00 1.105117e+00 0.000000e+00 -1.791579e-02
0.000000e+00 7.535000e+00 1.105117e+00 1.105117e+00 0.000000e+00 -1.765587e-02
0.000000e+00 7.590000e+00 1.105117e+00 1.105117e+00 0.000000e+00 -1.740156e-02
0.000000e+00 7.645000e+00 1.105117e+00 1.105117e+00 0.000000e+00 -1.715269e-02
0.000000e+00 7.700000e+00 1.105117e+00 1.105117e+00 0.000000e+00 -1.690911e-02
0.000000e+00 7.755000e+00 1.105117e+00 1.105117e+00 0.000000e+00 -1.667068e-02
0.000000e+00 7.810000e+00 1.105117e+00 1.105117e+00 0.000000e+00 -1.643725e-02
0.000000e+00 7.865000e+00 1.105116e+00 1.105116e+00 0.000000e+00 -1.620867e-02
0.000000e+00 7.920000e+00 1.105116e+00 1.105116e+00 0.000000e+00 -1.598483e-02
0.000000e+00 7.975000e+00 1.105116e+00 1.105116e+00 0.000000e+00 -1.576559e-02
0.000000e+00 8.030000e+00 1.105116e+00 1.105116e+00 0.000000e+00 -1.555082e-02
0.000000e+00 8.085000e+00 1.105116e+00 1.105116e+00 0.000000e+00 -1.534040e-02
0.000000e+00 8.140000e+00 1.105116e+00 1.105116e+00 0.000000e+00 -1.513420e-02
0.000000e+00 8.195000e+00 1.105116e+00 1.105116e+00 0.000000e+00 -1.493211e-02
0.000000e+00 8.250000e+00 1.105116e+00 1.105116e+00 0.000000e+00 -1.473415e-02
0.000000e+00 8.305000e+00 1.105116e+00 1.105116e+00 0.000000e+00 -1.454023e-02
0.000000e+00 8.360000e+00 1.105116e+00 1.105116e+00 0.000000e+00 -1.434986e-02
0.000000e+00 8.415000e+00 1.105115e+00 1.105115e+00 0.000000e+00 -1.416227e-02
0.000000e+00 8.470000e+00 1.105113e+00 1.105113e+00 0.000000e+00 -1.397799e-02
0.000000e+00 8.525000e+00 1.105116e+00 1.105116e+00 0.000000e+00 -1.380061e-02
0.000000e+00 8.580000e+00 1.105125e+00 1.105125e+00 0.000000e+00 -1.363298e-02
0.000000e+00 8.635000e+00 1.105132e+00 1.105132e+00 0.000000e+00 -1.346634e-02
0.000000e+00 8.690000e+00 1.105110e+00 1.105110e+00 0.000000e+00 -1.327700e-02
0.000000e+00 8.745000e+00 1.105051e+00 1.105051e+00 0.000000e+00 -1.305733e-02
0.000000e+00 8.800000e+00 1.105032e+00 1.105032e+00 0.000000e+00 -1.287747e-02
0.000000e+00 8.855000e+00 1.105262e+00 1.105262e+00 0.000000e+00 -1.292531e-02
0.000000e+00 8.910000e+00 1.106040e+00 1.106040e+00 0.000000e+00 -1.347177e-02
0.000000e+00 8.965000e+00 1.107404e+00 1.107404e+00 0.000000e+00 -1.454869e-02
0.000000e+00 9.020000e+00 1.108941e+00 1.108941e+00 0.000000e+00 -1.578436e-02
0.000000e+00 9.075000e+00 1.110039e+00 1.110039e+00 0.000000e+00 -1.662281e-02
0.000000e+00 9.130000e+00 1.110227e+00 1.110227e+00 0.000000e+00 -1.665927e-02
0.000000e+00 9.185000e+00 1.109786e+00 1.109786e+00 0.000000e+00 -1.611721e-02
0.000000e+00 9.240000e+00 1.109200e+00 1.109200e+00 0.000000e+00 -1.544351e-02
0.000000e+00 9.295000e+00 1.108845e+00 1.108845e+00 0.000000e+00 -1.496438e-02
0.000000e+00 9.350000e+00 1.108802e+00 1.108802e+00 0.000000e+00 -1.471536e-02
0.000000e+00 9.405000e+00 1.108843e+00 1.108843e+00 0.000000e+00 -1.450048e-02
0.000000e+00 9.460000e+00 1.108739e+00 1.108739e+00 0.000000e+00 -1.416469e-02
0.000000e+00 9.515000e+00 1.108475e+00 1.108475e+00 0.000000e+00 -1.370432e-02
0.000000e+00 9.570000e+00 1.108152e+00 1.108152e+00 0.000000e+00 -1.320824e-02
0.000000e+00 9.625000e+00 1.107824e+00 1.107824e+00 0.000000e+00 -1.272521e-02
0.000000e+00 9.680000e+00 1.107451e+00 1.107451e+00 0.000000e+00 -1.227824e-02
0.000000e+00 9.735000e+00 1.107083e+00 1.107083e+00 0.000000e+00 -1.181061e-02
0.000000e+00 9.790000e+00 1.106691e+00 1.106691e+00 0.000000e+00 -1.138452e-02
0.000000e+00 9.845000e+00 1.106404e+00 1.106404e+00 0.000000e+00 -1.092089e-02
0.000000e+00 9.900000e+00 1.105996e+00 1.105996e+00 0.000000e+00 -1.061856e-02
0.000000e+00 9.955000e+00 1.105909e+00 1.105909e+00 0.000000e+00 -1.009519e-02
0.000000e+00 1.001000e+01 1.105114e+00 1.105114e+00 -0.000000e+00 -1.013850e-02
0.000000e+00 1.006500e+01 1.105114e+00 1.105114e+00 -0.000000e+00 -1.013850e-02
0.000000e+00 1.012000e+01 1.105114e+00 1.105114e+00 -0.000000e+00 -1.013850e-02
0.000000e+00 1.017500e+01 1.105114e+00 1.105114e+00 -0.000000e+00 -1.013850e-02
0.000000e+00 1.023000e+01 1.105114e+00 1.105114e+00 -0.000000e+00 -1.013850e-02
0.000000e+00 1.028500e+01 1.105114e+00 1.105114e+00 -0.000000e+00 -1.013850e-02
0.000000e+00 1.034000e+01 1.105114e+00 1.105114e+00 -0.000000e+00 -1.013850e-02
0.000000e+00 1.039500e+01 1.105114e+00 1.105114e+00 -0.000000e+00 -1.013850e-02
0.000000e+00 1.045000e+01 1.105114e+00 1.105114e+00 -0.000000e+00 -1.013850e-02
0.000000e+00 1.050500e+01 1.105114e+00 1.105114e+00 -0.000000e+00 -1.013850e-02
0.000000e+00 1.056000e+01 1.105114e+00 1.105114e+00 -0.000000e+00 -1.013850e-02
0.000000e+00 1.061500e+01 1.105114e+00 1.105114e+00 -0.000000e+00 -1.013850e-02
0.000000e+00 1.067000e+01 1.105114e+00 1.105114e+00 -0.000000e+00 -1.013850e-02
0.000000e+00 1.072500e+01 1.105114e+00 1.105114e+00 -0.000000e+00 -1.013850e-02
0.000000e+00 1.078000e+01 1.105114e+00 1.105114e+00 -0.000000e+00 -1.013850e-02
0.000000e+00 1.083500e+01 1.105114e+00 1.105114e+00 -0.000000e+00 -1.013850e-02
0.000000e+00 1.089000e+01 1.105114e+00 1.105114e+00 -0.000000e+00 -1.013850e-02
0.000000e+00 1.094500e+01 1.105114e+00 1.105114e+00 -0.000000e+00 -1.013850e-02
0.000000e+00 1.100000e+01 1.105114e+00 1.105114e+00 -0.000000e+00 -1.013850e-02
