#############TIME##################
1.340131e+01 
###################################
0.000000e+00 0.000000e+00 2.309237e+01 2.309295e+01 0.000000e+00 -3.043723e+00
0.000000e+00 5.500000e-02 2.309237e+01 2.309295e+01 0.000000e+00 -3.043723e+00
0.000000e+00 1.100000e-01 2.309031e+01 2.309089e+01 0.000000e+00 -3.043726e+00
0.000000e+00 1.650000e-01 1.430346e+01 1.430381e+01 0.000000e+00 -2.295819e+00
0.000000e+00 2.200000e-01 1.056773e+01 1.056797e+01 0.000000e+00 -1.934485e+00
0.000000e+00 2.750000e-01 8.284929e+00 8.285095e+00 0.000000e+00 -1.640135e+00
0.000000e+00 3.300000e-01 6.836601e+00 6.836725e+00 0.000000e+00 -1.423568e+00
0.000000e+00 3.850000e-01 5.806083e+00 5.806179e+00 0.000000e+00 -1.246992e+00
0.000000e+00 4.400000e-01 5.071511e+00 5.071589e+00 0.000000e+00 -1.106417e+00
0.000000e+00 4.950000e-01 4.511116e+00 4.511180e+00 0.000000e+00 -9.884155e-01
0.000000e+00 5.500000e-01 4.076950e+00 4.077003e+00 0.000000e+00 -8.907856e-01
0.000000e+00 6.050000e-01 3.730778e+00 3.730823e+00 0.000000e+00 -8.069103e-01
0.000000e+00 6.600000e-01 3.449754e+00 3.449793e+00 0.000000e+00 -7.352816e-01
0.000000e+00 7.150000e-01 3.217117e+00 3.217151e+00 0.000000e+00 -6.729546e-01
0.000000e+00 7.700000e-01 3.022046e+00 3.022077e+00 0.000000e+00 -6.185838e-01
0.000000e+00 8.250000e-01 2.856272e+00 2.856299e+00 0.000000e+00 -5.706538e-01
0.000000e+00 8.800000e-01 2.713947e+00 2.713971e+00 0.000000e+00 -5.282055e-01
0.000000e+00 9.350000e-01 2.590551e+00 2.590573e+00 0.000000e+00 -4.903560e-01
0.000000e+00 9.900000e-01 2.482696e+00 2.482716e+00 0.000000e+00 -4.564418e-01
0.000000e+00 1.045000e+00 2.387716e+00 2.387735e+00 0.000000e+00 -4.258948e-01
0.000000e+00 1.100000e+00 2.303530e+00 2.303547e+00 0.000000e+00 -3.982591e-01
0.000000e+00 1.155000e+00 2.228463e+00 2.228479e+00 0.000000e+00 -3.731527e-01
0.000000e+00 1.210000e+00 2.161166e+00 2.161180e+00 0.000000e+00 -3.502619e-01
0.000000e+00 1.265000e+00 2.100528e+00 2.100541e+00 0.000000e+00 -3.293239e-01
0.000000e+00 1.320000e+00 2.045636e+00 2.045649e+00 0.000000e+00 -3.101185e-01
0.000000e+00 1.375000e+00 1.995732e+00 1.995743e+00 0.000000e+00 -2.924581e-01
0.000000e+00 1.430000e+00 1.950184e+00 1.950195e+00 0.000000e+00 -2.761803e-01
0.000000e+00 1.485000e+00 1.908465e+00 1.908475e+00 0.000000e+00 -2.611424e-01
0.000000e+00 1.540000e+00 1.870133e+00 1.870143e+00 0.000000e+00 -2.472171e-01
0.000000e+00 1.595000e+00 1.834813e+00 1.834822e+00 0.000000e+00 -2.342913e-01
0.000000e+00 1.650000e+00 1.802184e+00 1.802192e+00 0.000000e+00 -2.222647e-01
0.000000e+00 1.705000e+00 1.771967e+00 1.771975e+00 0.000000e+00 -2.110500e-01
0.000000e+00 1.760000e+00 1.743918e+00 1.743926e+00 0.000000e+00 -2.005723e-01
0.000000e+00 1.815000e+00 1.717822e+00 1.717829e+00 0.000000e+00 -1.907669e-01
0.000000e+00 1.870000e+00 1.693487e+00 1.693494e+00 0.000000e+00 -1.815779e-01
0.000000e+00 1.925000e+00 1.670742e+00 1.670749e+00 0.000000e+00 -1.729566e-01
0.000000e+00 1.980000e+00 1.649436e+00 1.649442e+00 0.000000e+00 -1.648603e-01
0.000000e+00 2.035000e+00 1.629433e+00 1.629439e+00 0.000000e+00 -1.572504e-01
0.000000e+00 2.090000e+00 1.610616e+00 1.610622e+00 0.000000e+00 -1.500912e-01
0.000000e+00 2.145000e+00 1.592881e+00 1.592887e+00 0.000000e+00 -1.433493e-01
0.000000e+00 2.200000e+00 1.576141e+00 1.576147e+00 0.000000e+00 -1.369921e-01
0.000000e+00 2.255000e+00 1.560320e+00 1.560325e+00 0.000000e+00 -1.309886e-01
0.000000e+00 2.310000e+00 1.545352e+00 1.545357e+00 0.000000e+00 -1.253088e-01
0.000000e+00 2.365000e+00 1.531181e+00 1.531186e+00 0.000000e+00 -1.199239e-01
0.000000e+00 2.420000e+00 1.517758e+00 1.517763e+00 0.000000e+00 -1.148067e-01
0.000000e+00 2.475000e+00 1.505038e+00 1.505042e+00 0.000000e+00 -1.099331e-01
0.000000e+00 2.530000e+00 1.492974e+00 1.492978e+00 0.000000e+00 -1.052830e-01
0.000000e+00 2.585000e+00 1.481520e+00 1.481525e+00 0.000000e+00 -1.008416e-01
0.000000e+00 2.640000e+00 1.470629e+00 1.470633e+00 0.000000e+00 -9.659900e-02
0.000000e+00 2.695000e+00 1.460252e+00 1.460256e+00 0.000000e+00 -9.254789e-02
0.000000e+00 2.750000e+00 1.450348e+00 1.450352e+00 0.000000e+00 -8.868150e-02
0.000000e+00 2.805000e+00 1.440880e+00 1.440884e+00 0.000000e+00 -8.499147e-02
0.000000e+00 2.860000e+00 1.431822e+00 1.431825e+00 0.000000e+00 -8.146743e-02
0.000000e+00 2.915000e+00 1.423148e+00 1.423152e+00 0.000000e+00 -7.809789e-02
0.000000e+00 2.970000e+00 1.414841e+00 1.414844e+00 0.000000e+00 -7.487153e-02
0.000000e+00 3.025000e+00 1.406879e+00 1.406883e+00 0.000000e+00 -7.177797e-02
0.000000e+00 3.080000e+00 1.399247e+00 1.399251e+00 0.000000e+00 -6.880773e-02
0.000000e+00 3.135000e+00 1.391929e+00 1.391932e+00 0.000000e+00 -6.595176e-02
0.000000e+00 3.190000e+00 1.384910e+00 1.384913e+00 0.000000e+00 -6.320122e-02
0.000000e+00 3.245000e+00 1.378177e+00 1.378180e+00 0.000000e+00 -6.054795e-02
0.000000e+00 3.300000e+00 1.371715e+00 1.371718e+00 0.000000e+00 -5.798544e-02
0.000000e+00 3.355000e+00 1.365508e+00 1.365511e+00 0.000000e+00 -5.550954e-02
0.000000e+00 3.410000e+00 1.359538e+00 1.359541e+00 0.000000e+00 -5.311878e-02
0.000000e+00 3.465000e+00 1.353785e+00 1.353787e+00 0.000000e+00 -5.081378e-02
0.000000e+00 3.520000e+00 1.348229e+00 1.348232e+00 0.000000e+00 -4.859609e-02
0.000000e+00 3.575000e+00 1.342854e+00 1.342857e+00 0.000000e+00 -4.646658e-02
0.000000e+00 3.630000e+00 1.337647e+00 1.337649e+00 0.000000e+00 -4.442351e-02
0.000000e+00 3.685000e+00 1.332602e+00 1.332604e+00 0.000000e+00 -4.246114e-02
0.000000e+00 3.740000e+00 1.327719e+00 1.327722e+00 0.000000e+00 -4.056966e-02
0.000000e+00 3.795000e+00 1.323003e+00 1.323006e+00 0.000000e+00 -3.873717e-02
0.000000e+00 3.850000e+00 1.318457e+00 1.318459e+00 0.000000e+00 -3.695326e-02
0.000000e+00 3.905000e+00 1.314075e+00 1.314078e+00 0.000000e+00 -3.521260e-02
0.000000e+00 3.960000e+00 1.309848e+00 1.309850e+00 0.000000e+00 -3.351635e-02
0.000000e+00 4.015000e+00 1.305756e+00 1.305758e+00 0.000000e+00 -3.187026e-02
0.000000e+00 4.070000e+00 1.301783e+00 1.301785e+00 0.000000e+00 -3.028054e-02
0.000000e+00 4.125000e+00 1.297916e+00 1.297918e+00 0.000000e+00 -2.874976e-02
0.000000e+00 4.180000e+00 1.294151e+00 1.294153e+00 0.000000e+00 -2.727547e-02
0.000000e+00 4.235000e+00 1.290488e+00 1.290490e+00 0.000000e+00 -2.585162e-02
0.000000e+00 4.290000e+00 1.286930e+00 1.286932e+00 0.000000e+00 -2.447099e-02
0.000000e+00 4.345000e+00 1.283479e+00 1.283481e+00 0.000000e+00 -2.312655e-02
0.000000e+00 4.400000e+00 1.280141e+00 1.280142e+00 0.000000e+00 -2.181134e-02
0.000000e+00 4.455000e+00 1.276917e+00 1.276919e+00 0.000000e+00 -2.051851e-02
0.000000e+00 4.510000e+00 1.273809e+00 1.273811e+00 0.000000e+00 -1.924380e-02
0.000000e+00 4.565000e+00 1.270806e+00 1.270808e+00 0.000000e+00 -1.799001e-02
0.000000e+00 4.620000e+00 1.267885e+00 1.267887e+00 0.000000e+00 -1.676990e-02
0.000000e+00 4.675000e+00 1.265012e+00 1.265014e+00 0.000000e+00 -1.560339e-02
0.000000e+00 4.730000e+00 1.262156e+00 1.262158e+00 0.000000e+00 -1.450843e-02
0.000000e+00 4.785000e+00 1.259307e+00 1.259308e+00 0.000000e+00 -1.348986e-02
0.000000e+00 4.840000e+00 1.256481e+00 1.256482e+00 0.000000e+00 -1.253390e-02
0.000000e+00 4.895000e+00 1.253713e+00 1.253714e+00 0.000000e+00 -1.161319e-02
0.000000e+00 4.950000e+00 1.251037e+00 1.251039e+00 0.000000e+00 -1.070042e-02
0.000000e+00 5.005000e+00 1.248468e+00 1.248470e+00 0.000000e+00 -9.782197e-03
0.000000e+00 5.060000e+00 1.245992e+00 1.245994e+00 0.000000e+00 -8.864485e-03
0.000000e+00 5.115000e+00 1.243580e+00 1.243581e+00 0.000000e+00 -7.965977e-03
0.000000e+00 5.170000e+00 1.241203e+00 1.241205e+00 0.000000e+00 -7.104318e-03
0.000000e+00 5.225000e+00 1.238854e+00 1.238855e+00 0.000000e+00 -6.284462e-03
0.000000e+00 5.280000e+00 1.236544e+00 1.236546e+00 0.000000e+00 -5.496639e-03
0.000000e+00 5.335000e+00 1.234295e+00 1.234296e+00 0.000000e+00 -4.724460e-03
0.000000e+00 5.390000e+00 1.232119e+00 1.232120e+00 0.000000e+00 -3.956810e-03
0.000000e+00 5.445000e+00 1.230009e+00 1.230010e+00 0.000000e+00 -3.195246e-03
0.000000e+00 5.500000e+00 1.227945e+00 1.227946e+00 0.000000e+00 -2.452277e-03
0.000000e+00 5.555000e+00 1.225903e+00 1.225905e+00 0.000000e+00 -1.742391e-03
0.000000e+00 5.610000e+00 1.223872e+00 1.223874e+00 0.000000e+00 -1.072298e-03
0.000000e+00 5.665000e+00 1.221859e+00 1.221860e+00 0.000000e+00 -4.367069e-04
0.000000e+00 5.720000e+00 1.219881e+00 1.219882e+00 0.000000e+00 1.782088e-04
0.000000e+00 5.775000e+00 1.217957e+00 1.217958e+00 0.000000e+00 7.865430e-04
0.000000e+00 5.830000e+00 1.216095e+00 1.216096e+00 0.000000e+00 1.394971e-03
0.000000e+00 5.885000e+00 1.214286e+00 1.214287e+00 0.000000e+00 1.999972e-03
0.000000e+00 5.940000e+00 1.212512e+00 1.212513e+00 0.000000e+00 2.590958e-03
0.000000e+00 5.995000e+00 1.210754e+00 1.210755e+00 0.000000e+00 3.156852e-03
0.000000e+00 6.050000e+00 1.209005e+00 1.209006e+00 0.000000e+00 3.692142e-03
0.000000e+00 6.105000e+00 1.207266e+00 1.207267e+00 0.000000e+00 4.199207e-03
0.000000e+00 6.160000e+00 1.205551e+00 1.205552e+00 0.000000e+00 4.686093e-03
0.000000e+00 6.215000e+00 1.203871e+00 1.203872e+00 0.000000e+00 5.161360e-03
0.000000e+00 6.270000e+00 1.202230e+00 1.202231e+00 0.000000e+00 5.628987e-03
0.000000e+00 6.325000e+00 1.200620e+00 1.200621e+00 0.000000e+00 6.086186e-03
0.000000e+00 6.380000e+00 1.199026e+00 1.199027e+00 0.000000e+00 6.525411e-03
0.000000e+00 6.435000e+00 1.197437e+00 1.197438e+00 0.000000e+00 6.939628e-03
0.000000e+00 6.490000e+00 1.195850e+00 1.195851e+00 0.000000e+00 7.328034e-03
0.000000e+00 6.545000e+00 1.194281e+00 1.194282e+00 0.000000e+00 7.698932e-03
0.000000e+00 6.600000e+00 1.192756e+00 1.192757e+00 0.000000e+00 8.067804e-03
0.000000e+00 6.655000e+00 1.191299e+00 1.191300e+00 0.000000e+00 8.451052e-03
0.000000e+00 6.710000e+00 1.189923e+00 1.189924e+00 0.000000e+00 8.858174e-03
0.000000e+00 6.765000e+00 1.188618e+00 1.188619e+00 0.000000e+00 9.286161e-03
0.000000e+00 6.820000e+00 1.187357e+00 1.187358e+00 0.000000e+00 9.719166e-03
0.000000e+00 6.875000e+00 1.186102e+00 1.186103e+00 0.000000e+00 1.013405e-02
0.000000e+00 6.930000e+00 1.184821e+00 1.184822e+00 0.000000e+00 1.050954e-02
0.000000e+00 6.985000e+00 1.183499e+00 1.183500e+00 0.000000e+00 1.083487e-02
0.000000e+00 7.040000e+00 1.182143e+00 1.182144e+00 0.000000e+00 1.111408e-02
0.000000e+00 7.095000e+00 1.180780e+00 1.180781e+00 0.000000e+00 1.136373e-02
0.000000e+00 7.150000e+00 1.179442e+00 1.179443e+00 0.000000e+00 1.160538e-02
0.000000e+00 7.205000e+00 1.178154e+00 1.178155e+00 0.000000e+00 1.185590e-02
0.000000e+00 7.260000e+00 1.176920e+00 1.176921e+00 0.000000e+00 1.212026e-02
0.000000e+00 7.315000e+00 1.175726e+00 1.175726e+00 0.000000e+00 1.238996e-02
0.000000e+00 7.370000e+00 1.174543e+00 1.174544e+00 0.000000e+00 1.264800e-02
0.000000e+00 7.425000e+00 1.173346e+00 1.173347e+00 0.000000e+00 1.287795e-02
0.000000e+00 7.480000e+00 1.172125e+00 1.172126e+00 0.000000e+00 1.307267e-02
0.000000e+00 7.535000e+00 1.170891e+00 1.170892e+00 0.000000e+00 1.323846e-02
0.000000e+00 7.590000e+00 1.169670e+00 1.169671e+00 0.000000e+00 1.339245e-02
0.000000e+00 7.645000e+00 1.168494e+00 1.168495e+00 0.000000e+00 1.355459e-02
0.000000e+00 7.700000e+00 1.167383e+00 1.167383e+00 0.000000e+00 1.373789e-02
0.000000e+00 7.755000e+00 1.166332e+00 1.166333e+00 0.000000e+00 1.394165e-02
0.000000e+00 7.810000e+00 1.165318e+00 1.165319e+00 0.000000e+00 1.415122e-02
0.000000e+00 7.865000e+00 1.164305e+00 1.164306e+00 0.000000e+00 1.434466e-02
0.000000e+00 7.920000e+00 1.163265e+00 1.163266e+00 0.000000e+00 1.450343e-02
0.000000e+00 7.975000e+00 1.162190e+00 1.162191e+00 0.000000e+00 1.462165e-02
0.000000e+00 8.030000e+00 1.161099e+00 1.161099e+00 0.000000e+00 1.470914e-02
0.000000e+00 8.085000e+00 1.160024e+00 1.160024e+00 0.000000e+00 1.478642e-02
0.000000e+00 8.140000e+00 1.158996e+00 1.158996e+00 0.000000e+00 1.487364e-02
0.000000e+00 8.195000e+00 1.158025e+00 1.158025e+00 0.000000e+00 1.497892e-02
0.000000e+00 8.250000e+00 1.157091e+00 1.157092e+00 0.000000e+00 1.509214e-02
0.000000e+00 8.305000e+00 1.156152e+00 1.156153e+00 0.000000e+00 1.518806e-02
0.000000e+00 8.360000e+00 1.155161e+00 1.155162e+00 0.000000e+00 1.523785e-02
0.000000e+00 8.415000e+00 1.154091e+00 1.154091e+00 0.000000e+00 1.522319e-02
0.000000e+00 8.470000e+00 1.152946e+00 1.152947e+00 0.000000e+00 1.514556e-02
0.000000e+00 8.525000e+00 1.151767e+00 1.151767e+00 0.000000e+00 1.502590e-02
0.000000e+00 8.580000e+00 1.150607e+00 1.150607e+00 0.000000e+00 1.489582e-02
0.000000e+00 8.635000e+00 1.149513e+00 1.149514e+00 0.000000e+00 1.478609e-02
0.000000e+00 8.690000e+00 1.148503e+00 1.148503e+00 0.000000e+00 1.471676e-02
0.000000e+00 8.745000e+00 1.147563e+00 1.147563e+00 0.000000e+00 1.468926e-02
0.000000e+00 8.800000e+00 1.146667e+00 1.146668e+00 0.000000e+00 1.468198e-02
0.000000e+00 8.855000e+00 1.145802e+00 1.145803e+00 0.000000e+00 1.465577e-02
0.000000e+00 8.910000e+00 1.144963e+00 1.144964e+00 0.000000e+00 1.457642e-02
0.000000e+00 8.965000e+00 1.144137e+00 1.144137e+00 0.000000e+00 1.444464e-02
0.000000e+00 9.020000e+00 1.143283e+00 1.143283e+00 0.000000e+00 1.430385e-02
0.000000e+00 9.075000e+00 1.142359e+00 1.142359e+00 0.000000e+00 1.420603e-02
0.000000e+00 9.130000e+00 1.141363e+00 1.141364e+00 0.000000e+00 1.416103e-02
0.000000e+00 9.185000e+00 1.140348e+00 1.140348e+00 0.000000e+00 1.412379e-02
0.000000e+00 9.240000e+00 1.139379e+00 1.139379e+00 0.000000e+00 1.403760e-02
0.000000e+00 9.295000e+00 1.138480e+00 1.138481e+00 0.000000e+00 1.388874e-02
0.000000e+00 9.350000e+00 1.137624e+00 1.137624e+00 0.000000e+00 1.371637e-02
0.000000e+00 9.405000e+00 1.136764e+00 1.136764e+00 0.000000e+00 1.357131e-02
0.000000e+00 9.460000e+00 1.135875e+00 1.135876e+00 0.000000e+00 1.346918e-02
0.000000e+00 9.515000e+00 1.134952e+00 1.134952e+00 0.000000e+00 1.337668e-02
0.000000e+00 9.570000e+00 1.133982e+00 1.133982e+00 0.000000e+00 1.322869e-02
0.000000e+00 9.625000e+00 1.132933e+00 1.132934e+00 0.000000e+00 1.294993e-02
0.000000e+00 9.680000e+00 1.131774e+00 1.131774e+00 0.000000e+00 1.247569e-02
0.000000e+00 9.735000e+00 1.130488e+00 1.130488e+00 0.000000e+00 1.175568e-02
0.000000e+00 9.790000e+00 1.129121e+00 1.129121e+00 0.000000e+00 1.079737e-02
0.000000e+00 9.845000e+00 1.127733e+00 1.127733e+00 0.000000e+00 9.661120e-03
0.000000e+00 9.900000e+00 1.126441e+00 1.126441e+00 0.000000e+00 8.549641e-03
0.000000e+00 9.955000e+00 1.125277e+00 1.125277e+00 0.000000e+00 7.648633e-03
0.000000e+00 1.001000e+01 1.105114e+00 1.105114e+00 -0.000000e+00 -1.013850e-02
0.000000e+00 1.006500e+01 1.105114e+00 1.105114e+00 -0.000000e+00 -1.013850e-02
0.000000e+00 1.012000e+01 1.105114e+00 1.105114e+00 -0.000000e+00 -1.013850e-02
0.000000e+00 1.017500e+01 1.105114e+00 1.105114e+00 -0.000000e+00 -1.013850e-02
0.000000e+00 1.023000e+01 1.105114e+00 1.105114e+00 -0.000000e+00 -1.013850e-02
0.000000e+00 1.028500e+01 1.105114e+00 1.105114e+00 -0.000000e+00 -1.013850e-02
0.000000e+00 1.034000e+01 1.105114e+00 1.105114e+00 -0.000000e+00 -1.013850e-02
0.000000e+00 1.039500e+01 1.105114e+00 1.105114e+00 -0.000000e+00 -1.013850e-02
0.000000e+00 1.045000e+01 1.105114e+00 1.105114e+00 -0.000000e+00 -1.013850e-02
0.000000e+00 1.050500e+01 1.105114e+00 1.105114e+00 -0.000000e+00 -1.013850e-02
0.000000e+00 1.056000e+01 1.105114e+00 1.105114e+00 -0.000000e+00 -1.013850e-02
0.000000e+00 1.061500e+01 1.105114e+00 1.105114e+00 -0.000000e+00 -1.013850e-02
0.000000e+00 1.067000e+01 1.105114e+00 1.105114e+00 -0.000000e+00 -1.013850e-02
0.000000e+00 1.072500e+01 1.105114e+00 1.105114e+00 -0.000000e+00 -1.013850e-02
0.000000e+00 1.078000e+01 1.105114e+00 1.105114e+00 -0.000000e+00 -1.013850e-02
0.000000e+00 1.083500e+01 1.105114e+00 1.105114e+00 -0.000000e+00 -1.013850e-02
0.000000e+00 1.089000e+01 1.105114e+00 1.105114e+00 -0.000000e+00 -1.013850e-02
0.000000e+00 1.094500e+01 1.105114e+00 1.105114e+00 -0.000000e+00 -1.013850e-02
0.000000e+00 1.100000e+01 1.105114e+00 1.105114e+00 -0.000000e+00 -1.013850e-02
