#############TIME##################
7.104059e+00 
###################################
0.000000e+00 0.000000e+00 2.536133e+01 2.536199e+01 0.000000e+00 -3.045321e+00
0.000000e+00 5.500000e-02 2.536133e+01 2.536199e+01 0.000000e+00 -3.045321e+00
0.000000e+00 1.100000e-01 2.536239e+01 2.536305e+01 0.000000e+00 -3.045317e+00
0.000000e+00 1.650000e-01 1.570917e+01 1.570957e+01 0.000000e+00 -2.298235e+00
0.000000e+00 2.200000e-01 1.160589e+01 1.160616e+01 0.000000e+00 -1.937445e+00
0.000000e+00 2.750000e-01 9.098967e+00 9.099158e+00 0.000000e+00 -1.643619e+00
0.000000e+00 3.300000e-01 7.507935e+00 7.508079e+00 0.000000e+00 -1.427580e+00
0.000000e+00 3.850000e-01 6.375926e+00 6.376038e+00 0.000000e+00 -1.251543e+00
0.000000e+00 4.400000e-01 5.568918e+00 5.569008e+00 0.000000e+00 -1.111496e+00
0.000000e+00 4.950000e-01 4.953205e+00 4.953279e+00 0.000000e+00 -9.940303e-01
0.000000e+00 5.500000e-01 4.476189e+00 4.476251e+00 0.000000e+00 -8.969133e-01
0.000000e+00 6.050000e-01 4.095825e+00 4.095878e+00 0.000000e+00 -8.135417e-01
0.000000e+00 6.600000e-01 3.786966e+00 3.787013e+00 0.000000e+00 -7.424174e-01
0.000000e+00 7.150000e-01 3.531231e+00 3.531272e+00 0.000000e+00 -6.805906e-01
0.000000e+00 7.700000e-01 3.316736e+00 3.316772e+00 0.000000e+00 -6.267163e-01
0.000000e+00 8.250000e-01 3.134404e+00 3.134437e+00 0.000000e+00 -5.792770e-01
0.000000e+00 8.800000e-01 2.977812e+00 2.977842e+00 0.000000e+00 -5.373149e-01
0.000000e+00 9.350000e-01 2.841990e+00 2.842016e+00 0.000000e+00 -4.999485e-01
0.000000e+00 9.900000e-01 2.723204e+00 2.723228e+00 0.000000e+00 -4.665179e-01
0.000000e+00 1.045000e+00 2.618521e+00 2.618543e+00 0.000000e+00 -4.364588e-01
0.000000e+00 1.100000e+00 2.525648e+00 2.525669e+00 0.000000e+00 -4.093187e-01
0.000000e+00 1.155000e+00 2.442748e+00 2.442768e+00 0.000000e+00 -3.847182e-01
0.000000e+00 1.210000e+00 2.368344e+00 2.368362e+00 0.000000e+00 -3.623433e-01
0.000000e+00 1.265000e+00 2.301225e+00 2.301242e+00 0.000000e+00 -3.419289e-01
0.000000e+00 1.320000e+00 2.240395e+00 2.240411e+00 0.000000e+00 -3.232499e-01
0.000000e+00 1.375000e+00 2.185025e+00 2.185040e+00 0.000000e+00 -3.061134e-01
0.000000e+00 1.430000e+00 2.134424e+00 2.134438e+00 0.000000e+00 -2.903538e-01
0.000000e+00 1.485000e+00 2.088012e+00 2.088025e+00 0.000000e+00 -2.758304e-01
0.000000e+00 1.540000e+00 2.045311e+00 2.045324e+00 0.000000e+00 -2.624249e-01
0.000000e+00 1.595000e+00 2.005923e+00 2.005934e+00 0.000000e+00 -2.500385e-01
0.000000e+00 1.650000e+00 1.969503e+00 1.969514e+00 0.000000e+00 -2.385833e-01
0.000000e+00 1.705000e+00 1.935735e+00 1.935746e+00 0.000000e+00 -2.279713e-01
0.000000e+00 1.760000e+00 1.904302e+00 1.904312e+00 0.000000e+00 -2.181038e-01
0.000000e+00 1.815000e+00 1.874884e+00 1.874894e+00 0.000000e+00 -2.088706e-01
0.000000e+00 1.870000e+00 1.847190e+00 1.847200e+00 0.000000e+00 -2.001668e-01
0.000000e+00 1.925000e+00 1.821020e+00 1.821029e+00 0.000000e+00 -1.919285e-01
0.000000e+00 1.980000e+00 1.796345e+00 1.796354e+00 0.000000e+00 -1.841782e-01
0.000000e+00 2.035000e+00 1.773362e+00 1.773370e+00 0.000000e+00 -1.770623e-01
0.000000e+00 2.090000e+00 1.752484e+00 1.752492e+00 0.000000e+00 -1.708494e-01
0.000000e+00 2.145000e+00 1.734183e+00 1.734191e+00 0.000000e+00 -1.658453e-01
0.000000e+00 2.200000e+00 1.718639e+00 1.718646e+00 0.000000e+00 -1.621870e-01
0.000000e+00 2.255000e+00 1.705336e+00 1.705344e+00 0.000000e+00 -1.596070e-01
0.000000e+00 2.310000e+00 1.693152e+00 1.693160e+00 0.000000e+00 -1.574778e-01
0.000000e+00 2.365000e+00 1.680859e+00 1.680866e+00 0.000000e+00 -1.550904e-01
0.000000e+00 2.420000e+00 1.667438e+00 1.667445e+00 0.000000e+00 -1.518662e-01
0.000000e+00 2.475000e+00 1.652557e+00 1.652563e+00 0.000000e+00 -1.476131e-01
0.000000e+00 2.530000e+00 1.636712e+00 1.636718e+00 0.000000e+00 -1.426386e-01
0.000000e+00 2.585000e+00 1.620797e+00 1.620803e+00 0.000000e+00 -1.374956e-01
0.000000e+00 2.640000e+00 1.605559e+00 1.605565e+00 0.000000e+00 -1.326526e-01
0.000000e+00 2.695000e+00 1.591348e+00 1.591353e+00 0.000000e+00 -1.283410e-01
0.000000e+00 2.750000e+00 1.578150e+00 1.578156e+00 0.000000e+00 -1.245670e-01
0.000000e+00 2.805000e+00 1.565699e+00 1.565704e+00 0.000000e+00 -1.211748e-01
0.000000e+00 2.860000e+00 1.553638e+00 1.553644e+00 0.000000e+00 -1.179489e-01
0.000000e+00 2.915000e+00 1.541744e+00 1.541749e+00 0.000000e+00 -1.147533e-01
0.000000e+00 2.970000e+00 1.530021e+00 1.530026e+00 0.000000e+00 -1.115995e-01
0.000000e+00 3.025000e+00 1.518614e+00 1.518619e+00 0.000000e+00 -1.085898e-01
0.000000e+00 3.080000e+00 1.507648e+00 1.507653e+00 0.000000e+00 -1.058165e-01
0.000000e+00 3.135000e+00 1.497144e+00 1.497148e+00 0.000000e+00 -1.033033e-01
0.000000e+00 3.190000e+00 1.487024e+00 1.487028e+00 0.000000e+00 -1.010067e-01
0.000000e+00 3.245000e+00 1.477184e+00 1.477189e+00 0.000000e+00 -9.886060e-02
0.000000e+00 3.300000e+00 1.467568e+00 1.467572e+00 0.000000e+00 -9.682581e-02
0.000000e+00 3.355000e+00 1.458182e+00 1.458186e+00 0.000000e+00 -9.490497e-02
0.000000e+00 3.410000e+00 1.449062e+00 1.449066e+00 0.000000e+00 -9.312285e-02
0.000000e+00 3.465000e+00 1.440227e+00 1.440231e+00 0.000000e+00 -9.149776e-02
0.000000e+00 3.520000e+00 1.431658e+00 1.431662e+00 0.000000e+00 -9.002799e-02
0.000000e+00 3.575000e+00 1.423306e+00 1.423310e+00 0.000000e+00 -8.869702e-02
0.000000e+00 3.630000e+00 1.415117e+00 1.415120e+00 0.000000e+00 -8.748659e-02
0.000000e+00 3.685000e+00 1.407047e+00 1.407051e+00 0.000000e+00 -8.638573e-02
0.000000e+00 3.740000e+00 1.399070e+00 1.399074e+00 0.000000e+00 -8.539084e-02
0.000000e+00 3.795000e+00 1.391169e+00 1.391172e+00 0.000000e+00 -8.450078e-02
0.000000e+00 3.850000e+00 1.383331e+00 1.383334e+00 0.000000e+00 -8.371408e-02
0.000000e+00 3.905000e+00 1.375551e+00 1.375554e+00 0.000000e+00 -8.303023e-02
0.000000e+00 3.960000e+00 1.367831e+00 1.367834e+00 0.000000e+00 -8.245145e-02
0.000000e+00 4.015000e+00 1.360180e+00 1.360183e+00 0.000000e+00 -8.198190e-02
0.000000e+00 4.070000e+00 1.352606e+00 1.352608e+00 0.000000e+00 -8.162536e-02
0.000000e+00 4.125000e+00 1.345113e+00 1.345116e+00 0.000000e+00 -8.138402e-02
0.000000e+00 4.180000e+00 1.337706e+00 1.337709e+00 0.000000e+00 -8.125908e-02
0.000000e+00 4.235000e+00 1.330385e+00 1.330387e+00 0.000000e+00 -8.125195e-02
0.000000e+00 4.290000e+00 1.323150e+00 1.323152e+00 0.000000e+00 -8.136434e-02
0.000000e+00 4.345000e+00 1.316001e+00 1.316003e+00 0.000000e+00 -8.159705e-02
0.000000e+00 4.400000e+00 1.308933e+00 1.308935e+00 0.000000e+00 -8.194869e-02
0.000000e+00 4.455000e+00 1.301941e+00 1.301943e+00 0.000000e+00 -8.241550e-02
0.000000e+00 4.510000e+00 1.295018e+00 1.295020e+00 0.000000e+00 -8.299246e-02
0.000000e+00 4.565000e+00 1.288157e+00 1.288159e+00 0.000000e+00 -8.367471e-02
0.000000e+00 4.620000e+00 1.281348e+00 1.281350e+00 0.000000e+00 -8.445842e-02
0.000000e+00 4.675000e+00 1.274584e+00 1.274586e+00 0.000000e+00 -8.534069e-02
0.000000e+00 4.730000e+00 1.267855e+00 1.267857e+00 0.000000e+00 -8.631841e-02
0.000000e+00 4.785000e+00 1.261155e+00 1.261157e+00 0.000000e+00 -8.738646e-02
0.000000e+00 4.840000e+00 1.254485e+00 1.254487e+00 0.000000e+00 -8.853570e-02
0.000000e+00 4.895000e+00 1.247854e+00 1.247856e+00 0.000000e+00 -8.975196e-02
0.000000e+00 4.950000e+00 1.241279e+00 1.241280e+00 0.000000e+00 -9.101663e-02
0.000000e+00 5.005000e+00 1.234779e+00 1.234780e+00 0.000000e+00 -9.230870e-02
0.000000e+00 5.060000e+00 1.228375e+00 1.228376e+00 0.000000e+00 -9.360745e-02
0.000000e+00 5.115000e+00 1.222085e+00 1.222086e+00 0.000000e+00 -9.489425e-02
0.000000e+00 5.170000e+00 1.215924e+00 1.215925e+00 0.000000e+00 -9.615295e-02
0.000000e+00 5.225000e+00 1.209906e+00 1.209908e+00 0.000000e+00 -9.736909e-02
0.000000e+00 5.280000e+00 1.204045e+00 1.204046e+00 0.000000e+00 -9.852912e-02
0.000000e+00 5.335000e+00 1.198351e+00 1.198352e+00 0.000000e+00 -9.962020e-02
0.000000e+00 5.390000e+00 1.192838e+00 1.192839e+00 0.000000e+00 -1.006309e-01
0.000000e+00 5.445000e+00 1.187512e+00 1.187513e+00 0.000000e+00 -1.015524e-01
0.000000e+00 5.500000e+00 1.182380e+00 1.182381e+00 0.000000e+00 -1.023787e-01
0.000000e+00 5.555000e+00 1.177442e+00 1.177443e+00 0.000000e+00 -1.031066e-01
0.000000e+00 5.610000e+00 1.172698e+00 1.172699e+00 0.000000e+00 -1.037355e-01
0.000000e+00 5.665000e+00 1.168146e+00 1.168147e+00 0.000000e+00 -1.042656e-01
0.000000e+00 5.720000e+00 1.163783e+00 1.163783e+00 0.000000e+00 -1.046981e-01
0.000000e+00 5.775000e+00 1.159604e+00 1.159604e+00 0.000000e+00 -1.050346e-01
0.000000e+00 5.830000e+00 1.155606e+00 1.155607e+00 0.000000e+00 -1.052775e-01
0.000000e+00 5.885000e+00 1.151785e+00 1.151785e+00 0.000000e+00 -1.054293e-01
0.000000e+00 5.940000e+00 1.148134e+00 1.148134e+00 0.000000e+00 -1.054934e-01
0.000000e+00 5.995000e+00 1.144648e+00 1.144648e+00 0.000000e+00 -1.054732e-01
0.000000e+00 6.050000e+00 1.141320e+00 1.141321e+00 0.000000e+00 -1.053725e-01
0.000000e+00 6.105000e+00 1.138145e+00 1.138145e+00 0.000000e+00 -1.051951e-01
0.000000e+00 6.160000e+00 1.135115e+00 1.135116e+00 0.000000e+00 -1.049451e-01
0.000000e+00 6.215000e+00 1.132225e+00 1.132226e+00 0.000000e+00 -1.046263e-01
0.000000e+00 6.270000e+00 1.129469e+00 1.129470e+00 0.000000e+00 -1.042427e-01
0.000000e+00 6.325000e+00 1.126841e+00 1.126841e+00 0.000000e+00 -1.037981e-01
0.000000e+00 6.380000e+00 1.124335e+00 1.124335e+00 0.000000e+00 -1.032963e-01
0.000000e+00 6.435000e+00 1.121945e+00 1.121945e+00 0.000000e+00 -1.027409e-01
0.000000e+00 6.490000e+00 1.119665e+00 1.119666e+00 0.000000e+00 -1.021354e-01
0.000000e+00 6.545000e+00 1.117491e+00 1.117491e+00 0.000000e+00 -1.014832e-01
0.000000e+00 6.600000e+00 1.115417e+00 1.115417e+00 0.000000e+00 -1.007876e-01
0.000000e+00 6.655000e+00 1.113437e+00 1.113437e+00 0.000000e+00 -1.000520e-01
0.000000e+00 6.710000e+00 1.111548e+00 1.111548e+00 0.000000e+00 -9.927958e-02
0.000000e+00 6.765000e+00 1.109744e+00 1.109744e+00 0.000000e+00 -9.847325e-02
0.000000e+00 6.820000e+00 1.108021e+00 1.108021e+00 0.000000e+00 -9.763591e-02
0.000000e+00 6.875000e+00 1.106376e+00 1.106376e+00 0.000000e+00 -9.677022e-02
0.000000e+00 6.930000e+00 1.104803e+00 1.104803e+00 0.000000e+00 -9.587870e-02
0.000000e+00 6.985000e+00 1.103299e+00 1.103299e+00 0.000000e+00 -9.496376e-02
0.000000e+00 7.040000e+00 1.101860e+00 1.101860e+00 0.000000e+00 -9.402773e-02
0.000000e+00 7.095000e+00 1.100483e+00 1.100483e+00 0.000000e+00 -9.307286e-02
0.000000e+00 7.150000e+00 1.099164e+00 1.099164e+00 0.000000e+00 -9.210130e-02
0.000000e+00 7.205000e+00 1.097901e+00 1.097901e+00 0.000000e+00 -9.111515e-02
0.000000e+00 7.260000e+00 1.096691e+00 1.096691e+00 0.000000e+00 -9.011632e-02
0.000000e+00 7.315000e+00 1.095531e+00 1.095531e+00 0.000000e+00 -8.910658e-02
0.000000e+00 7.370000e+00 1.094418e+00 1.094418e+00 0.000000e+00 -8.808754e-02
0.000000e+00 7.425000e+00 1.093350e+00 1.093350e+00 0.000000e+00 -8.706066e-02
0.000000e+00 7.480000e+00 1.092324e+00 1.092324e+00 0.000000e+00 -8.602731e-02
0.000000e+00 7.535000e+00 1.091339e+00 1.091339e+00 0.000000e+00 -8.498883e-02
0.000000e+00 7.590000e+00 1.090392e+00 1.090392e+00 0.000000e+00 -8.394649e-02
0.000000e+00 7.645000e+00 1.089482e+00 1.089482e+00 0.000000e+00 -8.290149e-02
0.000000e+00 7.700000e+00 1.088607e+00 1.088606e+00 0.000000e+00 -8.185491e-02
0.000000e+00 7.755000e+00 1.087764e+00 1.087764e+00 0.000000e+00 -8.080773e-02
0.000000e+00 7.810000e+00 1.086953e+00 1.086953e+00 0.000000e+00 -7.976084e-02
0.000000e+00 7.865000e+00 1.086172e+00 1.086172e+00 0.000000e+00 -7.871506e-02
0.000000e+00 7.920000e+00 1.085420e+00 1.085420e+00 0.000000e+00 -7.767116e-02
0.000000e+00 7.975000e+00 1.084695e+00 1.084694e+00 0.000000e+00 -7.662991e-02
0.000000e+00 8.030000e+00 1.083995e+00 1.083995e+00 0.000000e+00 -7.559200e-02
0.000000e+00 8.085000e+00 1.083319e+00 1.083319e+00 0.000000e+00 -7.455806e-02
0.000000e+00 8.140000e+00 1.082667e+00 1.082666e+00 0.000000e+00 -7.352861e-02
0.000000e+00 8.195000e+00 1.082035e+00 1.082035e+00 0.000000e+00 -7.250414e-02
0.000000e+00 8.250000e+00 1.081424e+00 1.081424e+00 0.000000e+00 -7.148510e-02
0.000000e+00 8.305000e+00 1.080832e+00 1.080831e+00 0.000000e+00 -7.047192e-02
0.000000e+00 8.360000e+00 1.080257e+00 1.080257e+00 0.000000e+00 -6.946510e-02
0.000000e+00 8.415000e+00 1.079699e+00 1.079699e+00 0.000000e+00 -6.846509e-02
0.000000e+00 8.470000e+00 1.079157e+00 1.079157e+00 0.000000e+00 -6.747231e-02
0.000000e+00 8.525000e+00 1.078631e+00 1.078631e+00 0.000000e+00 -6.648709e-02
0.000000e+00 8.580000e+00 1.078119e+00 1.078119e+00 0.000000e+00 -6.550964e-02
0.000000e+00 8.635000e+00 1.077622e+00 1.077622e+00 0.000000e+00 -6.453999e-02
0.000000e+00 8.690000e+00 1.077139e+00 1.077138e+00 0.000000e+00 -6.357808e-02
0.000000e+00 8.745000e+00 1.076669e+00 1.076669e+00 0.000000e+00 -6.262366e-02
0.000000e+00 8.800000e+00 1.076214e+00 1.076213e+00 0.000000e+00 -6.167638e-02
0.000000e+00 8.855000e+00 1.075773e+00 1.075772e+00 0.000000e+00 -6.073573e-02
0.000000e+00 8.910000e+00 1.075347e+00 1.075347e+00 0.000000e+00 -5.980118e-02
0.000000e+00 8.965000e+00 1.074937e+00 1.074937e+00 0.000000e+00 -5.887218e-02
0.000000e+00 9.020000e+00 1.074544e+00 1.074544e+00 0.000000e+00 -5.794818e-02
0.000000e+00 9.075000e+00 1.074169e+00 1.074169e+00 0.000000e+00 -5.702836e-02
0.000000e+00 9.130000e+00 1.073812e+00 1.073811e+00 0.000000e+00 -5.611152e-02
0.000000e+00 9.185000e+00 1.073473e+00 1.073473e+00 0.000000e+00 -5.519589e-02
0.000000e+00 9.240000e+00 1.073152e+00 1.073152e+00 0.000000e+00 -5.427991e-02
0.000000e+00 9.295000e+00 1.072847e+00 1.072847e+00 0.000000e+00 -5.336226e-02
0.000000e+00 9.350000e+00 1.072557e+00 1.072557e+00 0.000000e+00 -5.244330e-02
0.000000e+00 9.405000e+00 1.072281e+00 1.072281e+00 0.000000e+00 -5.152214e-02
0.000000e+00 9.460000e+00 1.072015e+00 1.072014e+00 0.000000e+00 -5.059828e-02
0.000000e+00 9.515000e+00 1.071759e+00 1.071758e+00 0.000000e+00 -4.966421e-02
0.000000e+00 9.570000e+00 1.071506e+00 1.071506e+00 0.000000e+00 -4.871740e-02
0.000000e+00 9.625000e+00 1.071264e+00 1.071263e+00 0.000000e+00 -4.774785e-02
0.000000e+00 9.680000e+00 1.071015e+00 1.071015e+00 0.000000e+00 -4.677726e-02
0.000000e+00 9.735000e+00 1.070782e+00 1.070781e+00 0.000000e+00 -4.580983e-02
0.000000e+00 9.790000e+00 1.070522e+00 1.070522e+00 0.000000e+00 -4.492520e-02
0.000000e+00 9.845000e+00 1.070307e+00 1.070307e+00 0.000000e+00 -4.409842e-02
0.000000e+00 9.900000e+00 1.070009e+00 1.070009e+00 0.000000e+00 -4.347190e-02
0.000000e+00 9.955000e+00 1.069898e+00 1.069898e+00 0.000000e+00 -4.282355e-02
0.000000e+00 1.001000e+01 1.105114e+00 1.105114e+00 -0.000000e+00 -1.013850e-02
0.000000e+00 1.006500e+01 1.105114e+00 1.105114e+00 -0.000000e+00 -1.013850e-02
0.000000e+00 1.012000e+01 1.105114e+00 1.105114e+00 -0.000000e+00 -1.013850e-02
0.000000e+00 1.017500e+01 1.105114e+00 1.105114e+00 -0.000000e+00 -1.013850e-02
0.000000e+00 1.023000e+01 1.105114e+00 1.105114e+00 -0.000000e+00 -1.013850e-02
0.000000e+00 1.028500e+01 1.105114e+00 1.105114e+00 -0.000000e+00 -1.013850e-02
0.000000e+00 1.034000e+01 1.105114e+00 1.105114e+00 -0.000000e+00 -1.013850e-02
0.000000e+00 1.039500e+01 1.105114e+00 1.105114e+00 -0.000000e+00 -1.013850e-02
0.000000e+00 1.045000e+01 1.105114e+00 1.105114e+00 -0.000000e+00 -1.013850e-02
0.000000e+00 1.050500e+01 1.105114e+00 1.105114e+00 -0.000000e+00 -1.013850e-02
0.000000e+00 1.056000e+01 1.105114e+00 1.105114e+00 -0.000000e+00 -1.013850e-02
0.000000e+00 1.061500e+01 1.105114e+00 1.105114e+00 -0.000000e+00 -1.013850e-02
0.000000e+00 1.067000e+01 1.105114e+00 1.105114e+00 -0.000000e+00 -1.013850e-02
0.000000e+00 1.072500e+01 1.105114e+00 1.105114e+00 -0.000000e+00 -1.013850e-02
0.000000e+00 1.078000e+01 1.105114e+00 1.105114e+00 -0.000000e+00 -1.013850e-02
0.000000e+00 1.083500e+01 1.105114e+00 1.105114e+00 -0.000000e+00 -1.013850e-02
0.000000e+00 1.089000e+01 1.105114e+00 1.105114e+00 -0.000000e+00 -1.013850e-02
0.000000e+00 1.094500e+01 1.105114e+00 1.105114e+00 -0.000000e+00 -1.013850e-02
0.000000e+00 1.100000e+01 1.105114e+00 1.105114e+00 -0.000000e+00 -1.013850e-02
