#############TIME##################
1.550258e+01 
###################################
0.000000e+00 0.000000e+00 2.260643e+01 2.260699e+01 0.000000e+00 -3.044130e+00
0.000000e+00 5.500000e-02 2.260643e+01 2.260699e+01 0.000000e+00 -3.044130e+00
0.000000e+00 1.100000e-01 2.260521e+01 2.260577e+01 0.000000e+00 -3.044131e+00
0.000000e+00 1.650000e-01 1.400260e+01 1.400295e+01 0.000000e+00 -2.296438e+00
0.000000e+00 2.200000e-01 1.034539e+01 1.034562e+01 0.000000e+00 -1.935244e+00
0.000000e+00 2.750000e-01 8.110637e+00 8.110798e+00 0.000000e+00 -1.641029e+00
0.000000e+00 3.300000e-01 6.692642e+00 6.692762e+00 0.000000e+00 -1.424605e+00
0.000000e+00 3.850000e-01 5.683722e+00 5.683814e+00 0.000000e+00 -1.248175e+00
0.000000e+00 4.400000e-01 4.964546e+00 4.964620e+00 0.000000e+00 -1.107741e+00
0.000000e+00 4.950000e-01 4.415904e+00 4.415965e+00 0.000000e+00 -9.898801e-01
0.000000e+00 5.500000e-01 3.990862e+00 3.990913e+00 0.000000e+00 -8.923829e-01
0.000000e+00 6.050000e-01 3.651972e+00 3.652016e+00 0.000000e+00 -8.086357e-01
0.000000e+00 6.600000e-01 3.376855e+00 3.376893e+00 0.000000e+00 -7.371331e-01
0.000000e+00 7.150000e-01 3.149108e+00 3.149141e+00 0.000000e+00 -6.749286e-01
0.000000e+00 7.700000e-01 2.958140e+00 2.958169e+00 0.000000e+00 -6.206762e-01
0.000000e+00 8.250000e-01 2.795854e+00 2.795880e+00 0.000000e+00 -5.728597e-01
0.000000e+00 8.800000e-01 2.656524e+00 2.656548e+00 0.000000e+00 -5.305205e-01
0.000000e+00 9.350000e-01 2.535721e+00 2.535742e+00 0.000000e+00 -4.927773e-01
0.000000e+00 9.900000e-01 2.430117e+00 2.430136e+00 0.000000e+00 -4.589692e-01
0.000000e+00 1.045000e+00 2.337100e+00 2.337117e+00 0.000000e+00 -4.285310e-01
0.000000e+00 1.100000e+00 2.254625e+00 2.254641e+00 0.000000e+00 -4.010094e-01
0.000000e+00 1.155000e+00 2.181056e+00 2.181071e+00 0.000000e+00 -3.760237e-01
0.000000e+00 1.210000e+00 2.115073e+00 2.115087e+00 0.000000e+00 -3.532598e-01
0.000000e+00 1.265000e+00 2.055599e+00 2.055612e+00 0.000000e+00 -3.324527e-01
0.000000e+00 1.320000e+00 2.001748e+00 2.001760e+00 0.000000e+00 -3.133791e-01
0.000000e+00 1.375000e+00 1.952783e+00 1.952794e+00 0.000000e+00 -2.958483e-01
0.000000e+00 1.430000e+00 1.908090e+00 1.908100e+00 0.000000e+00 -2.796961e-01
0.000000e+00 1.485000e+00 1.867150e+00 1.867160e+00 0.000000e+00 -2.647800e-01
0.000000e+00 1.540000e+00 1.829527e+00 1.829536e+00 0.000000e+00 -2.509748e-01
0.000000e+00 1.595000e+00 1.794845e+00 1.794854e+00 0.000000e+00 -2.381700e-01
0.000000e+00 1.650000e+00 1.762788e+00 1.762796e+00 0.000000e+00 -2.262682e-01
0.000000e+00 1.705000e+00 1.733078e+00 1.733086e+00 0.000000e+00 -2.151841e-01
0.000000e+00 1.760000e+00 1.705478e+00 1.705486e+00 0.000000e+00 -2.048433e-01
0.000000e+00 1.815000e+00 1.679779e+00 1.679787e+00 0.000000e+00 -1.951804e-01
0.000000e+00 1.870000e+00 1.655799e+00 1.655806e+00 0.000000e+00 -1.861372e-01
0.000000e+00 1.925000e+00 1.633376e+00 1.633382e+00 0.000000e+00 -1.776619e-01
0.000000e+00 1.980000e+00 1.612367e+00 1.612374e+00 0.000000e+00 -1.697079e-01
0.000000e+00 2.035000e+00 1.592648e+00 1.592654e+00 0.000000e+00 -1.622330e-01
0.000000e+00 2.090000e+00 1.574105e+00 1.574111e+00 0.000000e+00 -1.551993e-01
0.000000e+00 2.145000e+00 1.556639e+00 1.556644e+00 0.000000e+00 -1.485722e-01
0.000000e+00 2.200000e+00 1.540161e+00 1.540166e+00 0.000000e+00 -1.423200e-01
0.000000e+00 2.255000e+00 1.524592e+00 1.524597e+00 0.000000e+00 -1.364138e-01
0.000000e+00 2.310000e+00 1.509862e+00 1.509867e+00 0.000000e+00 -1.308276e-01
0.000000e+00 2.365000e+00 1.495908e+00 1.495912e+00 0.000000e+00 -1.255375e-01
0.000000e+00 2.420000e+00 1.482671e+00 1.482675e+00 0.000000e+00 -1.205223e-01
0.000000e+00 2.475000e+00 1.470101e+00 1.470105e+00 0.000000e+00 -1.157628e-01
0.000000e+00 2.530000e+00 1.458149e+00 1.458153e+00 0.000000e+00 -1.112418e-01
0.000000e+00 2.585000e+00 1.446774e+00 1.446778e+00 0.000000e+00 -1.069437e-01
0.000000e+00 2.640000e+00 1.435935e+00 1.435939e+00 0.000000e+00 -1.028541e-01
0.000000e+00 2.695000e+00 1.425596e+00 1.425600e+00 0.000000e+00 -9.895969e-02
0.000000e+00 2.750000e+00 1.415725e+00 1.415728e+00 0.000000e+00 -9.524790e-02
0.000000e+00 2.805000e+00 1.406291e+00 1.406294e+00 0.000000e+00 -9.170671e-02
0.000000e+00 2.860000e+00 1.397267e+00 1.397270e+00 0.000000e+00 -8.832460e-02
0.000000e+00 2.915000e+00 1.388630e+00 1.388633e+00 0.000000e+00 -8.509043e-02
0.000000e+00 2.970000e+00 1.380357e+00 1.380360e+00 0.000000e+00 -8.199370e-02
0.000000e+00 3.025000e+00 1.372429e+00 1.372432e+00 0.000000e+00 -7.902471e-02
0.000000e+00 3.080000e+00 1.364828e+00 1.364831e+00 0.000000e+00 -7.617492e-02
0.000000e+00 3.135000e+00 1.357536e+00 1.357539e+00 0.000000e+00 -7.343713e-02
0.000000e+00 3.190000e+00 1.350536e+00 1.350539e+00 0.000000e+00 -7.080547e-02
0.000000e+00 3.245000e+00 1.343811e+00 1.343814e+00 0.000000e+00 -6.827513e-02
0.000000e+00 3.300000e+00 1.337344e+00 1.337347e+00 0.000000e+00 -6.584187e-02
0.000000e+00 3.355000e+00 1.331120e+00 1.331122e+00 0.000000e+00 -6.350146e-02
0.000000e+00 3.410000e+00 1.325123e+00 1.325126e+00 0.000000e+00 -6.124939e-02
0.000000e+00 3.465000e+00 1.319343e+00 1.319345e+00 0.000000e+00 -5.908072e-02
0.000000e+00 3.520000e+00 1.313768e+00 1.313770e+00 0.000000e+00 -5.699028e-02
0.000000e+00 3.575000e+00 1.308391e+00 1.308394e+00 0.000000e+00 -5.497294e-02
0.000000e+00 3.630000e+00 1.303205e+00 1.303207e+00 0.000000e+00 -5.302378e-02
0.000000e+00 3.685000e+00 1.298202e+00 1.298204e+00 0.000000e+00 -5.113817e-02
0.000000e+00 3.740000e+00 1.293376e+00 1.293378e+00 0.000000e+00 -4.931179e-02
0.000000e+00 3.795000e+00 1.288718e+00 1.288720e+00 0.000000e+00 -4.754078e-02
0.000000e+00 3.850000e+00 1.284221e+00 1.284223e+00 0.000000e+00 -4.582199e-02
0.000000e+00 3.905000e+00 1.279875e+00 1.279877e+00 0.000000e+00 -4.415346e-02
0.000000e+00 3.960000e+00 1.275672e+00 1.275674e+00 0.000000e+00 -4.253446e-02
0.000000e+00 4.015000e+00 1.271604e+00 1.271606e+00 0.000000e+00 -4.096528e-02
0.000000e+00 4.070000e+00 1.267662e+00 1.267663e+00 0.000000e+00 -3.944649e-02
0.000000e+00 4.125000e+00 1.263839e+00 1.263841e+00 0.000000e+00 -3.797814e-02
0.000000e+00 4.180000e+00 1.260129e+00 1.260131e+00 0.000000e+00 -3.655909e-02
0.000000e+00 4.235000e+00 1.256527e+00 1.256529e+00 0.000000e+00 -3.518702e-02
0.000000e+00 4.290000e+00 1.253029e+00 1.253030e+00 0.000000e+00 -3.385862e-02
0.000000e+00 4.345000e+00 1.249630e+00 1.249632e+00 0.000000e+00 -3.257002e-02
0.000000e+00 4.400000e+00 1.246331e+00 1.246333e+00 0.000000e+00 -3.131700e-02
0.000000e+00 4.455000e+00 1.243131e+00 1.243133e+00 0.000000e+00 -3.009511e-02
0.000000e+00 4.510000e+00 1.240033e+00 1.240034e+00 0.000000e+00 -2.889998e-02
0.000000e+00 4.565000e+00 1.237035e+00 1.237037e+00 0.000000e+00 -2.772788e-02
0.000000e+00 4.620000e+00 1.234138e+00 1.234139e+00 0.000000e+00 -2.657656e-02
0.000000e+00 4.675000e+00 1.231335e+00 1.231337e+00 0.000000e+00 -2.544583e-02
0.000000e+00 4.730000e+00 1.228620e+00 1.228622e+00 0.000000e+00 -2.433746e-02
0.000000e+00 4.785000e+00 1.225985e+00 1.225986e+00 0.000000e+00 -2.325430e-02
0.000000e+00 4.840000e+00 1.223421e+00 1.223423e+00 0.000000e+00 -2.219898e-02
0.000000e+00 4.895000e+00 1.220926e+00 1.220928e+00 0.000000e+00 -2.117278e-02
0.000000e+00 4.950000e+00 1.218497e+00 1.218498e+00 0.000000e+00 -2.017525e-02
0.000000e+00 5.005000e+00 1.216133e+00 1.216134e+00 0.000000e+00 -1.920450e-02
0.000000e+00 5.060000e+00 1.213833e+00 1.213834e+00 0.000000e+00 -1.825789e-02
0.000000e+00 5.115000e+00 1.211595e+00 1.211597e+00 0.000000e+00 -1.733273e-02
0.000000e+00 5.170000e+00 1.209419e+00 1.209420e+00 0.000000e+00 -1.642659e-02
0.000000e+00 5.225000e+00 1.207303e+00 1.207305e+00 0.000000e+00 -1.553749e-02
0.000000e+00 5.280000e+00 1.205248e+00 1.205249e+00 0.000000e+00 -1.466397e-02
0.000000e+00 5.335000e+00 1.203252e+00 1.203254e+00 0.000000e+00 -1.380517e-02
0.000000e+00 5.390000e+00 1.201317e+00 1.201318e+00 0.000000e+00 -1.296100e-02
0.000000e+00 5.445000e+00 1.199438e+00 1.199439e+00 0.000000e+00 -1.213203e-02
0.000000e+00 5.500000e+00 1.197615e+00 1.197616e+00 0.000000e+00 -1.131934e-02
0.000000e+00 5.555000e+00 1.195842e+00 1.195843e+00 0.000000e+00 -1.052427e-02
0.000000e+00 5.610000e+00 1.194116e+00 1.194117e+00 0.000000e+00 -9.748169e-03
0.000000e+00 5.665000e+00 1.192430e+00 1.192431e+00 0.000000e+00 -8.992320e-03
0.000000e+00 5.720000e+00 1.190782e+00 1.190783e+00 0.000000e+00 -8.257812e-03
0.000000e+00 5.775000e+00 1.189168e+00 1.189169e+00 0.000000e+00 -7.545250e-03
0.000000e+00 5.830000e+00 1.187589e+00 1.187590e+00 0.000000e+00 -6.854266e-03
0.000000e+00 5.885000e+00 1.186046e+00 1.186047e+00 0.000000e+00 -6.182990e-03
0.000000e+00 5.940000e+00 1.184542e+00 1.184543e+00 0.000000e+00 -5.527886e-03
0.000000e+00 5.995000e+00 1.183082e+00 1.183083e+00 0.000000e+00 -4.884379e-03
0.000000e+00 6.050000e+00 1.181668e+00 1.181669e+00 0.000000e+00 -4.248435e-03
0.000000e+00 6.105000e+00 1.180299e+00 1.180300e+00 0.000000e+00 -3.618638e-03
0.000000e+00 6.160000e+00 1.178970e+00 1.178971e+00 0.000000e+00 -2.997724e-03
0.000000e+00 6.215000e+00 1.177673e+00 1.177674e+00 0.000000e+00 -2.392341e-03
0.000000e+00 6.270000e+00 1.176400e+00 1.176400e+00 0.000000e+00 -1.810494e-03
0.000000e+00 6.325000e+00 1.175146e+00 1.175147e+00 0.000000e+00 -1.257487e-03
0.000000e+00 6.380000e+00 1.173915e+00 1.173916e+00 0.000000e+00 -7.324710e-04
0.000000e+00 6.435000e+00 1.172713e+00 1.172713e+00 0.000000e+00 -2.279684e-04
0.000000e+00 6.490000e+00 1.171546e+00 1.171547e+00 0.000000e+00 2.667235e-04
0.000000e+00 6.545000e+00 1.170419e+00 1.170419e+00 0.000000e+00 7.597419e-04
0.000000e+00 6.600000e+00 1.169327e+00 1.169328e+00 0.000000e+00 1.252078e-03
0.000000e+00 6.655000e+00 1.168265e+00 1.168265e+00 0.000000e+00 1.737754e-03
0.000000e+00 6.710000e+00 1.167224e+00 1.167225e+00 0.000000e+00 2.209371e-03
0.000000e+00 6.765000e+00 1.166206e+00 1.166207e+00 0.000000e+00 2.665246e-03
0.000000e+00 6.820000e+00 1.165216e+00 1.165217e+00 0.000000e+00 3.111828e-03
0.000000e+00 6.875000e+00 1.164265e+00 1.164265e+00 0.000000e+00 3.557628e-03
0.000000e+00 6.930000e+00 1.163358e+00 1.163359e+00 0.000000e+00 4.001930e-03
0.000000e+00 6.985000e+00 1.162495e+00 1.162496e+00 0.000000e+00 4.428142e-03
0.000000e+00 7.040000e+00 1.161658e+00 1.161659e+00 0.000000e+00 4.810744e-03
0.000000e+00 7.095000e+00 1.160815e+00 1.160816e+00 0.000000e+00 5.134132e-03
0.000000e+00 7.150000e+00 1.159932e+00 1.159933e+00 0.000000e+00 5.408742e-03
0.000000e+00 7.205000e+00 1.158993e+00 1.158993e+00 0.000000e+00 5.668194e-03
0.000000e+00 7.260000e+00 1.158024e+00 1.158024e+00 0.000000e+00 5.946243e-03
0.000000e+00 7.315000e+00 1.157091e+00 1.157092e+00 0.000000e+00 6.251876e-03
0.000000e+00 7.370000e+00 1.156265e+00 1.156266e+00 0.000000e+00 6.564382e-03
0.000000e+00 7.425000e+00 1.155570e+00 1.155571e+00 0.000000e+00 6.853435e-03
0.000000e+00 7.480000e+00 1.154957e+00 1.154957e+00 0.000000e+00 7.106205e-03
0.000000e+00 7.535000e+00 1.154327e+00 1.154328e+00 0.000000e+00 7.334987e-03
0.000000e+00 7.590000e+00 1.153602e+00 1.153602e+00 0.000000e+00 7.560292e-03
0.000000e+00 7.645000e+00 1.152777e+00 1.152778e+00 0.000000e+00 7.788794e-03
0.000000e+00 7.700000e+00 1.151922e+00 1.151923e+00 0.000000e+00 8.011075e-03
0.000000e+00 7.755000e+00 1.151126e+00 1.151127e+00 0.000000e+00 8.216944e-03
0.000000e+00 7.810000e+00 1.150437e+00 1.150437e+00 0.000000e+00 8.409839e-03
0.000000e+00 7.865000e+00 1.149840e+00 1.149840e+00 0.000000e+00 8.603878e-03
0.000000e+00 7.920000e+00 1.149282e+00 1.149282e+00 0.000000e+00 8.806886e-03
0.000000e+00 7.975000e+00 1.148712e+00 1.148713e+00 0.000000e+00 9.010302e-03
0.000000e+00 8.030000e+00 1.148106e+00 1.148107e+00 0.000000e+00 9.196223e-03
0.000000e+00 8.085000e+00 1.147467e+00 1.147467e+00 0.000000e+00 9.353435e-03
0.000000e+00 8.140000e+00 1.146811e+00 1.146812e+00 0.000000e+00 9.486190e-03
0.000000e+00 8.195000e+00 1.146160e+00 1.146161e+00 0.000000e+00 9.609622e-03
0.000000e+00 8.250000e+00 1.145531e+00 1.145531e+00 0.000000e+00 9.738836e-03
0.000000e+00 8.305000e+00 1.144929e+00 1.144929e+00 0.000000e+00 9.881255e-03
0.000000e+00 8.360000e+00 1.144352e+00 1.144352e+00 0.000000e+00 1.003581e-02
0.000000e+00 8.415000e+00 1.143787e+00 1.143788e+00 0.000000e+00 1.019628e-02
0.000000e+00 8.470000e+00 1.143222e+00 1.143222e+00 0.000000e+00 1.035487e-02
0.000000e+00 8.525000e+00 1.142646e+00 1.142646e+00 0.000000e+00 1.050443e-02
0.000000e+00 8.580000e+00 1.142055e+00 1.142055e+00 0.000000e+00 1.063957e-02
0.000000e+00 8.635000e+00 1.141454e+00 1.141454e+00 0.000000e+00 1.075763e-02
0.000000e+00 8.690000e+00 1.140851e+00 1.140851e+00 0.000000e+00 1.085942e-02
0.000000e+00 8.745000e+00 1.140260e+00 1.140260e+00 0.000000e+00 1.094914e-02
0.000000e+00 8.800000e+00 1.139693e+00 1.139693e+00 0.000000e+00 1.103297e-02
0.000000e+00 8.855000e+00 1.139158e+00 1.139158e+00 0.000000e+00 1.111628e-02
0.000000e+00 8.910000e+00 1.138650e+00 1.138650e+00 0.000000e+00 1.120098e-02
0.000000e+00 8.965000e+00 1.138155e+00 1.138155e+00 0.000000e+00 1.128444e-02
0.000000e+00 9.020000e+00 1.137650e+00 1.137651e+00 0.000000e+00 1.136133e-02
0.000000e+00 9.075000e+00 1.137121e+00 1.137121e+00 0.000000e+00 1.142750e-02
0.000000e+00 9.130000e+00 1.136563e+00 1.136563e+00 0.000000e+00 1.148418e-02
0.000000e+00 9.185000e+00 1.135992e+00 1.135992e+00 0.000000e+00 1.154045e-02
0.000000e+00 9.240000e+00 1.135435e+00 1.135435e+00 0.000000e+00 1.161267e-02
0.000000e+00 9.295000e+00 1.134918e+00 1.134918e+00 0.000000e+00 1.172004e-02
0.000000e+00 9.350000e+00 1.134456e+00 1.134456e+00 0.000000e+00 1.187776e-02
0.000000e+00 9.405000e+00 1.134044e+00 1.134044e+00 0.000000e+00 1.208837e-02
0.000000e+00 9.460000e+00 1.133662e+00 1.133663e+00 0.000000e+00 1.233762e-02
0.000000e+00 9.515000e+00 1.133280e+00 1.133280e+00 0.000000e+00 1.259296e-02
0.000000e+00 9.570000e+00 1.132870e+00 1.132870e+00 0.000000e+00 1.281234e-02
0.000000e+00 9.625000e+00 1.132413e+00 1.132413e+00 0.000000e+00 1.294334e-02
0.000000e+00 9.680000e+00 1.131913e+00 1.131913e+00 0.000000e+00 1.293819e-02
0.000000e+00 9.735000e+00 1.131374e+00 1.131374e+00 0.000000e+00 1.274557e-02
0.000000e+00 9.790000e+00 1.130836e+00 1.130836e+00 0.000000e+00 1.237593e-02
0.000000e+00 9.845000e+00 1.130295e+00 1.130296e+00 0.000000e+00 1.188231e-02
0.000000e+00 9.900000e+00 1.129820e+00 1.129820e+00 0.000000e+00 1.148137e-02
0.000000e+00 9.955000e+00 1.129321e+00 1.129322e+00 0.000000e+00 1.126766e-02
0.000000e+00 1.001000e+01 1.105114e+00 1.105114e+00 -0.000000e+00 -1.013850e-02
0.000000e+00 1.006500e+01 1.105114e+00 1.105114e+00 -0.000000e+00 -1.013850e-02
0.000000e+00 1.012000e+01 1.105114e+00 1.105114e+00 -0.000000e+00 -1.013850e-02
0.000000e+00 1.017500e+01 1.105114e+00 1.105114e+00 -0.000000e+00 -1.013850e-02
0.000000e+00 1.023000e+01 1.105114e+00 1.105114e+00 -0.000000e+00 -1.013850e-02
0.000000e+00 1.028500e+01 1.105114e+00 1.105114e+00 -0.000000e+00 -1.013850e-02
0.000000e+00 1.034000e+01 1.105114e+00 1.105114e+00 -0.000000e+00 -1.013850e-02
0.000000e+00 1.039500e+01 1.105114e+00 1.105114e+00 -0.000000e+00 -1.013850e-02
0.000000e+00 1.045000e+01 1.105114e+00 1.105114e+00 -0.000000e+00 -1.013850e-02
0.000000e+00 1.050500e+01 1.105114e+00 1.105114e+00 -0.000000e+00 -1.013850e-02
0.000000e+00 1.056000e+01 1.105114e+00 1.105114e+00 -0.000000e+00 -1.013850e-02
0.000000e+00 1.061500e+01 1.105114e+00 1.105114e+00 -0.000000e+00 -1.013850e-02
0.000000e+00 1.067000e+01 1.105114e+00 1.105114e+00 -0.000000e+00 -1.013850e-02
0.000000e+00 1.072500e+01 1.105114e+00 1.105114e+00 -0.000000e+00 -1.013850e-02
0.000000e+00 1.078000e+01 1.105114e+00 1.105114e+00 -0.000000e+00 -1.013850e-02
0.000000e+00 1.083500e+01 1.105114e+00 1.105114e+00 -0.000000e+00 -1.013850e-02
0.000000e+00 1.089000e+01 1.105114e+00 1.105114e+00 -0.000000e+00 -1.013850e-02
0.000000e+00 1.094500e+01 1.105114e+00 1.105114e+00 -0.000000e+00 -1.013850e-02
0.000000e+00 1.100000e+01 1.105114e+00 1.105114e+00 -0.000000e+00 -1.013850e-02
