#############TIME##################
6.002888e+00 
###################################
0.000000e+00 0.000000e+00 2.506585e+01 2.506651e+01 0.000000e+00 -3.046159e+00
0.000000e+00 5.500000e-02 2.506585e+01 2.506651e+01 0.000000e+00 -3.046159e+00
0.000000e+00 1.100000e-01 2.506867e+01 2.506932e+01 0.000000e+00 -3.046151e+00
0.000000e+00 1.650000e-01 1.552507e+01 1.552547e+01 0.000000e+00 -2.299569e+00
0.000000e+00 2.200000e-01 1.146894e+01 1.146921e+01 0.000000e+00 -1.939110e+00
0.000000e+00 2.750000e-01 8.991239e+00 8.991427e+00 0.000000e+00 -1.645601e+00
0.000000e+00 3.300000e-01 7.418535e+00 7.418676e+00 0.000000e+00 -1.429871e+00
0.000000e+00 3.850000e-01 6.299633e+00 6.299743e+00 0.000000e+00 -1.254145e+00
0.000000e+00 4.400000e-01 5.501907e+00 5.501995e+00 0.000000e+00 -1.114400e+00
0.000000e+00 4.950000e-01 4.893231e+00 4.893304e+00 0.000000e+00 -9.972414e-01
0.000000e+00 5.500000e-01 4.421655e+00 4.421716e+00 0.000000e+00 -9.004175e-01
0.000000e+00 6.050000e-01 4.045598e+00 4.045650e+00 0.000000e+00 -8.173335e-01
0.000000e+00 6.600000e-01 3.740179e+00 3.740224e+00 0.000000e+00 -7.464966e-01
0.000000e+00 7.150000e-01 3.487245e+00 3.487285e+00 0.000000e+00 -6.849548e-01
0.000000e+00 7.700000e-01 3.275052e+00 3.275088e+00 0.000000e+00 -6.313637e-01
0.000000e+00 8.250000e-01 3.094632e+00 3.094664e+00 0.000000e+00 -5.842054e-01
0.000000e+00 8.800000e-01 2.939633e+00 2.939662e+00 0.000000e+00 -5.425235e-01
0.000000e+00 9.350000e-01 2.805146e+00 2.805172e+00 0.000000e+00 -5.054366e-01
0.000000e+00 9.900000e-01 2.687480e+00 2.687504e+00 0.000000e+00 -4.722859e-01
0.000000e+00 1.045000e+00 2.583737e+00 2.583759e+00 0.000000e+00 -4.425072e-01
0.000000e+00 1.100000e+00 2.491650e+00 2.491671e+00 0.000000e+00 -4.156486e-01
0.000000e+00 1.155000e+00 2.409402e+00 2.409421e+00 0.000000e+00 -3.913306e-01
0.000000e+00 1.210000e+00 2.335530e+00 2.335547e+00 0.000000e+00 -3.692401e-01
0.000000e+00 1.265000e+00 2.268838e+00 2.268854e+00 0.000000e+00 -3.491134e-01
0.000000e+00 1.320000e+00 2.208341e+00 2.208356e+00 0.000000e+00 -3.307285e-01
0.000000e+00 1.375000e+00 2.153222e+00 2.153236e+00 0.000000e+00 -3.138963e-01
0.000000e+00 1.430000e+00 2.102796e+00 2.102810e+00 0.000000e+00 -2.984551e-01
0.000000e+00 1.485000e+00 2.056487e+00 2.056499e+00 0.000000e+00 -2.842648e-01
0.000000e+00 1.540000e+00 2.013805e+00 2.013817e+00 0.000000e+00 -2.712035e-01
0.000000e+00 1.595000e+00 1.974335e+00 1.974347e+00 0.000000e+00 -2.591637e-01
0.000000e+00 1.650000e+00 1.937722e+00 1.937733e+00 0.000000e+00 -2.480500e-01
0.000000e+00 1.705000e+00 1.903661e+00 1.903672e+00 0.000000e+00 -2.377777e-01
0.000000e+00 1.760000e+00 1.871889e+00 1.871898e+00 0.000000e+00 -2.282719e-01
0.000000e+00 1.815000e+00 1.842174e+00 1.842184e+00 0.000000e+00 -2.194667e-01
0.000000e+00 1.870000e+00 1.814317e+00 1.814326e+00 0.000000e+00 -2.113042e-01
0.000000e+00 1.925000e+00 1.788139e+00 1.788147e+00 0.000000e+00 -2.037329e-01
0.000000e+00 1.980000e+00 1.763481e+00 1.763489e+00 0.000000e+00 -1.967075e-01
0.000000e+00 2.035000e+00 1.740203e+00 1.740211e+00 0.000000e+00 -1.901872e-01
0.000000e+00 2.090000e+00 1.718180e+00 1.718188e+00 0.000000e+00 -1.841357e-01
0.000000e+00 2.145000e+00 1.697300e+00 1.697307e+00 0.000000e+00 -1.785201e-01
0.000000e+00 2.200000e+00 1.677463e+00 1.677470e+00 0.000000e+00 -1.733107e-01
0.000000e+00 2.255000e+00 1.658581e+00 1.658588e+00 0.000000e+00 -1.684802e-01
0.000000e+00 2.310000e+00 1.640574e+00 1.640581e+00 0.000000e+00 -1.640037e-01
0.000000e+00 2.365000e+00 1.623371e+00 1.623377e+00 0.000000e+00 -1.598587e-01
0.000000e+00 2.420000e+00 1.606906e+00 1.606912e+00 0.000000e+00 -1.560253e-01
0.000000e+00 2.475000e+00 1.591120e+00 1.591126e+00 0.000000e+00 -1.524859e-01
0.000000e+00 2.530000e+00 1.575959e+00 1.575965e+00 0.000000e+00 -1.492254e-01
0.000000e+00 2.585000e+00 1.561373e+00 1.561379e+00 0.000000e+00 -1.462299e-01
0.000000e+00 2.640000e+00 1.547313e+00 1.547319e+00 0.000000e+00 -1.434861e-01
0.000000e+00 2.695000e+00 1.533734e+00 1.533739e+00 0.000000e+00 -1.409808e-01
0.000000e+00 2.750000e+00 1.520594e+00 1.520599e+00 0.000000e+00 -1.387023e-01
0.000000e+00 2.805000e+00 1.507858e+00 1.507863e+00 0.000000e+00 -1.366427e-01
0.000000e+00 2.860000e+00 1.495504e+00 1.495509e+00 0.000000e+00 -1.348000e-01
0.000000e+00 2.915000e+00 1.483516e+00 1.483520e+00 0.000000e+00 -1.331762e-01
0.000000e+00 2.970000e+00 1.471875e+00 1.471879e+00 0.000000e+00 -1.317686e-01
0.000000e+00 3.025000e+00 1.460536e+00 1.460541e+00 0.000000e+00 -1.305575e-01
0.000000e+00 3.080000e+00 1.449427e+00 1.449430e+00 0.000000e+00 -1.295008e-01
0.000000e+00 3.135000e+00 1.438459e+00 1.438463e+00 0.000000e+00 -1.285481e-01
0.000000e+00 3.190000e+00 1.427593e+00 1.427597e+00 0.000000e+00 -1.276795e-01
0.000000e+00 3.245000e+00 1.416898e+00 1.416902e+00 0.000000e+00 -1.269519e-01
0.000000e+00 3.300000e+00 1.406587e+00 1.406591e+00 0.000000e+00 -1.265250e-01
0.000000e+00 3.355000e+00 1.397003e+00 1.397007e+00 0.000000e+00 -1.266551e-01
0.000000e+00 3.410000e+00 1.388520e+00 1.388523e+00 0.000000e+00 -1.276068e-01
0.000000e+00 3.465000e+00 1.381215e+00 1.381218e+00 0.000000e+00 -1.294472e-01
0.000000e+00 3.520000e+00 1.374747e+00 1.374750e+00 0.000000e+00 -1.319315e-01
0.000000e+00 3.575000e+00 1.368460e+00 1.368463e+00 0.000000e+00 -1.345774e-01
0.000000e+00 3.630000e+00 1.361569e+00 1.361572e+00 0.000000e+00 -1.368131e-01
0.000000e+00 3.685000e+00 1.353457e+00 1.353460e+00 0.000000e+00 -1.381974e-01
0.000000e+00 3.740000e+00 1.344049e+00 1.344052e+00 0.000000e+00 -1.386816e-01
0.000000e+00 3.795000e+00 1.333835e+00 1.333837e+00 0.000000e+00 -1.386069e-01
0.000000e+00 3.850000e+00 1.323371e+00 1.323373e+00 0.000000e+00 -1.383840e-01
0.000000e+00 3.905000e+00 1.313137e+00 1.313139e+00 0.000000e+00 -1.383357e-01
0.000000e+00 3.960000e+00 1.303429e+00 1.303431e+00 0.000000e+00 -1.386372e-01
0.000000e+00 4.015000e+00 1.294271e+00 1.294273e+00 0.000000e+00 -1.392632e-01
0.000000e+00 4.070000e+00 1.285503e+00 1.285505e+00 0.000000e+00 -1.400489e-01
0.000000e+00 4.125000e+00 1.276943e+00 1.276944e+00 0.000000e+00 -1.408210e-01
0.000000e+00 4.180000e+00 1.268500e+00 1.268502e+00 0.000000e+00 -1.414899e-01
0.000000e+00 4.235000e+00 1.260205e+00 1.260207e+00 0.000000e+00 -1.420592e-01
0.000000e+00 4.290000e+00 1.252143e+00 1.252144e+00 0.000000e+00 -1.425733e-01
0.000000e+00 4.345000e+00 1.244384e+00 1.244385e+00 0.000000e+00 -1.430639e-01
0.000000e+00 4.400000e+00 1.236955e+00 1.236957e+00 0.000000e+00 -1.435270e-01
0.000000e+00 4.455000e+00 1.229838e+00 1.229839e+00 0.000000e+00 -1.439293e-01
0.000000e+00 4.510000e+00 1.222995e+00 1.222997e+00 0.000000e+00 -1.442314e-01
0.000000e+00 4.565000e+00 1.216399e+00 1.216400e+00 0.000000e+00 -1.444096e-01
0.000000e+00 4.620000e+00 1.210041e+00 1.210042e+00 0.000000e+00 -1.444599e-01
0.000000e+00 4.675000e+00 1.203926e+00 1.203927e+00 0.000000e+00 -1.443904e-01
0.000000e+00 4.730000e+00 1.198067e+00 1.198068e+00 0.000000e+00 -1.442143e-01
0.000000e+00 4.785000e+00 1.192478e+00 1.192478e+00 0.000000e+00 -1.439450e-01
0.000000e+00 4.840000e+00 1.187164e+00 1.187165e+00 0.000000e+00 -1.435926e-01
0.000000e+00 4.895000e+00 1.182125e+00 1.182126e+00 0.000000e+00 -1.431625e-01
0.000000e+00 4.950000e+00 1.177351e+00 1.177352e+00 0.000000e+00 -1.426554e-01
0.000000e+00 5.005000e+00 1.172828e+00 1.172828e+00 0.000000e+00 -1.420701e-01
0.000000e+00 5.060000e+00 1.168541e+00 1.168542e+00 0.000000e+00 -1.414073e-01
0.000000e+00 5.115000e+00 1.164480e+00 1.164481e+00 0.000000e+00 -1.406706e-01
0.000000e+00 5.170000e+00 1.160632e+00 1.160632e+00 0.000000e+00 -1.398650e-01
0.000000e+00 5.225000e+00 1.156980e+00 1.156981e+00 0.000000e+00 -1.389934e-01
0.000000e+00 5.280000e+00 1.153505e+00 1.153505e+00 0.000000e+00 -1.380554e-01
0.000000e+00 5.335000e+00 1.150186e+00 1.150186e+00 0.000000e+00 -1.370495e-01
0.000000e+00 5.390000e+00 1.147010e+00 1.147010e+00 0.000000e+00 -1.359763e-01
0.000000e+00 5.445000e+00 1.143969e+00 1.143969e+00 0.000000e+00 -1.348406e-01
0.000000e+00 5.500000e+00 1.141062e+00 1.141062e+00 0.000000e+00 -1.336499e-01
0.000000e+00 5.555000e+00 1.138289e+00 1.138289e+00 0.000000e+00 -1.324123e-01
0.000000e+00 5.610000e+00 1.135649e+00 1.135649e+00 0.000000e+00 -1.311345e-01
0.000000e+00 5.665000e+00 1.133138e+00 1.133138e+00 0.000000e+00 -1.298211e-01
0.000000e+00 5.720000e+00 1.130751e+00 1.130751e+00 0.000000e+00 -1.284760e-01
0.000000e+00 5.775000e+00 1.128482e+00 1.128482e+00 0.000000e+00 -1.271027e-01
0.000000e+00 5.830000e+00 1.126325e+00 1.126325e+00 0.000000e+00 -1.257046e-01
0.000000e+00 5.885000e+00 1.124274e+00 1.124274e+00 0.000000e+00 -1.242846e-01
0.000000e+00 5.940000e+00 1.122322e+00 1.122322e+00 0.000000e+00 -1.228451e-01
0.000000e+00 5.995000e+00 1.120461e+00 1.120461e+00 0.000000e+00 -1.213885e-01
0.000000e+00 6.050000e+00 1.118686e+00 1.118686e+00 0.000000e+00 -1.199169e-01
0.000000e+00 6.105000e+00 1.116992e+00 1.116992e+00 0.000000e+00 -1.184327e-01
0.000000e+00 6.160000e+00 1.115374e+00 1.115375e+00 0.000000e+00 -1.169385e-01
0.000000e+00 6.215000e+00 1.113829e+00 1.113829e+00 0.000000e+00 -1.154367e-01
0.000000e+00 6.270000e+00 1.112353e+00 1.112353e+00 0.000000e+00 -1.139295e-01
0.000000e+00 6.325000e+00 1.110943e+00 1.110943e+00 0.000000e+00 -1.124191e-01
0.000000e+00 6.380000e+00 1.109596e+00 1.109596e+00 0.000000e+00 -1.109074e-01
0.000000e+00 6.435000e+00 1.108309e+00 1.108309e+00 0.000000e+00 -1.093962e-01
0.000000e+00 6.490000e+00 1.107079e+00 1.107079e+00 0.000000e+00 -1.078872e-01
0.000000e+00 6.545000e+00 1.105904e+00 1.105904e+00 0.000000e+00 -1.063817e-01
0.000000e+00 6.600000e+00 1.104781e+00 1.104781e+00 0.000000e+00 -1.048812e-01
0.000000e+00 6.655000e+00 1.103707e+00 1.103707e+00 0.000000e+00 -1.033869e-01
0.000000e+00 6.710000e+00 1.102680e+00 1.102680e+00 0.000000e+00 -1.018999e-01
0.000000e+00 6.765000e+00 1.101697e+00 1.101697e+00 0.000000e+00 -1.004212e-01
0.000000e+00 6.820000e+00 1.100755e+00 1.100755e+00 0.000000e+00 -9.895182e-02
0.000000e+00 6.875000e+00 1.099854e+00 1.099854e+00 0.000000e+00 -9.749246e-02
0.000000e+00 6.930000e+00 1.098989e+00 1.098989e+00 0.000000e+00 -9.604383e-02
0.000000e+00 6.985000e+00 1.098159e+00 1.098159e+00 0.000000e+00 -9.460651e-02
0.000000e+00 7.040000e+00 1.097363e+00 1.097362e+00 0.000000e+00 -9.318106e-02
0.000000e+00 7.095000e+00 1.096596e+00 1.096596e+00 0.000000e+00 -9.176803e-02
0.000000e+00 7.150000e+00 1.095859e+00 1.095859e+00 0.000000e+00 -9.036798e-02
0.000000e+00 7.205000e+00 1.095150e+00 1.095150e+00 0.000000e+00 -8.898144e-02
0.000000e+00 7.260000e+00 1.094466e+00 1.094466e+00 0.000000e+00 -8.760884e-02
0.000000e+00 7.315000e+00 1.093806e+00 1.093806e+00 0.000000e+00 -8.625046e-02
0.000000e+00 7.370000e+00 1.093169e+00 1.093169e+00 0.000000e+00 -8.490649e-02
0.000000e+00 7.425000e+00 1.092554e+00 1.092554e+00 0.000000e+00 -8.357706e-02
0.000000e+00 7.480000e+00 1.091958e+00 1.091958e+00 0.000000e+00 -8.226235e-02
0.000000e+00 7.535000e+00 1.091381e+00 1.091381e+00 0.000000e+00 -8.096258e-02
0.000000e+00 7.590000e+00 1.090821e+00 1.090821e+00 0.000000e+00 -7.967800e-02
0.000000e+00 7.645000e+00 1.090279e+00 1.090279e+00 0.000000e+00 -7.840881e-02
0.000000e+00 7.700000e+00 1.089753e+00 1.089752e+00 0.000000e+00 -7.715510e-02
0.000000e+00 7.755000e+00 1.089241e+00 1.089241e+00 0.000000e+00 -7.591685e-02
0.000000e+00 7.810000e+00 1.088744e+00 1.088744e+00 0.000000e+00 -7.469400e-02
0.000000e+00 7.865000e+00 1.088260e+00 1.088260e+00 0.000000e+00 -7.348650e-02
0.000000e+00 7.920000e+00 1.087789e+00 1.087789e+00 0.000000e+00 -7.229434e-02
0.000000e+00 7.975000e+00 1.087330e+00 1.087330e+00 0.000000e+00 -7.111752e-02
0.000000e+00 8.030000e+00 1.086883e+00 1.086883e+00 0.000000e+00 -6.995602e-02
0.000000e+00 8.085000e+00 1.086447e+00 1.086447e+00 0.000000e+00 -6.880979e-02
0.000000e+00 8.140000e+00 1.086023e+00 1.086022e+00 0.000000e+00 -6.767873e-02
0.000000e+00 8.195000e+00 1.085608e+00 1.085608e+00 0.000000e+00 -6.656267e-02
0.000000e+00 8.250000e+00 1.085204e+00 1.085204e+00 0.000000e+00 -6.546141e-02
0.000000e+00 8.305000e+00 1.084810e+00 1.084810e+00 0.000000e+00 -6.437471e-02
0.000000e+00 8.360000e+00 1.084426e+00 1.084426e+00 0.000000e+00 -6.330230e-02
0.000000e+00 8.415000e+00 1.084051e+00 1.084051e+00 0.000000e+00 -6.224395e-02
0.000000e+00 8.470000e+00 1.083686e+00 1.083686e+00 0.000000e+00 -6.119945e-02
0.000000e+00 8.525000e+00 1.083330e+00 1.083330e+00 0.000000e+00 -6.016861e-02
0.000000e+00 8.580000e+00 1.082984e+00 1.082983e+00 0.000000e+00 -5.915122e-02
0.000000e+00 8.635000e+00 1.082647e+00 1.082646e+00 0.000000e+00 -5.814704e-02
0.000000e+00 8.690000e+00 1.082319e+00 1.082319e+00 0.000000e+00 -5.715573e-02
0.000000e+00 8.745000e+00 1.082000e+00 1.082000e+00 0.000000e+00 -5.617693e-02
0.000000e+00 8.800000e+00 1.081690e+00 1.081689e+00 0.000000e+00 -5.521025e-02
0.000000e+00 8.855000e+00 1.081387e+00 1.081387e+00 0.000000e+00 -5.425526e-02
0.000000e+00 8.910000e+00 1.081093e+00 1.081093e+00 0.000000e+00 -5.331158e-02
0.000000e+00 8.965000e+00 1.080806e+00 1.080806e+00 0.000000e+00 -5.237876e-02
0.000000e+00 9.020000e+00 1.080526e+00 1.080526e+00 0.000000e+00 -5.145638e-02
0.000000e+00 9.075000e+00 1.080252e+00 1.080252e+00 0.000000e+00 -5.054396e-02
0.000000e+00 9.130000e+00 1.079984e+00 1.079983e+00 0.000000e+00 -4.964102e-02
0.000000e+00 9.185000e+00 1.079720e+00 1.079719e+00 0.000000e+00 -4.874663e-02
0.000000e+00 9.240000e+00 1.079459e+00 1.079459e+00 0.000000e+00 -4.785966e-02
0.000000e+00 9.295000e+00 1.079202e+00 1.079202e+00 0.000000e+00 -4.697854e-02
0.000000e+00 9.350000e+00 1.078946e+00 1.078945e+00 0.000000e+00 -4.610271e-02
0.000000e+00 9.405000e+00 1.078690e+00 1.078690e+00 0.000000e+00 -4.523182e-02
0.000000e+00 9.460000e+00 1.078435e+00 1.078434e+00 0.000000e+00 -4.436726e-02
0.000000e+00 9.515000e+00 1.078179e+00 1.078179e+00 0.000000e+00 -4.350615e-02
0.000000e+00 9.570000e+00 1.077921e+00 1.077920e+00 0.000000e+00 -4.264618e-02
0.000000e+00 9.625000e+00 1.077664e+00 1.077663e+00 0.000000e+00 -4.177479e-02
0.000000e+00 9.680000e+00 1.077399e+00 1.077399e+00 0.000000e+00 -4.089613e-02
0.000000e+00 9.735000e+00 1.077142e+00 1.077142e+00 0.000000e+00 -4.000413e-02
0.000000e+00 9.790000e+00 1.076867e+00 1.076867e+00 0.000000e+00 -3.915235e-02
0.000000e+00 9.845000e+00 1.076621e+00 1.076621e+00 0.000000e+00 -3.833853e-02
0.000000e+00 9.900000e+00 1.076322e+00 1.076321e+00 0.000000e+00 -3.768103e-02
0.000000e+00 9.955000e+00 1.076147e+00 1.076147e+00 0.000000e+00 -3.704386e-02
0.000000e+00 1.001000e+01 1.105114e+00 1.105114e+00 -0.000000e+00 -1.013850e-02
0.000000e+00 1.006500e+01 1.105114e+00 1.105114e+00 -0.000000e+00 -1.013850e-02
0.000000e+00 1.012000e+01 1.105114e+00 1.105114e+00 -0.000000e+00 -1.013850e-02
0.000000e+00 1.017500e+01 1.105114e+00 1.105114e+00 -0.000000e+00 -1.013850e-02
0.000000e+00 1.023000e+01 1.105114e+00 1.105114e+00 -0.000000e+00 -1.013850e-02
0.000000e+00 1.028500e+01 1.105114e+00 1.105114e+00 -0.000000e+00 -1.013850e-02
0.000000e+00 1.034000e+01 1.105114e+00 1.105114e+00 -0.000000e+00 -1.013850e-02
0.000000e+00 1.039500e+01 1.105114e+00 1.105114e+00 -0.000000e+00 -1.013850e-02
0.000000e+00 1.045000e+01 1.105114e+00 1.105114e+00 -0.000000e+00 -1.013850e-02
0.000000e+00 1.050500e+01 1.105114e+00 1.105114e+00 -0.000000e+00 -1.013850e-02
0.000000e+00 1.056000e+01 1.105114e+00 1.105114e+00 -0.000000e+00 -1.013850e-02
0.000000e+00 1.061500e+01 1.105114e+00 1.105114e+00 -0.000000e+00 -1.013850e-02
0.000000e+00 1.067000e+01 1.105114e+00 1.105114e+00 -0.000000e+00 -1.013850e-02
0.000000e+00 1.072500e+01 1.105114e+00 1.105114e+00 -0.000000e+00 -1.013850e-02
0.000000e+00 1.078000e+01 1.105114e+00 1.105114e+00 -0.000000e+00 -1.013850e-02
0.000000e+00 1.083500e+01 1.105114e+00 1.105114e+00 -0.000000e+00 -1.013850e-02
0.000000e+00 1.089000e+01 1.105114e+00 1.105114e+00 -0.000000e+00 -1.013850e-02
0.000000e+00 1.094500e+01 1.105114e+00 1.105114e+00 -0.000000e+00 -1.013850e-02
0.000000e+00 1.100000e+01 1.105114e+00 1.105114e+00 -0.000000e+00 -1.013850e-02
