#############TIME##################
1.650216e+01 
###################################
0.000000e+00 0.000000e+00 2.244214e+01 2.244270e+01 0.000000e+00 -3.044228e+00
0.000000e+00 5.500000e-02 2.244214e+01 2.244270e+01 0.000000e+00 -3.044228e+00
0.000000e+00 1.100000e-01 2.244112e+01 2.244168e+01 0.000000e+00 -3.044229e+00
0.000000e+00 1.650000e-01 1.390086e+01 1.390120e+01 0.000000e+00 -2.296589e+00
0.000000e+00 2.200000e-01 1.027021e+01 1.027043e+01 0.000000e+00 -1.935429e+00
0.000000e+00 2.750000e-01 8.051723e+00 8.051882e+00 0.000000e+00 -1.641247e+00
0.000000e+00 3.300000e-01 6.644034e+00 6.644153e+00 0.000000e+00 -1.424854e+00
0.000000e+00 3.850000e-01 5.642456e+00 5.642547e+00 0.000000e+00 -1.248456e+00
0.000000e+00 4.400000e-01 4.928513e+00 4.928587e+00 0.000000e+00 -1.108052e+00
0.000000e+00 4.950000e-01 4.383864e+00 4.383925e+00 0.000000e+00 -9.902221e-01
0.000000e+00 5.500000e-01 3.961918e+00 3.961969e+00 0.000000e+00 -8.927538e-01
0.000000e+00 6.050000e-01 3.625494e+00 3.625537e+00 0.000000e+00 -8.090355e-01
0.000000e+00 6.600000e-01 3.352369e+00 3.352407e+00 0.000000e+00 -7.375631e-01
0.000000e+00 7.150000e-01 3.126264e+00 3.126297e+00 0.000000e+00 -6.753900e-01
0.000000e+00 7.700000e-01 2.936667e+00 2.936695e+00 0.000000e+00 -6.211700e-01
0.000000e+00 8.250000e-01 2.775544e+00 2.775569e+00 0.000000e+00 -5.733862e-01
0.000000e+00 8.800000e-01 2.637213e+00 2.637236e+00 0.000000e+00 -5.310794e-01
0.000000e+00 9.350000e-01 2.517276e+00 2.517296e+00 0.000000e+00 -4.933677e-01
0.000000e+00 9.900000e-01 2.412430e+00 2.412449e+00 0.000000e+00 -4.595907e-01
0.000000e+00 1.045000e+00 2.320077e+00 2.320094e+00 0.000000e+00 -4.291839e-01
0.000000e+00 1.100000e+00 2.238186e+00 2.238202e+00 0.000000e+00 -4.016945e-01
0.000000e+00 1.155000e+00 2.165131e+00 2.165145e+00 0.000000e+00 -3.767423e-01
0.000000e+00 1.210000e+00 2.099603e+00 2.099616e+00 0.000000e+00 -3.540131e-01
0.000000e+00 1.265000e+00 2.040535e+00 2.040548e+00 0.000000e+00 -3.332414e-01
0.000000e+00 1.320000e+00 1.987050e+00 1.987062e+00 0.000000e+00 -3.142031e-01
0.000000e+00 1.375000e+00 1.938419e+00 1.938430e+00 0.000000e+00 -2.967068e-01
0.000000e+00 1.430000e+00 1.894032e+00 1.894042e+00 0.000000e+00 -2.805881e-01
0.000000e+00 1.485000e+00 1.853375e+00 1.853384e+00 0.000000e+00 -2.657040e-01
0.000000e+00 1.540000e+00 1.816012e+00 1.816021e+00 0.000000e+00 -2.519297e-01
0.000000e+00 1.595000e+00 1.781573e+00 1.781582e+00 0.000000e+00 -2.391551e-01
0.000000e+00 1.650000e+00 1.749739e+00 1.749747e+00 0.000000e+00 -2.272836e-01
0.000000e+00 1.705000e+00 1.720234e+00 1.720242e+00 0.000000e+00 -2.162306e-01
0.000000e+00 1.760000e+00 1.692821e+00 1.692828e+00 0.000000e+00 -2.059223e-01
0.000000e+00 1.815000e+00 1.667292e+00 1.667299e+00 0.000000e+00 -1.962934e-01
0.000000e+00 1.870000e+00 1.643465e+00 1.643471e+00 0.000000e+00 -1.872858e-01
0.000000e+00 1.925000e+00 1.621180e+00 1.621186e+00 0.000000e+00 -1.788470e-01
0.000000e+00 1.980000e+00 1.600297e+00 1.600303e+00 0.000000e+00 -1.709301e-01
0.000000e+00 2.035000e+00 1.580692e+00 1.580697e+00 0.000000e+00 -1.634925e-01
0.000000e+00 2.090000e+00 1.562255e+00 1.562260e+00 0.000000e+00 -1.564958e-01
0.000000e+00 2.145000e+00 1.544889e+00 1.544894e+00 0.000000e+00 -1.499055e-01
0.000000e+00 2.200000e+00 1.528506e+00 1.528511e+00 0.000000e+00 -1.436902e-01
0.000000e+00 2.255000e+00 1.513028e+00 1.513033e+00 0.000000e+00 -1.378216e-01
0.000000e+00 2.310000e+00 1.498384e+00 1.498389e+00 0.000000e+00 -1.322740e-01
0.000000e+00 2.365000e+00 1.484509e+00 1.484514e+00 0.000000e+00 -1.270240e-01
0.000000e+00 2.420000e+00 1.471346e+00 1.471350e+00 0.000000e+00 -1.220503e-01
0.000000e+00 2.475000e+00 1.458841e+00 1.458845e+00 0.000000e+00 -1.173335e-01
0.000000e+00 2.530000e+00 1.446950e+00 1.446954e+00 0.000000e+00 -1.128558e-01
0.000000e+00 2.585000e+00 1.435630e+00 1.435634e+00 0.000000e+00 -1.086007e-01
0.000000e+00 2.640000e+00 1.424844e+00 1.424847e+00 0.000000e+00 -1.045533e-01
0.000000e+00 2.695000e+00 1.414558e+00 1.414561e+00 0.000000e+00 -1.006997e-01
0.000000e+00 2.750000e+00 1.404739e+00 1.404743e+00 0.000000e+00 -9.702704e-02
0.000000e+00 2.805000e+00 1.395359e+00 1.395362e+00 0.000000e+00 -9.352342e-02
0.000000e+00 2.860000e+00 1.386389e+00 1.386392e+00 0.000000e+00 -9.017778e-02
0.000000e+00 2.915000e+00 1.377801e+00 1.377804e+00 0.000000e+00 -8.698000e-02
0.000000e+00 2.970000e+00 1.369574e+00 1.369576e+00 0.000000e+00 -8.392102e-02
0.000000e+00 3.025000e+00 1.361684e+00 1.361687e+00 0.000000e+00 -8.099281e-02
0.000000e+00 3.080000e+00 1.354113e+00 1.354115e+00 0.000000e+00 -7.818833e-02
0.000000e+00 3.135000e+00 1.346844e+00 1.346846e+00 0.000000e+00 -7.550125e-02
0.000000e+00 3.190000e+00 1.339861e+00 1.339863e+00 0.000000e+00 -7.292554e-02
0.000000e+00 3.245000e+00 1.333150e+00 1.333152e+00 0.000000e+00 -7.045514e-02
0.000000e+00 3.300000e+00 1.326696e+00 1.326698e+00 0.000000e+00 -6.808377e-02
0.000000e+00 3.355000e+00 1.320484e+00 1.320487e+00 0.000000e+00 -6.580509e-02
0.000000e+00 3.410000e+00 1.314502e+00 1.314504e+00 0.000000e+00 -6.361307e-02
0.000000e+00 3.465000e+00 1.308735e+00 1.308737e+00 0.000000e+00 -6.150244e-02
0.000000e+00 3.520000e+00 1.303171e+00 1.303173e+00 0.000000e+00 -5.946902e-02
0.000000e+00 3.575000e+00 1.297802e+00 1.297804e+00 0.000000e+00 -5.750973e-02
0.000000e+00 3.630000e+00 1.292617e+00 1.292620e+00 0.000000e+00 -5.562216e-02
0.000000e+00 3.685000e+00 1.287611e+00 1.287613e+00 0.000000e+00 -5.380398e-02
0.000000e+00 3.740000e+00 1.282776e+00 1.282778e+00 0.000000e+00 -5.205226e-02
0.000000e+00 3.795000e+00 1.278103e+00 1.278105e+00 0.000000e+00 -5.036326e-02
0.000000e+00 3.850000e+00 1.273585e+00 1.273586e+00 0.000000e+00 -4.873255e-02
0.000000e+00 3.905000e+00 1.269214e+00 1.269216e+00 0.000000e+00 -4.715554e-02
0.000000e+00 3.960000e+00 1.264985e+00 1.264987e+00 0.000000e+00 -4.562810e-02
0.000000e+00 4.015000e+00 1.260894e+00 1.260895e+00 0.000000e+00 -4.414706e-02
0.000000e+00 4.070000e+00 1.256935e+00 1.256936e+00 0.000000e+00 -4.271021e-02
0.000000e+00 4.125000e+00 1.253106e+00 1.253107e+00 0.000000e+00 -4.131616e-02
0.000000e+00 4.180000e+00 1.249401e+00 1.249402e+00 0.000000e+00 -3.996389e-02
0.000000e+00 4.235000e+00 1.245814e+00 1.245816e+00 0.000000e+00 -3.865245e-02
0.000000e+00 4.290000e+00 1.242339e+00 1.242341e+00 0.000000e+00 -3.738084e-02
0.000000e+00 4.345000e+00 1.238969e+00 1.238970e+00 0.000000e+00 -3.614796e-02
0.000000e+00 4.400000e+00 1.235698e+00 1.235700e+00 0.000000e+00 -3.495262e-02
0.000000e+00 4.455000e+00 1.232524e+00 1.232525e+00 0.000000e+00 -3.379338e-02
0.000000e+00 4.510000e+00 1.229443e+00 1.229444e+00 0.000000e+00 -3.266841e-02
0.000000e+00 4.565000e+00 1.226455e+00 1.226456e+00 0.000000e+00 -3.157546e-02
0.000000e+00 4.620000e+00 1.223557e+00 1.223558e+00 0.000000e+00 -3.051193e-02
0.000000e+00 4.675000e+00 1.220747e+00 1.220748e+00 0.000000e+00 -2.947527e-02
0.000000e+00 4.730000e+00 1.218023e+00 1.218025e+00 0.000000e+00 -2.846338e-02
0.000000e+00 4.785000e+00 1.215383e+00 1.215384e+00 0.000000e+00 -2.747488e-02
0.000000e+00 4.840000e+00 1.212823e+00 1.212824e+00 0.000000e+00 -2.650930e-02
0.000000e+00 4.895000e+00 1.210340e+00 1.210341e+00 0.000000e+00 -2.556687e-02
0.000000e+00 4.950000e+00 1.207931e+00 1.207932e+00 0.000000e+00 -2.464838e-02
0.000000e+00 5.005000e+00 1.205591e+00 1.205592e+00 0.000000e+00 -2.375484e-02
0.000000e+00 5.060000e+00 1.203317e+00 1.203318e+00 0.000000e+00 -2.288725e-02
0.000000e+00 5.115000e+00 1.201103e+00 1.201104e+00 0.000000e+00 -2.204641e-02
0.000000e+00 5.170000e+00 1.198948e+00 1.198949e+00 0.000000e+00 -2.123265e-02
0.000000e+00 5.225000e+00 1.196850e+00 1.196851e+00 0.000000e+00 -2.044561e-02
0.000000e+00 5.280000e+00 1.194807e+00 1.194808e+00 0.000000e+00 -1.968405e-02
0.000000e+00 5.335000e+00 1.192818e+00 1.192819e+00 0.000000e+00 -1.894576e-02
0.000000e+00 5.390000e+00 1.190884e+00 1.190885e+00 0.000000e+00 -1.822762e-02
0.000000e+00 5.445000e+00 1.189005e+00 1.189006e+00 0.000000e+00 -1.752606e-02
0.000000e+00 5.500000e+00 1.187183e+00 1.187184e+00 0.000000e+00 -1.683763e-02
0.000000e+00 5.555000e+00 1.185422e+00 1.185423e+00 0.000000e+00 -1.615965e-02
0.000000e+00 5.610000e+00 1.183721e+00 1.183722e+00 0.000000e+00 -1.549058e-02
0.000000e+00 5.665000e+00 1.182079e+00 1.182080e+00 0.000000e+00 -1.483015e-02
0.000000e+00 5.720000e+00 1.180490e+00 1.180491e+00 0.000000e+00 -1.417934e-02
0.000000e+00 5.775000e+00 1.178949e+00 1.178950e+00 0.000000e+00 -1.354067e-02
0.000000e+00 5.830000e+00 1.177453e+00 1.177453e+00 0.000000e+00 -1.291884e-02
0.000000e+00 5.885000e+00 1.176003e+00 1.176004e+00 0.000000e+00 -1.232084e-02
0.000000e+00 5.940000e+00 1.174609e+00 1.174610e+00 0.000000e+00 -1.175433e-02
0.000000e+00 5.995000e+00 1.173278e+00 1.173278e+00 0.000000e+00 -1.122385e-02
0.000000e+00 6.050000e+00 1.172009e+00 1.172010e+00 0.000000e+00 -1.072599e-02
0.000000e+00 6.105000e+00 1.170790e+00 1.170791e+00 0.000000e+00 -1.024683e-02
0.000000e+00 6.160000e+00 1.169596e+00 1.169597e+00 0.000000e+00 -9.765067e-03
0.000000e+00 6.215000e+00 1.168402e+00 1.168402e+00 0.000000e+00 -9.261124e-03
0.000000e+00 6.270000e+00 1.167193e+00 1.167194e+00 0.000000e+00 -8.727907e-03
0.000000e+00 6.325000e+00 1.165980e+00 1.165981e+00 0.000000e+00 -8.176121e-03
0.000000e+00 6.380000e+00 1.164792e+00 1.164793e+00 0.000000e+00 -7.629616e-03
0.000000e+00 6.435000e+00 1.163661e+00 1.163661e+00 0.000000e+00 -7.112470e-03
0.000000e+00 6.490000e+00 1.162602e+00 1.162603e+00 0.000000e+00 -6.635198e-03
0.000000e+00 6.545000e+00 1.161607e+00 1.161608e+00 0.000000e+00 -6.189285e-03
0.000000e+00 6.600000e+00 1.160647e+00 1.160647e+00 0.000000e+00 -5.754599e-03
0.000000e+00 6.655000e+00 1.159691e+00 1.159692e+00 0.000000e+00 -5.314552e-03
0.000000e+00 6.710000e+00 1.158733e+00 1.158734e+00 0.000000e+00 -4.867558e-03
0.000000e+00 6.765000e+00 1.157784e+00 1.157784e+00 0.000000e+00 -4.426520e-03
0.000000e+00 6.820000e+00 1.156866e+00 1.156866e+00 0.000000e+00 -4.007889e-03
0.000000e+00 6.875000e+00 1.155994e+00 1.155995e+00 0.000000e+00 -3.619515e-03
0.000000e+00 6.930000e+00 1.155169e+00 1.155169e+00 0.000000e+00 -3.256156e-03
0.000000e+00 6.985000e+00 1.154379e+00 1.154380e+00 0.000000e+00 -2.904591e-03
0.000000e+00 7.040000e+00 1.153615e+00 1.153615e+00 0.000000e+00 -2.552729e-03
0.000000e+00 7.095000e+00 1.152872e+00 1.152872e+00 0.000000e+00 -2.195536e-03
0.000000e+00 7.150000e+00 1.152151e+00 1.152151e+00 0.000000e+00 -1.835194e-03
0.000000e+00 7.205000e+00 1.151454e+00 1.151454e+00 0.000000e+00 -1.477935e-03
0.000000e+00 7.260000e+00 1.150776e+00 1.150777e+00 0.000000e+00 -1.130872e-03
0.000000e+00 7.315000e+00 1.150110e+00 1.150110e+00 0.000000e+00 -7.997847e-04
0.000000e+00 7.370000e+00 1.149445e+00 1.149445e+00 0.000000e+00 -4.870735e-04
0.000000e+00 7.425000e+00 1.148776e+00 1.148777e+00 0.000000e+00 -1.898864e-04
0.000000e+00 7.480000e+00 1.148106e+00 1.148106e+00 0.000000e+00 1.000233e-04
0.000000e+00 7.535000e+00 1.147441e+00 1.147442e+00 0.000000e+00 3.933181e-04
0.000000e+00 7.590000e+00 1.146793e+00 1.146793e+00 0.000000e+00 6.977294e-04
0.000000e+00 7.645000e+00 1.146168e+00 1.146168e+00 0.000000e+00 1.013313e-03
0.000000e+00 7.700000e+00 1.145567e+00 1.145567e+00 0.000000e+00 1.331620e-03
0.000000e+00 7.755000e+00 1.144983e+00 1.144984e+00 0.000000e+00 1.640071e-03
0.000000e+00 7.810000e+00 1.144412e+00 1.144413e+00 0.000000e+00 1.929541e-03
0.000000e+00 7.865000e+00 1.143852e+00 1.143853e+00 0.000000e+00 2.200620e-03
0.000000e+00 7.920000e+00 1.143310e+00 1.143311e+00 0.000000e+00 2.464074e-03
0.000000e+00 7.975000e+00 1.142795e+00 1.142796e+00 0.000000e+00 2.734241e-03
0.000000e+00 8.030000e+00 1.142310e+00 1.142310e+00 0.000000e+00 3.018739e-03
0.000000e+00 8.085000e+00 1.141840e+00 1.141840e+00 0.000000e+00 3.311082e-03
0.000000e+00 8.140000e+00 1.141362e+00 1.141362e+00 0.000000e+00 3.591903e-03
0.000000e+00 8.195000e+00 1.140848e+00 1.140848e+00 0.000000e+00 3.839235e-03
0.000000e+00 8.250000e+00 1.140286e+00 1.140286e+00 0.000000e+00 4.042155e-03
0.000000e+00 8.305000e+00 1.139687e+00 1.139687e+00 0.000000e+00 4.209240e-03
0.000000e+00 8.360000e+00 1.139084e+00 1.139084e+00 0.000000e+00 4.365943e-03
0.000000e+00 8.415000e+00 1.138515e+00 1.138516e+00 0.000000e+00 4.542022e-03
0.000000e+00 8.470000e+00 1.138007e+00 1.138007e+00 0.000000e+00 4.755930e-03
0.000000e+00 8.525000e+00 1.137557e+00 1.137557e+00 0.000000e+00 5.004646e-03
0.000000e+00 8.580000e+00 1.137138e+00 1.137139e+00 0.000000e+00 5.265006e-03
0.000000e+00 8.635000e+00 1.136712e+00 1.136712e+00 0.000000e+00 5.505988e-03
0.000000e+00 8.690000e+00 1.136248e+00 1.136248e+00 0.000000e+00 5.704930e-03
0.000000e+00 8.745000e+00 1.135738e+00 1.135739e+00 0.000000e+00 5.859086e-03
0.000000e+00 8.800000e+00 1.135202e+00 1.135202e+00 0.000000e+00 5.986579e-03
0.000000e+00 8.855000e+00 1.134671e+00 1.134671e+00 0.000000e+00 6.116779e-03
0.000000e+00 8.910000e+00 1.134175e+00 1.134175e+00 0.000000e+00 6.275760e-03
0.000000e+00 8.965000e+00 1.133726e+00 1.133726e+00 0.000000e+00 6.474080e-03
0.000000e+00 9.020000e+00 1.133316e+00 1.133316e+00 0.000000e+00 6.702712e-03
0.000000e+00 9.075000e+00 1.132921e+00 1.132921e+00 0.000000e+00 6.938948e-03
0.000000e+00 9.130000e+00 1.132516e+00 1.132516e+00 0.000000e+00 7.158944e-03
0.000000e+00 9.185000e+00 1.132086e+00 1.132086e+00 0.000000e+00 7.350292e-03
0.000000e+00 9.240000e+00 1.131631e+00 1.131632e+00 0.000000e+00 7.518730e-03
0.000000e+00 9.295000e+00 1.131167e+00 1.131167e+00 0.000000e+00 7.685258e-03
0.000000e+00 9.350000e+00 1.130709e+00 1.130709e+00 0.000000e+00 7.875997e-03
0.000000e+00 9.405000e+00 1.130270e+00 1.130271e+00 0.000000e+00 8.108865e-03
0.000000e+00 9.460000e+00 1.129853e+00 1.129853e+00 0.000000e+00 8.385875e-03
0.000000e+00 9.515000e+00 1.129449e+00 1.129449e+00 0.000000e+00 8.689650e-03
0.000000e+00 9.570000e+00 1.129051e+00 1.129051e+00 0.000000e+00 8.988594e-03
0.000000e+00 9.625000e+00 1.128649e+00 1.128649e+00 0.000000e+00 9.232837e-03
0.000000e+00 9.680000e+00 1.128242e+00 1.128242e+00 0.000000e+00 9.365173e-03
0.000000e+00 9.735000e+00 1.127823e+00 1.127823e+00 0.000000e+00 9.321213e-03
0.000000e+00 9.790000e+00 1.127401e+00 1.127401e+00 0.000000e+00 9.095987e-03
0.000000e+00 9.845000e+00 1.126957e+00 1.126957e+00 0.000000e+00 8.742629e-03
0.000000e+00 9.900000e+00 1.126529e+00 1.126529e+00 0.000000e+00 8.456377e-03
0.000000e+00 9.955000e+00 1.126061e+00 1.126062e+00 0.000000e+00 8.348339e-03
0.000000e+00 1.001000e+01 1.105114e+00 1.105114e+00 -0.000000e+00 -1.013850e-02
0.000000e+00 1.006500e+01 1.105114e+00 1.105114e+00 -0.000000e+00 -1.013850e-02
0.000000e+00 1.012000e+01 1.105114e+00 1.105114e+00 -0.000000e+00 -1.013850e-02
0.000000e+00 1.017500e+01 1.105114e+00 1.105114e+00 -0.000000e+00 -1.013850e-02
0.000000e+00 1.023000e+01 1.105114e+00 1.105114e+00 -0.000000e+00 -1.013850e-02
0.000000e+00 1.028500e+01 1.105114e+00 1.105114e+00 -0.000000e+00 -1.013850e-02
0.000000e+00 1.034000e+01 1.105114e+00 1.105114e+00 -0.000000e+00 -1.013850e-02
0.000000e+00 1.039500e+01 1.105114e+00 1.105114e+00 -0.000000e+00 -1.013850e-02
0.000000e+00 1.045000e+01 1.105114e+00 1.105114e+00 -0.000000e+00 -1.013850e-02
0.000000e+00 1.050500e+01 1.105114e+00 1.105114e+00 -0.000000e+00 -1.013850e-02
0.000000e+00 1.056000e+01 1.105114e+00 1.105114e+00 -0.000000e+00 -1.013850e-02
0.000000e+00 1.061500e+01 1.105114e+00 1.105114e+00 -0.000000e+00 -1.013850e-02
0.000000e+00 1.067000e+01 1.105114e+00 1.105114e+00 -0.000000e+00 -1.013850e-02
0.000000e+00 1.072500e+01 1.105114e+00 1.105114e+00 -0.000000e+00 -1.013850e-02
0.000000e+00 1.078000e+01 1.105114e+00 1.105114e+00 -0.000000e+00 -1.013850e-02
0.000000e+00 1.083500e+01 1.105114e+00 1.105114e+00 -0.000000e+00 -1.013850e-02
0.000000e+00 1.089000e+01 1.105114e+00 1.105114e+00 -0.000000e+00 -1.013850e-02
0.000000e+00 1.094500e+01 1.105114e+00 1.105114e+00 -0.000000e+00 -1.013850e-02
0.000000e+00 1.100000e+01 1.105114e+00 1.105114e+00 -0.000000e+00 -1.013850e-02
