#############TIME##################
1.660416e+01 
###################################
0.000000e+00 0.000000e+00 2.242694e+01 2.242750e+01 0.000000e+00 -3.044236e+00
0.000000e+00 5.500000e-02 2.242694e+01 2.242750e+01 0.000000e+00 -3.044236e+00
0.000000e+00 1.100000e-01 2.242594e+01 2.242649e+01 0.000000e+00 -3.044236e+00
0.000000e+00 1.650000e-01 1.389145e+01 1.389179e+01 0.000000e+00 -2.296601e+00
0.000000e+00 2.200000e-01 1.026325e+01 1.026348e+01 0.000000e+00 -1.935444e+00
0.000000e+00 2.750000e-01 8.046278e+00 8.046437e+00 0.000000e+00 -1.641264e+00
0.000000e+00 3.300000e-01 6.639543e+00 6.639662e+00 0.000000e+00 -1.424874e+00
0.000000e+00 3.850000e-01 5.638642e+00 5.638734e+00 0.000000e+00 -1.248479e+00
0.000000e+00 4.400000e-01 4.925183e+00 4.925256e+00 0.000000e+00 -1.108079e+00
0.000000e+00 4.950000e-01 4.380900e+00 4.380960e+00 0.000000e+00 -9.902517e-01
0.000000e+00 5.500000e-01 3.959236e+00 3.959286e+00 0.000000e+00 -8.927870e-01
0.000000e+00 6.050000e-01 3.623036e+00 3.623079e+00 0.000000e+00 -8.090724e-01
0.000000e+00 6.600000e-01 3.350097e+00 3.350135e+00 0.000000e+00 -7.376032e-01
0.000000e+00 7.150000e-01 3.124149e+00 3.124182e+00 0.000000e+00 -6.754326e-01
0.000000e+00 7.700000e-01 2.934684e+00 2.934713e+00 0.000000e+00 -6.212146e-01
0.000000e+00 8.250000e-01 2.773673e+00 2.773699e+00 0.000000e+00 -5.734326e-01
0.000000e+00 8.800000e-01 2.635436e+00 2.635459e+00 0.000000e+00 -5.311280e-01
0.000000e+00 9.350000e-01 2.515577e+00 2.515598e+00 0.000000e+00 -4.934191e-01
0.000000e+00 9.900000e-01 2.410798e+00 2.410817e+00 0.000000e+00 -4.596450e-01
0.000000e+00 1.045000e+00 2.318505e+00 2.318523e+00 0.000000e+00 -4.292409e-01
0.000000e+00 1.100000e+00 2.236670e+00 2.236686e+00 0.000000e+00 -4.017536e-01
0.000000e+00 1.155000e+00 2.163667e+00 2.163681e+00 0.000000e+00 -3.768032e-01
0.000000e+00 1.210000e+00 2.098187e+00 2.098200e+00 0.000000e+00 -3.540758e-01
0.000000e+00 1.265000e+00 2.039161e+00 2.039173e+00 0.000000e+00 -3.333065e-01
0.000000e+00 1.320000e+00 1.985712e+00 1.985723e+00 0.000000e+00 -3.142714e-01
0.000000e+00 1.375000e+00 1.937111e+00 1.937122e+00 0.000000e+00 -2.967791e-01
0.000000e+00 1.430000e+00 1.892751e+00 1.892761e+00 0.000000e+00 -2.806648e-01
0.000000e+00 1.485000e+00 1.852118e+00 1.852128e+00 0.000000e+00 -2.657852e-01
0.000000e+00 1.540000e+00 1.814779e+00 1.814788e+00 0.000000e+00 -2.520148e-01
0.000000e+00 1.595000e+00 1.780362e+00 1.780371e+00 0.000000e+00 -2.392433e-01
0.000000e+00 1.650000e+00 1.748549e+00 1.748557e+00 0.000000e+00 -2.273743e-01
0.000000e+00 1.705000e+00 1.719064e+00 1.719072e+00 0.000000e+00 -2.163234e-01
0.000000e+00 1.760000e+00 1.691669e+00 1.691676e+00 0.000000e+00 -2.060171e-01
0.000000e+00 1.815000e+00 1.666155e+00 1.666162e+00 0.000000e+00 -1.963905e-01
0.000000e+00 1.870000e+00 1.642341e+00 1.642348e+00 0.000000e+00 -1.873856e-01
0.000000e+00 1.925000e+00 1.620069e+00 1.620075e+00 0.000000e+00 -1.789502e-01
0.000000e+00 1.980000e+00 1.599199e+00 1.599205e+00 0.000000e+00 -1.710372e-01
0.000000e+00 2.035000e+00 1.579606e+00 1.579612e+00 0.000000e+00 -1.636039e-01
0.000000e+00 2.090000e+00 1.561182e+00 1.561187e+00 0.000000e+00 -1.566119e-01
0.000000e+00 2.145000e+00 1.543827e+00 1.543833e+00 0.000000e+00 -1.500264e-01
0.000000e+00 2.200000e+00 1.527455e+00 1.527460e+00 0.000000e+00 -1.438156e-01
0.000000e+00 2.255000e+00 1.511986e+00 1.511991e+00 0.000000e+00 -1.379509e-01
0.000000e+00 2.310000e+00 1.497349e+00 1.497354e+00 0.000000e+00 -1.324063e-01
0.000000e+00 2.365000e+00 1.483482e+00 1.483487e+00 0.000000e+00 -1.271585e-01
0.000000e+00 2.420000e+00 1.470327e+00 1.470331e+00 0.000000e+00 -1.221867e-01
0.000000e+00 2.475000e+00 1.457832e+00 1.457836e+00 0.000000e+00 -1.174720e-01
0.000000e+00 2.530000e+00 1.445951e+00 1.445955e+00 0.000000e+00 -1.129973e-01
0.000000e+00 2.585000e+00 1.434642e+00 1.434645e+00 0.000000e+00 -1.087465e-01
0.000000e+00 2.640000e+00 1.423865e+00 1.423868e+00 0.000000e+00 -1.047045e-01
0.000000e+00 2.695000e+00 1.413585e+00 1.413589e+00 0.000000e+00 -1.008568e-01
0.000000e+00 2.750000e+00 1.403770e+00 1.403774e+00 0.000000e+00 -9.718976e-02
0.000000e+00 2.805000e+00 1.394391e+00 1.394394e+00 0.000000e+00 -9.369105e-02
0.000000e+00 2.860000e+00 1.385420e+00 1.385423e+00 0.000000e+00 -9.034957e-02
0.000000e+00 2.915000e+00 1.376832e+00 1.376835e+00 0.000000e+00 -8.715571e-02
0.000000e+00 2.970000e+00 1.368607e+00 1.368610e+00 0.000000e+00 -8.410111e-02
0.000000e+00 3.025000e+00 1.360723e+00 1.360726e+00 0.000000e+00 -8.117838e-02
0.000000e+00 3.080000e+00 1.353161e+00 1.353163e+00 0.000000e+00 -7.838056e-02
0.000000e+00 3.135000e+00 1.345902e+00 1.345905e+00 0.000000e+00 -7.570081e-02
0.000000e+00 3.190000e+00 1.338929e+00 1.338932e+00 0.000000e+00 -7.313218e-02
0.000000e+00 3.245000e+00 1.332225e+00 1.332227e+00 0.000000e+00 -7.066769e-02
0.000000e+00 3.300000e+00 1.325773e+00 1.325775e+00 0.000000e+00 -6.830063e-02
0.000000e+00 3.355000e+00 1.319560e+00 1.319562e+00 0.000000e+00 -6.602494e-02
0.000000e+00 3.410000e+00 1.313574e+00 1.313576e+00 0.000000e+00 -6.383551e-02
0.000000e+00 3.465000e+00 1.307805e+00 1.307807e+00 0.000000e+00 -6.172823e-02
0.000000e+00 3.520000e+00 1.302244e+00 1.302246e+00 0.000000e+00 -5.969970e-02
0.000000e+00 3.575000e+00 1.296882e+00 1.296884e+00 0.000000e+00 -5.774679e-02
0.000000e+00 3.630000e+00 1.291708e+00 1.291710e+00 0.000000e+00 -5.586622e-02
0.000000e+00 3.685000e+00 1.286713e+00 1.286715e+00 0.000000e+00 -5.405436e-02
0.000000e+00 3.740000e+00 1.281886e+00 1.281888e+00 0.000000e+00 -5.230736e-02
0.000000e+00 3.795000e+00 1.277218e+00 1.277220e+00 0.000000e+00 -5.062149e-02
0.000000e+00 3.850000e+00 1.272701e+00 1.272703e+00 0.000000e+00 -4.899347e-02
0.000000e+00 3.905000e+00 1.268330e+00 1.268331e+00 0.000000e+00 -4.742057e-02
0.000000e+00 3.960000e+00 1.264100e+00 1.264101e+00 0.000000e+00 -4.590032e-02
0.000000e+00 4.015000e+00 1.260007e+00 1.260009e+00 0.000000e+00 -4.443013e-02
0.000000e+00 4.070000e+00 1.256049e+00 1.256050e+00 0.000000e+00 -4.300706e-02
0.000000e+00 4.125000e+00 1.252219e+00 1.252221e+00 0.000000e+00 -4.162785e-02
0.000000e+00 4.180000e+00 1.248513e+00 1.248515e+00 0.000000e+00 -4.028943e-02
0.000000e+00 4.235000e+00 1.244926e+00 1.244927e+00 0.000000e+00 -3.898945e-02
0.000000e+00 4.290000e+00 1.241451e+00 1.241452e+00 0.000000e+00 -3.772661e-02
0.000000e+00 4.345000e+00 1.238084e+00 1.238086e+00 0.000000e+00 -3.650053e-02
0.000000e+00 4.400000e+00 1.234820e+00 1.234821e+00 0.000000e+00 -3.531114e-02
0.000000e+00 4.455000e+00 1.231653e+00 1.231655e+00 0.000000e+00 -3.415807e-02
0.000000e+00 4.510000e+00 1.228580e+00 1.228581e+00 0.000000e+00 -3.304016e-02
0.000000e+00 4.565000e+00 1.225595e+00 1.225597e+00 0.000000e+00 -3.195555e-02
0.000000e+00 4.620000e+00 1.222698e+00 1.222699e+00 0.000000e+00 -3.090200e-02
0.000000e+00 4.675000e+00 1.219885e+00 1.219886e+00 0.000000e+00 -2.987731e-02
0.000000e+00 4.730000e+00 1.217157e+00 1.217158e+00 0.000000e+00 -2.887951e-02
0.000000e+00 4.785000e+00 1.214512e+00 1.214513e+00 0.000000e+00 -2.790692e-02
0.000000e+00 4.840000e+00 1.211948e+00 1.211949e+00 0.000000e+00 -2.695802e-02
0.000000e+00 4.895000e+00 1.209465e+00 1.209466e+00 0.000000e+00 -2.603159e-02
0.000000e+00 4.950000e+00 1.207058e+00 1.207059e+00 0.000000e+00 -2.512701e-02
0.000000e+00 5.005000e+00 1.204724e+00 1.204725e+00 0.000000e+00 -2.424449e-02
0.000000e+00 5.060000e+00 1.202460e+00 1.202461e+00 0.000000e+00 -2.338500e-02
0.000000e+00 5.115000e+00 1.200260e+00 1.200261e+00 0.000000e+00 -2.254986e-02
0.000000e+00 5.170000e+00 1.198123e+00 1.198124e+00 0.000000e+00 -2.174002e-02
0.000000e+00 5.225000e+00 1.196042e+00 1.196043e+00 0.000000e+00 -2.095565e-02
0.000000e+00 5.280000e+00 1.194015e+00 1.194016e+00 0.000000e+00 -2.019612e-02
0.000000e+00 5.335000e+00 1.192039e+00 1.192040e+00 0.000000e+00 -1.946047e-02
0.000000e+00 5.390000e+00 1.190115e+00 1.190116e+00 0.000000e+00 -1.874770e-02
0.000000e+00 5.445000e+00 1.188242e+00 1.188243e+00 0.000000e+00 -1.805667e-02
0.000000e+00 5.500000e+00 1.186423e+00 1.186424e+00 0.000000e+00 -1.738532e-02
0.000000e+00 5.555000e+00 1.184659e+00 1.184660e+00 0.000000e+00 -1.672998e-02
0.000000e+00 5.610000e+00 1.182950e+00 1.182951e+00 0.000000e+00 -1.608573e-02
0.000000e+00 5.665000e+00 1.181296e+00 1.181297e+00 0.000000e+00 -1.544857e-02
0.000000e+00 5.720000e+00 1.179699e+00 1.179700e+00 0.000000e+00 -1.481866e-02
0.000000e+00 5.775000e+00 1.178163e+00 1.178164e+00 0.000000e+00 -1.420255e-02
0.000000e+00 5.830000e+00 1.176696e+00 1.176697e+00 0.000000e+00 -1.361175e-02
0.000000e+00 5.885000e+00 1.175304e+00 1.175305e+00 0.000000e+00 -1.305663e-02
0.000000e+00 5.940000e+00 1.173982e+00 1.173983e+00 0.000000e+00 -1.253799e-02
0.000000e+00 5.995000e+00 1.172710e+00 1.172710e+00 0.000000e+00 -1.204191e-02
0.000000e+00 6.050000e+00 1.171453e+00 1.171453e+00 0.000000e+00 -1.154329e-02
0.000000e+00 6.105000e+00 1.170179e+00 1.170180e+00 0.000000e+00 -1.101868e-02
0.000000e+00 6.160000e+00 1.168877e+00 1.168878e+00 0.000000e+00 -1.046110e-02
0.000000e+00 6.215000e+00 1.167564e+00 1.167565e+00 0.000000e+00 -9.886325e-03
0.000000e+00 6.270000e+00 1.166281e+00 1.166282e+00 0.000000e+00 -9.324958e-03
0.000000e+00 6.325000e+00 1.165069e+00 1.165070e+00 0.000000e+00 -8.804319e-03
0.000000e+00 6.380000e+00 1.163945e+00 1.163946e+00 0.000000e+00 -8.331437e-03
0.000000e+00 6.435000e+00 1.162893e+00 1.162894e+00 0.000000e+00 -7.889229e-03
0.000000e+00 6.490000e+00 1.161876e+00 1.161877e+00 0.000000e+00 -7.449684e-03
0.000000e+00 6.545000e+00 1.160866e+00 1.160867e+00 0.000000e+00 -6.994134e-03
0.000000e+00 6.600000e+00 1.159860e+00 1.159860e+00 0.000000e+00 -6.524912e-03
0.000000e+00 6.655000e+00 1.158877e+00 1.158877e+00 0.000000e+00 -6.060574e-03
0.000000e+00 6.710000e+00 1.157940e+00 1.157941e+00 0.000000e+00 -5.620613e-03
0.000000e+00 6.765000e+00 1.157059e+00 1.157059e+00 0.000000e+00 -5.212499e-03
0.000000e+00 6.820000e+00 1.156222e+00 1.156223e+00 0.000000e+00 -4.829926e-03
0.000000e+00 6.875000e+00 1.155411e+00 1.155411e+00 0.000000e+00 -4.460997e-03
0.000000e+00 6.930000e+00 1.154610e+00 1.154611e+00 0.000000e+00 -4.097475e-03
0.000000e+00 6.985000e+00 1.153820e+00 1.153820e+00 0.000000e+00 -3.737697e-03
0.000000e+00 7.040000e+00 1.153045e+00 1.153046e+00 0.000000e+00 -3.383170e-03
0.000000e+00 7.095000e+00 1.152293e+00 1.152294e+00 0.000000e+00 -3.034037e-03
0.000000e+00 7.150000e+00 1.151568e+00 1.151568e+00 0.000000e+00 -2.687668e-03
0.000000e+00 7.205000e+00 1.150867e+00 1.150867e+00 0.000000e+00 -2.340467e-03
0.000000e+00 7.260000e+00 1.150185e+00 1.150185e+00 0.000000e+00 -1.990476e-03
0.000000e+00 7.315000e+00 1.149514e+00 1.149515e+00 0.000000e+00 -1.638830e-03
0.000000e+00 7.370000e+00 1.148847e+00 1.148847e+00 0.000000e+00 -1.289749e-03
0.000000e+00 7.425000e+00 1.148176e+00 1.148177e+00 0.000000e+00 -9.493691e-04
0.000000e+00 7.480000e+00 1.147501e+00 1.147501e+00 0.000000e+00 -6.235171e-04
0.000000e+00 7.535000e+00 1.146826e+00 1.146827e+00 0.000000e+00 -3.148803e-04
0.000000e+00 7.590000e+00 1.146165e+00 1.146166e+00 0.000000e+00 -2.104098e-05
0.000000e+00 7.645000e+00 1.145532e+00 1.145533e+00 0.000000e+00 2.649267e-04
0.000000e+00 7.700000e+00 1.144937e+00 1.144937e+00 0.000000e+00 5.509865e-04
0.000000e+00 7.755000e+00 1.144377e+00 1.144377e+00 0.000000e+00 8.416089e-04
0.000000e+00 7.810000e+00 1.143842e+00 1.143842e+00 0.000000e+00 1.135194e-03
0.000000e+00 7.865000e+00 1.143313e+00 1.143314e+00 0.000000e+00 1.425590e-03
0.000000e+00 7.920000e+00 1.142779e+00 1.142779e+00 0.000000e+00 1.707158e-03
0.000000e+00 7.975000e+00 1.142236e+00 1.142236e+00 0.000000e+00 1.980085e-03
0.000000e+00 8.030000e+00 1.141696e+00 1.141696e+00 0.000000e+00 2.251828e-03
0.000000e+00 8.085000e+00 1.141175e+00 1.141175e+00 0.000000e+00 2.532655e-03
0.000000e+00 8.140000e+00 1.140680e+00 1.140681e+00 0.000000e+00 2.827343e-03
0.000000e+00 8.195000e+00 1.140204e+00 1.140205e+00 0.000000e+00 3.128452e-03
0.000000e+00 8.250000e+00 1.139724e+00 1.139724e+00 0.000000e+00 3.416724e-03
0.000000e+00 8.305000e+00 1.139213e+00 1.139214e+00 0.000000e+00 3.670015e-03
0.000000e+00 8.360000e+00 1.138660e+00 1.138660e+00 0.000000e+00 3.876298e-03
0.000000e+00 8.415000e+00 1.138076e+00 1.138076e+00 0.000000e+00 4.042675e-03
0.000000e+00 8.470000e+00 1.137492e+00 1.137492e+00 0.000000e+00 4.193972e-03
0.000000e+00 8.525000e+00 1.136946e+00 1.136946e+00 0.000000e+00 4.361064e-03
0.000000e+00 8.580000e+00 1.136461e+00 1.136461e+00 0.000000e+00 4.565192e-03
0.000000e+00 8.635000e+00 1.136032e+00 1.136032e+00 0.000000e+00 4.806771e-03
0.000000e+00 8.690000e+00 1.135631e+00 1.135631e+00 0.000000e+00 5.065387e-03
0.000000e+00 8.745000e+00 1.135216e+00 1.135216e+00 0.000000e+00 5.311115e-03
0.000000e+00 8.800000e+00 1.134759e+00 1.134759e+00 0.000000e+00 5.520434e-03
0.000000e+00 8.855000e+00 1.134253e+00 1.134253e+00 0.000000e+00 5.688178e-03
0.000000e+00 8.910000e+00 1.133720e+00 1.133721e+00 0.000000e+00 5.829283e-03
0.000000e+00 8.965000e+00 1.133197e+00 1.133197e+00 0.000000e+00 5.970023e-03
0.000000e+00 9.020000e+00 1.132715e+00 1.132716e+00 0.000000e+00 6.134323e-03
0.000000e+00 9.075000e+00 1.132289e+00 1.132290e+00 0.000000e+00 6.332373e-03
0.000000e+00 9.130000e+00 1.131909e+00 1.131909e+00 0.000000e+00 6.557408e-03
0.000000e+00 9.185000e+00 1.131547e+00 1.131547e+00 0.000000e+00 6.792140e-03
0.000000e+00 9.240000e+00 1.131173e+00 1.131173e+00 0.000000e+00 7.020879e-03
0.000000e+00 9.295000e+00 1.130766e+00 1.130767e+00 0.000000e+00 7.239392e-03
0.000000e+00 9.350000e+00 1.130326e+00 1.130326e+00 0.000000e+00 7.457351e-03
0.000000e+00 9.405000e+00 1.129864e+00 1.129864e+00 0.000000e+00 7.690872e-03
0.000000e+00 9.460000e+00 1.129402e+00 1.129403e+00 0.000000e+00 7.952267e-03
0.000000e+00 9.515000e+00 1.128957e+00 1.128957e+00 0.000000e+00 8.238650e-03
0.000000e+00 9.570000e+00 1.128537e+00 1.128537e+00 0.000000e+00 8.529246e-03
0.000000e+00 9.625000e+00 1.128137e+00 1.128137e+00 0.000000e+00 8.778053e-03
0.000000e+00 9.680000e+00 1.127752e+00 1.127752e+00 0.000000e+00 8.926055e-03
0.000000e+00 9.735000e+00 1.127367e+00 1.127367e+00 0.000000e+00 8.906619e-03
0.000000e+00 9.790000e+00 1.126982e+00 1.126982e+00 0.000000e+00 8.711799e-03
0.000000e+00 9.845000e+00 1.126574e+00 1.126574e+00 0.000000e+00 8.393349e-03
0.000000e+00 9.900000e+00 1.126175e+00 1.126176e+00 0.000000e+00 8.139438e-03
0.000000e+00 9.955000e+00 1.125723e+00 1.125723e+00 0.000000e+00 8.051953e-03
0.000000e+00 1.001000e+01 1.105114e+00 1.105114e+00 -0.000000e+00 -1.013850e-02
0.000000e+00 1.006500e+01 1.105114e+00 1.105114e+00 -0.000000e+00 -1.013850e-02
0.000000e+00 1.012000e+01 1.105114e+00 1.105114e+00 -0.000000e+00 -1.013850e-02
0.000000e+00 1.017500e+01 1.105114e+00 1.105114e+00 -0.000000e+00 -1.013850e-02
0.000000e+00 1.023000e+01 1.105114e+00 1.105114e+00 -0.000000e+00 -1.013850e-02
0.000000e+00 1.028500e+01 1.105114e+00 1.105114e+00 -0.000000e+00 -1.013850e-02
0.000000e+00 1.034000e+01 1.105114e+00 1.105114e+00 -0.000000e+00 -1.013850e-02
0.000000e+00 1.039500e+01 1.105114e+00 1.105114e+00 -0.000000e+00 -1.013850e-02
0.000000e+00 1.045000e+01 1.105114e+00 1.105114e+00 -0.000000e+00 -1.013850e-02
0.000000e+00 1.050500e+01 1.105114e+00 1.105114e+00 -0.000000e+00 -1.013850e-02
0.000000e+00 1.056000e+01 1.105114e+00 1.105114e+00 -0.000000e+00 -1.013850e-02
0.000000e+00 1.061500e+01 1.105114e+00 1.105114e+00 -0.000000e+00 -1.013850e-02
0.000000e+00 1.067000e+01 1.105114e+00 1.105114e+00 -0.000000e+00 -1.013850e-02
0.000000e+00 1.072500e+01 1.105114e+00 1.105114e+00 -0.000000e+00 -1.013850e-02
0.000000e+00 1.078000e+01 1.105114e+00 1.105114e+00 -0.000000e+00 -1.013850e-02
0.000000e+00 1.083500e+01 1.105114e+00 1.105114e+00 -0.000000e+00 -1.013850e-02
0.000000e+00 1.089000e+01 1.105114e+00 1.105114e+00 -0.000000e+00 -1.013850e-02
0.000000e+00 1.094500e+01 1.105114e+00 1.105114e+00 -0.000000e+00 -1.013850e-02
0.000000e+00 1.100000e+01 1.105114e+00 1.105114e+00 -0.000000e+00 -1.013850e-02
