#############TIME##################
2.260087e+01 
###################################
0.000000e+00 0.000000e+00 2.257129e+01 2.257185e+01 0.000000e+00 -3.045772e+00
0.000000e+00 5.500000e-02 2.257129e+01 2.257185e+01 0.000000e+00 -3.045772e+00
0.000000e+00 1.100000e-01 2.257366e+01 2.257422e+01 0.000000e+00 -3.045773e+00
0.000000e+00 1.650000e-01 1.398282e+01 1.398316e+01 0.000000e+00 -2.298910e+00
0.000000e+00 2.200000e-01 1.033166e+01 1.033189e+01 0.000000e+00 -1.938238e+00
0.000000e+00 2.750000e-01 8.100737e+00 8.100897e+00 0.000000e+00 -1.644551e+00
0.000000e+00 3.300000e-01 6.684660e+00 6.684780e+00 0.000000e+00 -1.428682e+00
0.000000e+00 3.850000e-01 5.677531e+00 5.677624e+00 0.000000e+00 -1.252777e+00
0.000000e+00 4.400000e-01 4.959643e+00 4.959718e+00 0.000000e+00 -1.112852e+00
0.000000e+00 4.950000e-01 4.411893e+00 4.411954e+00 0.000000e+00 -9.955242e-01
0.000000e+00 5.500000e-01 3.987593e+00 3.987644e+00 0.000000e+00 -8.985468e-01
0.000000e+00 6.050000e-01 3.649386e+00 3.649429e+00 0.000000e+00 -8.153040e-01
0.000000e+00 6.600000e-01 3.374857e+00 3.374894e+00 0.000000e+00 -7.442960e-01
0.000000e+00 7.150000e-01 3.147559e+00 3.147592e+00 0.000000e+00 -6.825805e-01
0.000000e+00 7.700000e-01 2.956854e+00 2.956883e+00 0.000000e+00 -6.288281e-01
0.000000e+00 8.250000e-01 2.794674e+00 2.794699e+00 0.000000e+00 -5.815250e-01
0.000000e+00 8.800000e-01 2.655376e+00 2.655399e+00 0.000000e+00 -5.397046e-01
0.000000e+00 9.350000e-01 2.534630e+00 2.534651e+00 0.000000e+00 -5.024670e-01
0.000000e+00 9.900000e-01 2.429183e+00 2.429202e+00 0.000000e+00 -4.691352e-01
0.000000e+00 1.045000e+00 2.336443e+00 2.336461e+00 0.000000e+00 -4.391350e-01
0.000000e+00 1.100000e+00 2.254353e+00 2.254369e+00 0.000000e+00 -4.120134e-01
0.000000e+00 1.155000e+00 2.181235e+00 2.181250e+00 0.000000e+00 -3.873959e-01
0.000000e+00 1.210000e+00 2.115731e+00 2.115745e+00 0.000000e+00 -3.649773e-01
0.000000e+00 1.265000e+00 2.056727e+00 2.056739e+00 0.000000e+00 -3.445014e-01
0.000000e+00 1.320000e+00 2.003309e+00 2.003321e+00 0.000000e+00 -3.257523e-01
0.000000e+00 1.375000e+00 1.954725e+00 1.954736e+00 0.000000e+00 -3.085444e-01
0.000000e+00 1.430000e+00 1.910349e+00 1.910359e+00 0.000000e+00 -2.927175e-01
0.000000e+00 1.485000e+00 1.869656e+00 1.869666e+00 0.000000e+00 -2.781313e-01
0.000000e+00 1.540000e+00 1.832208e+00 1.832218e+00 0.000000e+00 -2.646617e-01
0.000000e+00 1.595000e+00 1.797637e+00 1.797645e+00 0.000000e+00 -2.521989e-01
0.000000e+00 1.650000e+00 1.765629e+00 1.765637e+00 0.000000e+00 -2.406450e-01
0.000000e+00 1.705000e+00 1.735920e+00 1.735928e+00 0.000000e+00 -2.299132e-01
0.000000e+00 1.760000e+00 1.708286e+00 1.708294e+00 0.000000e+00 -2.199263e-01
0.000000e+00 1.815000e+00 1.682533e+00 1.682540e+00 0.000000e+00 -2.106146e-01
0.000000e+00 1.870000e+00 1.658490e+00 1.658496e+00 0.000000e+00 -2.019161e-01
0.000000e+00 1.925000e+00 1.636004e+00 1.636011e+00 0.000000e+00 -1.937768e-01
0.000000e+00 1.980000e+00 1.614937e+00 1.614943e+00 0.000000e+00 -1.861498e-01
0.000000e+00 2.035000e+00 1.595159e+00 1.595164e+00 0.000000e+00 -1.789948e-01
0.000000e+00 2.090000e+00 1.576555e+00 1.576561e+00 0.000000e+00 -1.722762e-01
0.000000e+00 2.145000e+00 1.559024e+00 1.559030e+00 0.000000e+00 -1.659611e-01
0.000000e+00 2.200000e+00 1.542478e+00 1.542483e+00 0.000000e+00 -1.600185e-01
0.000000e+00 2.255000e+00 1.526841e+00 1.526846e+00 0.000000e+00 -1.544189e-01
0.000000e+00 2.310000e+00 1.512046e+00 1.512051e+00 0.000000e+00 -1.491347e-01
0.000000e+00 2.365000e+00 1.498034e+00 1.498039e+00 0.000000e+00 -1.441403e-01
0.000000e+00 2.420000e+00 1.484750e+00 1.484755e+00 0.000000e+00 -1.394126e-01
0.000000e+00 2.475000e+00 1.472144e+00 1.472148e+00 0.000000e+00 -1.349310e-01
0.000000e+00 2.530000e+00 1.460167e+00 1.460172e+00 0.000000e+00 -1.306778e-01
0.000000e+00 2.585000e+00 1.448774e+00 1.448778e+00 0.000000e+00 -1.266373e-01
0.000000e+00 2.640000e+00 1.437921e+00 1.437925e+00 0.000000e+00 -1.227962e-01
0.000000e+00 2.695000e+00 1.427567e+00 1.427570e+00 0.000000e+00 -1.191427e-01
0.000000e+00 2.750000e+00 1.417674e+00 1.417677e+00 0.000000e+00 -1.156659e-01
0.000000e+00 2.805000e+00 1.408208e+00 1.408212e+00 0.000000e+00 -1.123557e-01
0.000000e+00 2.860000e+00 1.399139e+00 1.399143e+00 0.000000e+00 -1.092027e-01
0.000000e+00 2.915000e+00 1.390440e+00 1.390443e+00 0.000000e+00 -1.061976e-01
0.000000e+00 2.970000e+00 1.382088e+00 1.382091e+00 0.000000e+00 -1.033319e-01
0.000000e+00 3.025000e+00 1.374061e+00 1.374064e+00 0.000000e+00 -1.005974e-01
0.000000e+00 3.080000e+00 1.366340e+00 1.366343e+00 0.000000e+00 -9.798659e-02
0.000000e+00 3.135000e+00 1.358909e+00 1.358912e+00 0.000000e+00 -9.549225e-02
0.000000e+00 3.190000e+00 1.351753e+00 1.351756e+00 0.000000e+00 -9.310739e-02
0.000000e+00 3.245000e+00 1.344857e+00 1.344860e+00 0.000000e+00 -9.082512e-02
0.000000e+00 3.300000e+00 1.338209e+00 1.338212e+00 0.000000e+00 -8.863874e-02
0.000000e+00 3.355000e+00 1.331799e+00 1.331801e+00 0.000000e+00 -8.654195e-02
0.000000e+00 3.410000e+00 1.325615e+00 1.325617e+00 0.000000e+00 -8.452906e-02
0.000000e+00 3.465000e+00 1.319648e+00 1.319651e+00 0.000000e+00 -8.259511e-02
0.000000e+00 3.520000e+00 1.313890e+00 1.313892e+00 0.000000e+00 -8.073573e-02
0.000000e+00 3.575000e+00 1.308332e+00 1.308334e+00 0.000000e+00 -7.894699e-02
0.000000e+00 3.630000e+00 1.302965e+00 1.302968e+00 0.000000e+00 -7.722508e-02
0.000000e+00 3.685000e+00 1.297782e+00 1.297785e+00 0.000000e+00 -7.556622e-02
0.000000e+00 3.740000e+00 1.292775e+00 1.292777e+00 0.000000e+00 -7.396671e-02
0.000000e+00 3.795000e+00 1.287934e+00 1.287936e+00 0.000000e+00 -7.242313e-02
0.000000e+00 3.850000e+00 1.283250e+00 1.283251e+00 0.000000e+00 -7.093251e-02
0.000000e+00 3.905000e+00 1.278714e+00 1.278716e+00 0.000000e+00 -6.949244e-02
0.000000e+00 3.960000e+00 1.274317e+00 1.274319e+00 0.000000e+00 -6.810088e-02
0.000000e+00 4.015000e+00 1.270052e+00 1.270054e+00 0.000000e+00 -6.675602e-02
0.000000e+00 4.070000e+00 1.265913e+00 1.265914e+00 0.000000e+00 -6.545605e-02
0.000000e+00 4.125000e+00 1.261891e+00 1.261893e+00 0.000000e+00 -6.419913e-02
0.000000e+00 4.180000e+00 1.257983e+00 1.257985e+00 0.000000e+00 -6.298345e-02
0.000000e+00 4.235000e+00 1.254183e+00 1.254185e+00 0.000000e+00 -6.180734e-02
0.000000e+00 4.290000e+00 1.250486e+00 1.250488e+00 0.000000e+00 -6.066929e-02
0.000000e+00 4.345000e+00 1.246887e+00 1.246888e+00 0.000000e+00 -5.956785e-02
0.000000e+00 4.400000e+00 1.243383e+00 1.243384e+00 0.000000e+00 -5.850151e-02
0.000000e+00 4.455000e+00 1.239970e+00 1.239971e+00 0.000000e+00 -5.746859e-02
0.000000e+00 4.510000e+00 1.236648e+00 1.236649e+00 0.000000e+00 -5.646721e-02
0.000000e+00 4.565000e+00 1.233414e+00 1.233415e+00 0.000000e+00 -5.549547e-02
0.000000e+00 4.620000e+00 1.230267e+00 1.230269e+00 0.000000e+00 -5.455157e-02
0.000000e+00 4.675000e+00 1.227206e+00 1.227208e+00 0.000000e+00 -5.363395e-02
0.000000e+00 4.730000e+00 1.224229e+00 1.224230e+00 0.000000e+00 -5.274133e-02
0.000000e+00 4.785000e+00 1.221331e+00 1.221333e+00 0.000000e+00 -5.187257e-02
0.000000e+00 4.840000e+00 1.218511e+00 1.218512e+00 0.000000e+00 -5.102661e-02
0.000000e+00 4.895000e+00 1.215765e+00 1.215766e+00 0.000000e+00 -5.020238e-02
0.000000e+00 4.950000e+00 1.213089e+00 1.213090e+00 0.000000e+00 -4.939885e-02
0.000000e+00 5.005000e+00 1.210481e+00 1.210482e+00 0.000000e+00 -4.861506e-02
0.000000e+00 5.060000e+00 1.207937e+00 1.207938e+00 0.000000e+00 -4.785021e-02
0.000000e+00 5.115000e+00 1.205455e+00 1.205456e+00 0.000000e+00 -4.710370e-02
0.000000e+00 5.170000e+00 1.203032e+00 1.203033e+00 0.000000e+00 -4.637503e-02
0.000000e+00 5.225000e+00 1.200666e+00 1.200667e+00 0.000000e+00 -4.566377e-02
0.000000e+00 5.280000e+00 1.198353e+00 1.198354e+00 0.000000e+00 -4.496941e-02
0.000000e+00 5.335000e+00 1.196092e+00 1.196093e+00 0.000000e+00 -4.429135e-02
0.000000e+00 5.390000e+00 1.193880e+00 1.193881e+00 0.000000e+00 -4.362894e-02
0.000000e+00 5.445000e+00 1.191717e+00 1.191718e+00 0.000000e+00 -4.298158e-02
0.000000e+00 5.500000e+00 1.189600e+00 1.189600e+00 0.000000e+00 -4.234882e-02
0.000000e+00 5.555000e+00 1.187528e+00 1.187529e+00 0.000000e+00 -4.173042e-02
0.000000e+00 5.610000e+00 1.185499e+00 1.185500e+00 0.000000e+00 -4.112627e-02
0.000000e+00 5.665000e+00 1.183513e+00 1.183514e+00 0.000000e+00 -4.053627e-02
0.000000e+00 5.720000e+00 1.181566e+00 1.181567e+00 0.000000e+00 -3.996015e-02
0.000000e+00 5.775000e+00 1.179658e+00 1.179658e+00 0.000000e+00 -3.939743e-02
0.000000e+00 5.830000e+00 1.177785e+00 1.177786e+00 0.000000e+00 -3.884743e-02
0.000000e+00 5.885000e+00 1.175946e+00 1.175947e+00 0.000000e+00 -3.830940e-02
0.000000e+00 5.940000e+00 1.174141e+00 1.174142e+00 0.000000e+00 -3.778268e-02
0.000000e+00 5.995000e+00 1.172368e+00 1.172368e+00 0.000000e+00 -3.726678e-02
0.000000e+00 6.050000e+00 1.170625e+00 1.170626e+00 0.000000e+00 -3.676140e-02
0.000000e+00 6.105000e+00 1.168913e+00 1.168914e+00 0.000000e+00 -3.626633e-02
0.000000e+00 6.160000e+00 1.167231e+00 1.167232e+00 0.000000e+00 -3.578137e-02
0.000000e+00 6.215000e+00 1.165580e+00 1.165580e+00 0.000000e+00 -3.530623e-02
0.000000e+00 6.270000e+00 1.163958e+00 1.163959e+00 0.000000e+00 -3.484055e-02
0.000000e+00 6.325000e+00 1.162367e+00 1.162367e+00 0.000000e+00 -3.438389e-02
0.000000e+00 6.380000e+00 1.160805e+00 1.160805e+00 0.000000e+00 -3.393581e-02
0.000000e+00 6.435000e+00 1.159272e+00 1.159272e+00 0.000000e+00 -3.349586e-02
0.000000e+00 6.490000e+00 1.157767e+00 1.157768e+00 0.000000e+00 -3.306359e-02
0.000000e+00 6.545000e+00 1.156291e+00 1.156291e+00 0.000000e+00 -3.263845e-02
0.000000e+00 6.600000e+00 1.154843e+00 1.154843e+00 0.000000e+00 -3.221985e-02
0.000000e+00 6.655000e+00 1.153424e+00 1.153424e+00 0.000000e+00 -3.180715e-02
0.000000e+00 6.710000e+00 1.152034e+00 1.152034e+00 0.000000e+00 -3.139979e-02
0.000000e+00 6.765000e+00 1.150674e+00 1.150675e+00 0.000000e+00 -3.099734e-02
0.000000e+00 6.820000e+00 1.149345e+00 1.149346e+00 0.000000e+00 -3.059949e-02
0.000000e+00 6.875000e+00 1.148047e+00 1.148048e+00 0.000000e+00 -3.020600e-02
0.000000e+00 6.930000e+00 1.146779e+00 1.146779e+00 0.000000e+00 -2.981662e-02
0.000000e+00 6.985000e+00 1.145540e+00 1.145541e+00 0.000000e+00 -2.943109e-02
0.000000e+00 7.040000e+00 1.144330e+00 1.144330e+00 0.000000e+00 -2.904916e-02
0.000000e+00 7.095000e+00 1.143146e+00 1.143146e+00 0.000000e+00 -2.867075e-02
0.000000e+00 7.150000e+00 1.141986e+00 1.141986e+00 0.000000e+00 -2.829599e-02
0.000000e+00 7.205000e+00 1.140847e+00 1.140848e+00 0.000000e+00 -2.792529e-02
0.000000e+00 7.260000e+00 1.139727e+00 1.139727e+00 0.000000e+00 -2.755930e-02
0.000000e+00 7.315000e+00 1.138621e+00 1.138621e+00 0.000000e+00 -2.719882e-02
0.000000e+00 7.370000e+00 1.137527e+00 1.137527e+00 0.000000e+00 -2.684478e-02
0.000000e+00 7.425000e+00 1.136441e+00 1.136441e+00 0.000000e+00 -2.649802e-02
0.000000e+00 7.480000e+00 1.135362e+00 1.135362e+00 0.000000e+00 -2.615920e-02
0.000000e+00 7.535000e+00 1.134288e+00 1.134289e+00 0.000000e+00 -2.582868e-02
0.000000e+00 7.590000e+00 1.133220e+00 1.133221e+00 0.000000e+00 -2.550641e-02
0.000000e+00 7.645000e+00 1.132159e+00 1.132160e+00 0.000000e+00 -2.519188e-02
0.000000e+00 7.700000e+00 1.131108e+00 1.131108e+00 0.000000e+00 -2.488406e-02
0.000000e+00 7.755000e+00 1.130070e+00 1.130070e+00 0.000000e+00 -2.458172e-02
0.000000e+00 7.810000e+00 1.129051e+00 1.129051e+00 0.000000e+00 -2.428461e-02
0.000000e+00 7.865000e+00 1.128060e+00 1.128060e+00 0.000000e+00 -2.399468e-02
0.000000e+00 7.920000e+00 1.127106e+00 1.127107e+00 0.000000e+00 -2.371584e-02
0.000000e+00 7.975000e+00 1.126198e+00 1.126198e+00 0.000000e+00 -2.345051e-02
0.000000e+00 8.030000e+00 1.125331e+00 1.125331e+00 0.000000e+00 -2.319418e-02
0.000000e+00 8.085000e+00 1.124491e+00 1.124491e+00 0.000000e+00 -2.293342e-02
0.000000e+00 8.140000e+00 1.123657e+00 1.123657e+00 0.000000e+00 -2.265217e-02
0.000000e+00 8.195000e+00 1.122816e+00 1.122816e+00 0.000000e+00 -2.234389e-02
0.000000e+00 8.250000e+00 1.121973e+00 1.121973e+00 0.000000e+00 -2.201897e-02
0.000000e+00 8.305000e+00 1.121146e+00 1.121147e+00 0.000000e+00 -2.169859e-02
0.000000e+00 8.360000e+00 1.120346e+00 1.120346e+00 0.000000e+00 -2.139880e-02
0.000000e+00 8.415000e+00 1.119565e+00 1.119565e+00 0.000000e+00 -2.111915e-02
0.000000e+00 8.470000e+00 1.118785e+00 1.118786e+00 0.000000e+00 -2.084702e-02
0.000000e+00 8.525000e+00 1.117995e+00 1.117995e+00 0.000000e+00 -2.057227e-02
0.000000e+00 8.580000e+00 1.117197e+00 1.117197e+00 0.000000e+00 -2.029609e-02
0.000000e+00 8.635000e+00 1.116403e+00 1.116403e+00 0.000000e+00 -2.002585e-02
0.000000e+00 8.690000e+00 1.115623e+00 1.115623e+00 0.000000e+00 -1.976472e-02
0.000000e+00 8.745000e+00 1.114857e+00 1.114857e+00 0.000000e+00 -1.950829e-02
0.000000e+00 8.800000e+00 1.114104e+00 1.114104e+00 0.000000e+00 -1.925013e-02
0.000000e+00 8.855000e+00 1.113365e+00 1.113365e+00 0.000000e+00 -1.898734e-02
0.000000e+00 8.910000e+00 1.112643e+00 1.112643e+00 0.000000e+00 -1.872042e-02
0.000000e+00 8.965000e+00 1.111941e+00 1.111941e+00 0.000000e+00 -1.844995e-02
0.000000e+00 9.020000e+00 1.111257e+00 1.111257e+00 0.000000e+00 -1.817517e-02
0.000000e+00 9.075000e+00 1.110586e+00 1.110586e+00 0.000000e+00 -1.789486e-02
0.000000e+00 9.130000e+00 1.109929e+00 1.109929e+00 0.000000e+00 -1.760780e-02
0.000000e+00 9.185000e+00 1.109284e+00 1.109284e+00 0.000000e+00 -1.731195e-02
0.000000e+00 9.240000e+00 1.108651e+00 1.108651e+00 0.000000e+00 -1.700312e-02
0.000000e+00 9.295000e+00 1.108033e+00 1.108033e+00 0.000000e+00 -1.667476e-02
0.000000e+00 9.350000e+00 1.107430e+00 1.107430e+00 0.000000e+00 -1.631866e-02
0.000000e+00 9.405000e+00 1.106844e+00 1.106844e+00 0.000000e+00 -1.592992e-02
0.000000e+00 9.460000e+00 1.106276e+00 1.106276e+00 0.000000e+00 -1.551428e-02
0.000000e+00 9.515000e+00 1.105723e+00 1.105723e+00 0.000000e+00 -1.509805e-02
0.000000e+00 9.570000e+00 1.105182e+00 1.105182e+00 0.000000e+00 -1.472628e-02
0.000000e+00 9.625000e+00 1.104646e+00 1.104646e+00 0.000000e+00 -1.445226e-02
0.000000e+00 9.680000e+00 1.104109e+00 1.104109e+00 0.000000e+00 -1.430385e-02
0.000000e+00 9.735000e+00 1.103560e+00 1.103560e+00 0.000000e+00 -1.427047e-02
0.000000e+00 9.790000e+00 1.103002e+00 1.103002e+00 0.000000e+00 -1.428418e-02
0.000000e+00 9.845000e+00 1.102419e+00 1.102419e+00 0.000000e+00 -1.428203e-02
0.000000e+00 9.900000e+00 1.101834e+00 1.101834e+00 0.000000e+00 -1.419520e-02
0.000000e+00 9.955000e+00 1.101197e+00 1.101197e+00 0.000000e+00 -1.407016e-02
0.000000e+00 1.001000e+01 1.105114e+00 1.105114e+00 -0.000000e+00 -1.013850e-02
0.000000e+00 1.006500e+01 1.105114e+00 1.105114e+00 -0.000000e+00 -1.013850e-02
0.000000e+00 1.012000e+01 1.105114e+00 1.105114e+00 -0.000000e+00 -1.013850e-02
0.000000e+00 1.017500e+01 1.105114e+00 1.105114e+00 -0.000000e+00 -1.013850e-02
0.000000e+00 1.023000e+01 1.105114e+00 1.105114e+00 -0.000000e+00 -1.013850e-02
0.000000e+00 1.028500e+01 1.105114e+00 1.105114e+00 -0.000000e+00 -1.013850e-02
0.000000e+00 1.034000e+01 1.105114e+00 1.105114e+00 -0.000000e+00 -1.013850e-02
0.000000e+00 1.039500e+01 1.105114e+00 1.105114e+00 -0.000000e+00 -1.013850e-02
0.000000e+00 1.045000e+01 1.105114e+00 1.105114e+00 -0.000000e+00 -1.013850e-02
0.000000e+00 1.050500e+01 1.105114e+00 1.105114e+00 -0.000000e+00 -1.013850e-02
0.000000e+00 1.056000e+01 1.105114e+00 1.105114e+00 -0.000000e+00 -1.013850e-02
0.000000e+00 1.061500e+01 1.105114e+00 1.105114e+00 -0.000000e+00 -1.013850e-02
0.000000e+00 1.067000e+01 1.105114e+00 1.105114e+00 -0.000000e+00 -1.013850e-02
0.000000e+00 1.072500e+01 1.105114e+00 1.105114e+00 -0.000000e+00 -1.013850e-02
0.000000e+00 1.078000e+01 1.105114e+00 1.105114e+00 -0.000000e+00 -1.013850e-02
0.000000e+00 1.083500e+01 1.105114e+00 1.105114e+00 -0.000000e+00 -1.013850e-02
0.000000e+00 1.089000e+01 1.105114e+00 1.105114e+00 -0.000000e+00 -1.013850e-02
0.000000e+00 1.094500e+01 1.105114e+00 1.105114e+00 -0.000000e+00 -1.013850e-02
0.000000e+00 1.100000e+01 1.105114e+00 1.105114e+00 -0.000000e+00 -1.013850e-02
