#############TIME##################
1.850126e+01 
###################################
0.000000e+00 0.000000e+00 2.219310e+01 2.219365e+01 0.000000e+00 -3.044382e+00
0.000000e+00 5.500000e-02 2.219310e+01 2.219365e+01 0.000000e+00 -3.044382e+00
0.000000e+00 1.100000e-01 2.219245e+01 2.219300e+01 0.000000e+00 -3.044382e+00
0.000000e+00 1.650000e-01 1.374671e+01 1.374705e+01 0.000000e+00 -2.296833e+00
0.000000e+00 2.200000e-01 1.015633e+01 1.015655e+01 0.000000e+00 -1.935731e+00
0.000000e+00 2.750000e-01 7.962532e+00 7.962689e+00 0.000000e+00 -1.641605e+00
0.000000e+00 3.300000e-01 6.570484e+00 6.570600e+00 0.000000e+00 -1.425268e+00
0.000000e+00 3.850000e-01 5.580049e+00 5.580139e+00 0.000000e+00 -1.248926e+00
0.000000e+00 4.400000e-01 4.874053e+00 4.874125e+00 0.000000e+00 -1.108579e+00
0.000000e+00 4.950000e-01 4.335467e+00 4.335527e+00 0.000000e+00 -9.908062e-01
0.000000e+00 5.500000e-01 3.918225e+00 3.918274e+00 0.000000e+00 -8.933944e-01
0.000000e+00 6.050000e-01 3.585555e+00 3.585597e+00 0.000000e+00 -8.097328e-01
0.000000e+00 6.600000e-01 3.315481e+00 3.315517e+00 0.000000e+00 -7.383176e-01
0.000000e+00 7.150000e-01 3.091907e+00 3.091939e+00 0.000000e+00 -6.762015e-01
0.000000e+00 7.700000e-01 2.904438e+00 2.904466e+00 0.000000e+00 -6.220381e-01
0.000000e+00 8.250000e-01 2.745128e+00 2.745153e+00 0.000000e+00 -5.743109e-01
0.000000e+00 8.800000e-01 2.608358e+00 2.608380e+00 0.000000e+00 -5.320611e-01
0.000000e+00 9.350000e-01 2.489777e+00 2.489797e+00 0.000000e+00 -4.944073e-01
0.000000e+00 9.900000e-01 2.386119e+00 2.386138e+00 0.000000e+00 -4.606891e-01
0.000000e+00 1.045000e+00 2.294817e+00 2.294833e+00 0.000000e+00 -4.303418e-01
0.000000e+00 1.100000e+00 2.213862e+00 2.213877e+00 0.000000e+00 -4.029121e-01
0.000000e+00 1.155000e+00 2.141646e+00 2.141660e+00 0.000000e+00 -3.780197e-01
0.000000e+00 1.210000e+00 2.076875e+00 2.076888e+00 0.000000e+00 -3.553503e-01
0.000000e+00 1.265000e+00 2.018491e+00 2.018503e+00 0.000000e+00 -3.346390e-01
0.000000e+00 1.320000e+00 1.965625e+00 1.965637e+00 0.000000e+00 -3.156620e-01
0.000000e+00 1.375000e+00 1.917558e+00 1.917569e+00 0.000000e+00 -2.982284e-01
0.000000e+00 1.430000e+00 1.873688e+00 1.873697e+00 0.000000e+00 -2.821739e-01
0.000000e+00 1.485000e+00 1.833506e+00 1.833516e+00 0.000000e+00 -2.673557e-01
0.000000e+00 1.540000e+00 1.796585e+00 1.796594e+00 0.000000e+00 -2.536487e-01
0.000000e+00 1.595000e+00 1.762557e+00 1.762565e+00 0.000000e+00 -2.409424e-01
0.000000e+00 1.650000e+00 1.731106e+00 1.731113e+00 0.000000e+00 -2.291403e-01
0.000000e+00 1.705000e+00 1.701959e+00 1.701967e+00 0.000000e+00 -2.181577e-01
0.000000e+00 1.760000e+00 1.674881e+00 1.674888e+00 0.000000e+00 -2.079209e-01
0.000000e+00 1.815000e+00 1.649664e+00 1.649671e+00 0.000000e+00 -1.983651e-01
0.000000e+00 1.870000e+00 1.626132e+00 1.626138e+00 0.000000e+00 -1.894322e-01
0.000000e+00 1.925000e+00 1.604126e+00 1.604132e+00 0.000000e+00 -1.810702e-01
0.000000e+00 1.980000e+00 1.583509e+00 1.583515e+00 0.000000e+00 -1.732323e-01
0.000000e+00 2.035000e+00 1.564158e+00 1.564164e+00 0.000000e+00 -1.658760e-01
0.000000e+00 2.090000e+00 1.545965e+00 1.545970e+00 0.000000e+00 -1.589630e-01
0.000000e+00 2.145000e+00 1.528830e+00 1.528835e+00 0.000000e+00 -1.524584e-01
0.000000e+00 2.200000e+00 1.512668e+00 1.512673e+00 0.000000e+00 -1.463306e-01
0.000000e+00 2.255000e+00 1.497402e+00 1.497406e+00 0.000000e+00 -1.405508e-01
0.000000e+00 2.310000e+00 1.482961e+00 1.482966e+00 0.000000e+00 -1.350933e-01
0.000000e+00 2.365000e+00 1.469285e+00 1.469289e+00 0.000000e+00 -1.299352e-01
0.000000e+00 2.420000e+00 1.456317e+00 1.456321e+00 0.000000e+00 -1.250555e-01
0.000000e+00 2.475000e+00 1.444007e+00 1.444011e+00 0.000000e+00 -1.204352e-01
0.000000e+00 2.530000e+00 1.432306e+00 1.432310e+00 0.000000e+00 -1.160567e-01
0.000000e+00 2.585000e+00 1.421173e+00 1.421177e+00 0.000000e+00 -1.119034e-01
0.000000e+00 2.640000e+00 1.410569e+00 1.410572e+00 0.000000e+00 -1.079601e-01
0.000000e+00 2.695000e+00 1.400459e+00 1.400462e+00 0.000000e+00 -1.042128e-01
0.000000e+00 2.750000e+00 1.390811e+00 1.390814e+00 0.000000e+00 -1.006486e-01
0.000000e+00 2.805000e+00 1.381596e+00 1.381599e+00 0.000000e+00 -9.725634e-02
0.000000e+00 2.860000e+00 1.372787e+00 1.372790e+00 0.000000e+00 -9.402589e-02
0.000000e+00 2.915000e+00 1.364359e+00 1.364362e+00 0.000000e+00 -9.094815e-02
0.000000e+00 2.970000e+00 1.356291e+00 1.356294e+00 0.000000e+00 -8.801462e-02
0.000000e+00 3.025000e+00 1.348562e+00 1.348565e+00 0.000000e+00 -8.521690e-02
0.000000e+00 3.080000e+00 1.341152e+00 1.341154e+00 0.000000e+00 -8.254645e-02
0.000000e+00 3.135000e+00 1.334041e+00 1.334044e+00 0.000000e+00 -7.999479e-02
0.000000e+00 3.190000e+00 1.327215e+00 1.327217e+00 0.000000e+00 -7.755451e-02
0.000000e+00 3.245000e+00 1.320659e+00 1.320661e+00 0.000000e+00 -7.522063e-02
0.000000e+00 3.300000e+00 1.314364e+00 1.314366e+00 0.000000e+00 -7.299172e-02
0.000000e+00 3.355000e+00 1.308326e+00 1.308328e+00 0.000000e+00 -7.086908e-02
0.000000e+00 3.410000e+00 1.302540e+00 1.302542e+00 0.000000e+00 -6.885326e-02
0.000000e+00 3.465000e+00 1.296993e+00 1.296995e+00 0.000000e+00 -6.693862e-02
0.000000e+00 3.520000e+00 1.291660e+00 1.291662e+00 0.000000e+00 -6.510925e-02
0.000000e+00 3.575000e+00 1.286501e+00 1.286503e+00 0.000000e+00 -6.334075e-02
0.000000e+00 3.630000e+00 1.281482e+00 1.281484e+00 0.000000e+00 -6.161007e-02
0.000000e+00 3.685000e+00 1.276584e+00 1.276586e+00 0.000000e+00 -5.990928e-02
0.000000e+00 3.740000e+00 1.271824e+00 1.271826e+00 0.000000e+00 -5.825410e-02
0.000000e+00 3.795000e+00 1.267243e+00 1.267245e+00 0.000000e+00 -5.667871e-02
0.000000e+00 3.850000e+00 1.262884e+00 1.262886e+00 0.000000e+00 -5.521571e-02
0.000000e+00 3.905000e+00 1.258755e+00 1.258757e+00 0.000000e+00 -5.387052e-02
0.000000e+00 3.960000e+00 1.254812e+00 1.254814e+00 0.000000e+00 -5.260805e-02
0.000000e+00 4.015000e+00 1.250973e+00 1.250975e+00 0.000000e+00 -5.136714e-02
0.000000e+00 4.070000e+00 1.247168e+00 1.247170e+00 0.000000e+00 -5.009822e-02
0.000000e+00 4.125000e+00 1.243387e+00 1.243388e+00 0.000000e+00 -4.879791e-02
0.000000e+00 4.180000e+00 1.239683e+00 1.239684e+00 0.000000e+00 -4.751362e-02
0.000000e+00 4.235000e+00 1.236141e+00 1.236143e+00 0.000000e+00 -4.631457e-02
0.000000e+00 4.290000e+00 1.232821e+00 1.232823e+00 0.000000e+00 -4.524697e-02
0.000000e+00 4.345000e+00 1.229710e+00 1.229711e+00 0.000000e+00 -4.430091e-02
0.000000e+00 4.400000e+00 1.226727e+00 1.226728e+00 0.000000e+00 -4.341508e-02
0.000000e+00 4.455000e+00 1.223781e+00 1.223782e+00 0.000000e+00 -4.251947e-02
0.000000e+00 4.510000e+00 1.220827e+00 1.220828e+00 0.000000e+00 -4.158199e-02
0.000000e+00 4.565000e+00 1.217889e+00 1.217890e+00 0.000000e+00 -4.062250e-02
0.000000e+00 4.620000e+00 1.215027e+00 1.215028e+00 0.000000e+00 -3.968833e-02
0.000000e+00 4.675000e+00 1.212292e+00 1.212293e+00 0.000000e+00 -3.881640e-02
0.000000e+00 4.730000e+00 1.209689e+00 1.209690e+00 0.000000e+00 -3.801072e-02
0.000000e+00 4.785000e+00 1.207189e+00 1.207190e+00 0.000000e+00 -3.724826e-02
0.000000e+00 4.840000e+00 1.204759e+00 1.204760e+00 0.000000e+00 -3.650372e-02
0.000000e+00 4.895000e+00 1.202386e+00 1.202387e+00 0.000000e+00 -3.576929e-02
0.000000e+00 4.950000e+00 1.200079e+00 1.200080e+00 0.000000e+00 -3.505462e-02
0.000000e+00 5.005000e+00 1.197854e+00 1.197854e+00 0.000000e+00 -3.437216e-02
0.000000e+00 5.060000e+00 1.195709e+00 1.195710e+00 0.000000e+00 -3.372411e-02
0.000000e+00 5.115000e+00 1.193634e+00 1.193635e+00 0.000000e+00 -3.310142e-02
0.000000e+00 5.170000e+00 1.191612e+00 1.191612e+00 0.000000e+00 -3.249262e-02
0.000000e+00 5.225000e+00 1.189633e+00 1.189634e+00 0.000000e+00 -3.189221e-02
0.000000e+00 5.280000e+00 1.187699e+00 1.187699e+00 0.000000e+00 -3.130144e-02
0.000000e+00 5.335000e+00 1.185811e+00 1.185811e+00 0.000000e+00 -3.072324e-02
0.000000e+00 5.390000e+00 1.183967e+00 1.183968e+00 0.000000e+00 -3.015746e-02
0.000000e+00 5.445000e+00 1.182162e+00 1.182163e+00 0.000000e+00 -2.960095e-02
0.000000e+00 5.500000e+00 1.180391e+00 1.180392e+00 0.000000e+00 -2.905100e-02
0.000000e+00 5.555000e+00 1.178653e+00 1.178654e+00 0.000000e+00 -2.850809e-02
0.000000e+00 5.610000e+00 1.176953e+00 1.176954e+00 0.000000e+00 -2.797556e-02
0.000000e+00 5.665000e+00 1.175296e+00 1.175296e+00 0.000000e+00 -2.745694e-02
0.000000e+00 5.720000e+00 1.173683e+00 1.173684e+00 0.000000e+00 -2.695364e-02
0.000000e+00 5.775000e+00 1.172114e+00 1.172115e+00 0.000000e+00 -2.646447e-02
0.000000e+00 5.830000e+00 1.170587e+00 1.170587e+00 0.000000e+00 -2.598683e-02
0.000000e+00 5.885000e+00 1.169098e+00 1.169099e+00 0.000000e+00 -2.551811e-02
0.000000e+00 5.940000e+00 1.167646e+00 1.167647e+00 0.000000e+00 -2.505648e-02
0.000000e+00 5.995000e+00 1.166230e+00 1.166230e+00 0.000000e+00 -2.460086e-02
0.000000e+00 6.050000e+00 1.164847e+00 1.164848e+00 0.000000e+00 -2.415044e-02
0.000000e+00 6.105000e+00 1.163497e+00 1.163497e+00 0.000000e+00 -2.370453e-02
0.000000e+00 6.160000e+00 1.162176e+00 1.162176e+00 0.000000e+00 -2.326264e-02
0.000000e+00 6.215000e+00 1.160881e+00 1.160882e+00 0.000000e+00 -2.282481e-02
0.000000e+00 6.270000e+00 1.159612e+00 1.159613e+00 0.000000e+00 -2.239168e-02
0.000000e+00 6.325000e+00 1.158368e+00 1.158369e+00 0.000000e+00 -2.196425e-02
0.000000e+00 6.380000e+00 1.157150e+00 1.157150e+00 0.000000e+00 -2.154335e-02
0.000000e+00 6.435000e+00 1.155958e+00 1.155958e+00 0.000000e+00 -2.112921e-02
0.000000e+00 6.490000e+00 1.154793e+00 1.154794e+00 0.000000e+00 -2.072133e-02
0.000000e+00 6.545000e+00 1.153657e+00 1.153658e+00 0.000000e+00 -2.031880e-02
0.000000e+00 6.600000e+00 1.152551e+00 1.152551e+00 0.000000e+00 -1.992063e-02
0.000000e+00 6.655000e+00 1.151474e+00 1.151475e+00 0.000000e+00 -1.952594e-02
0.000000e+00 6.710000e+00 1.150428e+00 1.150428e+00 0.000000e+00 -1.913392e-02
0.000000e+00 6.765000e+00 1.149412e+00 1.149412e+00 0.000000e+00 -1.874393e-02
0.000000e+00 6.820000e+00 1.148424e+00 1.148424e+00 0.000000e+00 -1.835571e-02
0.000000e+00 6.875000e+00 1.147463e+00 1.147464e+00 0.000000e+00 -1.796959e-02
0.000000e+00 6.930000e+00 1.146528e+00 1.146528e+00 0.000000e+00 -1.758656e-02
0.000000e+00 6.985000e+00 1.145616e+00 1.145616e+00 0.000000e+00 -1.720788e-02
0.000000e+00 7.040000e+00 1.144724e+00 1.144724e+00 0.000000e+00 -1.683458e-02
0.000000e+00 7.095000e+00 1.143850e+00 1.143850e+00 0.000000e+00 -1.646713e-02
0.000000e+00 7.150000e+00 1.142991e+00 1.142992e+00 0.000000e+00 -1.610550e-02
0.000000e+00 7.205000e+00 1.142146e+00 1.142147e+00 0.000000e+00 -1.574937e-02
0.000000e+00 7.260000e+00 1.141314e+00 1.141315e+00 0.000000e+00 -1.539826e-02
0.000000e+00 7.315000e+00 1.140496e+00 1.140496e+00 0.000000e+00 -1.505143e-02
0.000000e+00 7.370000e+00 1.139691e+00 1.139691e+00 0.000000e+00 -1.470762e-02
0.000000e+00 7.425000e+00 1.138902e+00 1.138903e+00 0.000000e+00 -1.436504e-02
0.000000e+00 7.480000e+00 1.138132e+00 1.138132e+00 0.000000e+00 -1.402164e-02
0.000000e+00 7.535000e+00 1.137382e+00 1.137382e+00 0.000000e+00 -1.367579e-02
0.000000e+00 7.590000e+00 1.136655e+00 1.136656e+00 0.000000e+00 -1.332682e-02
0.000000e+00 7.645000e+00 1.135953e+00 1.135953e+00 0.000000e+00 -1.297520e-02
0.000000e+00 7.700000e+00 1.135273e+00 1.135273e+00 0.000000e+00 -1.262230e-02
0.000000e+00 7.755000e+00 1.134612e+00 1.134612e+00 0.000000e+00 -1.226979e-02
0.000000e+00 7.810000e+00 1.133967e+00 1.133967e+00 0.000000e+00 -1.191914e-02
0.000000e+00 7.865000e+00 1.133334e+00 1.133334e+00 0.000000e+00 -1.157133e-02
0.000000e+00 7.920000e+00 1.132711e+00 1.132711e+00 0.000000e+00 -1.122686e-02
0.000000e+00 7.975000e+00 1.132099e+00 1.132100e+00 0.000000e+00 -1.088593e-02
0.000000e+00 8.030000e+00 1.131500e+00 1.131500e+00 0.000000e+00 -1.054849e-02
0.000000e+00 8.085000e+00 1.130913e+00 1.130913e+00 0.000000e+00 -1.021412e-02
0.000000e+00 8.140000e+00 1.130339e+00 1.130339e+00 0.000000e+00 -9.881798e-03
0.000000e+00 8.195000e+00 1.129779e+00 1.129779e+00 0.000000e+00 -9.549885e-03
0.000000e+00 8.250000e+00 1.129231e+00 1.129231e+00 0.000000e+00 -9.216448e-03
0.000000e+00 8.305000e+00 1.128695e+00 1.128695e+00 0.000000e+00 -8.879959e-03
0.000000e+00 8.360000e+00 1.128172e+00 1.128172e+00 0.000000e+00 -8.540009e-03
0.000000e+00 8.415000e+00 1.127661e+00 1.127661e+00 0.000000e+00 -8.197625e-03
0.000000e+00 8.470000e+00 1.127163e+00 1.127163e+00 0.000000e+00 -7.854969e-03
0.000000e+00 8.525000e+00 1.126677e+00 1.126677e+00 0.000000e+00 -7.514525e-03
0.000000e+00 8.580000e+00 1.126205e+00 1.126205e+00 0.000000e+00 -7.178210e-03
0.000000e+00 8.635000e+00 1.125745e+00 1.125745e+00 0.000000e+00 -6.846849e-03
0.000000e+00 8.690000e+00 1.125294e+00 1.125295e+00 0.000000e+00 -6.520161e-03
0.000000e+00 8.745000e+00 1.124852e+00 1.124852e+00 0.000000e+00 -6.197064e-03
0.000000e+00 8.800000e+00 1.124412e+00 1.124413e+00 0.000000e+00 -5.875984e-03
0.000000e+00 8.855000e+00 1.123975e+00 1.123975e+00 0.000000e+00 -5.555030e-03
0.000000e+00 8.910000e+00 1.123539e+00 1.123539e+00 0.000000e+00 -5.232209e-03
0.000000e+00 8.965000e+00 1.123107e+00 1.123107e+00 0.000000e+00 -4.905884e-03
0.000000e+00 9.020000e+00 1.122683e+00 1.122683e+00 0.000000e+00 -4.575327e-03
0.000000e+00 9.075000e+00 1.122271e+00 1.122272e+00 0.000000e+00 -4.240839e-03
0.000000e+00 9.130000e+00 1.121876e+00 1.121876e+00 0.000000e+00 -3.902877e-03
0.000000e+00 9.185000e+00 1.121496e+00 1.121496e+00 0.000000e+00 -3.560528e-03
0.000000e+00 9.240000e+00 1.121128e+00 1.121128e+00 0.000000e+00 -3.210346e-03
0.000000e+00 9.295000e+00 1.120768e+00 1.120768e+00 0.000000e+00 -2.846968e-03
0.000000e+00 9.350000e+00 1.120409e+00 1.120409e+00 0.000000e+00 -2.465140e-03
0.000000e+00 9.405000e+00 1.120046e+00 1.120046e+00 0.000000e+00 -2.062543e-03
0.000000e+00 9.460000e+00 1.119675e+00 1.119675e+00 0.000000e+00 -1.641212e-03
0.000000e+00 9.515000e+00 1.119299e+00 1.119299e+00 0.000000e+00 -1.210673e-03
0.000000e+00 9.570000e+00 1.118923e+00 1.118923e+00 0.000000e+00 -7.914412e-04
0.000000e+00 9.625000e+00 1.118555e+00 1.118555e+00 0.000000e+00 -4.225287e-04
0.000000e+00 9.680000e+00 1.118207e+00 1.118207e+00 0.000000e+00 -1.553989e-04
0.000000e+00 9.735000e+00 1.117881e+00 1.117881e+00 0.000000e+00 -3.579206e-05
0.000000e+00 9.790000e+00 1.117577e+00 1.117577e+00 0.000000e+00 -5.849870e-05
0.000000e+00 9.845000e+00 1.117281e+00 1.117281e+00 0.000000e+00 -1.524186e-04
0.000000e+00 9.900000e+00 1.116987e+00 1.116988e+00 0.000000e+00 -1.803049e-04
0.000000e+00 9.955000e+00 1.116670e+00 1.116670e+00 0.000000e+00 -5.274334e-05
0.000000e+00 1.001000e+01 1.105114e+00 1.105114e+00 -0.000000e+00 -1.013850e-02
0.000000e+00 1.006500e+01 1.105114e+00 1.105114e+00 -0.000000e+00 -1.013850e-02
0.000000e+00 1.012000e+01 1.105114e+00 1.105114e+00 -0.000000e+00 -1.013850e-02
0.000000e+00 1.017500e+01 1.105114e+00 1.105114e+00 -0.000000e+00 -1.013850e-02
0.000000e+00 1.023000e+01 1.105114e+00 1.105114e+00 -0.000000e+00 -1.013850e-02
0.000000e+00 1.028500e+01 1.105114e+00 1.105114e+00 -0.000000e+00 -1.013850e-02
0.000000e+00 1.034000e+01 1.105114e+00 1.105114e+00 -0.000000e+00 -1.013850e-02
0.000000e+00 1.039500e+01 1.105114e+00 1.105114e+00 -0.000000e+00 -1.013850e-02
0.000000e+00 1.045000e+01 1.105114e+00 1.105114e+00 -0.000000e+00 -1.013850e-02
0.000000e+00 1.050500e+01 1.105114e+00 1.105114e+00 -0.000000e+00 -1.013850e-02
0.000000e+00 1.056000e+01 1.105114e+00 1.105114e+00 -0.000000e+00 -1.013850e-02
0.000000e+00 1.061500e+01 1.105114e+00 1.105114e+00 -0.000000e+00 -1.013850e-02
0.000000e+00 1.067000e+01 1.105114e+00 1.105114e+00 -0.000000e+00 -1.013850e-02
0.000000e+00 1.072500e+01 1.105114e+00 1.105114e+00 -0.000000e+00 -1.013850e-02
0.000000e+00 1.078000e+01 1.105114e+00 1.105114e+00 -0.000000e+00 -1.013850e-02
0.000000e+00 1.083500e+01 1.105114e+00 1.105114e+00 -0.000000e+00 -1.013850e-02
0.000000e+00 1.089000e+01 1.105114e+00 1.105114e+00 -0.000000e+00 -1.013850e-02
0.000000e+00 1.094500e+01 1.105114e+00 1.105114e+00 -0.000000e+00 -1.013850e-02
0.000000e+00 1.100000e+01 1.105114e+00 1.105114e+00 -0.000000e+00 -1.013850e-02
