#############TIME##################
1.240158e+01 
###################################
0.000000e+00 0.000000e+00 2.344715e+01 2.344774e+01 0.000000e+00 -3.043341e+00
0.000000e+00 5.500000e-02 2.344715e+01 2.344774e+01 0.000000e+00 -3.043341e+00
0.000000e+00 1.100000e-01 2.344433e+01 2.344493e+01 0.000000e+00 -3.043344e+00
0.000000e+00 1.650000e-01 1.452291e+01 1.452328e+01 0.000000e+00 -2.295256e+00
0.000000e+00 2.200000e-01 1.072962e+01 1.072986e+01 0.000000e+00 -1.933814e+00
0.000000e+00 2.750000e-01 8.411452e+00 8.411621e+00 0.000000e+00 -1.639366e+00
0.000000e+00 3.300000e-01 6.940805e+00 6.940933e+00 0.000000e+00 -1.422705e+00
0.000000e+00 3.850000e-01 5.894508e+00 5.894606e+00 0.000000e+00 -1.246025e+00
0.000000e+00 4.400000e-01 5.148854e+00 5.148933e+00 0.000000e+00 -1.105328e+00
0.000000e+00 4.950000e-01 4.580092e+00 4.580157e+00 0.000000e+00 -9.871883e-01
0.000000e+00 5.500000e-01 4.139452e+00 4.139506e+00 0.000000e+00 -8.894211e-01
0.000000e+00 6.050000e-01 3.788086e+00 3.788132e+00 0.000000e+00 -8.054151e-01
0.000000e+00 6.600000e-01 3.502819e+00 3.502860e+00 0.000000e+00 -7.336634e-01
0.000000e+00 7.150000e-01 3.266664e+00 3.266699e+00 0.000000e+00 -6.712187e-01
0.000000e+00 7.700000e-01 3.068668e+00 3.068699e+00 0.000000e+00 -6.167279e-01
0.000000e+00 8.250000e-01 2.900457e+00 2.900485e+00 0.000000e+00 -5.686694e-01
0.000000e+00 8.800000e-01 2.756098e+00 2.756124e+00 0.000000e+00 -5.260802e-01
0.000000e+00 9.350000e-01 2.630989e+00 2.631012e+00 0.000000e+00 -4.880790e-01
0.000000e+00 9.900000e-01 2.521662e+00 2.521683e+00 0.000000e+00 -4.540085e-01
0.000000e+00 1.045000e+00 2.425384e+00 2.425403e+00 0.000000e+00 -4.233101e-01
0.000000e+00 1.100000e+00 2.340015e+00 2.340033e+00 0.000000e+00 -3.955376e-01
0.000000e+00 1.155000e+00 2.263845e+00 2.263861e+00 0.000000e+00 -3.703168e-01
0.000000e+00 1.210000e+00 2.195502e+00 2.195517e+00 0.000000e+00 -3.473367e-01
0.000000e+00 1.265000e+00 2.133877e+00 2.133891e+00 0.000000e+00 -3.263317e-01
0.000000e+00 1.320000e+00 2.078064e+00 2.078077e+00 0.000000e+00 -3.070741e-01
0.000000e+00 1.375000e+00 2.027319e+00 2.027331e+00 0.000000e+00 -2.893660e-01
0.000000e+00 1.430000e+00 1.981025e+00 1.981036e+00 0.000000e+00 -2.730347e-01
0.000000e+00 1.485000e+00 1.938660e+00 1.938671e+00 0.000000e+00 -2.579295e-01
0.000000e+00 1.540000e+00 1.899782e+00 1.899793e+00 0.000000e+00 -2.439193e-01
0.000000e+00 1.595000e+00 1.864003e+00 1.864013e+00 0.000000e+00 -2.308920e-01
0.000000e+00 1.650000e+00 1.830981e+00 1.830990e+00 0.000000e+00 -2.187537e-01
0.000000e+00 1.705000e+00 1.800412e+00 1.800421e+00 0.000000e+00 -2.074263e-01
0.000000e+00 1.760000e+00 1.772030e+00 1.772038e+00 0.000000e+00 -1.968444e-01
0.000000e+00 1.815000e+00 1.745602e+00 1.745610e+00 0.000000e+00 -1.869501e-01
0.000000e+00 1.870000e+00 1.720932e+00 1.720940e+00 0.000000e+00 -1.776894e-01
0.000000e+00 1.925000e+00 1.697855e+00 1.697862e+00 0.000000e+00 -1.690103e-01
0.000000e+00 1.980000e+00 1.676228e+00 1.676235e+00 0.000000e+00 -1.608631e-01
0.000000e+00 2.035000e+00 1.655930e+00 1.655937e+00 0.000000e+00 -1.532016e-01
0.000000e+00 2.090000e+00 1.636853e+00 1.636859e+00 0.000000e+00 -1.459831e-01
0.000000e+00 2.145000e+00 1.618901e+00 1.618907e+00 0.000000e+00 -1.391689e-01
0.000000e+00 2.200000e+00 1.601990e+00 1.601996e+00 0.000000e+00 -1.327237e-01
0.000000e+00 2.255000e+00 1.586042e+00 1.586048e+00 0.000000e+00 -1.266163e-01
0.000000e+00 2.310000e+00 1.570983e+00 1.570989e+00 0.000000e+00 -1.208206e-01
0.000000e+00 2.365000e+00 1.556742e+00 1.556747e+00 0.000000e+00 -1.153163e-01
0.000000e+00 2.420000e+00 1.543245e+00 1.543250e+00 0.000000e+00 -1.100889e-01
0.000000e+00 2.475000e+00 1.530423e+00 1.530428e+00 0.000000e+00 -1.051280e-01
0.000000e+00 2.530000e+00 1.518213e+00 1.518218e+00 0.000000e+00 -1.004243e-01
0.000000e+00 2.585000e+00 1.506563e+00 1.506568e+00 0.000000e+00 -9.596582e-02
0.000000e+00 2.640000e+00 1.495437e+00 1.495442e+00 0.000000e+00 -9.173593e-02
0.000000e+00 2.695000e+00 1.484812e+00 1.484817e+00 0.000000e+00 -8.771260e-02
0.000000e+00 2.750000e+00 1.474675e+00 1.474679e+00 0.000000e+00 -8.387142e-02
0.000000e+00 2.805000e+00 1.465010e+00 1.465014e+00 0.000000e+00 -8.019033e-02
0.000000e+00 2.860000e+00 1.455797e+00 1.455801e+00 0.000000e+00 -7.665415e-02
0.000000e+00 2.915000e+00 1.447003e+00 1.447007e+00 0.000000e+00 -7.325647e-02
0.000000e+00 2.970000e+00 1.438587e+00 1.438591e+00 0.000000e+00 -6.999774e-02
0.000000e+00 3.025000e+00 1.430509e+00 1.430512e+00 0.000000e+00 -6.688085e-02
0.000000e+00 3.080000e+00 1.422735e+00 1.422739e+00 0.000000e+00 -6.390618e-02
0.000000e+00 3.135000e+00 1.415246e+00 1.415249e+00 0.000000e+00 -6.106840e-02
0.000000e+00 3.190000e+00 1.408031e+00 1.408035e+00 0.000000e+00 -5.835555e-02
0.000000e+00 3.245000e+00 1.401093e+00 1.401096e+00 0.000000e+00 -5.575055e-02
0.000000e+00 3.300000e+00 1.394436e+00 1.394439e+00 0.000000e+00 -5.323478e-02
0.000000e+00 3.355000e+00 1.388060e+00 1.388064e+00 0.000000e+00 -5.079321e-02
0.000000e+00 3.410000e+00 1.381954e+00 1.381957e+00 0.000000e+00 -4.842004e-02
0.000000e+00 3.465000e+00 1.376086e+00 1.376089e+00 0.000000e+00 -4.612183e-02
0.000000e+00 3.520000e+00 1.370409e+00 1.370412e+00 0.000000e+00 -4.391541e-02
0.000000e+00 3.575000e+00 1.364879e+00 1.364882e+00 0.000000e+00 -4.181976e-02
0.000000e+00 3.630000e+00 1.359463e+00 1.359465e+00 0.000000e+00 -3.984514e-02
0.000000e+00 3.685000e+00 1.354157e+00 1.354160e+00 0.000000e+00 -3.798569e-02
0.000000e+00 3.740000e+00 1.348981e+00 1.348984e+00 0.000000e+00 -3.622021e-02
0.000000e+00 3.795000e+00 1.343966e+00 1.343968e+00 0.000000e+00 -3.452133e-02
0.000000e+00 3.850000e+00 1.339131e+00 1.339133e+00 0.000000e+00 -3.286722e-02
0.000000e+00 3.905000e+00 1.334478e+00 1.334480e+00 0.000000e+00 -3.124855e-02
0.000000e+00 3.960000e+00 1.329994e+00 1.329996e+00 0.000000e+00 -2.966734e-02
0.000000e+00 4.015000e+00 1.325658e+00 1.325661e+00 0.000000e+00 -2.812993e-02
0.000000e+00 4.070000e+00 1.321458e+00 1.321460e+00 0.000000e+00 -2.664025e-02
0.000000e+00 4.125000e+00 1.317384e+00 1.317386e+00 0.000000e+00 -2.519796e-02
0.000000e+00 4.180000e+00 1.313430e+00 1.313432e+00 0.000000e+00 -2.380152e-02
0.000000e+00 4.235000e+00 1.309584e+00 1.309587e+00 0.000000e+00 -2.245214e-02
0.000000e+00 4.290000e+00 1.305832e+00 1.305834e+00 0.000000e+00 -2.115438e-02
0.000000e+00 4.345000e+00 1.302158e+00 1.302160e+00 0.000000e+00 -1.991266e-02
0.000000e+00 4.400000e+00 1.298556e+00 1.298558e+00 0.000000e+00 -1.872661e-02
0.000000e+00 4.455000e+00 1.295032e+00 1.295034e+00 0.000000e+00 -1.758928e-02
0.000000e+00 4.510000e+00 1.291595e+00 1.291597e+00 0.000000e+00 -1.648995e-02
0.000000e+00 4.565000e+00 1.288254e+00 1.288256e+00 0.000000e+00 -1.541956e-02
0.000000e+00 4.620000e+00 1.285009e+00 1.285011e+00 0.000000e+00 -1.437481e-02
0.000000e+00 4.675000e+00 1.281849e+00 1.281851e+00 0.000000e+00 -1.335835e-02
0.000000e+00 4.730000e+00 1.278762e+00 1.278764e+00 0.000000e+00 -1.237533e-02
0.000000e+00 4.785000e+00 1.275737e+00 1.275739e+00 0.000000e+00 -1.142933e-02
0.000000e+00 4.840000e+00 1.272770e+00 1.272771e+00 0.000000e+00 -1.052048e-02
0.000000e+00 4.895000e+00 1.269858e+00 1.269860e+00 0.000000e+00 -9.646653e-03
0.000000e+00 4.950000e+00 1.266999e+00 1.267001e+00 0.000000e+00 -8.806106e-03
0.000000e+00 5.005000e+00 1.264190e+00 1.264191e+00 0.000000e+00 -7.998784e-03
0.000000e+00 5.060000e+00 1.261425e+00 1.261426e+00 0.000000e+00 -7.224960e-03
0.000000e+00 5.115000e+00 1.258706e+00 1.258708e+00 0.000000e+00 -6.481999e-03
0.000000e+00 5.170000e+00 1.256047e+00 1.256048e+00 0.000000e+00 -5.761862e-03
0.000000e+00 5.225000e+00 1.253465e+00 1.253467e+00 0.000000e+00 -5.051799e-03
0.000000e+00 5.280000e+00 1.250982e+00 1.250983e+00 0.000000e+00 -4.338711e-03
0.000000e+00 5.335000e+00 1.248605e+00 1.248607e+00 0.000000e+00 -3.615224e-03
0.000000e+00 5.390000e+00 1.246326e+00 1.246328e+00 0.000000e+00 -2.884165e-03
0.000000e+00 5.445000e+00 1.244117e+00 1.244118e+00 0.000000e+00 -2.158686e-03
0.000000e+00 5.500000e+00 1.241942e+00 1.241943e+00 0.000000e+00 -1.457511e-03
0.000000e+00 5.555000e+00 1.239771e+00 1.239772e+00 0.000000e+00 -7.973694e-04
0.000000e+00 5.610000e+00 1.237589e+00 1.237590e+00 0.000000e+00 -1.862344e-04
0.000000e+00 5.665000e+00 1.235402e+00 1.235403e+00 0.000000e+00 3.794115e-04
0.000000e+00 5.720000e+00 1.233230e+00 1.233231e+00 0.000000e+00 9.120287e-04
0.000000e+00 5.775000e+00 1.231096e+00 1.231098e+00 0.000000e+00 1.426628e-03
0.000000e+00 5.830000e+00 1.229015e+00 1.229017e+00 0.000000e+00 1.933826e-03
0.000000e+00 5.885000e+00 1.226986e+00 1.226988e+00 0.000000e+00 2.435767e-03
0.000000e+00 5.940000e+00 1.224996e+00 1.224997e+00 0.000000e+00 2.926772e-03
0.000000e+00 5.995000e+00 1.223029e+00 1.223030e+00 0.000000e+00 3.398058e-03
0.000000e+00 6.050000e+00 1.221075e+00 1.221076e+00 0.000000e+00 3.843833e-03
0.000000e+00 6.105000e+00 1.219137e+00 1.219138e+00 0.000000e+00 4.265436e-03
0.000000e+00 6.160000e+00 1.217231e+00 1.217233e+00 0.000000e+00 4.671336e-03
0.000000e+00 6.215000e+00 1.215376e+00 1.215377e+00 0.000000e+00 5.073115e-03
0.000000e+00 6.270000e+00 1.213582e+00 1.213583e+00 0.000000e+00 5.479623e-03
0.000000e+00 6.325000e+00 1.211848e+00 1.211849e+00 0.000000e+00 5.892469e-03
0.000000e+00 6.380000e+00 1.210161e+00 1.210163e+00 0.000000e+00 6.305262e-03
0.000000e+00 6.435000e+00 1.208501e+00 1.208503e+00 0.000000e+00 6.706995e-03
0.000000e+00 6.490000e+00 1.206851e+00 1.206852e+00 0.000000e+00 7.087741e-03
0.000000e+00 6.545000e+00 1.205206e+00 1.205207e+00 0.000000e+00 7.443551e-03
0.000000e+00 6.600000e+00 1.203570e+00 1.203571e+00 0.000000e+00 7.777870e-03
0.000000e+00 6.655000e+00 1.201956e+00 1.201957e+00 0.000000e+00 8.098647e-03
0.000000e+00 6.710000e+00 1.200372e+00 1.200373e+00 0.000000e+00 8.412659e-03
0.000000e+00 6.765000e+00 1.198816e+00 1.198817e+00 0.000000e+00 8.720128e-03
0.000000e+00 6.820000e+00 1.197269e+00 1.197270e+00 0.000000e+00 9.012735e-03
0.000000e+00 6.875000e+00 1.195708e+00 1.195709e+00 0.000000e+00 9.276418e-03
0.000000e+00 6.930000e+00 1.194110e+00 1.194111e+00 0.000000e+00 9.497838e-03
0.000000e+00 6.985000e+00 1.192468e+00 1.192468e+00 0.000000e+00 9.671422e-03
0.000000e+00 7.040000e+00 1.190792e+00 1.190793e+00 0.000000e+00 9.803437e-03
0.000000e+00 7.095000e+00 1.189114e+00 1.189115e+00 0.000000e+00 9.910937e-03
0.000000e+00 7.150000e+00 1.187471e+00 1.187472e+00 0.000000e+00 1.001600e-02
0.000000e+00 7.205000e+00 1.185896e+00 1.185897e+00 0.000000e+00 1.013798e-02
0.000000e+00 7.260000e+00 1.184405e+00 1.184406e+00 0.000000e+00 1.028727e-02
0.000000e+00 7.315000e+00 1.182995e+00 1.182996e+00 0.000000e+00 1.046294e-02
0.000000e+00 7.370000e+00 1.181648e+00 1.181649e+00 0.000000e+00 1.065492e-02
0.000000e+00 7.425000e+00 1.180337e+00 1.180338e+00 0.000000e+00 1.084893e-02
0.000000e+00 7.480000e+00 1.179039e+00 1.179040e+00 0.000000e+00 1.103173e-02
0.000000e+00 7.535000e+00 1.177737e+00 1.177738e+00 0.000000e+00 1.119437e-02
0.000000e+00 7.590000e+00 1.176426e+00 1.176427e+00 0.000000e+00 1.133297e-02
0.000000e+00 7.645000e+00 1.175106e+00 1.175107e+00 0.000000e+00 1.144759e-02
0.000000e+00 7.700000e+00 1.173782e+00 1.173782e+00 0.000000e+00 1.154058e-02
0.000000e+00 7.755000e+00 1.172459e+00 1.172460e+00 0.000000e+00 1.161539e-02
0.000000e+00 7.810000e+00 1.171145e+00 1.171146e+00 0.000000e+00 1.167594e-02
0.000000e+00 7.865000e+00 1.169847e+00 1.169847e+00 0.000000e+00 1.172596e-02
0.000000e+00 7.920000e+00 1.168567e+00 1.168567e+00 0.000000e+00 1.176743e-02
0.000000e+00 7.975000e+00 1.167301e+00 1.167302e+00 0.000000e+00 1.179812e-02
0.000000e+00 8.030000e+00 1.166034e+00 1.166035e+00 0.000000e+00 1.180931e-02
0.000000e+00 8.085000e+00 1.164736e+00 1.164736e+00 0.000000e+00 1.178544e-02
0.000000e+00 8.140000e+00 1.163370e+00 1.163371e+00 0.000000e+00 1.170709e-02
0.000000e+00 8.195000e+00 1.161907e+00 1.161907e+00 0.000000e+00 1.155752e-02
0.000000e+00 8.250000e+00 1.160336e+00 1.160337e+00 0.000000e+00 1.133067e-02
0.000000e+00 8.305000e+00 1.158680e+00 1.158681e+00 0.000000e+00 1.103738e-02
0.000000e+00 8.360000e+00 1.156991e+00 1.156992e+00 0.000000e+00 1.070573e-02
0.000000e+00 8.415000e+00 1.155339e+00 1.155339e+00 0.000000e+00 1.037373e-02
0.000000e+00 8.470000e+00 1.153783e+00 1.153783e+00 0.000000e+00 1.007665e-02
0.000000e+00 8.525000e+00 1.152353e+00 1.152354e+00 0.000000e+00 9.833419e-03
0.000000e+00 8.580000e+00 1.151035e+00 1.151036e+00 0.000000e+00 9.637628e-03
0.000000e+00 8.635000e+00 1.149772e+00 1.149772e+00 0.000000e+00 9.458219e-03
0.000000e+00 8.690000e+00 1.148486e+00 1.148487e+00 0.000000e+00 9.251082e-03
0.000000e+00 8.745000e+00 1.147112e+00 1.147113e+00 0.000000e+00 8.976232e-03
0.000000e+00 8.800000e+00 1.145617e+00 1.145618e+00 0.000000e+00 8.612985e-03
0.000000e+00 8.855000e+00 1.144011e+00 1.144012e+00 0.000000e+00 8.166396e-03
0.000000e+00 8.910000e+00 1.142337e+00 1.142338e+00 0.000000e+00 7.661924e-03
0.000000e+00 8.965000e+00 1.140646e+00 1.140646e+00 0.000000e+00 7.131541e-03
0.000000e+00 9.020000e+00 1.138975e+00 1.138975e+00 0.000000e+00 6.598774e-03
0.000000e+00 9.075000e+00 1.137333e+00 1.137333e+00 0.000000e+00 6.070258e-03
0.000000e+00 9.130000e+00 1.135705e+00 1.135705e+00 0.000000e+00 5.537565e-03
0.000000e+00 9.185000e+00 1.134063e+00 1.134063e+00 0.000000e+00 4.987201e-03
0.000000e+00 9.240000e+00 1.132383e+00 1.132383e+00 0.000000e+00 4.411234e-03
0.000000e+00 9.295000e+00 1.130651e+00 1.130651e+00 0.000000e+00 3.811295e-03
0.000000e+00 9.350000e+00 1.128861e+00 1.128861e+00 0.000000e+00 3.192608e-03
0.000000e+00 9.405000e+00 1.127009e+00 1.127009e+00 0.000000e+00 2.552391e-03
0.000000e+00 9.460000e+00 1.125086e+00 1.125086e+00 0.000000e+00 1.870291e-03
0.000000e+00 9.515000e+00 1.123082e+00 1.123082e+00 0.000000e+00 1.107304e-03
0.000000e+00 9.570000e+00 1.120993e+00 1.120993e+00 0.000000e+00 2.187563e-04
0.000000e+00 9.625000e+00 1.118820e+00 1.118821e+00 0.000000e+00 -8.389556e-04
0.000000e+00 9.680000e+00 1.116596e+00 1.116596e+00 0.000000e+00 -2.071264e-03
0.000000e+00 9.735000e+00 1.114295e+00 1.114295e+00 0.000000e+00 -3.514912e-03
0.000000e+00 9.790000e+00 1.112043e+00 1.112043e+00 0.000000e+00 -5.051515e-03
0.000000e+00 9.845000e+00 1.109563e+00 1.109563e+00 0.000000e+00 -6.928899e-03
0.000000e+00 9.900000e+00 1.107426e+00 1.107426e+00 0.000000e+00 -8.495246e-03
0.000000e+00 9.955000e+00 1.103940e+00 1.103940e+00 0.000000e+00 -1.185759e-02
0.000000e+00 1.001000e+01 1.105114e+00 1.105114e+00 -0.000000e+00 -1.013850e-02
0.000000e+00 1.006500e+01 1.105114e+00 1.105114e+00 -0.000000e+00 -1.013850e-02
0.000000e+00 1.012000e+01 1.105114e+00 1.105114e+00 -0.000000e+00 -1.013850e-02
0.000000e+00 1.017500e+01 1.105114e+00 1.105114e+00 -0.000000e+00 -1.013850e-02
0.000000e+00 1.023000e+01 1.105114e+00 1.105114e+00 -0.000000e+00 -1.013850e-02
0.000000e+00 1.028500e+01 1.105114e+00 1.105114e+00 -0.000000e+00 -1.013850e-02
0.000000e+00 1.034000e+01 1.105114e+00 1.105114e+00 -0.000000e+00 -1.013850e-02
0.000000e+00 1.039500e+01 1.105114e+00 1.105114e+00 -0.000000e+00 -1.013850e-02
0.000000e+00 1.045000e+01 1.105114e+00 1.105114e+00 -0.000000e+00 -1.013850e-02
0.000000e+00 1.050500e+01 1.105114e+00 1.105114e+00 -0.000000e+00 -1.013850e-02
0.000000e+00 1.056000e+01 1.105114e+00 1.105114e+00 -0.000000e+00 -1.013850e-02
0.000000e+00 1.061500e+01 1.105114e+00 1.105114e+00 -0.000000e+00 -1.013850e-02
0.000000e+00 1.067000e+01 1.105114e+00 1.105114e+00 -0.000000e+00 -1.013850e-02
0.000000e+00 1.072500e+01 1.105114e+00 1.105114e+00 -0.000000e+00 -1.013850e-02
0.000000e+00 1.078000e+01 1.105114e+00 1.105114e+00 -0.000000e+00 -1.013850e-02
0.000000e+00 1.083500e+01 1.105114e+00 1.105114e+00 -0.000000e+00 -1.013850e-02
0.000000e+00 1.089000e+01 1.105114e+00 1.105114e+00 -0.000000e+00 -1.013850e-02
0.000000e+00 1.094500e+01 1.105114e+00 1.105114e+00 -0.000000e+00 -1.013850e-02
0.000000e+00 1.100000e+01 1.105114e+00 1.105114e+00 -0.000000e+00 -1.013850e-02
