#############TIME##################
1.860326e+01 
###################################
0.000000e+00 0.000000e+00 2.218355e+01 2.218409e+01 0.000000e+00 -3.044392e+00
0.000000e+00 5.500000e-02 2.218355e+01 2.218409e+01 0.000000e+00 -3.044392e+00
0.000000e+00 1.100000e-01 2.218292e+01 2.218347e+01 0.000000e+00 -3.044393e+00
0.000000e+00 1.650000e-01 1.374081e+01 1.374114e+01 0.000000e+00 -2.296849e+00
0.000000e+00 2.200000e-01 1.015197e+01 1.015220e+01 0.000000e+00 -1.935751e+00
0.000000e+00 2.750000e-01 7.959122e+00 7.959278e+00 0.000000e+00 -1.641629e+00
0.000000e+00 3.300000e-01 6.567679e+00 6.567796e+00 0.000000e+00 -1.425295e+00
0.000000e+00 3.850000e-01 5.577676e+00 5.577766e+00 0.000000e+00 -1.248957e+00
0.000000e+00 4.400000e-01 4.871985e+00 4.872057e+00 0.000000e+00 -1.108613e+00
0.000000e+00 4.950000e-01 4.333633e+00 4.333692e+00 0.000000e+00 -9.908446e-01
0.000000e+00 5.500000e-01 3.916573e+00 3.916622e+00 0.000000e+00 -8.934366e-01
0.000000e+00 6.050000e-01 3.584050e+00 3.584093e+00 0.000000e+00 -8.097788e-01
0.000000e+00 6.600000e-01 3.314097e+00 3.314134e+00 0.000000e+00 -7.383676e-01
0.000000e+00 7.150000e-01 3.090624e+00 3.090656e+00 0.000000e+00 -6.762557e-01
0.000000e+00 7.700000e-01 2.903239e+00 2.903267e+00 0.000000e+00 -6.220968e-01
0.000000e+00 8.250000e-01 2.744003e+00 2.744028e+00 0.000000e+00 -5.743740e-01
0.000000e+00 8.800000e-01 2.607295e+00 2.607317e+00 0.000000e+00 -5.321287e-01
0.000000e+00 9.350000e-01 2.488768e+00 2.488788e+00 0.000000e+00 -4.944792e-01
0.000000e+00 9.900000e-01 2.385157e+00 2.385175e+00 0.000000e+00 -4.607651e-01
0.000000e+00 1.045000e+00 2.293894e+00 2.293911e+00 0.000000e+00 -4.304215e-01
0.000000e+00 1.100000e+00 2.212975e+00 2.212991e+00 0.000000e+00 -4.029953e-01
0.000000e+00 1.155000e+00 2.140792e+00 2.140806e+00 0.000000e+00 -3.781063e-01
0.000000e+00 1.210000e+00 2.076051e+00 2.076064e+00 0.000000e+00 -3.554403e-01
0.000000e+00 1.265000e+00 2.017696e+00 2.017708e+00 0.000000e+00 -3.347327e-01
0.000000e+00 1.320000e+00 1.964859e+00 1.964870e+00 0.000000e+00 -3.157602e-01
0.000000e+00 1.375000e+00 1.916819e+00 1.916830e+00 0.000000e+00 -2.983318e-01
0.000000e+00 1.430000e+00 1.872974e+00 1.872984e+00 0.000000e+00 -2.822832e-01
0.000000e+00 1.485000e+00 1.832815e+00 1.832824e+00 0.000000e+00 -2.674711e-01
0.000000e+00 1.540000e+00 1.795913e+00 1.795922e+00 0.000000e+00 -2.537698e-01
0.000000e+00 1.595000e+00 1.761902e+00 1.761910e+00 0.000000e+00 -2.410686e-01
0.000000e+00 1.650000e+00 1.730467e+00 1.730475e+00 0.000000e+00 -2.292706e-01
0.000000e+00 1.705000e+00 1.701336e+00 1.701344e+00 0.000000e+00 -2.182916e-01
0.000000e+00 1.760000e+00 1.674274e+00 1.674281e+00 0.000000e+00 -2.080586e-01
0.000000e+00 1.815000e+00 1.649075e+00 1.649082e+00 0.000000e+00 -1.985074e-01
0.000000e+00 1.870000e+00 1.625560e+00 1.625567e+00 0.000000e+00 -1.895804e-01
0.000000e+00 1.925000e+00 1.603572e+00 1.603578e+00 0.000000e+00 -1.812254e-01
0.000000e+00 1.980000e+00 1.582971e+00 1.582977e+00 0.000000e+00 -1.733948e-01
0.000000e+00 2.035000e+00 1.563635e+00 1.563640e+00 0.000000e+00 -1.660455e-01
0.000000e+00 2.090000e+00 1.545455e+00 1.545460e+00 0.000000e+00 -1.591386e-01
0.000000e+00 2.145000e+00 1.528333e+00 1.528338e+00 0.000000e+00 -1.526396e-01
0.000000e+00 2.200000e+00 1.512185e+00 1.512189e+00 0.000000e+00 -1.465176e-01
0.000000e+00 2.255000e+00 1.496932e+00 1.496936e+00 0.000000e+00 -1.407446e-01
0.000000e+00 2.310000e+00 1.482505e+00 1.482510e+00 0.000000e+00 -1.352952e-01
0.000000e+00 2.365000e+00 1.468843e+00 1.468847e+00 0.000000e+00 -1.301460e-01
0.000000e+00 2.420000e+00 1.455889e+00 1.455893e+00 0.000000e+00 -1.252753e-01
0.000000e+00 2.475000e+00 1.443592e+00 1.443595e+00 0.000000e+00 -1.206632e-01
0.000000e+00 2.530000e+00 1.431904e+00 1.431907e+00 0.000000e+00 -1.162919e-01
0.000000e+00 2.585000e+00 1.420783e+00 1.420786e+00 0.000000e+00 -1.121452e-01
0.000000e+00 2.640000e+00 1.410190e+00 1.410193e+00 0.000000e+00 -1.082085e-01
0.000000e+00 2.695000e+00 1.400091e+00 1.400094e+00 0.000000e+00 -1.044684e-01
0.000000e+00 2.750000e+00 1.390454e+00 1.390457e+00 0.000000e+00 -1.009125e-01
0.000000e+00 2.805000e+00 1.381251e+00 1.381254e+00 0.000000e+00 -9.752958e-02
0.000000e+00 2.860000e+00 1.372456e+00 1.372459e+00 0.000000e+00 -9.430909e-02
0.000000e+00 2.915000e+00 1.364045e+00 1.364048e+00 0.000000e+00 -9.124129e-02
0.000000e+00 2.970000e+00 1.355992e+00 1.355995e+00 0.000000e+00 -8.831679e-02
0.000000e+00 3.025000e+00 1.348277e+00 1.348279e+00 0.000000e+00 -8.552663e-02
0.000000e+00 3.080000e+00 1.340878e+00 1.340880e+00 0.000000e+00 -8.286296e-02
0.000000e+00 3.135000e+00 1.333780e+00 1.333782e+00 0.000000e+00 -8.032025e-02
0.000000e+00 3.190000e+00 1.326975e+00 1.326977e+00 0.000000e+00 -7.789621e-02
0.000000e+00 3.245000e+00 1.320456e+00 1.320458e+00 0.000000e+00 -7.559089e-02
0.000000e+00 3.300000e+00 1.314218e+00 1.314220e+00 0.000000e+00 -7.340317e-02
0.000000e+00 3.355000e+00 1.308243e+00 1.308246e+00 0.000000e+00 -7.132518e-02
0.000000e+00 3.410000e+00 1.302501e+00 1.302503e+00 0.000000e+00 -6.933863e-02
0.000000e+00 3.465000e+00 1.296949e+00 1.296951e+00 0.000000e+00 -6.741732e-02
0.000000e+00 3.520000e+00 1.291547e+00 1.291549e+00 0.000000e+00 -6.553798e-02
0.000000e+00 3.575000e+00 1.286281e+00 1.286283e+00 0.000000e+00 -6.369446e-02
0.000000e+00 3.630000e+00 1.281172e+00 1.281174e+00 0.000000e+00 -6.190577e-02
0.000000e+00 3.685000e+00 1.276267e+00 1.276268e+00 0.000000e+00 -6.020918e-02
0.000000e+00 3.740000e+00 1.271610e+00 1.271612e+00 0.000000e+00 -5.863829e-02
0.000000e+00 3.795000e+00 1.267208e+00 1.267209e+00 0.000000e+00 -5.719611e-02
0.000000e+00 3.850000e+00 1.263005e+00 1.263007e+00 0.000000e+00 -5.584223e-02
0.000000e+00 3.905000e+00 1.258911e+00 1.258912e+00 0.000000e+00 -5.451000e-02
0.000000e+00 3.960000e+00 1.254850e+00 1.254852e+00 0.000000e+00 -5.314742e-02
0.000000e+00 4.015000e+00 1.250813e+00 1.250814e+00 0.000000e+00 -5.175281e-02
0.000000e+00 4.070000e+00 1.246860e+00 1.246862e+00 0.000000e+00 -5.037775e-02
0.000000e+00 4.125000e+00 1.243084e+00 1.243086e+00 0.000000e+00 -4.909500e-02
0.000000e+00 4.180000e+00 1.239546e+00 1.239547e+00 0.000000e+00 -4.795124e-02
0.000000e+00 4.235000e+00 1.236229e+00 1.236231e+00 0.000000e+00 -4.693376e-02
0.000000e+00 4.290000e+00 1.233050e+00 1.233051e+00 0.000000e+00 -4.597741e-02
0.000000e+00 4.345000e+00 1.229910e+00 1.229912e+00 0.000000e+00 -4.501049e-02
0.000000e+00 4.400000e+00 1.226768e+00 1.226769e+00 0.000000e+00 -4.400274e-02
0.000000e+00 4.455000e+00 1.223650e+00 1.223651e+00 0.000000e+00 -4.297780e-02
0.000000e+00 4.510000e+00 1.220620e+00 1.220621e+00 0.000000e+00 -4.198598e-02
0.000000e+00 4.565000e+00 1.217727e+00 1.217728e+00 0.000000e+00 -4.106470e-02
0.000000e+00 4.620000e+00 1.214977e+00 1.214978e+00 0.000000e+00 -4.021599e-02
0.000000e+00 4.675000e+00 1.212336e+00 1.212337e+00 0.000000e+00 -3.941395e-02
0.000000e+00 4.730000e+00 1.209768e+00 1.209770e+00 0.000000e+00 -3.863117e-02
0.000000e+00 4.785000e+00 1.207262e+00 1.207263e+00 0.000000e+00 -3.785902e-02
0.000000e+00 4.840000e+00 1.204826e+00 1.204827e+00 0.000000e+00 -3.710708e-02
0.000000e+00 4.895000e+00 1.202475e+00 1.202476e+00 0.000000e+00 -3.638784e-02
0.000000e+00 4.950000e+00 1.200210e+00 1.200211e+00 0.000000e+00 -3.570333e-02
0.000000e+00 5.005000e+00 1.198016e+00 1.198017e+00 0.000000e+00 -3.504438e-02
0.000000e+00 5.060000e+00 1.195877e+00 1.195877e+00 0.000000e+00 -3.439946e-02
0.000000e+00 5.115000e+00 1.193782e+00 1.193783e+00 0.000000e+00 -3.376298e-02
0.000000e+00 5.170000e+00 1.191730e+00 1.191731e+00 0.000000e+00 -3.313602e-02
0.000000e+00 5.225000e+00 1.189724e+00 1.189725e+00 0.000000e+00 -3.252140e-02
0.000000e+00 5.280000e+00 1.187762e+00 1.187763e+00 0.000000e+00 -3.191946e-02
0.000000e+00 5.335000e+00 1.185840e+00 1.185841e+00 0.000000e+00 -3.132820e-02
0.000000e+00 5.390000e+00 1.183958e+00 1.183959e+00 0.000000e+00 -3.074627e-02
0.000000e+00 5.445000e+00 1.182118e+00 1.182119e+00 0.000000e+00 -3.017501e-02
0.000000e+00 5.500000e+00 1.180326e+00 1.180326e+00 0.000000e+00 -2.961755e-02
0.000000e+00 5.555000e+00 1.178584e+00 1.178585e+00 0.000000e+00 -2.907630e-02
0.000000e+00 5.610000e+00 1.176893e+00 1.176894e+00 0.000000e+00 -2.855125e-02
0.000000e+00 5.665000e+00 1.175248e+00 1.175249e+00 0.000000e+00 -2.804020e-02
0.000000e+00 5.720000e+00 1.173643e+00 1.173644e+00 0.000000e+00 -2.754034e-02
0.000000e+00 5.775000e+00 1.172073e+00 1.172074e+00 0.000000e+00 -2.704963e-02
0.000000e+00 5.830000e+00 1.170535e+00 1.170536e+00 0.000000e+00 -2.656729e-02
0.000000e+00 5.885000e+00 1.169028e+00 1.169029e+00 0.000000e+00 -2.609317e-02
0.000000e+00 5.940000e+00 1.167552e+00 1.167553e+00 0.000000e+00 -2.562704e-02
0.000000e+00 5.995000e+00 1.166108e+00 1.166108e+00 0.000000e+00 -2.516807e-02
0.000000e+00 6.050000e+00 1.164696e+00 1.164697e+00 0.000000e+00 -2.471506e-02
0.000000e+00 6.105000e+00 1.163317e+00 1.163318e+00 0.000000e+00 -2.426691e-02
0.000000e+00 6.160000e+00 1.161972e+00 1.161972e+00 0.000000e+00 -2.382325e-02
0.000000e+00 6.215000e+00 1.160661e+00 1.160662e+00 0.000000e+00 -2.338451e-02
0.000000e+00 6.270000e+00 1.159385e+00 1.159386e+00 0.000000e+00 -2.295162e-02
0.000000e+00 6.325000e+00 1.158144e+00 1.158144e+00 0.000000e+00 -2.252549e-02
0.000000e+00 6.380000e+00 1.156934e+00 1.156935e+00 0.000000e+00 -2.210665e-02
0.000000e+00 6.435000e+00 1.155755e+00 1.155756e+00 0.000000e+00 -2.169518e-02
0.000000e+00 6.490000e+00 1.154605e+00 1.154606e+00 0.000000e+00 -2.129078e-02
0.000000e+00 6.545000e+00 1.153483e+00 1.153483e+00 0.000000e+00 -2.089283e-02
0.000000e+00 6.600000e+00 1.152387e+00 1.152388e+00 0.000000e+00 -2.050037e-02
0.000000e+00 6.655000e+00 1.151318e+00 1.151319e+00 0.000000e+00 -2.011219e-02
0.000000e+00 6.710000e+00 1.150276e+00 1.150276e+00 0.000000e+00 -1.972704e-02
0.000000e+00 6.765000e+00 1.149259e+00 1.149259e+00 0.000000e+00 -1.934388e-02
0.000000e+00 6.820000e+00 1.148268e+00 1.148268e+00 0.000000e+00 -1.896202e-02
0.000000e+00 6.875000e+00 1.147301e+00 1.147302e+00 0.000000e+00 -1.858110e-02
0.000000e+00 6.930000e+00 1.146358e+00 1.146359e+00 0.000000e+00 -1.820096e-02
0.000000e+00 6.985000e+00 1.145437e+00 1.145437e+00 0.000000e+00 -1.782176e-02
0.000000e+00 7.040000e+00 1.144534e+00 1.144535e+00 0.000000e+00 -1.744409e-02
0.000000e+00 7.095000e+00 1.143648e+00 1.143649e+00 0.000000e+00 -1.706905e-02
0.000000e+00 7.150000e+00 1.142778e+00 1.142778e+00 0.000000e+00 -1.669800e-02
0.000000e+00 7.205000e+00 1.141921e+00 1.141922e+00 0.000000e+00 -1.633211e-02
0.000000e+00 7.260000e+00 1.141079e+00 1.141079e+00 0.000000e+00 -1.597200e-02
0.000000e+00 7.315000e+00 1.140250e+00 1.140251e+00 0.000000e+00 -1.561768e-02
0.000000e+00 7.370000e+00 1.139436e+00 1.139436e+00 0.000000e+00 -1.526877e-02
0.000000e+00 7.425000e+00 1.138637e+00 1.138638e+00 0.000000e+00 -1.492469e-02
0.000000e+00 7.480000e+00 1.137856e+00 1.137856e+00 0.000000e+00 -1.458454e-02
0.000000e+00 7.535000e+00 1.137093e+00 1.137094e+00 0.000000e+00 -1.424691e-02
0.000000e+00 7.590000e+00 1.136352e+00 1.136352e+00 0.000000e+00 -1.390969e-02
0.000000e+00 7.645000e+00 1.135632e+00 1.135632e+00 0.000000e+00 -1.357051e-02
0.000000e+00 7.700000e+00 1.134934e+00 1.134935e+00 0.000000e+00 -1.322753e-02
0.000000e+00 7.755000e+00 1.134257e+00 1.134258e+00 0.000000e+00 -1.288034e-02
0.000000e+00 7.810000e+00 1.133599e+00 1.133600e+00 0.000000e+00 -1.253023e-02
0.000000e+00 7.865000e+00 1.132958e+00 1.132958e+00 0.000000e+00 -1.217974e-02
0.000000e+00 7.920000e+00 1.132331e+00 1.132331e+00 0.000000e+00 -1.183152e-02
0.000000e+00 7.975000e+00 1.131717e+00 1.131717e+00 0.000000e+00 -1.148729e-02
0.000000e+00 8.030000e+00 1.131114e+00 1.131114e+00 0.000000e+00 -1.114726e-02
0.000000e+00 8.085000e+00 1.130521e+00 1.130522e+00 0.000000e+00 -1.081042e-02
0.000000e+00 8.140000e+00 1.129938e+00 1.129938e+00 0.000000e+00 -1.047521e-02
0.000000e+00 8.195000e+00 1.129364e+00 1.129364e+00 0.000000e+00 -1.014028e-02
0.000000e+00 8.250000e+00 1.128800e+00 1.128801e+00 0.000000e+00 -9.804902e-03
0.000000e+00 8.305000e+00 1.128249e+00 1.128249e+00 0.000000e+00 -9.468996e-03
0.000000e+00 8.360000e+00 1.127713e+00 1.127713e+00 0.000000e+00 -9.132888e-03
0.000000e+00 8.415000e+00 1.127193e+00 1.127194e+00 0.000000e+00 -8.797066e-03
0.000000e+00 8.470000e+00 1.126692e+00 1.126693e+00 0.000000e+00 -8.461985e-03
0.000000e+00 8.525000e+00 1.126209e+00 1.126209e+00 0.000000e+00 -8.127915e-03
0.000000e+00 8.580000e+00 1.125739e+00 1.125740e+00 0.000000e+00 -7.794805e-03
0.000000e+00 8.635000e+00 1.125280e+00 1.125281e+00 0.000000e+00 -7.462226e-03
0.000000e+00 8.690000e+00 1.124828e+00 1.124828e+00 0.000000e+00 -7.129503e-03
0.000000e+00 8.745000e+00 1.124380e+00 1.124380e+00 0.000000e+00 -6.796056e-03
0.000000e+00 8.800000e+00 1.123935e+00 1.123935e+00 0.000000e+00 -6.461805e-03
0.000000e+00 8.855000e+00 1.123494e+00 1.123494e+00 0.000000e+00 -6.127384e-03
0.000000e+00 8.910000e+00 1.123057e+00 1.123057e+00 0.000000e+00 -5.793990e-03
0.000000e+00 8.965000e+00 1.122627e+00 1.122627e+00 0.000000e+00 -5.462845e-03
0.000000e+00 9.020000e+00 1.122206e+00 1.122206e+00 0.000000e+00 -5.134428e-03
0.000000e+00 9.075000e+00 1.121796e+00 1.121796e+00 0.000000e+00 -4.807694e-03
0.000000e+00 9.130000e+00 1.121398e+00 1.121398e+00 0.000000e+00 -4.479445e-03
0.000000e+00 9.185000e+00 1.121012e+00 1.121012e+00 0.000000e+00 -4.144233e-03
0.000000e+00 9.240000e+00 1.120634e+00 1.120634e+00 0.000000e+00 -3.795068e-03
0.000000e+00 9.295000e+00 1.120264e+00 1.120264e+00 0.000000e+00 -3.425285e-03
0.000000e+00 9.350000e+00 1.119898e+00 1.119898e+00 0.000000e+00 -3.030546e-03
0.000000e+00 9.405000e+00 1.119536e+00 1.119536e+00 0.000000e+00 -2.610655e-03
0.000000e+00 9.460000e+00 1.119175e+00 1.119175e+00 0.000000e+00 -2.170185e-03
0.000000e+00 9.515000e+00 1.118814e+00 1.118814e+00 0.000000e+00 -1.721463e-03
0.000000e+00 9.570000e+00 1.118451e+00 1.118451e+00 0.000000e+00 -1.289169e-03
0.000000e+00 9.625000e+00 1.118084e+00 1.118084e+00 0.000000e+00 -9.168731e-04
0.000000e+00 9.680000e+00 1.117718e+00 1.117718e+00 0.000000e+00 -6.592472e-04
0.000000e+00 9.735000e+00 1.117357e+00 1.117357e+00 0.000000e+00 -5.592787e-04
0.000000e+00 9.790000e+00 1.117012e+00 1.117012e+00 0.000000e+00 -6.027687e-04
0.000000e+00 9.845000e+00 1.116685e+00 1.116685e+00 0.000000e+00 -7.080802e-04
0.000000e+00 9.900000e+00 1.116387e+00 1.116387e+00 0.000000e+00 -7.265814e-04
0.000000e+00 9.955000e+00 1.116087e+00 1.116087e+00 0.000000e+00 -5.768681e-04
0.000000e+00 1.001000e+01 1.105114e+00 1.105114e+00 -0.000000e+00 -1.013850e-02
0.000000e+00 1.006500e+01 1.105114e+00 1.105114e+00 -0.000000e+00 -1.013850e-02
0.000000e+00 1.012000e+01 1.105114e+00 1.105114e+00 -0.000000e+00 -1.013850e-02
0.000000e+00 1.017500e+01 1.105114e+00 1.105114e+00 -0.000000e+00 -1.013850e-02
0.000000e+00 1.023000e+01 1.105114e+00 1.105114e+00 -0.000000e+00 -1.013850e-02
0.000000e+00 1.028500e+01 1.105114e+00 1.105114e+00 -0.000000e+00 -1.013850e-02
0.000000e+00 1.034000e+01 1.105114e+00 1.105114e+00 -0.000000e+00 -1.013850e-02
0.000000e+00 1.039500e+01 1.105114e+00 1.105114e+00 -0.000000e+00 -1.013850e-02
0.000000e+00 1.045000e+01 1.105114e+00 1.105114e+00 -0.000000e+00 -1.013850e-02
0.000000e+00 1.050500e+01 1.105114e+00 1.105114e+00 -0.000000e+00 -1.013850e-02
0.000000e+00 1.056000e+01 1.105114e+00 1.105114e+00 -0.000000e+00 -1.013850e-02
0.000000e+00 1.061500e+01 1.105114e+00 1.105114e+00 -0.000000e+00 -1.013850e-02
0.000000e+00 1.067000e+01 1.105114e+00 1.105114e+00 -0.000000e+00 -1.013850e-02
0.000000e+00 1.072500e+01 1.105114e+00 1.105114e+00 -0.000000e+00 -1.013850e-02
0.000000e+00 1.078000e+01 1.105114e+00 1.105114e+00 -0.000000e+00 -1.013850e-02
0.000000e+00 1.083500e+01 1.105114e+00 1.105114e+00 -0.000000e+00 -1.013850e-02
0.000000e+00 1.089000e+01 1.105114e+00 1.105114e+00 -0.000000e+00 -1.013850e-02
0.000000e+00 1.094500e+01 1.105114e+00 1.105114e+00 -0.000000e+00 -1.013850e-02
0.000000e+00 1.100000e+01 1.105114e+00 1.105114e+00 -0.000000e+00 -1.013850e-02
