#############TIME##################
2.170360e+01 
###################################
0.000000e+00 0.000000e+00 2.229185e+01 2.229240e+01 0.000000e+00 -3.045159e+00
0.000000e+00 5.500000e-02 2.229185e+01 2.229240e+01 0.000000e+00 -3.045159e+00
0.000000e+00 1.100000e-01 2.229321e+01 2.229376e+01 0.000000e+00 -3.045184e+00
0.000000e+00 1.650000e-01 1.381170e+01 1.381204e+01 0.000000e+00 -2.298006e+00
0.000000e+00 2.200000e-01 1.020562e+01 1.020584e+01 0.000000e+00 -1.937185e+00
0.000000e+00 2.750000e-01 8.001315e+00 8.001472e+00 0.000000e+00 -1.643438e+00
0.000000e+00 3.300000e-01 6.602341e+00 6.602458e+00 0.000000e+00 -1.427521e+00
0.000000e+00 3.850000e-01 5.607542e+00 5.607633e+00 0.000000e+00 -1.251585e+00
0.000000e+00 4.400000e-01 4.898827e+00 4.898900e+00 0.000000e+00 -1.111590e+00
0.000000e+00 4.950000e-01 4.358329e+00 4.358389e+00 0.000000e+00 -9.941485e-01
0.000000e+00 5.500000e-01 3.939636e+00 3.939686e+00 0.000000e+00 -8.970376e-01
0.000000e+00 6.050000e-01 3.605735e+00 3.605778e+00 0.000000e+00 -8.136676e-01
0.000000e+00 6.600000e-01 3.334550e+00 3.334587e+00 0.000000e+00 -7.425488e-01
0.000000e+00 7.150000e-01 3.109983e+00 3.110015e+00 0.000000e+00 -6.807408e-01
0.000000e+00 7.700000e-01 2.921659e+00 2.921688e+00 0.000000e+00 -6.269057e-01
0.000000e+00 8.250000e-01 2.761656e+00 2.761681e+00 0.000000e+00 -5.795293e-01
0.000000e+00 8.800000e-01 2.624354e+00 2.624376e+00 0.000000e+00 -5.376506e-01
0.000000e+00 9.350000e-01 2.505386e+00 2.505406e+00 0.000000e+00 -5.003784e-01
0.000000e+00 9.900000e-01 2.401452e+00 2.401471e+00 0.000000e+00 -4.670392e-01
0.000000e+00 1.045000e+00 2.309948e+00 2.309965e+00 0.000000e+00 -4.370554e-01
0.000000e+00 1.100000e+00 2.228838e+00 2.228853e+00 0.000000e+00 -4.099660e-01
0.000000e+00 1.155000e+00 2.156501e+00 2.156515e+00 0.000000e+00 -3.853900e-01
0.000000e+00 1.210000e+00 2.091644e+00 2.091657e+00 0.000000e+00 -3.630192e-01
0.000000e+00 1.265000e+00 2.033216e+00 2.033228e+00 0.000000e+00 -3.425976e-01
0.000000e+00 1.320000e+00 1.980349e+00 1.980360e+00 0.000000e+00 -3.239089e-01
0.000000e+00 1.375000e+00 1.932314e+00 1.932325e+00 0.000000e+00 -3.067646e-01
0.000000e+00 1.430000e+00 1.888495e+00 1.888505e+00 0.000000e+00 -2.909979e-01
0.000000e+00 1.485000e+00 1.848368e+00 1.848377e+00 0.000000e+00 -2.764610e-01
0.000000e+00 1.540000e+00 1.811492e+00 1.811501e+00 0.000000e+00 -2.630245e-01
0.000000e+00 1.595000e+00 1.777500e+00 1.777509e+00 0.000000e+00 -2.505772e-01
0.000000e+00 1.650000e+00 1.746082e+00 1.746090e+00 0.000000e+00 -2.390242e-01
0.000000e+00 1.705000e+00 1.716971e+00 1.716978e+00 0.000000e+00 -2.282845e-01
0.000000e+00 1.760000e+00 1.689934e+00 1.689941e+00 0.000000e+00 -2.182872e-01
0.000000e+00 1.815000e+00 1.664766e+00 1.664773e+00 0.000000e+00 -2.089678e-01
0.000000e+00 1.870000e+00 1.641284e+00 1.641290e+00 0.000000e+00 -2.002674e-01
0.000000e+00 1.925000e+00 1.619327e+00 1.619333e+00 0.000000e+00 -1.921325e-01
0.000000e+00 1.980000e+00 1.598756e+00 1.598762e+00 0.000000e+00 -1.845150e-01
0.000000e+00 2.035000e+00 1.579451e+00 1.579457e+00 0.000000e+00 -1.773722e-01
0.000000e+00 2.090000e+00 1.561303e+00 1.561308e+00 0.000000e+00 -1.706662e-01
0.000000e+00 2.145000e+00 1.544215e+00 1.544221e+00 0.000000e+00 -1.643626e-01
0.000000e+00 2.200000e+00 1.528101e+00 1.528106e+00 0.000000e+00 -1.584299e-01
0.000000e+00 2.255000e+00 1.512880e+00 1.512885e+00 0.000000e+00 -1.528395e-01
0.000000e+00 2.310000e+00 1.498481e+00 1.498486e+00 0.000000e+00 -1.475650e-01
0.000000e+00 2.365000e+00 1.484842e+00 1.484846e+00 0.000000e+00 -1.425825e-01
0.000000e+00 2.420000e+00 1.471904e+00 1.471908e+00 0.000000e+00 -1.378702e-01
0.000000e+00 2.475000e+00 1.459616e+00 1.459620e+00 0.000000e+00 -1.334087e-01
0.000000e+00 2.530000e+00 1.447930e+00 1.447934e+00 0.000000e+00 -1.291809e-01
0.000000e+00 2.585000e+00 1.436805e+00 1.436809e+00 0.000000e+00 -1.251712e-01
0.000000e+00 2.640000e+00 1.426201e+00 1.426204e+00 0.000000e+00 -1.213650e-01
0.000000e+00 2.695000e+00 1.416082e+00 1.416086e+00 0.000000e+00 -1.177488e-01
0.000000e+00 2.750000e+00 1.406417e+00 1.406421e+00 0.000000e+00 -1.143093e-01
0.000000e+00 2.805000e+00 1.397178e+00 1.397181e+00 0.000000e+00 -1.110341e-01
0.000000e+00 2.860000e+00 1.388337e+00 1.388340e+00 0.000000e+00 -1.079120e-01
0.000000e+00 2.915000e+00 1.379870e+00 1.379873e+00 0.000000e+00 -1.049334e-01
0.000000e+00 2.970000e+00 1.371755e+00 1.371758e+00 0.000000e+00 -1.020899e-01
0.000000e+00 3.025000e+00 1.363971e+00 1.363974e+00 0.000000e+00 -9.937410e-02
0.000000e+00 3.080000e+00 1.356498e+00 1.356501e+00 0.000000e+00 -9.677886e-02
0.000000e+00 3.135000e+00 1.349319e+00 1.349321e+00 0.000000e+00 -9.429711e-02
0.000000e+00 3.190000e+00 1.342417e+00 1.342419e+00 0.000000e+00 -9.192181e-02
0.000000e+00 3.245000e+00 1.335777e+00 1.335780e+00 0.000000e+00 -8.964622e-02
0.000000e+00 3.300000e+00 1.329386e+00 1.329389e+00 0.000000e+00 -8.746430e-02
0.000000e+00 3.355000e+00 1.323230e+00 1.323232e+00 0.000000e+00 -8.537083e-02
0.000000e+00 3.410000e+00 1.317296e+00 1.317298e+00 0.000000e+00 -8.336135e-02
0.000000e+00 3.465000e+00 1.311572e+00 1.311574e+00 0.000000e+00 -8.143176e-02
0.000000e+00 3.520000e+00 1.306047e+00 1.306050e+00 0.000000e+00 -7.957799e-02
0.000000e+00 3.575000e+00 1.300713e+00 1.300715e+00 0.000000e+00 -7.779585e-02
0.000000e+00 3.630000e+00 1.295558e+00 1.295560e+00 0.000000e+00 -7.608104e-02
0.000000e+00 3.685000e+00 1.290574e+00 1.290576e+00 0.000000e+00 -7.442951e-02
0.000000e+00 3.740000e+00 1.285753e+00 1.285755e+00 0.000000e+00 -7.283773e-02
0.000000e+00 3.795000e+00 1.281086e+00 1.281087e+00 0.000000e+00 -7.130276e-02
0.000000e+00 3.850000e+00 1.276566e+00 1.276567e+00 0.000000e+00 -6.982217e-02
0.000000e+00 3.905000e+00 1.272186e+00 1.272188e+00 0.000000e+00 -6.839373e-02
0.000000e+00 3.960000e+00 1.267940e+00 1.267942e+00 0.000000e+00 -6.701510e-02
0.000000e+00 4.015000e+00 1.263823e+00 1.263824e+00 0.000000e+00 -6.568377e-02
0.000000e+00 4.070000e+00 1.259828e+00 1.259830e+00 0.000000e+00 -6.439713e-02
0.000000e+00 4.125000e+00 1.255950e+00 1.255952e+00 0.000000e+00 -6.315269e-02
0.000000e+00 4.180000e+00 1.252185e+00 1.252187e+00 0.000000e+00 -6.194833e-02
0.000000e+00 4.235000e+00 1.248528e+00 1.248530e+00 0.000000e+00 -6.078236e-02
0.000000e+00 4.290000e+00 1.244974e+00 1.244976e+00 0.000000e+00 -5.965341e-02
0.000000e+00 4.345000e+00 1.241521e+00 1.241522e+00 0.000000e+00 -5.856016e-02
0.000000e+00 4.400000e+00 1.238163e+00 1.238164e+00 0.000000e+00 -5.750113e-02
0.000000e+00 4.455000e+00 1.234897e+00 1.234898e+00 0.000000e+00 -5.647454e-02
0.000000e+00 4.510000e+00 1.231719e+00 1.231720e+00 0.000000e+00 -5.547846e-02
0.000000e+00 4.565000e+00 1.228626e+00 1.228627e+00 0.000000e+00 -5.451101e-02
0.000000e+00 4.620000e+00 1.225614e+00 1.225616e+00 0.000000e+00 -5.357068e-02
0.000000e+00 4.675000e+00 1.222681e+00 1.222682e+00 0.000000e+00 -5.265640e-02
0.000000e+00 4.730000e+00 1.219823e+00 1.219824e+00 0.000000e+00 -5.176743e-02
0.000000e+00 4.785000e+00 1.217038e+00 1.217039e+00 0.000000e+00 -5.090310e-02
0.000000e+00 4.840000e+00 1.214323e+00 1.214324e+00 0.000000e+00 -5.006255e-02
0.000000e+00 4.895000e+00 1.211677e+00 1.211678e+00 0.000000e+00 -4.924462e-02
0.000000e+00 4.950000e+00 1.209098e+00 1.209099e+00 0.000000e+00 -4.844795e-02
0.000000e+00 5.005000e+00 1.206583e+00 1.206584e+00 0.000000e+00 -4.767129e-02
0.000000e+00 5.060000e+00 1.204130e+00 1.204131e+00 0.000000e+00 -4.691367e-02
0.000000e+00 5.115000e+00 1.201737e+00 1.201738e+00 0.000000e+00 -4.617448e-02
0.000000e+00 5.170000e+00 1.199401e+00 1.199402e+00 0.000000e+00 -4.545332e-02
0.000000e+00 5.225000e+00 1.197122e+00 1.197123e+00 0.000000e+00 -4.474980e-02
0.000000e+00 5.280000e+00 1.194897e+00 1.194898e+00 0.000000e+00 -4.406339e-02
0.000000e+00 5.335000e+00 1.192725e+00 1.192726e+00 0.000000e+00 -4.339343e-02
0.000000e+00 5.390000e+00 1.190604e+00 1.190605e+00 0.000000e+00 -4.273926e-02
0.000000e+00 5.445000e+00 1.188534e+00 1.188534e+00 0.000000e+00 -4.210034e-02
0.000000e+00 5.500000e+00 1.186510e+00 1.186511e+00 0.000000e+00 -4.147624e-02
0.000000e+00 5.555000e+00 1.184532e+00 1.184532e+00 0.000000e+00 -4.086655e-02
0.000000e+00 5.610000e+00 1.182595e+00 1.182596e+00 0.000000e+00 -4.027072e-02
0.000000e+00 5.665000e+00 1.180699e+00 1.180700e+00 0.000000e+00 -3.968796e-02
0.000000e+00 5.720000e+00 1.178840e+00 1.178841e+00 0.000000e+00 -3.911725e-02
0.000000e+00 5.775000e+00 1.177017e+00 1.177017e+00 0.000000e+00 -3.855755e-02
0.000000e+00 5.830000e+00 1.175226e+00 1.175227e+00 0.000000e+00 -3.800794e-02
0.000000e+00 5.885000e+00 1.173467e+00 1.173467e+00 0.000000e+00 -3.746789e-02
0.000000e+00 5.940000e+00 1.171737e+00 1.171738e+00 0.000000e+00 -3.693728e-02
0.000000e+00 5.995000e+00 1.170038e+00 1.170038e+00 0.000000e+00 -3.641640e-02
0.000000e+00 6.050000e+00 1.168368e+00 1.168369e+00 0.000000e+00 -3.590580e-02
0.000000e+00 6.105000e+00 1.166730e+00 1.166730e+00 0.000000e+00 -3.540606e-02
0.000000e+00 6.160000e+00 1.165123e+00 1.165123e+00 0.000000e+00 -3.491758e-02
0.000000e+00 6.215000e+00 1.163549e+00 1.163550e+00 0.000000e+00 -3.444042e-02
0.000000e+00 6.270000e+00 1.162008e+00 1.162009e+00 0.000000e+00 -3.397418e-02
0.000000e+00 6.325000e+00 1.160500e+00 1.160501e+00 0.000000e+00 -3.351806e-02
0.000000e+00 6.380000e+00 1.159024e+00 1.159025e+00 0.000000e+00 -3.307097e-02
0.000000e+00 6.435000e+00 1.157579e+00 1.157579e+00 0.000000e+00 -3.263170e-02
0.000000e+00 6.490000e+00 1.156163e+00 1.156163e+00 0.000000e+00 -3.219908e-02
0.000000e+00 6.545000e+00 1.154775e+00 1.154776e+00 0.000000e+00 -3.177215e-02
0.000000e+00 6.600000e+00 1.153416e+00 1.153416e+00 0.000000e+00 -3.135022e-02
0.000000e+00 6.655000e+00 1.152084e+00 1.152084e+00 0.000000e+00 -3.093291e-02
0.000000e+00 6.710000e+00 1.150780e+00 1.150780e+00 0.000000e+00 -3.052011e-02
0.000000e+00 6.765000e+00 1.149504e+00 1.149505e+00 0.000000e+00 -3.011190e-02
0.000000e+00 6.820000e+00 1.148256e+00 1.148257e+00 0.000000e+00 -2.970841e-02
0.000000e+00 6.875000e+00 1.147036e+00 1.147036e+00 0.000000e+00 -2.930973e-02
0.000000e+00 6.930000e+00 1.145841e+00 1.145842e+00 0.000000e+00 -2.891582e-02
0.000000e+00 6.985000e+00 1.144672e+00 1.144672e+00 0.000000e+00 -2.852653e-02
0.000000e+00 7.040000e+00 1.143526e+00 1.143526e+00 0.000000e+00 -2.814166e-02
0.000000e+00 7.095000e+00 1.142401e+00 1.142401e+00 0.000000e+00 -2.776115e-02
0.000000e+00 7.150000e+00 1.141295e+00 1.141296e+00 0.000000e+00 -2.738512e-02
0.000000e+00 7.205000e+00 1.140207e+00 1.140207e+00 0.000000e+00 -2.701391e-02
0.000000e+00 7.260000e+00 1.139135e+00 1.139135e+00 0.000000e+00 -2.664796e-02
0.000000e+00 7.315000e+00 1.138078e+00 1.138078e+00 0.000000e+00 -2.628768e-02
0.000000e+00 7.370000e+00 1.137033e+00 1.137034e+00 0.000000e+00 -2.593330e-02
0.000000e+00 7.425000e+00 1.136001e+00 1.136001e+00 0.000000e+00 -2.558485e-02
0.000000e+00 7.480000e+00 1.134980e+00 1.134980e+00 0.000000e+00 -2.524221e-02
0.000000e+00 7.535000e+00 1.133969e+00 1.133970e+00 0.000000e+00 -2.490513e-02
0.000000e+00 7.590000e+00 1.132970e+00 1.132970e+00 0.000000e+00 -2.457335e-02
0.000000e+00 7.645000e+00 1.131981e+00 1.131981e+00 0.000000e+00 -2.424659e-02
0.000000e+00 7.700000e+00 1.131004e+00 1.131004e+00 0.000000e+00 -2.392456e-02
0.000000e+00 7.755000e+00 1.130041e+00 1.130041e+00 0.000000e+00 -2.360689e-02
0.000000e+00 7.810000e+00 1.129091e+00 1.129092e+00 0.000000e+00 -2.329308e-02
0.000000e+00 7.865000e+00 1.128158e+00 1.128158e+00 0.000000e+00 -2.298251e-02
0.000000e+00 7.920000e+00 1.127242e+00 1.127243e+00 0.000000e+00 -2.267445e-02
0.000000e+00 7.975000e+00 1.126345e+00 1.126345e+00 0.000000e+00 -2.236818e-02
0.000000e+00 8.030000e+00 1.125468e+00 1.125468e+00 0.000000e+00 -2.206313e-02
0.000000e+00 8.085000e+00 1.124611e+00 1.124612e+00 0.000000e+00 -2.175888e-02
0.000000e+00 8.140000e+00 1.123777e+00 1.123777e+00 0.000000e+00 -2.145513e-02
0.000000e+00 8.195000e+00 1.122965e+00 1.122965e+00 0.000000e+00 -2.115164e-02
0.000000e+00 8.250000e+00 1.122175e+00 1.122175e+00 0.000000e+00 -2.084817e-02
0.000000e+00 8.305000e+00 1.121405e+00 1.121406e+00 0.000000e+00 -2.054456e-02
0.000000e+00 8.360000e+00 1.120654e+00 1.120654e+00 0.000000e+00 -2.024080e-02
0.000000e+00 8.415000e+00 1.119919e+00 1.119919e+00 0.000000e+00 -1.993718e-02
0.000000e+00 8.470000e+00 1.119196e+00 1.119196e+00 0.000000e+00 -1.963437e-02
0.000000e+00 8.525000e+00 1.118482e+00 1.118482e+00 0.000000e+00 -1.933335e-02
0.000000e+00 8.580000e+00 1.117773e+00 1.117773e+00 0.000000e+00 -1.903539e-02
0.000000e+00 8.635000e+00 1.117068e+00 1.117068e+00 0.000000e+00 -1.874184e-02
0.000000e+00 8.690000e+00 1.116363e+00 1.116364e+00 0.000000e+00 -1.845390e-02
0.000000e+00 8.745000e+00 1.115660e+00 1.115660e+00 0.000000e+00 -1.817291e-02
0.000000e+00 8.800000e+00 1.114961e+00 1.114961e+00 0.000000e+00 -1.790115e-02
0.000000e+00 8.855000e+00 1.114273e+00 1.114273e+00 0.000000e+00 -1.764241e-02
0.000000e+00 8.910000e+00 1.113604e+00 1.113604e+00 0.000000e+00 -1.739965e-02
0.000000e+00 8.965000e+00 1.112956e+00 1.112956e+00 0.000000e+00 -1.716924e-02
0.000000e+00 9.020000e+00 1.112318e+00 1.112318e+00 0.000000e+00 -1.693628e-02
0.000000e+00 9.075000e+00 1.111673e+00 1.111673e+00 0.000000e+00 -1.667918e-02
0.000000e+00 9.130000e+00 1.111013e+00 1.111013e+00 0.000000e+00 -1.638369e-02
0.000000e+00 9.185000e+00 1.110349e+00 1.110349e+00 0.000000e+00 -1.605450e-02
0.000000e+00 9.240000e+00 1.109709e+00 1.109709e+00 0.000000e+00 -1.570899e-02
0.000000e+00 9.295000e+00 1.109114e+00 1.109114e+00 0.000000e+00 -1.535910e-02
0.000000e+00 9.350000e+00 1.108563e+00 1.108563e+00 0.000000e+00 -1.499690e-02
0.000000e+00 9.405000e+00 1.108040e+00 1.108040e+00 0.000000e+00 -1.460568e-02
0.000000e+00 9.460000e+00 1.107529e+00 1.107529e+00 0.000000e+00 -1.417643e-02
0.000000e+00 9.515000e+00 1.107020e+00 1.107020e+00 0.000000e+00 -1.373035e-02
0.000000e+00 9.570000e+00 1.106516e+00 1.106516e+00 0.000000e+00 -1.330777e-02
0.000000e+00 9.625000e+00 1.106009e+00 1.106009e+00 0.000000e+00 -1.297429e-02
0.000000e+00 9.680000e+00 1.105511e+00 1.105511e+00 0.000000e+00 -1.276398e-02
0.000000e+00 9.735000e+00 1.105002e+00 1.105002e+00 0.000000e+00 -1.269836e-02
0.000000e+00 9.790000e+00 1.104514e+00 1.104514e+00 0.000000e+00 -1.269262e-02
0.000000e+00 9.845000e+00 1.103989e+00 1.103989e+00 0.000000e+00 -1.270988e-02
0.000000e+00 9.900000e+00 1.103520e+00 1.103520e+00 0.000000e+00 -1.259588e-02
0.000000e+00 9.955000e+00 1.102929e+00 1.102929e+00 0.000000e+00 -1.250132e-02
0.000000e+00 1.001000e+01 1.105114e+00 1.105114e+00 -0.000000e+00 -1.013850e-02
0.000000e+00 1.006500e+01 1.105114e+00 1.105114e+00 -0.000000e+00 -1.013850e-02
0.000000e+00 1.012000e+01 1.105114e+00 1.105114e+00 -0.000000e+00 -1.013850e-02
0.000000e+00 1.017500e+01 1.105114e+00 1.105114e+00 -0.000000e+00 -1.013850e-02
0.000000e+00 1.023000e+01 1.105114e+00 1.105114e+00 -0.000000e+00 -1.013850e-02
0.000000e+00 1.028500e+01 1.105114e+00 1.105114e+00 -0.000000e+00 -1.013850e-02
0.000000e+00 1.034000e+01 1.105114e+00 1.105114e+00 -0.000000e+00 -1.013850e-02
0.000000e+00 1.039500e+01 1.105114e+00 1.105114e+00 -0.000000e+00 -1.013850e-02
0.000000e+00 1.045000e+01 1.105114e+00 1.105114e+00 -0.000000e+00 -1.013850e-02
0.000000e+00 1.050500e+01 1.105114e+00 1.105114e+00 -0.000000e+00 -1.013850e-02
0.000000e+00 1.056000e+01 1.105114e+00 1.105114e+00 -0.000000e+00 -1.013850e-02
0.000000e+00 1.061500e+01 1.105114e+00 1.105114e+00 -0.000000e+00 -1.013850e-02
0.000000e+00 1.067000e+01 1.105114e+00 1.105114e+00 -0.000000e+00 -1.013850e-02
0.000000e+00 1.072500e+01 1.105114e+00 1.105114e+00 -0.000000e+00 -1.013850e-02
0.000000e+00 1.078000e+01 1.105114e+00 1.105114e+00 -0.000000e+00 -1.013850e-02
0.000000e+00 1.083500e+01 1.105114e+00 1.105114e+00 -0.000000e+00 -1.013850e-02
0.000000e+00 1.089000e+01 1.105114e+00 1.105114e+00 -0.000000e+00 -1.013850e-02
0.000000e+00 1.094500e+01 1.105114e+00 1.105114e+00 -0.000000e+00 -1.013850e-02
0.000000e+00 1.100000e+01 1.105114e+00 1.105114e+00 -0.000000e+00 -1.013850e-02
