#############TIME##################
8.205390e+00 
###################################
0.000000e+00 0.000000e+00 2.547323e+01 2.547390e+01 0.000000e+00 -3.044895e+00
0.000000e+00 5.500000e-02 2.547323e+01 2.547390e+01 0.000000e+00 -3.044895e+00
0.000000e+00 1.100000e-01 2.547343e+01 2.547410e+01 0.000000e+00 -3.044901e+00
0.000000e+00 1.650000e-01 1.577944e+01 1.577984e+01 0.000000e+00 -2.297615e+00
0.000000e+00 2.200000e-01 1.165741e+01 1.165769e+01 0.000000e+00 -1.936661e+00
0.000000e+00 2.750000e-01 9.138409e+00 9.138601e+00 0.000000e+00 -1.642625e+00
0.000000e+00 3.300000e-01 7.539442e+00 7.539586e+00 0.000000e+00 -1.426340e+00
0.000000e+00 3.850000e-01 6.401480e+00 6.401593e+00 0.000000e+00 -1.250005e+00
0.000000e+00 4.400000e-01 5.590105e+00 5.590196e+00 0.000000e+00 -1.109650e+00
0.000000e+00 4.950000e-01 4.971234e+00 4.971308e+00 0.000000e+00 -9.919154e-01
0.000000e+00 5.500000e-01 4.492402e+00 4.492465e+00 0.000000e+00 -8.946884e-01
0.000000e+00 6.050000e-01 4.111893e+00 4.111947e+00 0.000000e+00 -8.115187e-01
0.000000e+00 6.600000e-01 3.805028e+00 3.805075e+00 0.000000e+00 -7.411056e-01
0.000000e+00 7.150000e-01 3.553787e+00 3.553829e+00 0.000000e+00 -6.806918e-01
0.000000e+00 7.700000e-01 3.346303e+00 3.346340e+00 0.000000e+00 -6.290225e-01
0.000000e+00 8.250000e-01 3.172888e+00 3.172922e+00 0.000000e+00 -5.844639e-01
0.000000e+00 8.800000e-01 3.025804e+00 3.025835e+00 0.000000e+00 -5.456713e-01
0.000000e+00 9.350000e-01 2.898363e+00 2.898391e+00 0.000000e+00 -5.111822e-01
0.000000e+00 9.900000e-01 2.785302e+00 2.785328e+00 0.000000e+00 -4.797611e-01
0.000000e+00 1.045000e+00 2.682891e+00 2.682915e+00 0.000000e+00 -4.504948e-01
0.000000e+00 1.100000e+00 2.588948e+00 2.588970e+00 0.000000e+00 -4.229097e-01
0.000000e+00 1.155000e+00 2.502448e+00 2.502469e+00 0.000000e+00 -3.968853e-01
0.000000e+00 1.210000e+00 2.423055e+00 2.423074e+00 0.000000e+00 -3.725201e-01
0.000000e+00 1.265000e+00 2.350687e+00 2.350705e+00 0.000000e+00 -3.499834e-01
0.000000e+00 1.320000e+00 2.285218e+00 2.285235e+00 0.000000e+00 -3.294012e-01
0.000000e+00 1.375000e+00 2.226271e+00 2.226287e+00 0.000000e+00 -3.107718e-01
0.000000e+00 1.430000e+00 2.173145e+00 2.173159e+00 0.000000e+00 -2.939307e-01
0.000000e+00 1.485000e+00 2.124902e+00 2.124916e+00 0.000000e+00 -2.785846e-01
0.000000e+00 1.540000e+00 2.080581e+00 2.080594e+00 0.000000e+00 -2.644037e-01
0.000000e+00 1.595000e+00 2.039411e+00 2.039424e+00 0.000000e+00 -2.511238e-01
0.000000e+00 1.650000e+00 2.000919e+00 2.000931e+00 0.000000e+00 -2.386017e-01
0.000000e+00 1.705000e+00 1.964897e+00 1.964908e+00 0.000000e+00 -2.268092e-01
0.000000e+00 1.760000e+00 1.931287e+00 1.931297e+00 0.000000e+00 -2.157801e-01
0.000000e+00 1.815000e+00 1.900037e+00 1.900048e+00 0.000000e+00 -2.055440e-01
0.000000e+00 1.870000e+00 1.871004e+00 1.871014e+00 0.000000e+00 -1.960753e-01
0.000000e+00 1.925000e+00 1.843930e+00 1.843939e+00 0.000000e+00 -1.872846e-01
0.000000e+00 1.980000e+00 1.818514e+00 1.818523e+00 0.000000e+00 -1.790528e-01
0.000000e+00 2.035000e+00 1.794505e+00 1.794513e+00 0.000000e+00 -1.712803e-01
0.000000e+00 2.090000e+00 1.771750e+00 1.771759e+00 0.000000e+00 -1.639146e-01
0.000000e+00 2.145000e+00 1.750180e+00 1.750188e+00 0.000000e+00 -1.569420e-01
0.000000e+00 2.200000e+00 1.729752e+00 1.729760e+00 0.000000e+00 -1.503611e-01
0.000000e+00 2.255000e+00 1.710416e+00 1.710423e+00 0.000000e+00 -1.441617e-01
0.000000e+00 2.310000e+00 1.692098e+00 1.692105e+00 0.000000e+00 -1.383196e-01
0.000000e+00 2.365000e+00 1.674715e+00 1.674722e+00 0.000000e+00 -1.328040e-01
0.000000e+00 2.420000e+00 1.658194e+00 1.658201e+00 0.000000e+00 -1.275887e-01
0.000000e+00 2.475000e+00 1.642473e+00 1.642480e+00 0.000000e+00 -1.226557e-01
0.000000e+00 2.530000e+00 1.627502e+00 1.627508e+00 0.000000e+00 -1.179914e-01
0.000000e+00 2.585000e+00 1.613225e+00 1.613231e+00 0.000000e+00 -1.135801e-01
0.000000e+00 2.640000e+00 1.599583e+00 1.599589e+00 0.000000e+00 -1.094014e-01
0.000000e+00 2.695000e+00 1.586517e+00 1.586523e+00 0.000000e+00 -1.054344e-01
0.000000e+00 2.750000e+00 1.573979e+00 1.573984e+00 0.000000e+00 -1.016619e-01
0.000000e+00 2.805000e+00 1.561930e+00 1.561936e+00 0.000000e+00 -9.807209e-02
0.000000e+00 2.860000e+00 1.550344e+00 1.550350e+00 0.000000e+00 -9.465678e-02
0.000000e+00 2.915000e+00 1.539197e+00 1.539202e+00 0.000000e+00 -9.140789e-02
0.000000e+00 2.970000e+00 1.528465e+00 1.528470e+00 0.000000e+00 -8.831664e-02
0.000000e+00 3.025000e+00 1.518126e+00 1.518131e+00 0.000000e+00 -8.537458e-02
0.000000e+00 3.080000e+00 1.508162e+00 1.508167e+00 0.000000e+00 -8.257500e-02
0.000000e+00 3.135000e+00 1.498556e+00 1.498561e+00 0.000000e+00 -7.991270e-02
0.000000e+00 3.190000e+00 1.489292e+00 1.489296e+00 0.000000e+00 -7.738276e-02
0.000000e+00 3.245000e+00 1.480349e+00 1.480354e+00 0.000000e+00 -7.497953e-02
0.000000e+00 3.300000e+00 1.471710e+00 1.471714e+00 0.000000e+00 -7.269682e-02
0.000000e+00 3.355000e+00 1.463353e+00 1.463357e+00 0.000000e+00 -7.052888e-02
0.000000e+00 3.410000e+00 1.455261e+00 1.455265e+00 0.000000e+00 -6.847104e-02
0.000000e+00 3.465000e+00 1.447417e+00 1.447420e+00 0.000000e+00 -6.651960e-02
0.000000e+00 3.520000e+00 1.439803e+00 1.439807e+00 0.000000e+00 -6.467113e-02
0.000000e+00 3.575000e+00 1.432406e+00 1.432410e+00 0.000000e+00 -6.292207e-02
0.000000e+00 3.630000e+00 1.425209e+00 1.425212e+00 0.000000e+00 -6.126874e-02
0.000000e+00 3.685000e+00 1.418198e+00 1.418202e+00 0.000000e+00 -5.970752e-02
0.000000e+00 3.740000e+00 1.411363e+00 1.411367e+00 0.000000e+00 -5.823503e-02
0.000000e+00 3.795000e+00 1.404692e+00 1.404696e+00 0.000000e+00 -5.684810e-02
0.000000e+00 3.850000e+00 1.398177e+00 1.398180e+00 0.000000e+00 -5.554366e-02
0.000000e+00 3.905000e+00 1.391808e+00 1.391811e+00 0.000000e+00 -5.431886e-02
0.000000e+00 3.960000e+00 1.385576e+00 1.385580e+00 0.000000e+00 -5.317125e-02
0.000000e+00 4.015000e+00 1.379475e+00 1.379478e+00 0.000000e+00 -5.209892e-02
0.000000e+00 4.070000e+00 1.373496e+00 1.373499e+00 0.000000e+00 -5.110053e-02
0.000000e+00 4.125000e+00 1.367631e+00 1.367634e+00 0.000000e+00 -5.017510e-02
0.000000e+00 4.180000e+00 1.361872e+00 1.361875e+00 0.000000e+00 -4.932184e-02
0.000000e+00 4.235000e+00 1.356212e+00 1.356215e+00 0.000000e+00 -4.853997e-02
0.000000e+00 4.290000e+00 1.350644e+00 1.350647e+00 0.000000e+00 -4.782858e-02
0.000000e+00 4.345000e+00 1.345162e+00 1.345165e+00 0.000000e+00 -4.718671e-02
0.000000e+00 4.400000e+00 1.339760e+00 1.339763e+00 0.000000e+00 -4.661348e-02
0.000000e+00 4.455000e+00 1.334432e+00 1.334434e+00 0.000000e+00 -4.610825e-02
0.000000e+00 4.510000e+00 1.329171e+00 1.329174e+00 0.000000e+00 -4.567073e-02
0.000000e+00 4.565000e+00 1.323972e+00 1.323975e+00 0.000000e+00 -4.530109e-02
0.000000e+00 4.620000e+00 1.318829e+00 1.318831e+00 0.000000e+00 -4.499978e-02
0.000000e+00 4.675000e+00 1.313735e+00 1.313738e+00 0.000000e+00 -4.476753e-02
0.000000e+00 4.730000e+00 1.308685e+00 1.308687e+00 0.000000e+00 -4.460518e-02
0.000000e+00 4.785000e+00 1.303671e+00 1.303673e+00 0.000000e+00 -4.451372e-02
0.000000e+00 4.840000e+00 1.298687e+00 1.298689e+00 0.000000e+00 -4.449421e-02
0.000000e+00 4.895000e+00 1.293728e+00 1.293730e+00 0.000000e+00 -4.454776e-02
0.000000e+00 4.950000e+00 1.288788e+00 1.288790e+00 0.000000e+00 -4.467538e-02
0.000000e+00 5.005000e+00 1.283863e+00 1.283865e+00 0.000000e+00 -4.487792e-02
0.000000e+00 5.060000e+00 1.278947e+00 1.278949e+00 0.000000e+00 -4.515610e-02
0.000000e+00 5.115000e+00 1.274036e+00 1.274037e+00 0.000000e+00 -4.551065e-02
0.000000e+00 5.170000e+00 1.269125e+00 1.269127e+00 0.000000e+00 -4.594247e-02
0.000000e+00 5.225000e+00 1.264210e+00 1.264212e+00 0.000000e+00 -4.645275e-02
0.000000e+00 5.280000e+00 1.259287e+00 1.259288e+00 0.000000e+00 -4.704292e-02
0.000000e+00 5.335000e+00 1.254350e+00 1.254352e+00 0.000000e+00 -4.771431e-02
0.000000e+00 5.390000e+00 1.249397e+00 1.249398e+00 0.000000e+00 -4.846780e-02
0.000000e+00 5.445000e+00 1.244424e+00 1.244426e+00 0.000000e+00 -4.930340e-02
0.000000e+00 5.500000e+00 1.239432e+00 1.239433e+00 0.000000e+00 -5.022018e-02
0.000000e+00 5.555000e+00 1.234418e+00 1.234420e+00 0.000000e+00 -5.121653e-02
0.000000e+00 5.610000e+00 1.229384e+00 1.229386e+00 0.000000e+00 -5.229086e-02
0.000000e+00 5.665000e+00 1.224329e+00 1.224331e+00 0.000000e+00 -5.344219e-02
0.000000e+00 5.720000e+00 1.219252e+00 1.219254e+00 0.000000e+00 -5.467014e-02
0.000000e+00 5.775000e+00 1.214153e+00 1.214154e+00 0.000000e+00 -5.597379e-02
0.000000e+00 5.830000e+00 1.209034e+00 1.209035e+00 0.000000e+00 -5.734964e-02
0.000000e+00 5.885000e+00 1.203903e+00 1.203904e+00 0.000000e+00 -5.878970e-02
0.000000e+00 5.940000e+00 1.198776e+00 1.198777e+00 0.000000e+00 -6.028067e-02
0.000000e+00 5.995000e+00 1.193672e+00 1.193673e+00 0.000000e+00 -6.180490e-02
0.000000e+00 6.050000e+00 1.188612e+00 1.188613e+00 0.000000e+00 -6.334280e-02
0.000000e+00 6.105000e+00 1.183619e+00 1.183620e+00 0.000000e+00 -6.487532e-02
0.000000e+00 6.160000e+00 1.178710e+00 1.178711e+00 0.000000e+00 -6.638551e-02
0.000000e+00 6.215000e+00 1.173901e+00 1.173902e+00 0.000000e+00 -6.785876e-02
0.000000e+00 6.270000e+00 1.169206e+00 1.169206e+00 0.000000e+00 -6.928204e-02
0.000000e+00 6.325000e+00 1.164636e+00 1.164637e+00 0.000000e+00 -7.064334e-02
0.000000e+00 6.380000e+00 1.160203e+00 1.160204e+00 0.000000e+00 -7.193163e-02
0.000000e+00 6.435000e+00 1.155916e+00 1.155917e+00 0.000000e+00 -7.313763e-02
0.000000e+00 6.490000e+00 1.151780e+00 1.151781e+00 0.000000e+00 -7.425457e-02
0.000000e+00 6.545000e+00 1.147798e+00 1.147799e+00 0.000000e+00 -7.527852e-02
0.000000e+00 6.600000e+00 1.143970e+00 1.143971e+00 0.000000e+00 -7.620813e-02
0.000000e+00 6.655000e+00 1.140295e+00 1.140296e+00 0.000000e+00 -7.704378e-02
0.000000e+00 6.710000e+00 1.136770e+00 1.136771e+00 0.000000e+00 -7.778675e-02
0.000000e+00 6.765000e+00 1.133392e+00 1.133393e+00 0.000000e+00 -7.843873e-02
0.000000e+00 6.820000e+00 1.130158e+00 1.130158e+00 0.000000e+00 -7.900160e-02
0.000000e+00 6.875000e+00 1.127064e+00 1.127064e+00 0.000000e+00 -7.947752e-02
0.000000e+00 6.930000e+00 1.124106e+00 1.124107e+00 0.000000e+00 -7.986909e-02
0.000000e+00 6.985000e+00 1.121281e+00 1.121281e+00 0.000000e+00 -8.017937e-02
0.000000e+00 7.040000e+00 1.118583e+00 1.118583e+00 0.000000e+00 -8.041181e-02
0.000000e+00 7.095000e+00 1.116008e+00 1.116008e+00 0.000000e+00 -8.057002e-02
0.000000e+00 7.150000e+00 1.113553e+00 1.113553e+00 0.000000e+00 -8.065765e-02
0.000000e+00 7.205000e+00 1.111212e+00 1.111212e+00 0.000000e+00 -8.067820e-02
0.000000e+00 7.260000e+00 1.108982e+00 1.108982e+00 0.000000e+00 -8.063503e-02
0.000000e+00 7.315000e+00 1.106857e+00 1.106857e+00 0.000000e+00 -8.053136e-02
0.000000e+00 7.370000e+00 1.104834e+00 1.104834e+00 0.000000e+00 -8.037036e-02
0.000000e+00 7.425000e+00 1.102906e+00 1.102906e+00 0.000000e+00 -8.015519e-02
0.000000e+00 7.480000e+00 1.101069e+00 1.101069e+00 0.000000e+00 -7.988908e-02
0.000000e+00 7.535000e+00 1.099318e+00 1.099318e+00 0.000000e+00 -7.957531e-02
0.000000e+00 7.590000e+00 1.097647e+00 1.097647e+00 0.000000e+00 -7.921720e-02
0.000000e+00 7.645000e+00 1.096053e+00 1.096053e+00 0.000000e+00 -7.881805e-02
0.000000e+00 7.700000e+00 1.094528e+00 1.094528e+00 0.000000e+00 -7.838108e-02
0.000000e+00 7.755000e+00 1.093070e+00 1.093070e+00 0.000000e+00 -7.790930e-02
0.000000e+00 7.810000e+00 1.091671e+00 1.091671e+00 0.000000e+00 -7.740556e-02
0.000000e+00 7.865000e+00 1.090329e+00 1.090328e+00 0.000000e+00 -7.687257e-02
0.000000e+00 7.920000e+00 1.089037e+00 1.089037e+00 0.000000e+00 -7.631292e-02
0.000000e+00 7.975000e+00 1.087793e+00 1.087793e+00 0.000000e+00 -7.572913e-02
0.000000e+00 8.030000e+00 1.086593e+00 1.086593e+00 0.000000e+00 -7.512357e-02
0.000000e+00 8.085000e+00 1.085436e+00 1.085436e+00 0.000000e+00 -7.449838e-02
0.000000e+00 8.140000e+00 1.084320e+00 1.084320e+00 0.000000e+00 -7.385535e-02
0.000000e+00 8.195000e+00 1.083244e+00 1.083243e+00 0.000000e+00 -7.319589e-02
0.000000e+00 8.250000e+00 1.082207e+00 1.082207e+00 0.000000e+00 -7.252112e-02
0.000000e+00 8.305000e+00 1.081210e+00 1.081210e+00 0.000000e+00 -7.183190e-02
0.000000e+00 8.360000e+00 1.080253e+00 1.080253e+00 0.000000e+00 -7.112897e-02
0.000000e+00 8.415000e+00 1.079338e+00 1.079338e+00 0.000000e+00 -7.041294e-02
0.000000e+00 8.470000e+00 1.078465e+00 1.078465e+00 0.000000e+00 -6.968430e-02
0.000000e+00 8.525000e+00 1.077635e+00 1.077634e+00 0.000000e+00 -6.894342e-02
0.000000e+00 8.580000e+00 1.076846e+00 1.076846e+00 0.000000e+00 -6.819059e-02
0.000000e+00 8.635000e+00 1.076099e+00 1.076099e+00 0.000000e+00 -6.742610e-02
0.000000e+00 8.690000e+00 1.075391e+00 1.075391e+00 0.000000e+00 -6.665042e-02
0.000000e+00 8.745000e+00 1.074720e+00 1.074720e+00 0.000000e+00 -6.586429e-02
0.000000e+00 8.800000e+00 1.074083e+00 1.074083e+00 0.000000e+00 -6.506884e-02
0.000000e+00 8.855000e+00 1.073476e+00 1.073476e+00 0.000000e+00 -6.426554e-02
0.000000e+00 8.910000e+00 1.072895e+00 1.072895e+00 0.000000e+00 -6.345611e-02
0.000000e+00 8.965000e+00 1.072336e+00 1.072335e+00 0.000000e+00 -6.264218e-02
0.000000e+00 9.020000e+00 1.071794e+00 1.071794e+00 0.000000e+00 -6.182491e-02
0.000000e+00 9.075000e+00 1.071266e+00 1.071266e+00 0.000000e+00 -6.100469e-02
0.000000e+00 9.130000e+00 1.070748e+00 1.070747e+00 0.000000e+00 -6.018139e-02
0.000000e+00 9.185000e+00 1.070236e+00 1.070236e+00 0.000000e+00 -5.935456e-02
0.000000e+00 9.240000e+00 1.069731e+00 1.069730e+00 0.000000e+00 -5.852445e-02
0.000000e+00 9.295000e+00 1.069230e+00 1.069230e+00 0.000000e+00 -5.769081e-02
0.000000e+00 9.350000e+00 1.068736e+00 1.068735e+00 0.000000e+00 -5.685318e-02
0.000000e+00 9.405000e+00 1.068250e+00 1.068250e+00 0.000000e+00 -5.600650e-02
0.000000e+00 9.460000e+00 1.067773e+00 1.067773e+00 0.000000e+00 -5.514537e-02
0.000000e+00 9.515000e+00 1.067312e+00 1.067312e+00 0.000000e+00 -5.425846e-02
0.000000e+00 9.570000e+00 1.066861e+00 1.066861e+00 0.000000e+00 -5.334825e-02
0.000000e+00 9.625000e+00 1.066434e+00 1.066434e+00 0.000000e+00 -5.241346e-02
0.000000e+00 9.680000e+00 1.066013e+00 1.066012e+00 0.000000e+00 -5.149581e-02
0.000000e+00 9.735000e+00 1.065629e+00 1.065629e+00 0.000000e+00 -5.060188e-02
0.000000e+00 9.790000e+00 1.065229e+00 1.065229e+00 0.000000e+00 -4.982456e-02
0.000000e+00 9.845000e+00 1.064910e+00 1.064910e+00 0.000000e+00 -4.910471e-02
0.000000e+00 9.900000e+00 1.064497e+00 1.064497e+00 0.000000e+00 -4.860790e-02
0.000000e+00 9.955000e+00 1.064363e+00 1.064363e+00 0.000000e+00 -4.800326e-02
0.000000e+00 1.001000e+01 1.105114e+00 1.105114e+00 -0.000000e+00 -1.013850e-02
0.000000e+00 1.006500e+01 1.105114e+00 1.105114e+00 -0.000000e+00 -1.013850e-02
0.000000e+00 1.012000e+01 1.105114e+00 1.105114e+00 -0.000000e+00 -1.013850e-02
0.000000e+00 1.017500e+01 1.105114e+00 1.105114e+00 -0.000000e+00 -1.013850e-02
0.000000e+00 1.023000e+01 1.105114e+00 1.105114e+00 -0.000000e+00 -1.013850e-02
0.000000e+00 1.028500e+01 1.105114e+00 1.105114e+00 -0.000000e+00 -1.013850e-02
0.000000e+00 1.034000e+01 1.105114e+00 1.105114e+00 -0.000000e+00 -1.013850e-02
0.000000e+00 1.039500e+01 1.105114e+00 1.105114e+00 -0.000000e+00 -1.013850e-02
0.000000e+00 1.045000e+01 1.105114e+00 1.105114e+00 -0.000000e+00 -1.013850e-02
0.000000e+00 1.050500e+01 1.105114e+00 1.105114e+00 -0.000000e+00 -1.013850e-02
0.000000e+00 1.056000e+01 1.105114e+00 1.105114e+00 -0.000000e+00 -1.013850e-02
0.000000e+00 1.061500e+01 1.105114e+00 1.105114e+00 -0.000000e+00 -1.013850e-02
0.000000e+00 1.067000e+01 1.105114e+00 1.105114e+00 -0.000000e+00 -1.013850e-02
0.000000e+00 1.072500e+01 1.105114e+00 1.105114e+00 -0.000000e+00 -1.013850e-02
0.000000e+00 1.078000e+01 1.105114e+00 1.105114e+00 -0.000000e+00 -1.013850e-02
0.000000e+00 1.083500e+01 1.105114e+00 1.105114e+00 -0.000000e+00 -1.013850e-02
0.000000e+00 1.089000e+01 1.105114e+00 1.105114e+00 -0.000000e+00 -1.013850e-02
0.000000e+00 1.094500e+01 1.105114e+00 1.105114e+00 -0.000000e+00 -1.013850e-02
0.000000e+00 1.100000e+01 1.105114e+00 1.105114e+00 -0.000000e+00 -1.013850e-02
