#############TIME##################
1.110245e+01 
###################################
0.000000e+00 0.000000e+00 2.414294e+01 2.414356e+01 0.000000e+00 -3.042701e+00
0.000000e+00 5.500000e-02 2.414294e+01 2.414356e+01 0.000000e+00 -3.042701e+00
0.000000e+00 1.100000e-01 2.413831e+01 2.413893e+01 0.000000e+00 -3.042707e+00
0.000000e+00 1.650000e-01 1.495542e+01 1.495580e+01 0.000000e+00 -2.294151e+00
0.000000e+00 2.200000e-01 1.105009e+01 1.105034e+01 0.000000e+00 -1.932398e+00
0.000000e+00 2.750000e-01 8.662745e+00 8.662922e+00 0.000000e+00 -1.637656e+00
0.000000e+00 3.300000e-01 7.147768e+00 7.147901e+00 0.000000e+00 -1.420768e+00
0.000000e+00 3.850000e-01 6.069605e+00 6.069708e+00 0.000000e+00 -1.243894e+00
0.000000e+00 4.400000e-01 5.301311e+00 5.301394e+00 0.000000e+00 -1.103014e+00
0.000000e+00 4.950000e-01 4.715470e+00 4.715538e+00 0.000000e+00 -9.846688e-01
0.000000e+00 5.500000e-01 4.261771e+00 4.261829e+00 0.000000e+00 -8.866762e-01
0.000000e+00 6.050000e-01 3.900093e+00 3.900143e+00 0.000000e+00 -8.024277e-01
0.000000e+00 6.600000e-01 3.606468e+00 3.606511e+00 0.000000e+00 -7.304316e-01
0.000000e+00 7.150000e-01 3.363310e+00 3.363348e+00 0.000000e+00 -6.677618e-01
0.000000e+00 7.700000e-01 3.159328e+00 3.159361e+00 0.000000e+00 -6.130769e-01
0.000000e+00 8.250000e-01 2.985927e+00 2.985956e+00 0.000000e+00 -5.648559e-01
0.000000e+00 8.800000e-01 2.837053e+00 2.837080e+00 0.000000e+00 -5.221268e-01
0.000000e+00 9.350000e-01 2.708021e+00 2.708045e+00 0.000000e+00 -4.839949e-01
0.000000e+00 9.900000e-01 2.595298e+00 2.595320e+00 0.000000e+00 -4.497900e-01
0.000000e+00 1.045000e+00 2.496083e+00 2.496103e+00 0.000000e+00 -4.189453e-01
0.000000e+00 1.100000e+00 2.408161e+00 2.408179e+00 0.000000e+00 -3.910139e-01
0.000000e+00 1.155000e+00 2.329738e+00 2.329756e+00 0.000000e+00 -3.656282e-01
0.000000e+00 1.210000e+00 2.259366e+00 2.259382e+00 0.000000e+00 -3.424891e-01
0.000000e+00 1.265000e+00 2.195871e+00 2.195887e+00 0.000000e+00 -3.213425e-01
0.000000e+00 1.320000e+00 2.138313e+00 2.138327e+00 0.000000e+00 -3.019667e-01
0.000000e+00 1.375000e+00 2.085937e+00 2.085950e+00 0.000000e+00 -2.841613e-01
0.000000e+00 1.430000e+00 2.038130e+00 2.038142e+00 0.000000e+00 -2.677460e-01
0.000000e+00 1.485000e+00 1.994374e+00 1.994386e+00 0.000000e+00 -2.525625e-01
0.000000e+00 1.540000e+00 1.954215e+00 1.954226e+00 0.000000e+00 -2.384786e-01
0.000000e+00 1.595000e+00 1.917236e+00 1.917247e+00 0.000000e+00 -2.253887e-01
0.000000e+00 1.650000e+00 1.883062e+00 1.883072e+00 0.000000e+00 -2.132095e-01
0.000000e+00 1.705000e+00 1.851363e+00 1.851373e+00 0.000000e+00 -2.018707e-01
0.000000e+00 1.760000e+00 1.821871e+00 1.821880e+00 0.000000e+00 -1.913045e-01
0.000000e+00 1.815000e+00 1.794382e+00 1.794391e+00 0.000000e+00 -1.814387e-01
0.000000e+00 1.870000e+00 1.768743e+00 1.768751e+00 0.000000e+00 -1.721968e-01
0.000000e+00 1.925000e+00 1.744821e+00 1.744829e+00 0.000000e+00 -1.635068e-01
0.000000e+00 1.980000e+00 1.722476e+00 1.722483e+00 0.000000e+00 -1.553144e-01
0.000000e+00 2.035000e+00 1.701539e+00 1.701547e+00 0.000000e+00 -1.475906e-01
0.000000e+00 2.090000e+00 1.681828e+00 1.681835e+00 0.000000e+00 -1.403275e-01
0.000000e+00 2.145000e+00 1.663169e+00 1.663176e+00 0.000000e+00 -1.335235e-01
0.000000e+00 2.200000e+00 1.645439e+00 1.645446e+00 0.000000e+00 -1.271649e-01
0.000000e+00 2.255000e+00 1.628574e+00 1.628581e+00 0.000000e+00 -1.212155e-01
0.000000e+00 2.310000e+00 1.612560e+00 1.612566e+00 0.000000e+00 -1.156205e-01
0.000000e+00 2.365000e+00 1.597397e+00 1.597403e+00 0.000000e+00 -1.103210e-01
0.000000e+00 2.420000e+00 1.583072e+00 1.583078e+00 0.000000e+00 -1.052702e-01
0.000000e+00 2.475000e+00 1.569536e+00 1.569541e+00 0.000000e+00 -1.004427e-01
0.000000e+00 2.530000e+00 1.556712e+00 1.556718e+00 0.000000e+00 -9.583183e-02
0.000000e+00 2.585000e+00 1.544519e+00 1.544524e+00 0.000000e+00 -9.144036e-02
0.000000e+00 2.640000e+00 1.532881e+00 1.532886e+00 0.000000e+00 -8.727005e-02
0.000000e+00 2.695000e+00 1.521746e+00 1.521750e+00 0.000000e+00 -8.331592e-02
0.000000e+00 2.750000e+00 1.511077e+00 1.511081e+00 0.000000e+00 -7.956638e-02
0.000000e+00 2.805000e+00 1.500847e+00 1.500852e+00 0.000000e+00 -7.600700e-02
0.000000e+00 2.860000e+00 1.491031e+00 1.491035e+00 0.000000e+00 -7.262475e-02
0.000000e+00 2.915000e+00 1.481596e+00 1.481601e+00 0.000000e+00 -6.941019e-02
0.000000e+00 2.970000e+00 1.472510e+00 1.472514e+00 0.000000e+00 -6.635708e-02
0.000000e+00 3.025000e+00 1.463741e+00 1.463745e+00 0.000000e+00 -6.346015e-02
0.000000e+00 3.080000e+00 1.455265e+00 1.455269e+00 0.000000e+00 -6.071222e-02
0.000000e+00 3.135000e+00 1.447073e+00 1.447077e+00 0.000000e+00 -5.810200e-02
0.000000e+00 3.190000e+00 1.439170e+00 1.439173e+00 0.000000e+00 -5.561354e-02
0.000000e+00 3.245000e+00 1.431567e+00 1.431570e+00 0.000000e+00 -5.322769e-02
0.000000e+00 3.300000e+00 1.424279e+00 1.424283e+00 0.000000e+00 -5.092532e-02
0.000000e+00 3.355000e+00 1.417313e+00 1.417317e+00 0.000000e+00 -4.869104e-02
0.000000e+00 3.410000e+00 1.410662e+00 1.410665e+00 0.000000e+00 -4.651611e-02
0.000000e+00 3.465000e+00 1.404303e+00 1.404306e+00 0.000000e+00 -4.439959e-02
0.000000e+00 3.520000e+00 1.398199e+00 1.398203e+00 0.000000e+00 -4.234739e-02
0.000000e+00 3.575000e+00 1.392308e+00 1.392312e+00 0.000000e+00 -4.036951e-02
0.000000e+00 3.630000e+00 1.386587e+00 1.386591e+00 0.000000e+00 -3.847649e-02
0.000000e+00 3.685000e+00 1.381002e+00 1.381006e+00 0.000000e+00 -3.667598e-02
0.000000e+00 3.740000e+00 1.375533e+00 1.375536e+00 0.000000e+00 -3.497037e-02
0.000000e+00 3.795000e+00 1.370171e+00 1.370173e+00 0.000000e+00 -3.335601e-02
0.000000e+00 3.850000e+00 1.364921e+00 1.364924e+00 0.000000e+00 -3.182424e-02
0.000000e+00 3.905000e+00 1.359794e+00 1.359797e+00 0.000000e+00 -3.036364e-02
0.000000e+00 3.960000e+00 1.354803e+00 1.354806e+00 0.000000e+00 -2.896266e-02
0.000000e+00 4.015000e+00 1.349957e+00 1.349960e+00 0.000000e+00 -2.761156e-02
0.000000e+00 4.070000e+00 1.345261e+00 1.345263e+00 0.000000e+00 -2.630318e-02
0.000000e+00 4.125000e+00 1.340716e+00 1.340718e+00 0.000000e+00 -2.503263e-02
0.000000e+00 4.180000e+00 1.336321e+00 1.336323e+00 0.000000e+00 -2.379645e-02
0.000000e+00 4.235000e+00 1.332073e+00 1.332075e+00 0.000000e+00 -2.259200e-02
0.000000e+00 4.290000e+00 1.327967e+00 1.327969e+00 0.000000e+00 -2.141739e-02
0.000000e+00 4.345000e+00 1.323995e+00 1.323998e+00 0.000000e+00 -2.027201e-02
0.000000e+00 4.400000e+00 1.320146e+00 1.320148e+00 0.000000e+00 -1.915713e-02
0.000000e+00 4.455000e+00 1.316402e+00 1.316405e+00 0.000000e+00 -1.807600e-02
0.000000e+00 4.510000e+00 1.312746e+00 1.312749e+00 0.000000e+00 -1.703342e-02
0.000000e+00 4.565000e+00 1.309158e+00 1.309160e+00 0.000000e+00 -1.603470e-02
0.000000e+00 4.620000e+00 1.305619e+00 1.305621e+00 0.000000e+00 -1.508443e-02
0.000000e+00 4.675000e+00 1.302117e+00 1.302120e+00 0.000000e+00 -1.418557e-02
0.000000e+00 4.730000e+00 1.298645e+00 1.298647e+00 0.000000e+00 -1.333882e-02
0.000000e+00 4.785000e+00 1.295201e+00 1.295203e+00 0.000000e+00 -1.254241e-02
0.000000e+00 4.840000e+00 1.291791e+00 1.291793e+00 0.000000e+00 -1.179218e-02
0.000000e+00 4.895000e+00 1.288427e+00 1.288429e+00 0.000000e+00 -1.108168e-02
0.000000e+00 4.950000e+00 1.285125e+00 1.285127e+00 0.000000e+00 -1.040264e-02
0.000000e+00 5.005000e+00 1.281902e+00 1.281904e+00 0.000000e+00 -9.745740e-03
0.000000e+00 5.060000e+00 1.278773e+00 1.278775e+00 0.000000e+00 -9.101705e-03
0.000000e+00 5.115000e+00 1.275751e+00 1.275753e+00 0.000000e+00 -8.462707e-03
0.000000e+00 5.170000e+00 1.272844e+00 1.272846e+00 0.000000e+00 -7.823552e-03
0.000000e+00 5.225000e+00 1.270051e+00 1.270053e+00 0.000000e+00 -7.182386e-03
0.000000e+00 5.280000e+00 1.267365e+00 1.267367e+00 0.000000e+00 -6.540640e-03
0.000000e+00 5.335000e+00 1.264773e+00 1.264775e+00 0.000000e+00 -5.902250e-03
0.000000e+00 5.390000e+00 1.262261e+00 1.262263e+00 0.000000e+00 -5.272422e-03
0.000000e+00 5.445000e+00 1.259815e+00 1.259816e+00 0.000000e+00 -4.656367e-03
0.000000e+00 5.500000e+00 1.257422e+00 1.257423e+00 0.000000e+00 -4.058395e-03
0.000000e+00 5.555000e+00 1.255073e+00 1.255074e+00 0.000000e+00 -3.481617e-03
0.000000e+00 5.610000e+00 1.252760e+00 1.252762e+00 0.000000e+00 -2.928279e-03
0.000000e+00 5.665000e+00 1.250475e+00 1.250477e+00 0.000000e+00 -2.400560e-03
0.000000e+00 5.720000e+00 1.248206e+00 1.248208e+00 0.000000e+00 -1.901449e-03
0.000000e+00 5.775000e+00 1.245938e+00 1.245940e+00 0.000000e+00 -1.435274e-03
0.000000e+00 5.830000e+00 1.243655e+00 1.243657e+00 0.000000e+00 -1.007557e-03
0.000000e+00 5.885000e+00 1.241342e+00 1.241343e+00 0.000000e+00 -6.240511e-04
0.000000e+00 5.940000e+00 1.238988e+00 1.238989e+00 0.000000e+00 -2.891400e-04
0.000000e+00 5.995000e+00 1.236592e+00 1.236593e+00 0.000000e+00 -4.014591e-06
0.000000e+00 6.050000e+00 1.234163e+00 1.234164e+00 0.000000e+00 2.347225e-04
0.000000e+00 6.105000e+00 1.231722e+00 1.231724e+00 0.000000e+00 4.353911e-04
0.000000e+00 6.160000e+00 1.229298e+00 1.229299e+00 0.000000e+00 6.101925e-04
0.000000e+00 6.215000e+00 1.226920e+00 1.226922e+00 0.000000e+00 7.730337e-04
0.000000e+00 6.270000e+00 1.224617e+00 1.224618e+00 0.000000e+00 9.368102e-04
0.000000e+00 6.325000e+00 1.222404e+00 1.222405e+00 0.000000e+00 1.110747e-03
0.000000e+00 6.380000e+00 1.220285e+00 1.220287e+00 0.000000e+00 1.298327e-03
0.000000e+00 6.435000e+00 1.218249e+00 1.218251e+00 0.000000e+00 1.496338e-03
0.000000e+00 6.490000e+00 1.216271e+00 1.216272e+00 0.000000e+00 1.695458e-03
0.000000e+00 6.545000e+00 1.214319e+00 1.214320e+00 0.000000e+00 1.882368e-03
0.000000e+00 6.600000e+00 1.212363e+00 1.212364e+00 0.000000e+00 2.042888e-03
0.000000e+00 6.655000e+00 1.210380e+00 1.210381e+00 0.000000e+00 2.165395e-03
0.000000e+00 6.710000e+00 1.208360e+00 1.208362e+00 0.000000e+00 2.243681e-03
0.000000e+00 6.765000e+00 1.206308e+00 1.206309e+00 0.000000e+00 2.278390e-03
0.000000e+00 6.820000e+00 1.204237e+00 1.204238e+00 0.000000e+00 2.276408e-03
0.000000e+00 6.875000e+00 1.202171e+00 1.202172e+00 0.000000e+00 2.248325e-03
0.000000e+00 6.930000e+00 1.200130e+00 1.200131e+00 0.000000e+00 2.204832e-03
0.000000e+00 6.985000e+00 1.198126e+00 1.198127e+00 0.000000e+00 2.153253e-03
0.000000e+00 7.040000e+00 1.196161e+00 1.196162e+00 0.000000e+00 2.095326e-03
0.000000e+00 7.095000e+00 1.194225e+00 1.194226e+00 0.000000e+00 2.026822e-03
0.000000e+00 7.150000e+00 1.192300e+00 1.192301e+00 0.000000e+00 1.938998e-03
0.000000e+00 7.205000e+00 1.190362e+00 1.190363e+00 0.000000e+00 1.821158e-03
0.000000e+00 7.260000e+00 1.188393e+00 1.188394e+00 0.000000e+00 1.663369e-03
0.000000e+00 7.315000e+00 1.186376e+00 1.186377e+00 0.000000e+00 1.458518e-03
0.000000e+00 7.370000e+00 1.184308e+00 1.184308e+00 0.000000e+00 1.203327e-03
0.000000e+00 7.425000e+00 1.182189e+00 1.182190e+00 0.000000e+00 8.982945e-04
0.000000e+00 7.480000e+00 1.180030e+00 1.180031e+00 0.000000e+00 5.468449e-04
0.000000e+00 7.535000e+00 1.177842e+00 1.177843e+00 0.000000e+00 1.540712e-04
0.000000e+00 7.590000e+00 1.175639e+00 1.175640e+00 0.000000e+00 -2.745737e-04
0.000000e+00 7.645000e+00 1.173432e+00 1.173432e+00 0.000000e+00 -7.344374e-04
0.000000e+00 7.700000e+00 1.171226e+00 1.171226e+00 0.000000e+00 -1.222618e-03
0.000000e+00 7.755000e+00 1.169023e+00 1.169024e+00 0.000000e+00 -1.738682e-03
0.000000e+00 7.810000e+00 1.166819e+00 1.166819e+00 0.000000e+00 -2.285064e-03
0.000000e+00 7.865000e+00 1.164603e+00 1.164604e+00 0.000000e+00 -2.866994e-03
0.000000e+00 7.920000e+00 1.162362e+00 1.162363e+00 0.000000e+00 -3.491859e-03
0.000000e+00 7.975000e+00 1.160080e+00 1.160081e+00 0.000000e+00 -4.168063e-03
0.000000e+00 8.030000e+00 1.157741e+00 1.157741e+00 0.000000e+00 -4.903683e-03
0.000000e+00 8.085000e+00 1.155332e+00 1.155333e+00 0.000000e+00 -5.705274e-03
0.000000e+00 8.140000e+00 1.152847e+00 1.152848e+00 0.000000e+00 -6.577084e-03
0.000000e+00 8.195000e+00 1.150284e+00 1.150285e+00 0.000000e+00 -7.520750e-03
0.000000e+00 8.250000e+00 1.147648e+00 1.147648e+00 0.000000e+00 -8.535416e-03
0.000000e+00 8.305000e+00 1.144946e+00 1.144946e+00 0.000000e+00 -9.618207e-03
0.000000e+00 8.360000e+00 1.142189e+00 1.142189e+00 0.000000e+00 -1.076505e-02
0.000000e+00 8.415000e+00 1.139385e+00 1.139386e+00 0.000000e+00 -1.197180e-02
0.000000e+00 8.470000e+00 1.136540e+00 1.136541e+00 0.000000e+00 -1.323532e-02
0.000000e+00 8.525000e+00 1.133656e+00 1.133656e+00 0.000000e+00 -1.455402e-02
0.000000e+00 8.580000e+00 1.130730e+00 1.130731e+00 0.000000e+00 -1.592723e-02
0.000000e+00 8.635000e+00 1.127764e+00 1.127764e+00 0.000000e+00 -1.735347e-02
0.000000e+00 8.690000e+00 1.124758e+00 1.124758e+00 0.000000e+00 -1.882826e-02
0.000000e+00 8.745000e+00 1.121722e+00 1.121722e+00 0.000000e+00 -2.034251e-02
0.000000e+00 8.800000e+00 1.118669e+00 1.118669e+00 0.000000e+00 -2.188230e-02
0.000000e+00 8.855000e+00 1.115617e+00 1.115617e+00 0.000000e+00 -2.343000e-02
0.000000e+00 8.910000e+00 1.112586e+00 1.112586e+00 0.000000e+00 -2.496630e-02
0.000000e+00 8.965000e+00 1.109596e+00 1.109596e+00 0.000000e+00 -2.647224e-02
0.000000e+00 9.020000e+00 1.106663e+00 1.106663e+00 0.000000e+00 -2.793091e-02
0.000000e+00 9.075000e+00 1.103802e+00 1.103802e+00 0.000000e+00 -2.932813e-02
0.000000e+00 9.130000e+00 1.101026e+00 1.101026e+00 0.000000e+00 -3.065227e-02
0.000000e+00 9.185000e+00 1.098342e+00 1.098342e+00 0.000000e+00 -3.189279e-02
0.000000e+00 9.240000e+00 1.095752e+00 1.095752e+00 0.000000e+00 -3.303949e-02
0.000000e+00 9.295000e+00 1.093256e+00 1.093255e+00 0.000000e+00 -3.408164e-02
0.000000e+00 9.350000e+00 1.090846e+00 1.090846e+00 0.000000e+00 -3.501198e-02
0.000000e+00 9.405000e+00 1.088519e+00 1.088519e+00 0.000000e+00 -3.582862e-02
0.000000e+00 9.460000e+00 1.086268e+00 1.086268e+00 0.000000e+00 -3.654432e-02
0.000000e+00 9.515000e+00 1.084094e+00 1.084093e+00 0.000000e+00 -3.718045e-02
0.000000e+00 9.570000e+00 1.081995e+00 1.081994e+00 0.000000e+00 -3.777649e-02
0.000000e+00 9.625000e+00 1.079988e+00 1.079988e+00 0.000000e+00 -3.836035e-02
0.000000e+00 9.680000e+00 1.078069e+00 1.078069e+00 0.000000e+00 -3.897616e-02
0.000000e+00 9.735000e+00 1.076274e+00 1.076274e+00 0.000000e+00 -3.961708e-02
0.000000e+00 9.790000e+00 1.074567e+00 1.074567e+00 0.000000e+00 -4.032828e-02
0.000000e+00 9.845000e+00 1.073023e+00 1.073023e+00 0.000000e+00 -4.102827e-02
0.000000e+00 9.900000e+00 1.071514e+00 1.071514e+00 0.000000e+00 -4.181346e-02
0.000000e+00 9.955000e+00 1.070307e+00 1.070306e+00 0.000000e+00 -4.240092e-02
0.000000e+00 1.001000e+01 1.105114e+00 1.105114e+00 -0.000000e+00 -1.013850e-02
0.000000e+00 1.006500e+01 1.105114e+00 1.105114e+00 -0.000000e+00 -1.013850e-02
0.000000e+00 1.012000e+01 1.105114e+00 1.105114e+00 -0.000000e+00 -1.013850e-02
0.000000e+00 1.017500e+01 1.105114e+00 1.105114e+00 -0.000000e+00 -1.013850e-02
0.000000e+00 1.023000e+01 1.105114e+00 1.105114e+00 -0.000000e+00 -1.013850e-02
0.000000e+00 1.028500e+01 1.105114e+00 1.105114e+00 -0.000000e+00 -1.013850e-02
0.000000e+00 1.034000e+01 1.105114e+00 1.105114e+00 -0.000000e+00 -1.013850e-02
0.000000e+00 1.039500e+01 1.105114e+00 1.105114e+00 -0.000000e+00 -1.013850e-02
0.000000e+00 1.045000e+01 1.105114e+00 1.105114e+00 -0.000000e+00 -1.013850e-02
0.000000e+00 1.050500e+01 1.105114e+00 1.105114e+00 -0.000000e+00 -1.013850e-02
0.000000e+00 1.056000e+01 1.105114e+00 1.105114e+00 -0.000000e+00 -1.013850e-02
0.000000e+00 1.061500e+01 1.105114e+00 1.105114e+00 -0.000000e+00 -1.013850e-02
0.000000e+00 1.067000e+01 1.105114e+00 1.105114e+00 -0.000000e+00 -1.013850e-02
0.000000e+00 1.072500e+01 1.105114e+00 1.105114e+00 -0.000000e+00 -1.013850e-02
0.000000e+00 1.078000e+01 1.105114e+00 1.105114e+00 -0.000000e+00 -1.013850e-02
0.000000e+00 1.083500e+01 1.105114e+00 1.105114e+00 -0.000000e+00 -1.013850e-02
0.000000e+00 1.089000e+01 1.105114e+00 1.105114e+00 -0.000000e+00 -1.013850e-02
0.000000e+00 1.094500e+01 1.105114e+00 1.105114e+00 -0.000000e+00 -1.013850e-02
0.000000e+00 1.100000e+01 1.105114e+00 1.105114e+00 -0.000000e+00 -1.013850e-02
