#############TIME##################
2.900221e+00 
###################################
0.000000e+00 0.000000e+00 2.050368e+01 2.050417e+01 0.000000e+00 -3.059752e+00
0.000000e+00 5.500000e-02 2.050368e+01 2.050417e+01 0.000000e+00 -3.059752e+00
0.000000e+00 1.100000e-01 2.052654e+01 2.052703e+01 0.000000e+00 -3.059669e+00
0.000000e+00 1.650000e-01 1.269169e+01 1.269199e+01 0.000000e+00 -2.320222e+00
0.000000e+00 2.200000e-01 9.366951e+00 9.367151e+00 0.000000e+00 -1.964594e+00
0.000000e+00 2.750000e-01 7.339268e+00 7.339406e+00 0.000000e+00 -1.675775e+00
0.000000e+00 3.300000e-01 6.048980e+00 6.049083e+00 0.000000e+00 -1.464677e+00
0.000000e+00 3.850000e-01 5.131515e+00 5.131593e+00 0.000000e+00 -1.293606e+00
0.000000e+00 4.400000e-01 4.476642e+00 4.476705e+00 0.000000e+00 -1.158380e+00
0.000000e+00 4.950000e-01 3.976529e+00 3.976580e+00 0.000000e+00 -1.045728e+00
0.000000e+00 5.500000e-01 3.588717e+00 3.588759e+00 0.000000e+00 -9.532364e-01
0.000000e+00 6.050000e-01 3.278841e+00 3.278876e+00 0.000000e+00 -8.744589e-01
0.000000e+00 6.600000e-01 3.026296e+00 3.026326e+00 0.000000e+00 -8.079665e-01
0.000000e+00 7.150000e-01 2.816495e+00 2.816521e+00 0.000000e+00 -7.507456e-01
0.000000e+00 7.700000e-01 2.639833e+00 2.639856e+00 0.000000e+00 -7.014633e-01
0.000000e+00 8.250000e-01 2.489014e+00 2.489035e+00 0.000000e+00 -6.585877e-01
0.000000e+00 8.800000e-01 2.358856e+00 2.358874e+00 0.000000e+00 -6.211714e-01
0.000000e+00 9.350000e-01 2.245367e+00 2.245383e+00 0.000000e+00 -5.883243e-01
0.000000e+00 9.900000e-01 2.145546e+00 2.145560e+00 0.000000e+00 -5.593886e-01
0.000000e+00 1.045000e+00 2.057033e+00 2.057046e+00 0.000000e+00 -5.337981e-01
0.000000e+00 1.100000e+00 1.977973e+00 1.977985e+00 0.000000e+00 -5.111045e-01
0.000000e+00 1.155000e+00 1.906878e+00 1.906888e+00 0.000000e+00 -4.909330e-01
0.000000e+00 1.210000e+00 1.842558e+00 1.842567e+00 0.000000e+00 -4.729721e-01
0.000000e+00 1.265000e+00 1.784063e+00 1.784071e+00 0.000000e+00 -4.569498e-01
0.000000e+00 1.320000e+00 1.730641e+00 1.730649e+00 0.000000e+00 -4.426213e-01
0.000000e+00 1.375000e+00 1.681695e+00 1.681702e+00 0.000000e+00 -4.297617e-01
0.000000e+00 1.430000e+00 1.636738e+00 1.636744e+00 0.000000e+00 -4.181676e-01
0.000000e+00 1.485000e+00 1.595358e+00 1.595364e+00 0.000000e+00 -4.076596e-01
0.000000e+00 1.540000e+00 1.557203e+00 1.557208e+00 0.000000e+00 -3.980816e-01
0.000000e+00 1.595000e+00 1.521972e+00 1.521977e+00 0.000000e+00 -3.892957e-01
0.000000e+00 1.650000e+00 1.489413e+00 1.489417e+00 0.000000e+00 -3.811764e-01
0.000000e+00 1.705000e+00 1.459314e+00 1.459318e+00 0.000000e+00 -3.736090e-01
0.000000e+00 1.760000e+00 1.431495e+00 1.431498e+00 0.000000e+00 -3.664910e-01
0.000000e+00 1.815000e+00 1.405787e+00 1.405790e+00 0.000000e+00 -3.597351e-01
0.000000e+00 1.870000e+00 1.382033e+00 1.382036e+00 0.000000e+00 -3.532705e-01
0.000000e+00 1.925000e+00 1.360084e+00 1.360087e+00 0.000000e+00 -3.470414e-01
0.000000e+00 1.980000e+00 1.339798e+00 1.339801e+00 0.000000e+00 -3.410030e-01
0.000000e+00 2.035000e+00 1.321050e+00 1.321053e+00 0.000000e+00 -3.351174e-01
0.000000e+00 2.090000e+00 1.303727e+00 1.303730e+00 0.000000e+00 -3.293517e-01
0.000000e+00 2.145000e+00 1.287728e+00 1.287730e+00 0.000000e+00 -3.236775e-01
0.000000e+00 2.200000e+00 1.272961e+00 1.272962e+00 0.000000e+00 -3.180716e-01
0.000000e+00 2.255000e+00 1.259338e+00 1.259339e+00 0.000000e+00 -3.125159e-01
0.000000e+00 2.310000e+00 1.246778e+00 1.246780e+00 0.000000e+00 -3.069978e-01
0.000000e+00 2.365000e+00 1.235205e+00 1.235206e+00 0.000000e+00 -3.015087e-01
0.000000e+00 2.420000e+00 1.224547e+00 1.224548e+00 0.000000e+00 -2.960433e-01
0.000000e+00 2.475000e+00 1.214736e+00 1.214737e+00 0.000000e+00 -2.905988e-01
0.000000e+00 2.530000e+00 1.205711e+00 1.205712e+00 0.000000e+00 -2.851747e-01
0.000000e+00 2.585000e+00 1.197413e+00 1.197414e+00 0.000000e+00 -2.797717e-01
0.000000e+00 2.640000e+00 1.189788e+00 1.189789e+00 0.000000e+00 -2.743924e-01
0.000000e+00 2.695000e+00 1.182785e+00 1.182786e+00 0.000000e+00 -2.690401e-01
0.000000e+00 2.750000e+00 1.176357e+00 1.176358e+00 0.000000e+00 -2.637192e-01
0.000000e+00 2.805000e+00 1.170459e+00 1.170459e+00 0.000000e+00 -2.584343e-01
0.000000e+00 2.860000e+00 1.165050e+00 1.165050e+00 0.000000e+00 -2.531907e-01
0.000000e+00 2.915000e+00 1.160091e+00 1.160091e+00 0.000000e+00 -2.479937e-01
0.000000e+00 2.970000e+00 1.155547e+00 1.155547e+00 0.000000e+00 -2.428485e-01
0.000000e+00 3.025000e+00 1.151384e+00 1.151385e+00 0.000000e+00 -2.377602e-01
0.000000e+00 3.080000e+00 1.147572e+00 1.147573e+00 0.000000e+00 -2.327339e-01
0.000000e+00 3.135000e+00 1.144082e+00 1.144083e+00 0.000000e+00 -2.277742e-01
0.000000e+00 3.190000e+00 1.140888e+00 1.140889e+00 0.000000e+00 -2.228855e-01
0.000000e+00 3.245000e+00 1.137965e+00 1.137966e+00 0.000000e+00 -2.180717e-01
0.000000e+00 3.300000e+00 1.135291e+00 1.135291e+00 0.000000e+00 -2.133365e-01
0.000000e+00 3.355000e+00 1.132844e+00 1.132844e+00 0.000000e+00 -2.086830e-01
0.000000e+00 3.410000e+00 1.130605e+00 1.130605e+00 0.000000e+00 -2.041139e-01
0.000000e+00 3.465000e+00 1.128557e+00 1.128557e+00 0.000000e+00 -1.996316e-01
0.000000e+00 3.520000e+00 1.126683e+00 1.126683e+00 0.000000e+00 -1.952380e-01
0.000000e+00 3.575000e+00 1.124968e+00 1.124968e+00 0.000000e+00 -1.909346e-01
0.000000e+00 3.630000e+00 1.123399e+00 1.123399e+00 0.000000e+00 -1.867225e-01
0.000000e+00 3.685000e+00 1.121962e+00 1.121963e+00 0.000000e+00 -1.826025e-01
0.000000e+00 3.740000e+00 1.120647e+00 1.120648e+00 0.000000e+00 -1.785751e-01
0.000000e+00 3.795000e+00 1.119443e+00 1.119443e+00 0.000000e+00 -1.746402e-01
0.000000e+00 3.850000e+00 1.118340e+00 1.118340e+00 0.000000e+00 -1.707979e-01
0.000000e+00 3.905000e+00 1.117329e+00 1.117329e+00 0.000000e+00 -1.670477e-01
0.000000e+00 3.960000e+00 1.116402e+00 1.116402e+00 0.000000e+00 -1.633888e-01
0.000000e+00 4.015000e+00 1.115552e+00 1.115552e+00 0.000000e+00 -1.598206e-01
0.000000e+00 4.070000e+00 1.114772e+00 1.114772e+00 0.000000e+00 -1.563418e-01
0.000000e+00 4.125000e+00 1.114056e+00 1.114056e+00 0.000000e+00 -1.529513e-01
0.000000e+00 4.180000e+00 1.113399e+00 1.113399e+00 0.000000e+00 -1.496477e-01
0.000000e+00 4.235000e+00 1.112795e+00 1.112795e+00 0.000000e+00 -1.464297e-01
0.000000e+00 4.290000e+00 1.112240e+00 1.112240e+00 0.000000e+00 -1.432955e-01
0.000000e+00 4.345000e+00 1.111729e+00 1.111729e+00 0.000000e+00 -1.402436e-01
0.000000e+00 4.400000e+00 1.111259e+00 1.111259e+00 0.000000e+00 -1.372722e-01
0.000000e+00 4.455000e+00 1.110826e+00 1.110826e+00 0.000000e+00 -1.343797e-01
0.000000e+00 4.510000e+00 1.110427e+00 1.110427e+00 0.000000e+00 -1.315640e-01
0.000000e+00 4.565000e+00 1.110059e+00 1.110059e+00 0.000000e+00 -1.288236e-01
0.000000e+00 4.620000e+00 1.109720e+00 1.109720e+00 0.000000e+00 -1.261564e-01
0.000000e+00 4.675000e+00 1.109407e+00 1.109407e+00 0.000000e+00 -1.235606e-01
0.000000e+00 4.730000e+00 1.109118e+00 1.109118e+00 0.000000e+00 -1.210344e-01
0.000000e+00 4.785000e+00 1.108851e+00 1.108851e+00 0.000000e+00 -1.185759e-01
0.000000e+00 4.840000e+00 1.108603e+00 1.108603e+00 0.000000e+00 -1.161832e-01
0.000000e+00 4.895000e+00 1.108375e+00 1.108375e+00 0.000000e+00 -1.138546e-01
0.000000e+00 4.950000e+00 1.108163e+00 1.108163e+00 0.000000e+00 -1.115882e-01
0.000000e+00 5.005000e+00 1.107967e+00 1.107967e+00 0.000000e+00 -1.093824e-01
0.000000e+00 5.060000e+00 1.107785e+00 1.107785e+00 0.000000e+00 -1.072352e-01
0.000000e+00 5.115000e+00 1.107616e+00 1.107616e+00 0.000000e+00 -1.051451e-01
0.000000e+00 5.170000e+00 1.107459e+00 1.107459e+00 0.000000e+00 -1.031103e-01
0.000000e+00 5.225000e+00 1.107314e+00 1.107314e+00 0.000000e+00 -1.011293e-01
0.000000e+00 5.280000e+00 1.107178e+00 1.107178e+00 0.000000e+00 -9.920033e-02
0.000000e+00 5.335000e+00 1.107053e+00 1.107053e+00 0.000000e+00 -9.732196e-02
0.000000e+00 5.390000e+00 1.106935e+00 1.106935e+00 0.000000e+00 -9.549264e-02
0.000000e+00 5.445000e+00 1.106826e+00 1.106826e+00 0.000000e+00 -9.371088e-02
0.000000e+00 5.500000e+00 1.106725e+00 1.106725e+00 0.000000e+00 -9.197525e-02
0.000000e+00 5.555000e+00 1.106630e+00 1.106630e+00 0.000000e+00 -9.028435e-02
0.000000e+00 5.610000e+00 1.106542e+00 1.106542e+00 0.000000e+00 -8.863683e-02
0.000000e+00 5.665000e+00 1.106459e+00 1.106459e+00 0.000000e+00 -8.703136e-02
0.000000e+00 5.720000e+00 1.106382e+00 1.106382e+00 0.000000e+00 -8.546667e-02
0.000000e+00 5.775000e+00 1.106310e+00 1.106310e+00 0.000000e+00 -8.394151e-02
0.000000e+00 5.830000e+00 1.106243e+00 1.106243e+00 0.000000e+00 -8.245470e-02
0.000000e+00 5.885000e+00 1.106180e+00 1.106180e+00 0.000000e+00 -8.100508e-02
0.000000e+00 5.940000e+00 1.106121e+00 1.106121e+00 0.000000e+00 -7.959150e-02
0.000000e+00 5.995000e+00 1.106066e+00 1.106066e+00 0.000000e+00 -7.821285e-02
0.000000e+00 6.050000e+00 1.106014e+00 1.106014e+00 0.000000e+00 -7.686804e-02
0.000000e+00 6.105000e+00 1.105966e+00 1.105966e+00 0.000000e+00 -7.555612e-02
0.000000e+00 6.160000e+00 1.105920e+00 1.105920e+00 0.000000e+00 -7.427632e-02
0.000000e+00 6.215000e+00 1.105878e+00 1.105878e+00 0.000000e+00 -7.302780e-02
0.000000e+00 6.270000e+00 1.105838e+00 1.105838e+00 0.000000e+00 -7.180917e-02
0.000000e+00 6.325000e+00 1.105800e+00 1.105800e+00 0.000000e+00 -7.061843e-02
0.000000e+00 6.380000e+00 1.105761e+00 1.105761e+00 0.000000e+00 -6.945412e-02
0.000000e+00 6.435000e+00 1.105725e+00 1.105725e+00 0.000000e+00 -6.831763e-02
0.000000e+00 6.490000e+00 1.105698e+00 1.105698e+00 0.000000e+00 -6.721364e-02
0.000000e+00 6.545000e+00 1.105683e+00 1.105683e+00 0.000000e+00 -6.614511e-02
0.000000e+00 6.600000e+00 1.105672e+00 1.105672e+00 0.000000e+00 -6.510319e-02
0.000000e+00 6.655000e+00 1.105637e+00 1.105637e+00 0.000000e+00 -6.406263e-02
0.000000e+00 6.710000e+00 1.105551e+00 1.105551e+00 0.000000e+00 -6.299849e-02
0.000000e+00 6.765000e+00 1.105432e+00 1.105432e+00 0.000000e+00 -6.192631e-02
0.000000e+00 6.820000e+00 1.105383e+00 1.105383e+00 0.000000e+00 -6.094003e-02
0.000000e+00 6.875000e+00 1.105606e+00 1.105606e+00 0.000000e+00 -6.021873e-02
0.000000e+00 6.930000e+00 1.106347e+00 1.106347e+00 0.000000e+00 -5.998441e-02
0.000000e+00 6.985000e+00 1.107682e+00 1.107682e+00 0.000000e+00 -6.029638e-02
0.000000e+00 7.040000e+00 1.109363e+00 1.109363e+00 0.000000e+00 -6.092847e-02
0.000000e+00 7.095000e+00 1.110984e+00 1.110984e+00 0.000000e+00 -6.150430e-02
0.000000e+00 7.150000e+00 1.112076e+00 1.112076e+00 0.000000e+00 -6.160583e-02
0.000000e+00 7.205000e+00 1.112310e+00 1.112310e+00 0.000000e+00 -6.095069e-02
0.000000e+00 7.260000e+00 1.111859e+00 1.111859e+00 0.000000e+00 -5.970327e-02
0.000000e+00 7.315000e+00 1.111092e+00 1.111092e+00 0.000000e+00 -5.820124e-02
0.000000e+00 7.370000e+00 1.110322e+00 1.110322e+00 0.000000e+00 -5.672905e-02
0.000000e+00 7.425000e+00 1.109719e+00 1.109719e+00 0.000000e+00 -5.543842e-02
0.000000e+00 7.480000e+00 1.109276e+00 1.109276e+00 0.000000e+00 -5.431268e-02
0.000000e+00 7.535000e+00 1.108904e+00 1.108904e+00 0.000000e+00 -5.325492e-02
0.000000e+00 7.590000e+00 1.108554e+00 1.108554e+00 0.000000e+00 -5.220979e-02
0.000000e+00 7.645000e+00 1.108244e+00 1.108244e+00 0.000000e+00 -5.119147e-02
0.000000e+00 7.700000e+00 1.107985e+00 1.107985e+00 0.000000e+00 -5.022370e-02
0.000000e+00 7.755000e+00 1.107735e+00 1.107735e+00 0.000000e+00 -4.928752e-02
0.000000e+00 7.810000e+00 1.107421e+00 1.107421e+00 0.000000e+00 -4.833583e-02
0.000000e+00 7.865000e+00 1.107014e+00 1.107014e+00 0.000000e+00 -4.734521e-02
0.000000e+00 7.920000e+00 1.106552e+00 1.106552e+00 0.000000e+00 -4.633890e-02
0.000000e+00 7.975000e+00 1.106100e+00 1.106100e+00 0.000000e+00 -4.535772e-02
0.000000e+00 8.030000e+00 1.105694e+00 1.105694e+00 0.000000e+00 -4.442060e-02
0.000000e+00 8.085000e+00 1.105324e+00 1.105324e+00 0.000000e+00 -4.351615e-02
0.000000e+00 8.140000e+00 1.104964e+00 1.104964e+00 0.000000e+00 -4.262498e-02
0.000000e+00 8.195000e+00 1.104598e+00 1.104598e+00 0.000000e+00 -4.174018e-02
0.000000e+00 8.250000e+00 1.104230e+00 1.104230e+00 0.000000e+00 -4.086712e-02
0.000000e+00 8.305000e+00 1.103869e+00 1.103869e+00 0.000000e+00 -4.001231e-02
0.000000e+00 8.360000e+00 1.103522e+00 1.103522e+00 0.000000e+00 -3.917797e-02
0.000000e+00 8.415000e+00 1.103193e+00 1.103193e+00 0.000000e+00 -3.836399e-02
0.000000e+00 8.470000e+00 1.102879e+00 1.102879e+00 0.000000e+00 -3.756972e-02
0.000000e+00 8.525000e+00 1.102575e+00 1.102575e+00 0.000000e+00 -3.679274e-02
0.000000e+00 8.580000e+00 1.102274e+00 1.102274e+00 0.000000e+00 -3.602879e-02
0.000000e+00 8.635000e+00 1.101971e+00 1.101971e+00 0.000000e+00 -3.527469e-02
0.000000e+00 8.690000e+00 1.101666e+00 1.101666e+00 0.000000e+00 -3.453036e-02
0.000000e+00 8.745000e+00 1.101362e+00 1.101362e+00 0.000000e+00 -3.379725e-02
0.000000e+00 8.800000e+00 1.101056e+00 1.101056e+00 0.000000e+00 -3.307556e-02
0.000000e+00 8.855000e+00 1.100749e+00 1.100749e+00 0.000000e+00 -3.236396e-02
0.000000e+00 8.910000e+00 1.100437e+00 1.100437e+00 0.000000e+00 -3.166148e-02
0.000000e+00 8.965000e+00 1.100123e+00 1.100123e+00 0.000000e+00 -3.096868e-02
0.000000e+00 9.020000e+00 1.099809e+00 1.099809e+00 0.000000e+00 -3.028665e-02
0.000000e+00 9.075000e+00 1.099497e+00 1.099497e+00 0.000000e+00 -2.961578e-02
0.000000e+00 9.130000e+00 1.099187e+00 1.099187e+00 0.000000e+00 -2.895546e-02
0.000000e+00 9.185000e+00 1.098879e+00 1.098879e+00 0.000000e+00 -2.830471e-02
0.000000e+00 9.240000e+00 1.098573e+00 1.098573e+00 0.000000e+00 -2.766279e-02
0.000000e+00 9.295000e+00 1.098269e+00 1.098269e+00 0.000000e+00 -2.702936e-02
0.000000e+00 9.350000e+00 1.097968e+00 1.097967e+00 0.000000e+00 -2.640423e-02
0.000000e+00 9.405000e+00 1.097669e+00 1.097669e+00 0.000000e+00 -2.578681e-02
0.000000e+00 9.460000e+00 1.097372e+00 1.097372e+00 0.000000e+00 -2.517598e-02
0.000000e+00 9.515000e+00 1.097078e+00 1.097078e+00 0.000000e+00 -2.457061e-02
0.000000e+00 9.570000e+00 1.096786e+00 1.096786e+00 0.000000e+00 -2.397080e-02
0.000000e+00 9.625000e+00 1.096496e+00 1.096496e+00 0.000000e+00 -2.337728e-02
0.000000e+00 9.680000e+00 1.096207e+00 1.096207e+00 0.000000e+00 -2.278963e-02
0.000000e+00 9.735000e+00 1.095920e+00 1.095920e+00 0.000000e+00 -2.220188e-02
0.000000e+00 9.790000e+00 1.095634e+00 1.095633e+00 0.000000e+00 -2.160859e-02
0.000000e+00 9.845000e+00 1.095350e+00 1.095350e+00 0.000000e+00 -2.101042e-02
0.000000e+00 9.900000e+00 1.095063e+00 1.095063e+00 0.000000e+00 -2.043560e-02
0.000000e+00 9.955000e+00 1.094783e+00 1.094783e+00 0.000000e+00 -1.991165e-02
0.000000e+00 1.001000e+01 1.105114e+00 1.105114e+00 -0.000000e+00 -1.013850e-02
0.000000e+00 1.006500e+01 1.105114e+00 1.105114e+00 -0.000000e+00 -1.013850e-02
0.000000e+00 1.012000e+01 1.105114e+00 1.105114e+00 -0.000000e+00 -1.013850e-02
0.000000e+00 1.017500e+01 1.105114e+00 1.105114e+00 -0.000000e+00 -1.013850e-02
0.000000e+00 1.023000e+01 1.105114e+00 1.105114e+00 -0.000000e+00 -1.013850e-02
0.000000e+00 1.028500e+01 1.105114e+00 1.105114e+00 -0.000000e+00 -1.013850e-02
0.000000e+00 1.034000e+01 1.105114e+00 1.105114e+00 -0.000000e+00 -1.013850e-02
0.000000e+00 1.039500e+01 1.105114e+00 1.105114e+00 -0.000000e+00 -1.013850e-02
0.000000e+00 1.045000e+01 1.105114e+00 1.105114e+00 -0.000000e+00 -1.013850e-02
0.000000e+00 1.050500e+01 1.105114e+00 1.105114e+00 -0.000000e+00 -1.013850e-02
0.000000e+00 1.056000e+01 1.105114e+00 1.105114e+00 -0.000000e+00 -1.013850e-02
0.000000e+00 1.061500e+01 1.105114e+00 1.105114e+00 -0.000000e+00 -1.013850e-02
0.000000e+00 1.067000e+01 1.105114e+00 1.105114e+00 -0.000000e+00 -1.013850e-02
0.000000e+00 1.072500e+01 1.105114e+00 1.105114e+00 -0.000000e+00 -1.013850e-02
0.000000e+00 1.078000e+01 1.105114e+00 1.105114e+00 -0.000000e+00 -1.013850e-02
0.000000e+00 1.083500e+01 1.105114e+00 1.105114e+00 -0.000000e+00 -1.013850e-02
0.000000e+00 1.089000e+01 1.105114e+00 1.105114e+00 -0.000000e+00 -1.013850e-02
0.000000e+00 1.094500e+01 1.105114e+00 1.105114e+00 -0.000000e+00 -1.013850e-02
0.000000e+00 1.100000e+01 1.105114e+00 1.105114e+00 -0.000000e+00 -1.013850e-02
